76.56
79.69
79.69
78.91
79.69
79.43
79.69
79.69
79.69
79.84
79.55
79.69
79.33
79.69
80.00
80.18
80.70
81.16
81.00
81.17
81.40
81.53
81.25
81.12
81.12
80.77
80.79
80.69
80.82
80.83
81.10
81.05
80.78
80.84
80.80
80.64
80.49
80.55
80.57
80.35
80.26
80.02
79.94
79.76
79.69
79.76
79.79
79.88
79.66
79.44
79.50
79.54
79.39
79.43
79.35
79.41
79.28
79.20
79.26
79.30
79.48
79.54
79.64
79.64
79.64
79.59
79.78
79.66
79.57
79.64
79.58
79.58
79.49
79.60
79.52
79.42
79.63
79.77
79.81
79.79
79.82
79.90
79.80
79.97
79.83
79.78
79.81
79.88
79.83
79.93
79.91
79.84
79.84
79.87
79.85
79.88
79.85
79.88
79.86
79.88
79.86
79.86
79.87
79.87
79.87
79.89
79.86
79.85
79.87
79.84
79.87
79.90
79.92
79.88
79.82
79.78
79.79
79.73
79.70
79.66
79.73
79.75
79.81
79.81
79.80
79.85
79.90
79.87
79.81
79.81
79.81
79.82
79.79
79.84
79.87
79.87
79.86
79.86
79.86
79.81
79.80
79.74
79.72
79.71
79.67
79.68
79.70
79.74
79.73
79.73
79.72
79.69
79.71
79.64
79.70
79.70
79.68
79.64
79.70
79.67
79.71
79.71
79.70
79.74
79.73
79.74
79.75
79.76
79.76
79.76
79.73
79.74
79.69
79.67
79.68
79.69
79.71
79.73
79.70
79.75
79.72
79.72
79.70
79.69
79.71
79.73
79.79
79.78
79.71
79.74
79.76
79.76
79.73
79.71
79.74
79.74
79.72
79.73
79.74
79.73
79.77
79.77
79.77
79.77
79.79
79.79
79.81
79.77
79.76
79.72
79.69
79.71
79.71
79.77
79.75
79.74
79.75
79.76
79.71
79.74
79.77
79.78
79.78
79.79
79.76
79.81
79.83
79.82
79.85
79.82
79.83
79.84
79.78
79.79
79.78
79.79
79.82
79.83
79.84
79.86
79.84
79.86
79.87
79.92
79.92
79.92
79.90
79.88
79.89
79.90
79.91
79.89
79.91
79.92
79.90
79.87
79.86
79.86
79.83
79.83
79.82
79.84
79.84
79.87
79.86
79.87
79.87
79.93
79.90
79.91
79.91
79.90
79.86
79.87
79.88
79.87
79.85
79.87
79.89
79.90
79.90
79.90
79.94
79.97
79.98
79.97
79.99
80.03
80.00
79.99
80.04
80.05
80.06
80.05
80.03
80.05
80.04
80.04
80.04
80.04
80.02
80.03
80.02
80.02
80.03
80.05
80.04
80.04
80.04
80.04
80.00
79.99
80.01
80.02
80.01
80.04
80.02
79.97
79.99
79.98
79.99
80.00
79.99
79.98
79.99
80.00
80.02
80.02
80.01
79.99
79.99
79.99
79.97
79.98
79.99
79.99
80.01
80.02
80.01
80.02
80.01
80.00
79.97
79.99
80.01
80.01
79.99
80.00
79.99
80.01
80.00
79.99
80.01
80.01
80.02
80.00
80.01
80.01
79.98
79.99
79.99
79.99
79.99
79.98
79.96
79.99
79.97
79.98
79.95
79.93
79.94
79.94
79.94
79.94
79.95
79.94
79.94
79.95
79.95
79.97
79.97
80.00
79.99
79.99
80.00
80.00
80.01
80.02
80.02
80.00
80.00
80.02
80.03
80.05
80.05
80.04
80.06
80.06
80.08
80.06
80.06
80.03
80.01
80.02
80.02
80.01
79.99
79.99
79.99
79.98
79.99
79.96
79.99
79.97
79.95
79.94
79.93
79.94
79.96
79.93
79.93
79.94
79.94
79.93
79.91
79.93
79.90
79.91
79.93
79.92
79.92
79.92
79.93
79.94
79.91
79.90
79.90
79.91
79.91
79.93
79.92
79.91
79.91
79.91
79.93
79.93
79.93
79.92
79.93
79.93
79.93
79.94
79.92
79.92
79.90
79.89
79.89
79.90
79.90
79.89
79.90
79.91
79.91
79.92
79.92
79.91
79.92
79.91
79.89
79.90
79.89
79.88
79.88
79.87
79.88
79.88
79.88
79.88
79.88
79.88
79.88
79.88
79.90
79.90
79.89
79.88
79.87
79.87
79.86
79.86
79.86
79.85
79.86
79.86
79.87
79.87
79.88
79.87
79.86
79.85
79.85
79.81
79.82
79.82
79.81
79.83
79.82
79.84
79.85
79.85
79.85
79.86
79.86
79.86
79.87
79.87
79.87
79.87
79.87
79.87
79.87
79.87
79.87
79.86
79.84
79.85
79.87
79.87
79.86
79.85
79.85
79.86
79.85
79.86
79.87
79.86
79.86
79.86
79.87
79.87
79.87
79.85
79.85
79.85
79.86
79.86
79.86
79.86
79.86
79.86
79.87
79.86
79.85
79.85
79.85
79.84
79.85
79.84
79.85
79.84
79.84
79.85
79.85
79.86
79.85
79.84
79.83
79.82
79.83
79.81
79.80
79.80
79.79
79.80
79.80
79.80
79.79
79.77
79.76
79.77
79.77
79.78
79.78
79.79
79.79
79.79
79.80
79.81
79.81
79.82
79.82
79.82
79.82
79.83
79.83
79.84
79.84
79.84
79.84
79.84
79.85
79.85
79.85
79.86
79.86
79.86
79.87
79.86
79.87
79.86
79.86
79.86
79.86
79.86
79.85
79.86
79.87
79.85
79.84
79.84
79.84
79.86
79.86
79.84
79.84
79.84
79.84
79.83
79.82
79.83
79.82
79.81
79.81
79.80
79.81
79.80
79.78
79.78
79.79
79.78
79.78
79.78
79.77
79.77
79.77
79.77
79.78
79.78
79.77
79.77
79.77
79.79
79.77
79.77
79.78
79.78
79.77
79.78
79.78
79.77
79.77
79.77
79.76
79.78
79.77
79.77
79.77
79.77
79.77
79.77
79.78
79.78
79.78
79.76
79.75
79.74
79.75
79.75
79.75
79.76
79.76
79.77
79.78
79.77
79.77
79.76
79.76
79.76
79.75
79.74
79.74
79.73
79.73
79.73
79.73
79.73
79.73
79.72
79.72
79.72
79.72
79.71
79.72
79.72
79.71
79.72
79.71
79.73
79.72
79.71
79.72
79.72
79.72
79.71
79.72
79.71
79.72
79.73
79.74
79.75
79.76
79.75
79.73
79.73
79.72
79.72
79.73
79.73
79.73
79.73
79.72
79.73
79.72
79.72
79.72
79.72
79.73
79.73
79.73
79.73
79.72
79.72
79.72
79.73
79.73
79.73
79.73
79.72
79.71
79.70
79.71
79.70
79.69
79.68
79.68
79.68
79.68
79.68
79.68
79.68
79.67
79.67
79.66
79.66
79.66
79.67
79.66
79.67
79.67
79.66
79.66
79.66
79.67
79.67
79.68
79.68
79.68
79.68
79.67
79.66
79.66
79.58
