79.69
78.91
81.77
83.59
82.81
83.07
83.04
83.01
82.29
82.81
82.67
82.68
81.97
82.03
81.67
82.03
81.53
81.51
81.91
82.03
81.99
81.39
81.11
80.99
81.12
81.01
81.19
80.97
80.98
81.15
81.30
81.40
81.25
81.16
81.38
81.55
81.55
81.41
81.29
81.33
81.29
81.29
81.03
81.21
81.22
81.15
81.32
81.18
81.22
81.16
81.19
81.19
81.31
81.45
81.45
81.45
81.44
81.36
81.25
81.22
81.20
81.17
81.25
81.05
81.08
81.11
81.02
80.91
80.91
80.85
80.85
80.86
80.91
80.93
80.98
80.98
81.01
81.01
80.85
80.94
81.04
81.06
80.99
80.97
80.86
80.80
80.78
80.75
80.74
80.82
80.82
80.77
80.73
80.65
80.62
80.57
80.62
80.58
80.54
80.48
80.55
80.59
80.64
80.66
80.65
80.60
80.59
80.61
80.63
80.62
80.60
80.57
80.61
80.66
80.60
80.58
80.56
80.52
80.58
80.57
80.51
80.53
80.55
80.49
80.48
80.46
80.46
80.49
80.49
80.48
80.49
80.52
80.55
80.46
80.49
80.51
80.49
80.46
80.50
80.39
80.41
80.41
80.42
80.43
80.46
80.51
80.46
80.52
80.46
80.52
80.44
80.39
80.38
80.35
80.37
80.34
80.35
80.38
80.40
80.41
80.38
80.39
80.40
80.37
80.38
80.37
80.38
80.39
80.39
80.40
80.45
80.41
80.42
80.44
80.39
80.40
80.43
80.44
80.44
80.44
80.48
80.43
80.41
80.42
80.43
80.43
80.47
80.49
80.51
80.46
80.46
80.49
80.49
80.50
80.51
80.51
80.44
80.44
80.45
80.41
80.37
80.39
80.37
80.38
80.41
80.39
80.37
80.40
80.41
80.36
80.38
80.37
80.38
80.42
80.40
80.43
80.41
80.43
80.44
80.43
80.39
80.38
80.38
80.41
80.42
80.45
80.46
80.43
80.46
80.46
80.40
80.44
80.45
80.44
80.47
80.46
80.46
80.42
80.40
80.41
80.41
80.41
80.39
80.42
80.40
80.41
80.41
80.41
80.39
80.38
80.40
80.41
80.42
80.43
80.40
80.43
80.40
80.36
80.36
80.37
80.39
80.39
80.39
80.37
80.38
80.39
80.37
80.36
80.37
80.34
80.33
80.33
80.35
80.34
80.34
80.36
80.37
80.37
80.35
80.33
80.35
80.32
80.34
80.36
80.34
80.33
80.31
80.32
80.33
80.34
80.37
80.35
80.35
80.36
80.35
80.36
80.37
80.35
80.37
80.38
80.37
80.39
80.36
80.37
80.36
80.38
80.37
80.35
80.34
80.35
80.34
80.35
80.37
80.38
80.36
80.35
80.36
80.39
80.39
80.39
80.40
80.42
80.40
80.41
80.40
80.40
80.40
80.41
80.39
80.40
80.41
80.44
80.44
80.44
80.45
80.43
80.40
80.40
80.41
80.43
80.41
80.45
80.45
80.44
80.46
80.43
80.41
80.40
80.40
80.42
80.42
80.44
80.44
80.42
80.43
80.44
80.44
80.43
80.44
80.45
80.46
80.45
80.47
80.47
80.48
80.46
80.46
80.47
80.44
80.43
80.42
80.41
80.40
80.40
80.41
80.40
80.41
80.39
80.36
80.36
80.37
80.37
80.37
80.39
80.40
80.41
80.41
80.39
80.40
80.42
80.45
80.44
80.44
80.45
80.44
80.43
80.45
80.44
80.43
80.43
80.42
80.42
80.42
80.42
80.40
80.40
80.39
80.40
80.41
80.39
80.39
80.40
80.38
80.38
80.34
80.34
80.34
80.35
80.35
80.36
80.36
80.36
80.37
80.37
80.37
80.36
80.36
80.34
80.35
80.32
80.32
80.32
80.32
80.33
80.33
80.34
80.34
80.36
80.34
80.35
80.35
80.35
80.35
80.36
80.37
80.36
80.36
80.34
80.36
80.38
80.39
80.41
80.42
80.41
80.43
80.41
80.42
80.41
80.42
80.41
80.38
80.37
80.37
80.36
80.36
80.37
80.37
80.37
80.37
80.37
80.38
80.37
80.39
80.40
80.40
80.38
80.38
80.37
80.37
80.37
80.38
80.40
80.39
80.39
80.39
80.38
80.37
80.37
80.37
80.37
80.38
80.37
80.38
80.38
80.39
80.39
80.40
80.38
80.38
80.38
80.38
80.38
80.39
80.39
80.39
80.40
80.39
80.39
80.39
80.41
80.42
80.43
80.42
80.40
80.39
80.38
80.37
80.38
80.38
80.38
80.37
80.38
80.37
80.36
80.35
80.34
80.34
80.34
80.34
80.35
80.35
80.36
80.36
80.35
80.36
80.36
80.36
80.35
80.37
80.37
80.34
80.34
80.33
80.33
80.33
80.31
80.31
80.31
80.32
80.32
80.32
80.31
80.30
80.31
80.31
80.30
80.29
80.27
80.26
80.25
80.27
80.29
80.30
80.30
80.31
80.30
80.30
80.29
80.29
80.30
80.31
80.32
80.33
80.35
80.34
80.33
80.33
80.33
80.33
80.33
80.34
80.35
80.35
80.37
80.39
80.39
80.39
80.39
80.39
80.38
80.38
80.38
80.39
80.39
80.39
80.38
80.40
80.40
80.40
80.39
80.38
80.38
80.38
80.38
80.39
80.39
80.40
80.39
80.40
80.41
80.42
80.42
80.41
80.40
80.40
80.41
80.40
80.39
80.39
80.40
80.41
80.43
80.43
80.44
80.45
80.45
80.46
80.47
80.47
80.47
80.46
80.47
80.47
80.46
80.46
80.45
80.45
80.45
80.44
80.44
80.44
80.43
80.44
80.43
80.42
80.43
80.44
80.43
80.43
80.42
80.43
80.44
80.44
80.43
80.44
80.43
80.44
80.43
80.42
80.43
80.43
80.43
80.41
80.42
80.42
80.42
80.42
80.41
80.42
80.42
80.41
80.40
80.40
80.39
80.40
80.40
80.40
80.40
80.39
80.40
80.39
80.39
80.39
80.39
80.39
80.38
80.38
80.38
80.38
80.40
80.40
80.40
80.40
80.41
80.42
80.42
80.41
80.40
80.40
80.40
80.39
80.40
80.40
80.40
80.38
80.38
80.39
80.39
80.39
80.39
80.39
80.40
80.40
80.41
80.42
80.41
80.42
80.42
80.43
80.43
80.43
80.44
80.45
80.45
80.45
80.44
80.44
80.43
80.43
80.44
80.44
80.44
80.45
80.45
80.44
80.44
80.44
80.45
80.44
80.43
80.43
80.44
80.44
80.44
80.44
80.44
80.44
80.44
80.44
80.43
80.43
80.42
80.43
80.44
80.44
80.44
80.45
80.45
80.45
80.45
80.45
80.45
80.45
80.44
80.44
80.42
80.41
80.41
80.41
80.40
80.41
80.41
80.40
80.39
80.40
80.40
80.40
80.39
80.37
80.37
80.37
80.30
