75.00
75.78
73.96
74.22
75.94
76.04
77.46
78.32
78.47
78.75
78.55
78.65
79.09
79.02
79.58
79.69
79.69
79.43
79.44
79.45
79.76
79.47
79.48
79.23
79.12
79.39
79.28
79.19
79.09
79.22
79.33
79.54
79.55
79.55
79.55
79.64
79.65
79.81
79.77
79.77
79.69
79.69
79.69
79.51
79.51
79.48
79.39
79.26
79.27
79.38
79.32
79.27
79.27
79.37
79.35
79.32
79.33
79.42
79.34
79.27
79.33
79.26
79.27
79.39
79.38
79.24
79.13
79.11
79.05
79.04
79.07
78.99
78.98
78.93
78.90
78.78
78.77
78.85
78.92
78.91
78.84
78.85
78.92
78.94
78.92
78.83
78.83
78.94
78.93
78.92
78.93
78.84
78.88
78.91
78.93
79.02
79.04
79.10
79.17
79.14
79.12
79.14
79.11
79.16
79.17
79.13
79.12
79.02
78.99
78.93
78.90
78.91
78.95
78.96
78.89
78.84
78.81
78.79
78.82
78.88
78.77
78.74
78.76
78.77
78.73
78.73
78.70
78.72
78.63
78.63
78.64
78.68
78.71
78.73
78.73
78.76
78.81
78.89
78.87
78.91
78.93
78.91
78.92
78.92
78.90
78.97
79.02
79.04
79.06
79.12
79.12
79.10
79.12
79.14
79.12
79.07
79.01
79.01
79.06
79.01
79.06
79.04
79.04
79.08
79.12
79.13
79.13
79.11
79.16
79.17
79.08
79.10
79.07
79.08
79.13
79.08
79.12
79.10
79.07
79.13
79.12
79.14
79.16
79.14
79.17
79.19
79.16
79.21
79.23
79.25
79.26
79.31
79.29
79.32
79.29
79.28
79.28
79.26
79.26
79.27
79.28
79.30
79.33
79.31
79.31
79.30
79.30
79.27
79.26
79.27
79.27
79.25
79.26
79.27
79.26
79.24
79.26
79.22
79.19
79.18
79.19
79.19
79.20
79.24
79.24
79.20
79.20
79.24
79.22
79.25
79.24
79.24
79.27
79.26
79.28
79.28
79.28
79.26
79.26
79.25
79.25
79.23
79.22
79.26
79.27
79.25
79.23
79.22
79.24
79.28
79.25
79.26
79.27
79.31
79.31
79.33
79.33
79.32
79.32
79.33
79.30
79.29
79.27
79.28
79.28
79.27
79.27
79.29
79.28
79.28
79.28
79.29
79.28
79.28
79.30
79.33
79.36
79.38
79.36
79.36
79.39
79.39
79.37
79.38
79.39
79.39
79.36
79.38
79.37
79.40
79.44
79.43
79.43
79.41
79.41
79.43
79.45
79.44
79.45
79.46
79.48
79.50
79.50
79.49
79.48
79.49
79.50
79.53
79.54
79.51
79.51
79.50
79.50
79.50
79.52
79.55
79.52
79.54
79.52
79.53
79.50
79.46
79.43
79.44
79.43
79.40
79.40
79.43
79.44
79.43
79.42
79.43
79.42
79.42
79.42
79.41
79.43
79.46
79.46
79.46
79.49
79.49
79.47
79.49
79.51
79.50
79.49
79.50
79.51
79.52
79.49
79.49
79.48
79.48
79.50
79.51
79.50
79.51
79.51
79.51
79.53
79.54
79.55
79.54
79.55
79.54
79.52
79.53
79.53
79.51
79.51
79.53
79.53
79.50
79.50
79.50
79.52
79.51
79.51
79.50
79.51
79.50
79.50
79.50
79.50
79.47
79.46
79.45
79.44
79.46
79.45
79.43
79.43
79.43
79.44
79.43
79.41
79.41
79.43
79.42
79.43
79.41
79.40
79.41
79.39
79.39
79.40
79.41
79.42
79.42
79.43
79.43
79.44
79.40
79.39
79.37
79.37
79.37
79.37
79.36
79.36
79.35
79.37
79.38
79.39
79.38
79.39
79.41
79.39
79.40
79.42
79.43
79.44
79.44
79.45
79.44
79.44
79.44
79.44
79.47
79.46
79.44
79.43
79.43
79.42
79.42
79.42
79.42
79.42
79.41
79.37
79.36
79.37
79.35
79.35
79.35
79.35
79.34
79.33
79.34
79.33
79.32
79.31
79.30
79.29
79.30
79.32
79.30
79.29
79.30
79.28
79.28
79.28
79.28
79.27
79.28
79.28
79.30
79.31
79.32
79.33
79.33
79.33
79.34
79.34
79.33
79.33
79.34
79.35
79.35
79.35
79.36
79.37
79.36
79.36
79.35
79.36
79.35
79.36
79.35
79.33
79.33
79.33
79.33
79.33
79.35
79.35
79.35
79.35
79.35
79.35
79.36
79.36
79.37
79.37
79.38
79.37
79.36
79.38
79.40
79.39
79.38
79.38
79.37
79.37
79.37
79.34
79.34
79.34
79.33
79.33
79.34
79.35
79.37
79.37
79.37
79.36
79.36
79.36
79.35
79.36
79.37
79.37
79.37
79.36
79.37
79.38
79.39
79.38
79.38
79.37
79.36
79.35
79.35
79.35
79.34
79.33
79.35
79.34
79.35
79.34
79.33
79.35
79.34
79.35
79.35
79.35
79.36
79.36
79.36
79.36
79.37
79.36
79.37
79.35
79.36
79.35
79.36
79.36
79.36
79.35
79.36
79.36
79.37
79.36
79.36
79.37
79.36
79.37
79.38
79.38
79.39
79.39
79.39
79.39
79.40
79.41
79.39
79.39
79.38
79.38
79.37
79.37
79.35
79.35
79.35
79.33
79.32
79.33
79.34
79.33
79.33
79.33
79.32
79.32
79.31
79.29
79.29
79.29
79.30
79.30
79.30
79.31
79.31
79.32
79.32
79.32
79.32
79.32
79.31
79.33
79.32
79.32
79.32
79.32
79.30
79.30
79.30
79.30
79.30
79.31
79.31
79.31
79.30
79.29
79.29
79.29
79.29
79.29
79.30
79.30
79.29
79.30
79.30
79.31
79.30
79.30
79.29
79.30
79.29
79.30
79.29
79.28
79.29
79.28
79.28
79.28
79.28
79.28
79.28
79.28
79.28
79.27
79.27
79.28
79.28
79.29
79.29
79.30
79.29
79.29
79.29
79.28
79.29
79.28
79.28
79.28
79.28
79.28
79.27
79.26
79.27
79.27
79.27
79.28
79.28
79.28
79.27
79.27
79.27
79.28
79.26
79.26
79.26
79.26
79.25
79.26
79.27
79.26
79.27
79.27
79.27
79.28
79.28
79.27
79.28
79.29
79.29
79.29
79.31
79.30
79.30
79.30
79.30
79.30
79.31
79.30
79.31
79.31
79.31
79.29
79.29
79.28
79.29
79.30
79.30
79.31
79.31
79.31
79.31
79.31
79.31
79.31
79.32
79.32
79.31
79.32
79.30
79.30
79.30
79.30
79.32
79.32
79.33
79.34
79.34
79.34
79.34
79.35
79.34
79.33
79.34
79.34
79.33
79.32
79.32
79.33
79.34
79.34
79.34
79.35
79.35
79.35
79.35
79.35
79.34
79.34
79.33
79.33
79.33
79.34
79.26
