89.06
86.72
84.90
84.77
84.06
83.85
83.48
82.42
82.29
82.50
81.96
82.55
81.97
82.03
81.88
81.25
81.07
81.08
81.17
81.17
80.95
80.82
80.98
80.73
80.50
80.59
80.73
80.80
80.60
80.68
80.90
80.76
80.45
80.51
80.71
80.56
80.45
80.51
80.49
80.51
80.37
80.43
80.56
80.79
80.94
80.91
80.95
80.86
80.80
80.78
80.61
80.74
80.84
80.79
80.68
80.58
80.62
80.66
80.56
80.47
80.43
80.39
80.43
80.44
80.50
80.54
80.53
80.47
80.48
80.54
80.44
80.38
80.46
80.57
80.60
80.69
80.72
80.69
80.58
80.51
80.40
80.41
80.50
80.56
80.51
80.45
80.50
80.45
80.46
80.36
80.37
80.40
80.34
80.30
80.15
80.08
80.17
80.05
80.07
80.06
80.09
80.09
80.10
80.02
80.01
80.06
80.05
80.05
80.06
80.06
80.03
79.99
79.95
79.98
80.03
80.02
79.98
80.06
80.00
79.96
80.06
80.12
80.11
80.14
80.12
80.07
80.02
80.05
80.06
80.05
80.08
80.08
80.16
80.11
80.13
80.15
80.06
80.07
80.09
80.08
80.05
80.05
80.04
80.03
80.04
80.06
80.08
80.07
80.12
80.08
80.05
80.04
80.09
80.11
80.16
80.18
80.13
80.12
80.17
80.20
80.22
80.22
80.20
80.18
80.17
80.16
80.20
80.20
80.19
80.19
80.20
80.16
80.15
80.16
80.18
80.14
80.14
80.20
80.20
80.21
80.22
80.22
80.22
80.24
80.26
80.29
80.31
80.30
80.29
80.31
80.30
80.29
80.30
80.29
80.35
80.40
80.41
80.45
80.46
80.44
80.43
80.45
80.50
80.51
80.52
80.51
80.51
80.50
80.51
80.54
80.53
80.51
80.50
80.55
80.55
80.53
80.52
80.50
80.49
80.49
80.50
80.51
80.50
80.51
80.50
80.50
80.51
80.52
80.52
80.52
80.51
80.49
80.50
80.48
80.51
80.52
80.56
80.56
80.53
80.53
80.52
80.56
80.59
80.55
80.57
80.58
80.60
80.62
80.64
80.64
80.66
80.63
80.62
80.62
80.63
80.63
80.61
80.61
80.59
80.58
80.63
80.65
80.66
80.63
80.65
80.68
80.68
80.69
80.68
80.69
80.67
80.68
80.68
80.69
80.69
80.68
80.69
80.69
80.70
80.69
80.67
80.69
80.69
80.67
80.65
80.63
80.63
80.65
80.64
80.59
80.60
80.59
80.59
80.61
80.60
80.61
80.61
80.63
80.62
80.58
80.60
80.59
80.62
80.64
80.67
80.64
80.66
80.66
80.68
80.70
80.71
80.68
80.70
80.71
80.71
80.71
80.69
80.68
80.68
80.69
80.68
80.69
80.69
80.72
80.72
80.72
80.70
80.71
80.72
80.71
80.70
80.70
80.70
80.68
80.67
80.66
80.66
80.66
80.66
80.66
80.66
80.64
80.64
80.61
80.60
80.60
80.62
80.63
80.64
80.63
80.63
80.63
80.63
80.65
80.63
80.65
80.66
80.65
80.64
80.66
80.65
80.66
80.64
80.64
80.63
80.62
80.62
80.63
80.62
80.61
80.61
80.61
80.61
80.59
80.58
80.60
80.62
80.61
80.61
80.60
80.59
80.58
80.58
80.59
80.58
80.59
80.59
80.58
80.58
80.57
80.58
80.55
80.54
80.55
80.55
80.54
80.53
80.51
80.51
80.49
80.49
80.48
80.46
80.48
80.49
80.51
80.52
80.53
80.53
80.55
80.54
80.54
80.55
80.54
80.54
80.55
80.57
80.54
80.52
80.51
80.52
80.52
80.51
80.52
80.52
80.52
80.49
80.48
80.46
80.47
80.47
80.50
80.52
80.50
80.50
80.51
80.52
80.51
80.50
80.49
80.49
80.49
80.51
80.49
80.48
80.49
80.49
80.52
80.50
80.50
80.49
80.49
80.50
80.49
80.49
80.50
80.50
80.51
80.50
80.49
80.47
80.49
80.49
80.50
80.50
80.50
80.50
80.50
80.50
80.51
80.51
80.52
80.53
80.52
80.51
80.50
80.50
80.52
80.52
80.51
80.51
80.53
80.52
80.52
80.51
80.52
80.51
80.50
80.49
80.50
80.49
80.50
80.51
80.48
80.49
80.48
80.47
80.47
80.45
80.45
80.44
80.43
80.44
80.43
80.42
80.41
80.40
80.41
80.41
80.42
80.41
80.43
80.42
80.42
80.42
80.42
80.42
80.43
80.42
80.41
80.41
80.40
80.41
80.42
80.43
80.43
80.40
80.41
80.39
80.40
80.41
80.40
80.41
80.43
80.42
80.41
80.41
80.41
80.41
80.42
80.42
80.41
80.41
80.41
80.41
80.39
80.38
80.39
80.40
80.39
80.40
80.41
80.41
80.40
80.39
80.40
80.39
80.38
80.40
80.40
80.39
80.40
80.41
80.41
80.41
80.42
80.43
80.43
80.41
80.42
80.43
80.42
80.43
80.42
80.41
80.41
80.42
80.41
80.40
80.40
80.41
80.41
80.41
80.40
80.42
80.42
80.43
80.43
80.44
80.44
80.43
80.43
80.43
80.42
80.43
80.44
80.45
80.44
80.44
80.45
80.46
80.46
80.45
80.44
80.44
80.43
80.44
80.44
80.44
80.44
80.44
80.44
80.43
80.44
80.43
80.44
80.45
80.45
80.46
80.46
80.45
80.44
80.45
80.45
80.46
80.45
80.45
80.45
80.45
80.43
80.43
80.42
80.43
80.43
80.43
80.42
80.41
80.41
80.41
80.42
80.42
80.43
80.42
80.41
80.41
80.41
80.39
80.39
80.39
80.39
80.39
80.39
80.39
80.38
80.37
80.36
80.35
80.36
80.37
80.36
80.35
80.34
80.35
80.36
80.36
80.35
80.35
80.34
80.34
80.35
80.35
80.35
80.34
80.32
80.32
80.32
80.33
80.32
80.32
80.32
80.33
80.32
80.31
80.31
80.31
80.30
80.30
80.28
80.27
80.26
80.26
80.25
80.26
80.25
80.24
80.24
80.23
80.25
80.24
80.24
80.25
80.26
80.27
80.26
80.26
80.27
80.27
80.27
80.27
80.27
80.27
80.28
80.27
80.26
80.25
80.25
80.25
80.26
80.27
80.26
80.27
80.27
80.26
80.26
80.27
80.26
80.27
80.28
80.27
80.28
80.28
80.27
80.27
80.27
80.27
80.28
80.30
80.29
80.29
80.30
80.30
80.31
80.31
80.30
80.30
80.30
80.30
80.29
80.29
80.29
80.28
80.29
80.30
80.30
80.30
80.30
80.30
80.29
80.29
80.29
80.28
80.28
80.29
80.29
80.29
80.29
80.29
80.29
80.29
80.29
80.29
80.30
80.29
80.29
80.29
80.30
80.30
80.31
80.32
80.32
80.32
80.24
