54.69
52.34
51.04
53.12
54.06
53.39
53.79
54.10
53.99
54.53
53.84
53.65
53.37
53.35
52.92
52.73
52.57
52.60
52.55
52.73
52.68
52.77
52.38
52.15
52.06
52.46
52.55
52.85
52.96
53.07
52.97
53.12
53.22
53.40
53.08
52.60
52.53
52.47
52.68
52.77
52.74
52.75
52.80
52.81
52.95
53.16
53.16
53.03
53.12
53.16
53.40
53.40
53.57
53.70
53.52
53.52
53.59
53.53
53.52
53.39
53.38
53.45
53.45
53.44
53.37
53.27
53.26
53.17
53.08
53.04
52.88
52.82
52.80
52.79
52.71
52.78
52.80
52.84
52.87
52.81
52.87
52.90
52.84
52.98
52.96
53.00
53.07
53.00
53.07
53.11
53.11
53.16
53.24
53.14
53.21
53.08
53.08
53.01
53.01
52.98
52.95
53.03
53.06
53.06
53.12
53.07
53.07
53.05
53.07
53.08
53.14
53.18
53.25
53.19
53.19
53.25
53.22
53.14
53.19
53.19
53.25
53.23
53.19
53.21
53.19
53.11
53.12
53.17
53.20
53.25
53.30
53.28
53.29
53.29
53.18
53.12
53.05
53.06
53.15
53.19
53.22
53.24
53.27
53.33
53.33
53.29
53.28
53.33
53.30
53.41
53.39
53.42
53.38
53.31
53.33
53.32
53.27
53.33
53.35
53.40
53.35
53.36
53.34
53.31
53.25
53.20
53.15
53.23
53.25
53.24
53.30
53.29
53.29
53.26
53.27
53.27
53.20
53.27
53.23
53.15
53.12
53.14
53.16
53.09
53.11
53.09
53.14
53.10
53.12
53.11
53.10
53.04
53.00
52.97
53.00
52.95
52.90
52.88
52.85
52.84
52.85
52.85
52.85
52.89
52.90
52.87
52.89
52.86
52.84
52.82
52.74
52.75
52.76
52.71
52.69
52.66
52.64
52.65
52.68
52.73
52.70
52.70
52.73
52.75
52.74
52.77
52.79
52.82
52.85
52.85
52.88
52.92
52.91
52.88
52.89
52.89
52.91
52.94
52.93
52.93
52.91
52.92
52.95
52.93
52.95
52.95
52.94
52.92
52.91
52.94
52.94
52.92
52.90
52.91
52.90
52.95
52.91
52.93
52.92
52.96
52.97
52.93
52.92
52.92
52.92
52.90
52.96
52.96
52.96
52.97
52.99
52.96
52.96
52.92
52.90
52.86
52.86
52.86
52.83
52.86
52.86
52.88
52.87
52.87
52.88
52.88
52.87
52.88
52.90
52.91
52.89
52.88
52.90
52.90
52.88
52.83
52.78
52.81
52.83
52.81
52.82
52.80
52.82
52.80
52.81
52.80
52.78
52.78
52.78
52.76
52.74
52.72
52.71
52.72
52.72
52.72
52.71
52.70
52.66
52.66
52.65
52.61
52.59
52.61
52.62
52.63
52.63
52.63
52.64
52.62
52.58
52.58
52.58
52.58
52.56
52.54
52.54
52.56
52.58
52.56
52.53
52.52
52.54
52.54
52.52
52.51
52.50
52.50
52.46
52.44
52.44
52.44
52.40
52.41
52.45
52.44
52.42
52.45
52.43
52.45
52.46
52.47
52.47
52.43
52.44
52.45
52.46
52.46
52.47
52.47
52.48
52.48
52.51
52.48
52.47
52.45
52.46
52.43
52.44
52.44
52.44
52.44
52.41
52.42
52.42
52.42
52.46
52.45
52.44
52.44
52.45
52.42
52.43
52.44
52.45
52.46
52.46
52.43
52.43
52.43
52.43
52.44
52.45
52.43
52.45
52.43
52.45
52.45
52.43
52.43
52.43
52.43
52.44
52.45
52.44
52.47
52.47
52.44
52.42
52.45
52.43
52.44
52.44
52.42
52.43
52.42
52.43
52.42
52.42
52.45
52.44
52.44
52.44
52.44
52.45
52.45
52.44
52.43
52.43
52.43
52.43
52.46
52.44
52.46
52.45
52.48
52.45
52.43
52.43
52.44
52.45
52.47
52.44
52.41
52.39
52.39
52.41
52.41
52.39
52.39
52.41
52.41
52.43
52.42
52.42
52.39
52.40
52.42
52.40
52.40
52.41
52.40
52.39
52.37
52.36
52.33
52.35
52.36
52.35
52.35
52.34
52.35
52.36
52.35
52.34
52.35
52.36
52.36
52.36
52.36
52.38
52.38
52.36
52.33
52.33
52.33
52.32
52.32
52.32
52.32
52.30
52.31
52.33
52.35
52.35
52.35
52.37
52.33
52.35
52.34
52.34
52.35
52.36
52.35
52.35
52.33
52.35
52.33
52.34
52.33
52.33
52.35
52.34
52.32
52.32
52.33
52.30
52.30
52.29
52.28
52.29
52.30
52.30
52.28
52.27
52.27
52.26
52.24
52.24
52.23
52.24
52.21
52.20
52.19
52.20
52.20
52.21
52.22
52.22
52.25
52.23
52.25
52.24
52.24
52.26
52.28
52.28
52.29
52.31
52.32
52.32
52.31
52.30
52.31
52.32
52.34
52.32
52.32
52.33
52.34
52.35
52.34
52.32
52.31
52.31
52.32
52.31
52.32
52.34
52.34
52.35
52.35
52.35
52.34
52.34
52.33
52.34
52.35
52.35
52.36
52.35
52.35
52.33
52.34
52.36
52.36
52.36
52.36
52.36
52.36
52.36
52.36
52.37
52.35
52.35
52.36
52.36
52.34
52.33
52.35
52.33
52.33
52.33
52.32
52.33
52.33
52.34
52.33
52.32
52.32
52.32
52.32
52.31
52.30
52.30
52.31
52.32
52.34
52.35
52.35
52.35
52.36
52.35
52.37
52.37
52.37
52.36
52.36
52.36
52.36
52.37
52.37
52.36
52.36
52.38
52.37
52.35
52.33
52.34
52.33
52.33
52.32
52.34
52.32
52.34
52.34
52.34
52.35
52.34
52.34
52.34
52.33
52.33
52.32
52.32
52.32
52.33
52.35
52.38
52.38
52.38
52.39
52.39
52.38
52.38
52.38
52.40
52.40
52.39
52.40
52.39
52.39
52.38
52.39
52.36
52.37
52.36
52.38
52.39
52.39
52.39
52.37
52.37
52.36
52.34
52.34
52.35
52.35
52.33
52.33
52.32
52.32
52.33
52.33
52.32
52.32
52.32
52.33
52.33
52.33
52.34
52.35
52.33
52.32
52.33
52.35
52.35
52.34
52.33
52.33
52.32
52.32
52.33
52.33
52.33
52.32
52.31
52.31
52.30
52.31
52.31
52.31
52.30
52.31
52.31
52.32
52.32
52.32
52.31
52.32
52.32
52.34
52.34
52.35
52.35
52.35
52.36
52.34
52.35
52.35
52.36
52.34
52.34
52.34
52.35
52.34
52.32
52.31
52.31
52.33
52.31
52.33
52.33
52.33
52.33
52.31
52.30
52.30
52.29
52.30
52.30
52.30
52.30
52.30
52.30
52.31
52.31
52.31
52.32
52.31
52.33
52.29
