71.88
70.31
68.23
68.75
66.56
67.45
66.29
66.60
66.84
66.56
66.48
65.89
65.38
65.74
66.04
66.41
66.27
66.75
66.94
66.95
67.11
66.97
67.12
67.25
67.56
68.15
68.17
68.53
68.21
68.33
68.45
68.12
67.71
67.65
67.46
67.49
67.31
67.35
67.47
67.38
67.42
67.75
67.91
67.86
67.71
67.70
67.49
67.68
67.63
67.72
67.80
67.70
67.72
67.74
67.76
67.77
67.82
67.97
67.98
68.07
67.98
68.02
68.13
68.12
68.12
68.11
68.19
68.18
68.21
68.24
68.22
68.40
68.39
68.31
68.44
68.44
68.43
68.31
68.30
68.34
68.33
68.18
68.05
67.93
67.81
67.79
67.73
67.70
67.77
67.74
67.82
67.83
67.79
67.87
67.88
67.87
67.90
67.94
67.98
67.94
67.91
67.94
67.98
67.94
67.96
67.88
67.87
67.85
67.78
67.90
67.96
67.95
67.88
67.85
67.80
67.82
67.80
67.80
67.90
67.92
67.90
67.92
67.94
67.96
68.00
67.99
68.02
68.01
68.02
68.11
68.17
68.22
68.20
68.14
68.23
68.32
68.32
68.32
68.30
68.26
68.31
68.33
68.36
68.37
68.31
68.36
68.31
68.31
68.29
68.27
68.34
68.29
68.28
68.26
68.25
68.17
68.14
68.18
68.16
68.19
68.26
68.18
68.19
68.22
68.17
68.18
68.15
68.13
68.13
68.13
68.11
68.11
68.06
68.05
68.07
68.04
68.07
68.07
68.05
68.05
68.00
67.97
67.96
67.99
67.97
67.94
67.99
67.99
68.03
68.05
68.13
68.07
68.08
68.10
68.07
68.05
68.00
68.02
68.04
68.01
68.00
68.02
68.03
68.03
68.01
68.05
68.06
68.09
68.08
68.07
68.09
68.04
68.06
68.07
68.02
68.01
68.04
68.09
68.12
68.11
68.11
68.12
68.05
68.05
68.08
68.02
68.01
67.99
68.01
68.00
68.02
68.04
68.06
68.07
68.07
68.07
68.11
68.10
68.08
68.14
68.16
68.19
68.16
68.20
68.21
68.24
68.23
68.20
68.21
68.20
68.15
68.14
68.10
68.13
68.11
68.10
68.14
68.17
68.15
68.11
68.11
68.08
68.08
68.09
68.08
68.07
68.08
68.10
68.08
68.10
68.09
68.11
68.13
68.12
68.10
68.10
68.10
68.05
68.04
68.03
68.00
67.99
68.02
67.97
67.99
68.00
68.01
68.01
68.00
68.02
68.00
68.01
68.05
68.07
68.05
68.03
67.99
67.99
67.98
67.98
67.99
67.97
67.99
67.99
68.03
68.03
68.03
68.04
68.05
68.05
68.03
68.01
68.03
68.00
68.02
68.02
68.06
68.05
68.03
68.04
68.06
68.09
68.10
68.10
68.10
68.13
68.12
68.14
68.15
68.15
68.13
68.16
68.15
68.14
68.14
68.13
68.11
68.14
68.12
68.11
68.12
68.13
68.12
68.11
68.15
68.17
68.16
68.12
68.12
68.13
68.11
68.13
68.14
68.12
68.12
68.14
68.13
68.15
68.14
68.14
68.12
68.11
68.13
68.13
68.14
68.15
68.13
68.16
68.16
68.16
68.14
68.14
68.16
68.14
68.16
68.16
68.19
68.20
68.16
68.15
68.16
68.14
68.13
68.14
68.15
68.15
68.17
68.14
68.15
68.13
68.14
68.13
68.13
68.14
68.14
68.13
68.11
68.13
68.14
68.14
68.13
68.13
68.13
68.10
68.09
68.08
68.09
68.10
68.11
68.12
68.13
68.12
68.12
68.11
68.09
68.09
68.08
68.10
68.11
68.12
68.14
68.14
68.14
68.17
68.15
68.18
68.18
68.19
68.19
68.18
68.18
68.18
68.19
68.17
68.16
68.16
68.19
68.22
68.23
68.21
68.20
68.21
68.21
68.20
68.21
68.19
68.17
68.16
68.17
68.18
68.20
68.19
68.18
68.18
68.19
68.20
68.21
68.22
68.21
68.21
68.18
68.19
68.19
68.19
68.18
68.18
68.17
68.18
68.20
68.19
68.19
68.19
68.19
68.19
68.19
68.17
68.16
68.16
68.16
68.15
68.15
68.14
68.14
68.12
68.13
68.13
68.13
68.13
68.14
68.14
68.14
68.16
68.15
68.17
68.19
68.16
68.18
68.16
68.17
68.18
68.18
68.20
68.20
68.20
68.22
68.20
68.22
68.22
68.23
68.23
68.24
68.23
68.22
68.21
68.22
68.20
68.19
68.19
68.19
68.19
68.20
68.20
68.20
68.21
68.20
68.22
68.23
68.21
68.21
68.21
68.22
68.22
68.21
68.20
68.20
68.19
68.18
68.17
68.16
68.15
68.15
68.17
68.18
68.20
68.19
68.20
68.20
68.20
68.20
68.20
68.20
68.20
68.19
68.21
68.21
68.21
68.19
68.20
68.19
68.18
68.17
68.18
68.20
68.20
68.19
68.18
68.18
68.20
68.21
68.22
68.21
68.20
68.21
68.21
68.21
68.20
68.20
68.20
68.19
68.18
68.19
68.19
68.17
68.18
68.18
68.16
68.17
68.18
68.16
68.16
68.16
68.17
68.15
68.15
68.13
68.13
68.15
68.14
68.14
68.15
68.14
68.15
68.16
68.15
68.16
68.16
68.16
68.18
68.18
68.19
68.18
68.19
68.18
68.19
68.19
68.21
68.20
68.20
68.21
68.20
68.21
68.20
68.20
68.20
68.22
68.23
68.20
68.20
68.20
68.21
68.21
68.21
68.23
68.23
68.23
68.22
68.22
68.21
68.20
68.22
68.20
68.19
68.20
68.21
68.22
68.22
68.23
68.23
68.22
68.21
68.23
68.24
68.24
68.24
68.24
68.25
68.25
68.23
68.22
68.21
68.20
68.19
68.19
68.18
68.18
68.19
68.20
68.20
68.20
68.19
68.19
68.20
68.20
68.20
68.19
68.20
68.20
68.20
68.21
68.20
68.19
68.19
68.18
68.17
68.17
68.15
68.15
68.14
68.14
68.14
68.15
68.14
68.13
68.14
68.15
68.15
68.14
68.14
68.14
68.13
68.13
68.13
68.13
68.14
68.16
68.15
68.15
68.15
68.14
68.13
68.11
68.12
68.13
68.14
68.15
68.15
68.14
68.15
68.16
68.15
68.15
68.15
68.13
68.13
68.13
68.13
68.13
68.12
68.12
68.13
68.13
68.14
68.15
68.15
68.16
68.16
68.15
68.15
68.15
68.15
68.14
68.13
68.12
68.12
68.12
68.11
68.11
68.10
68.10
68.10
68.11
68.11
68.10
68.10
68.08
68.09
68.09
68.10
68.11
68.11
68.10
68.10
68.10
68.11
68.11
68.12
68.12
68.13
68.12
68.13
68.12
68.10
68.11
68.12
68.13
68.13
68.13
68.14
68.14
68.15
68.15
68.08
