79.69
82.81
82.81
79.30
77.19
75.52
76.12
75.78
76.22
75.31
76.14
76.30
76.92
77.57
78.02
78.12
77.67
77.17
77.30
77.42
77.38
77.98
78.26
78.39
78.44
78.67
78.76
78.91
78.99
79.11
78.83
78.96
79.12
79.23
79.20
79.12
79.10
79.15
78.97
78.95
79.04
79.17
79.22
79.01
78.82
79.01
78.76
78.58
78.64
78.66
78.68
78.70
78.80
78.96
78.84
78.85
78.78
78.77
78.60
78.62
78.66
78.60
78.70
78.66
78.65
78.72
78.71
78.65
78.58
78.59
78.57
78.60
78.66
78.55
78.50
78.60
78.59
78.59
78.68
78.69
78.67
78.73
78.86
78.92
78.84
78.82
78.83
78.87
78.90
78.89
78.85
78.92
78.90
78.84
78.87
78.96
79.01
79.02
78.93
78.92
78.91
78.86
78.87
78.89
78.90
78.85
78.84
78.85
78.87
78.84
78.86
78.81
78.71
78.73
78.76
78.79
78.81
78.76
78.72
78.78
78.74
78.68
78.71
78.76
78.71
78.66
78.65
78.63
78.61
78.57
78.57
78.59
78.63
78.65
78.60
78.64
78.65
78.62
78.60
78.60
78.61
78.61
78.56
78.57
78.58
78.62
78.55
78.61
78.60
78.54
78.54
78.51
78.51
78.52
78.47
78.50
78.49
78.45
78.40
78.35
78.35
78.38
78.37
78.41
78.35
78.33
78.29
78.26
78.27
78.29
78.27
78.25
78.22
78.25
78.26
78.19
78.20
78.15
78.15
78.15
78.16
78.17
78.22
78.25
78.25
78.27
78.18
78.20
78.23
78.20
78.13
78.13
78.11
78.17
78.20
78.15
78.17
78.19
78.23
78.21
78.16
78.16
78.18
78.20
78.24
78.24
78.23
78.22
78.23
78.24
78.24
78.24
78.24
78.26
78.27
78.28
78.25
78.26
78.28
78.22
78.25
78.24
78.22
78.19
78.21
78.19
78.18
78.15
78.19
78.17
78.15
78.14
78.12
78.09
78.13
78.16
78.16
78.17
78.18
78.20
78.22
78.21
78.18
78.20
78.18
78.17
78.18
78.18
78.17
78.15
78.17
78.19
78.17
78.18
78.17
78.14
78.17
78.16
78.16
78.17
78.21
78.22
78.22
78.21
78.19
78.17
78.18
78.17
78.13
78.13
78.13
78.14
78.11
78.11
78.09
78.09
78.10
78.10
78.11
78.13
78.11
78.13
78.13
78.16
78.17
78.15
78.17
78.17
78.20
78.19
78.19
78.21
78.22
78.23
78.24
78.26
78.28
78.31
78.30
78.29
78.29
78.31
78.31
78.30
78.29
78.30
78.29
78.31
78.31
78.29
78.29
78.25
78.25
78.23
78.25
78.25
78.21
78.23
78.24
78.24
78.20
78.21
78.22
78.20
78.20
78.16
78.17
78.15
78.15
78.15
78.16
78.17
78.19
78.18
78.17
78.18
78.18
78.17
78.16
78.13
78.15
78.15
78.16
78.15
78.16
78.17
78.16
78.17
78.17
78.16
78.17
78.15
78.18
78.18
78.24
78.26
78.28
78.28
78.27
78.25
78.24
78.23
78.24
78.25
78.24
78.25
78.27
78.28
78.29
78.29
78.31
78.31
78.31
78.29
78.28
78.27
78.27
78.25
78.25
78.27
78.28
78.27
78.26
78.26
78.28
78.29
78.28
78.26
78.27
78.27
78.26
78.26
78.24
78.24
78.27
78.25
78.24
78.25
78.26
78.25
78.25
78.26
78.26
78.26
78.26
78.28
78.27
78.27
78.30
78.30
78.28
78.29
78.31
78.28
78.29
78.28
78.29
78.27
78.25
78.26
78.26
78.26
78.25
78.25
78.23
78.25
78.26
78.26
78.26
78.26
78.24
78.26
78.25
78.23
78.24
78.23
78.23
78.21
78.20
78.21
78.20
78.20
78.21
78.21
78.18
78.18
78.19
78.17
78.17
78.16
78.18
78.17
78.17
78.18
78.17
78.17
78.17
78.15
78.17
78.18
78.19
78.18
78.19
78.18
78.17
78.18
78.17
78.15
78.15
78.14
78.14
78.15
78.15
78.14
78.14
78.15
78.15
78.15
78.13
78.13
78.13
78.13
78.12
78.13
78.14
78.15
78.16
78.16
78.16
78.15
78.15
78.16
78.15
78.16
78.16
78.15
78.13
78.12
78.12
78.12
78.13
78.13
78.13
78.13
78.12
78.14
78.14
78.13
78.14
78.16
78.15
78.16
78.15
78.15
78.16
78.17
78.17
78.18
78.18
78.20
78.19
78.20
78.19
78.19
78.20
78.20
78.19
78.19
78.19
78.17
78.17
78.16
78.16
78.15
78.15
78.16
78.16
78.18
78.17
78.17
78.17
78.17
78.17
78.17
78.17
78.17
78.18
78.18
78.18
78.19
78.20
78.20
78.21
78.20
78.20
78.20
78.21
78.20
78.21
78.23
78.23
78.24
78.23
78.24
78.22
78.20
78.20
78.18
78.18
78.18
78.19
78.19
78.19
78.20
78.20
78.20
78.21
78.20
78.20
78.21
78.21
78.21
78.21
78.20
78.19
78.18
78.18
78.19
78.20
78.19
78.19
78.19
78.20
78.20
78.20
78.21
78.20
78.22
78.22
78.23
78.23
78.22
78.22
78.23
78.22
78.23
78.24
78.22
78.23
78.23
78.24
78.24
78.23
78.22
78.21
78.20
78.20
78.20
78.19
78.19
78.17
78.16
78.16
78.15
78.14
78.13
78.13
78.12
78.12
78.11
78.10
78.09
78.09
78.09
78.09
78.11
78.12
78.12
78.10
78.11
78.11
78.12
78.13
78.13
78.13
78.14
78.15
78.16
78.16
78.17
78.16
78.16
78.16
78.15
78.15
78.15
78.17
78.17
78.17
78.19
78.18
78.19
78.18
78.18
78.17
78.17
78.16
78.17
78.16
78.16
78.17
78.17
78.17
78.17
78.17
78.18
78.18
78.17
78.17
78.17
78.17
78.18
78.18
78.19
78.19
78.19
78.19
78.19
78.20
78.20
78.19
78.19
78.19
78.19
78.19
78.20
78.19
78.19
78.20
78.19
78.20
78.20
78.20
78.19
78.20
78.20
78.20
78.20
78.21
78.21
78.21
78.21
78.21
78.22
78.23
78.22
78.22
78.22
78.21
78.21
78.20
78.20
78.21
78.20
78.20
78.21
78.21
78.20
78.20
78.20
78.20
78.22
78.22
78.22
78.23
78.23
78.23
78.23
78.23
78.22
78.23
78.23
78.24
78.24
78.25
78.25
78.24
78.25
78.25
78.26
78.27
78.29
78.28
78.29
78.27
78.28
78.27
78.28
78.26
78.27
78.26
78.26
78.27
78.27
78.26
78.26
78.26
78.24
78.24
78.24
78.24
78.24
78.25
78.24
78.25
78.25
78.26
78.26
78.24
78.25
78.25
78.17
