25.00
32.03
32.29
33.59
33.12
32.03
31.47
30.86
31.42
32.03
32.81
33.46
33.29
33.04
32.40
32.13
31.53
31.86
32.07
32.34
32.29
32.39
32.74
33.07
32.94
32.75
32.75
32.87
33.14
33.07
33.42
33.20
33.48
33.27
32.99
32.86
32.98
32.89
32.77
32.85
32.85
32.85
32.70
32.88
32.95
33.12
33.01
32.98
33.10
33.00
32.90
32.90
33.08
33.07
33.07
32.98
33.14
33.08
33.16
33.05
33.02
32.94
32.94
33.03
33.03
33.07
33.28
33.23
33.22
33.28
33.34
33.31
33.30
33.32
33.33
33.41
33.50
33.47
33.41
33.48
33.49
33.38
33.53
33.48
33.62
33.70
33.66
33.70
33.67
33.59
33.62
33.63
33.59
33.59
33.63
33.61
33.65
33.69
33.68
33.70
33.71
33.66
33.53
33.49
33.59
33.62
33.72
33.77
33.86
33.89
33.94
33.89
33.99
34.00
34.04
34.04
34.11
34.12
34.14
34.23
34.27
34.32
34.32
34.32
34.34
34.28
34.31
34.34
34.39
34.48
34.41
34.47
34.53
34.60
34.61
34.65
34.61
34.49
34.52
34.60
34.54
34.60
34.59
34.64
34.64
34.64
34.63
34.74
34.69
34.69
34.64
34.62
34.61
34.56
34.56
34.58
34.59
34.66
34.65
34.61
34.63
34.60
34.56
34.55
34.61
34.65
34.67
34.67
34.73
34.76
34.77
34.82
34.80
34.90
34.87
34.85
34.83
34.84
34.84
34.81
34.82
34.79
34.81
34.82
34.80
34.78
34.73
34.75
34.75
34.74
34.71
34.74
34.81
34.79
34.77
34.79
34.74
34.80
34.82
34.81
34.80
34.80
34.81
34.80
34.79
34.78
34.75
34.72
34.72
34.69
34.70
34.71
34.72
34.73
34.72
34.71
34.71
34.71
34.72
34.74
34.73
34.70
34.68
34.65
34.65
34.71
34.71
34.72
34.68
34.66
34.69
34.68
34.68
34.71
34.68
34.65
34.67
34.66
34.68
34.68
34.69
34.67
34.70
34.70
34.69
34.71
34.70
34.68
34.67
34.66
34.66
34.64
34.60
34.59
34.60
34.61
34.59
34.57
34.58
34.59
34.55
34.56
34.58
34.61
34.60
34.58
34.58
34.60
34.61
34.57
34.63
34.62
34.61
34.61
34.57
34.57
34.57
34.56
34.54
34.51
34.51
34.53
34.54
34.53
34.54
34.54
34.55
34.53
34.51
34.53
34.53
34.54
34.53
34.53
34.51
34.49
34.51
34.53
34.51
34.50
34.49
34.53
34.50
34.50
34.51
34.49
34.49
34.47
34.43
34.45
34.46
34.46
34.44
34.45
34.45
34.47
34.49
34.49
34.48
34.47
34.45
34.42
34.42
34.43
34.47
34.47
34.49
34.49
34.49
34.49
34.48
34.46
34.45
34.47
34.46
34.44
34.43
34.43
34.43
34.40
34.41
34.40
34.39
34.38
34.35
34.34
34.32
34.32
34.31
34.29
34.29
34.27
34.29
34.28
34.31
34.34
34.33
34.34
34.31
34.32
34.34
34.33
34.33
34.34
34.35
34.33
34.34
34.34
34.32
34.31
34.32
34.30
34.32
34.31
34.30
34.31
34.33
34.32
34.32
34.33
34.32
34.34
34.33
34.33
34.31
34.30
34.30
34.30
34.29
34.29
34.28
34.28
34.28
34.30
34.31
34.32
34.29
34.28
34.29
34.31
34.32
34.32
34.32
34.32
34.32
34.31
34.31
34.29
34.29
34.28
34.28
34.28
34.28
34.27
34.27
34.27
34.26
34.26
34.26
34.26
34.25
34.24
34.25
34.23
34.20
34.20
34.19
34.20
34.22
34.21
34.21
34.21
34.22
34.21
34.22
34.20
34.20
34.20
34.21
34.23
34.24
34.22
34.23
34.25
34.25
34.24
34.25
34.25
34.28
34.29
34.29
34.29
34.27
34.26
34.26
34.26
34.27
34.25
34.26
34.23
34.26
34.24
34.28
34.29
34.29
34.28
34.29
34.29
34.27
34.28
34.30
34.28
34.28
34.28
34.27
34.28
34.28
34.27
34.27
34.29
34.27
34.28
34.29
34.28
34.26
34.27
34.26
34.28
34.28
34.29
34.29
34.29
34.28
34.26
34.27
34.27
34.25
34.26
34.26
34.25
34.26
34.26
34.27
34.29
34.29
34.29
34.29
34.28
34.28
34.29
34.29
34.30
34.30
34.31
34.31
34.29
34.28
34.28
34.29
34.28
34.29
34.29
34.31
34.32
34.32
34.33
34.34
34.35
34.34
34.33
34.32
34.33
34.33
34.35
34.35
34.34
34.33
34.32
34.31
34.31
34.32
34.33
34.32
34.32
34.30
34.32
34.32
34.31
34.30
34.30
34.30
34.28
34.28
34.28
34.29
34.29
34.29
34.31
34.33
34.32
34.32
34.34
34.33
34.32
34.32
34.33
34.31
34.31
34.29
34.29
34.30
34.30
34.32
34.30
34.31
34.31
34.30
34.31
34.33
34.33
34.31
34.32
34.32
34.32
34.32
34.32
34.30
34.30
34.29
34.27
34.26
34.26
34.26
34.26
34.25
34.27
34.27
34.27
34.26
34.26
34.25
34.26
34.25
34.23
34.24
34.24
34.26
34.26
34.24
34.25
34.26
34.27
34.28
34.28
34.26
34.27
34.26
34.27
34.26
34.26
34.27
34.28
34.30
34.31
34.31
34.31
34.31
34.31
34.30
34.29
34.30
34.29
34.30
34.31
34.28
34.27
34.27
34.27
34.27
34.28
34.28
34.27
34.27
34.27
34.27
34.28
34.28
34.27
34.27
34.27
34.27
34.28
34.28
34.28
34.28
34.29
34.29
34.28
34.28
34.27
34.27
34.27
34.26
34.25
34.27
34.27
34.29
34.28
34.28
34.27
34.28
34.31
34.31
34.31
34.30
34.31
34.33
34.33
34.34
34.34
34.33
34.32
34.32
34.32
34.31
34.31
34.31
34.30
34.30
34.30
34.30
34.29
34.28
34.28
34.27
34.27
34.29
34.29
34.28
34.28
34.27
34.27
34.26
34.25
34.25
34.25
34.24
34.26
34.28
34.30
34.29
34.30
34.29
34.29
34.30
34.29
34.29
34.28
34.29
34.30
34.30
34.30
34.32
34.32
34.32
34.33
34.33
34.33
34.33
34.32
34.33
34.32
34.32
34.32
34.31
34.30
34.30
34.31
34.32
34.31
34.29
34.30
34.30
34.30
34.30
34.31
34.31
34.30
34.30
34.30
34.29
34.30
34.29
34.29
34.29
34.30
34.31
34.30
34.30
34.30
34.29
34.30
34.30
34.31
34.30
34.30
34.30
34.30
34.32
34.32
34.31
34.31
34.30
34.30
34.31
34.31
34.31
34.30
34.29
34.29
34.28
34.25
