85.94
85.16
85.42
85.16
84.38
83.85
82.37
82.23
81.94
81.72
82.24
82.42
82.81
83.04
82.50
82.52
82.26
81.94
81.58
81.41
81.40
81.32
81.45
81.18
80.94
81.01
81.02
81.14
80.55
80.36
80.39
80.42
80.21
80.24
80.31
80.12
80.24
80.22
80.13
80.23
80.14
80.25
80.09
80.08
80.24
80.26
80.35
80.37
80.23
80.16
79.99
79.93
80.04
80.15
79.86
79.83
79.88
79.90
79.74
79.64
79.53
79.54
79.49
79.52
79.57
79.50
79.38
79.34
79.44
79.53
79.53
79.60
79.58
79.67
79.67
79.52
79.53
79.59
79.65
79.73
79.65
79.59
79.52
79.54
79.54
79.49
79.45
79.49
79.44
79.39
79.28
79.36
79.28
79.29
79.28
79.23
79.17
79.27
79.26
79.30
79.35
79.32
79.37
79.28
79.32
79.29
79.23
79.28
79.33
79.26
79.36
79.30
79.29
79.29
79.31
79.32
79.35
79.34
79.32
79.35
79.46
79.46
79.41
79.40
79.34
79.33
79.31
79.26
79.29
79.30
79.28
79.32
79.32
79.34
79.29
79.27
79.25
79.17
79.17
79.13
79.08
79.07
79.12
79.12
79.09
79.13
79.15
79.14
79.15
79.18
79.18
79.15
79.13
79.15
79.11
79.07
79.09
79.08
79.09
79.07
79.11
79.12
79.14
79.13
79.11
79.09
79.08
79.12
79.09
79.05
79.08
79.09
79.06
79.10
79.09
79.10
79.10
79.17
79.21
79.18
79.15
79.16
79.11
79.14
79.07
79.03
79.03
78.97
79.02
79.02
79.05
79.04
79.03
79.02
79.01
78.99
79.02
79.02
79.08
79.09
79.09
79.08
79.06
79.06
79.08
79.09
79.12
79.09
79.10
79.13
79.16
79.15
79.09
79.07
79.07
79.09
79.10
79.09
79.10
79.11
79.11
79.09
79.07
79.05
79.06
79.04
79.07
79.06
79.09
79.10
79.11
79.12
79.09
79.04
79.05
79.01
79.00
79.00
78.99
79.00
79.04
79.05
79.08
79.07
79.09
79.07
79.07
79.06
79.08
79.09
79.08
79.09
79.09
79.09
79.12
79.10
79.13
79.15
79.17
79.13
79.14
79.16
79.16
79.15
79.17
79.19
79.18
79.22
79.22
79.21
79.20
79.19
79.15
79.15
79.15
79.16
79.17
79.20
79.21
79.22
79.21
79.18
79.17
79.16
79.13
79.14
79.15
79.16
79.17
79.15
79.17
79.20
79.18
79.18
79.19
79.21
79.18
79.14
79.12
79.11
79.10
79.10
79.10
79.11
79.08
79.09
79.09
79.08
79.10
79.09
79.12
79.10
79.08
79.05
79.07
79.07
79.05
79.09
79.09
79.10
79.09
79.09
79.09
79.07
79.07
79.07
79.09
79.10
79.09
79.11
79.11
79.11
79.10
79.11
79.11
79.12
79.13
79.12
79.13
79.12
79.12
79.13
79.15
79.14
79.15
79.12
79.15
79.17
79.17
79.17
79.15
79.15
79.16
79.13
79.13
79.12
79.13
79.14
79.14
79.13
79.15
79.16
79.16
79.14
79.14
79.17
79.16
79.17
79.16
79.13
79.12
79.13
79.13
79.16
79.18
79.16
79.14
79.12
79.12
79.14
79.13
79.13
79.13
79.15
79.16
79.18
79.19
79.18
79.15
79.18
79.16
79.15
79.17
79.14
79.14
79.15
79.14
79.14
79.15
79.12
79.13
79.12
79.13
79.14
79.15
79.13
79.13
79.12
79.11
79.10
79.10
79.10
79.11
79.09
79.09
79.06
79.08
79.07
79.05
79.06
79.05
79.07
79.04
79.04
79.05
79.04
79.05
79.06
79.04
79.06
79.06
79.06
79.05
79.05
79.03
79.01
79.01
79.01
79.01
79.01
79.02
79.00
79.01
78.98
78.99
78.99
78.98
78.96
78.97
78.97
78.98
78.99
78.99
79.00
78.99
79.01
79.02
79.03
79.03
79.01
79.03
79.01
79.02
79.01
79.01
79.00
79.01
79.00
78.99
79.01
79.02
79.02
79.02
79.02
79.05
79.06
79.07
79.07
79.06
79.08
79.08
79.07
79.09
79.08
79.08
79.08
79.07
79.04
79.02
79.02
79.02
79.03
79.04
79.06
79.05
79.05
79.06
79.06
79.06
79.04
79.05
79.06
79.06
79.07
79.06
79.05
79.06
79.05
79.04
79.05
79.05
79.05
79.06
79.07
79.06
79.06
79.05
79.06
79.08
79.07
79.07
79.07
79.08
79.07
79.06
79.07
79.06
79.06
79.06
79.07
79.06
79.04
79.04
79.03
79.03
79.04
79.05
79.05
79.04
79.02
79.02
79.02
79.03
79.03
79.04
79.04
79.04
79.02
79.00
79.00
79.00
79.00
78.99
79.00
79.00
79.00
79.01
79.01
79.01
79.00
78.99
78.98
78.97
78.97
78.98
78.98
78.98
78.99
78.99
78.99
78.99
78.99
78.99
78.99
79.00
78.98
78.98
78.96
78.98
78.98
78.96
78.98
78.98
78.97
78.97
78.97
78.97
78.96
78.96
78.96
78.94
78.94
78.95
78.93
78.93
78.94
78.94
78.93
78.92
78.91
78.92
78.93
78.91
78.90
78.88
78.87
78.87
78.88
78.87
78.88
78.86
78.88
78.87
78.87
78.88
78.89
78.89
78.89
78.89
78.88
78.87
78.86
78.88
78.89
78.88
78.88
78.88
78.86
78.86
78.84
78.84
78.84
78.85
78.84
78.85
78.84
78.84
78.85
78.84
78.82
78.82
78.81
78.82
78.82
78.80
78.80
78.79
78.78
78.79
78.80
78.79
78.79
78.78
78.79
78.79
78.79
78.79
78.80
78.80
78.80
78.80
78.81
78.80
78.80
78.81
78.81
78.82
78.82
78.82
78.82
78.82
78.82
78.82
78.81
78.81
78.81
78.80
78.80
78.79
78.79
78.79
78.78
78.78
78.79
78.79
78.79
78.80
78.80
78.79
78.79
78.76
78.76
78.76
78.76
78.75
78.75
78.75
78.76
78.76
78.77
78.76
78.75
78.76
78.76
78.75
78.76
78.76
78.77
78.76
78.76
78.75
78.75
78.76
78.77
78.77
78.77
78.76
78.76
78.77
78.77
78.77
78.77
78.77
78.77
78.77
78.76
78.77
78.76
78.77
78.75
78.75
78.76
78.76
78.74
78.75
78.77
78.77
78.77
78.77
78.76
78.76
78.78
78.77
78.77
78.76
78.77
78.78
78.79
78.79
78.79
78.78
78.78
78.78
78.77
78.76
78.75
78.75
78.74
78.73
78.74
78.74
78.74
78.75
78.73
78.74
78.74
78.74
78.74
78.74
78.74
78.74
78.73
78.73
78.73
78.73
78.72
78.70
78.70
78.70
78.70
78.70
78.61
