79.69
82.03
81.77
79.69
80.62
82.03
80.80
81.45
80.90
80.62
80.26
79.82
79.69
79.91
79.90
79.69
79.50
79.25
78.95
78.75
78.65
78.84
78.67
78.45
78.31
78.19
78.18
78.01
78.07
77.71
77.62
77.69
77.51
77.62
77.59
77.65
77.49
77.38
77.52
77.73
77.82
77.75
77.58
77.77
77.88
77.82
77.89
77.96
78.03
78.06
77.85
77.73
77.65
77.63
77.53
77.51
77.52
77.42
77.46
77.50
77.48
77.44
77.38
77.54
77.55
77.44
77.43
77.48
77.49
77.50
77.53
77.47
77.33
77.20
77.19
77.08
77.07
77.20
77.27
77.23
77.37
77.40
77.54
77.53
77.57
77.63
77.62
77.54
77.49
77.57
77.51
77.58
77.62
77.69
77.78
77.78
77.74
77.76
77.79
77.81
77.71
77.73
77.75
77.75
77.71
77.65
77.60
77.65
77.61
77.54
77.45
77.41
77.43
77.38
77.36
77.40
77.46
77.44
77.40
77.37
77.39
77.36
77.39
77.44
77.39
77.39
77.36
77.38
77.39
77.36
77.40
77.37
77.33
77.22
77.13
77.09
77.12
77.13
77.14
77.10
77.04
76.97
76.86
76.87
76.89
76.85
76.81
76.76
76.77
76.80
76.80
76.81
76.78
76.75
76.73
76.72
76.74
76.80
76.81
76.79
76.75
76.79
76.77
76.80
76.82
76.83
76.86
76.87
76.87
76.89
76.91
76.94
76.96
76.97
76.98
76.94
76.87
76.86
76.88
76.88
76.94
76.94
76.96
76.98
76.96
77.00
77.01
77.03
77.02
77.01
77.01
76.90
76.89
76.91
76.87
76.91
76.90
76.97
76.93
76.95
76.96
76.91
76.92
76.91
76.92
76.92
76.90
76.92
76.93
76.92
76.93
76.93
76.95
76.94
76.91
76.90
76.91
76.89
76.89
76.92
76.93
76.91
76.93
76.95
76.94
76.94
76.94
76.94
76.93
76.94
76.98
76.99
77.00
77.01
77.01
76.96
76.97
77.00
76.99
76.95
76.93
76.91
76.94
76.95
76.96
76.93
76.95
76.95
76.94
76.95
76.95
76.92
76.93
76.95
76.96
76.98
76.99
76.97
76.98
76.97
76.98
76.97
76.95
76.95
76.95
76.94
76.93
76.96
77.00
77.00
77.01
77.02
77.02
77.05
77.05
77.05
77.04
77.06
77.06
77.03
77.00
76.94
76.94
76.94
76.94
76.94
76.96
76.96
76.95
76.95
76.92
76.92
76.94
76.98
76.97
76.99
76.97
76.97
77.00
76.97
76.98
77.00
77.01
77.00
76.99
77.00
77.00
77.01
77.00
77.01
77.03
77.04
77.03
76.98
77.00
76.99
77.00
77.01
77.04
77.05
77.04
77.06
77.07
77.06
77.09
77.08
77.05
77.05
77.08
77.07
77.05
77.05
77.06
77.04
77.03
77.02
77.02
77.02
77.02
77.01
77.03
77.01
77.00
77.00
76.99
76.97
76.95
76.95
76.95
76.94
76.95
76.94
76.93
76.94
76.94
76.97
76.97
76.93
76.91
76.91
76.92
76.91
76.89
76.89
76.88
76.87
76.89
76.89
76.91
76.92
76.92
76.93
76.93
76.91
76.92
76.94
76.95
76.97
76.95
76.95
76.96
76.96
76.95
76.95
76.99
76.98
76.97
76.95
76.95
76.97
76.99
76.99
77.00
77.03
77.03
77.02
77.00
76.99
76.98
76.98
76.97
76.97
76.97
76.97
76.98
76.99
76.98
77.00
76.99
76.99
77.00
77.00
76.99
76.99
77.00
77.01
76.99
77.00
76.99
77.00
77.01
76.99
77.00
76.96
76.95
76.95
76.95
76.95
76.96
76.96
76.95
76.94
76.93
76.93
76.91
76.92
76.90
76.89
76.88
76.86
76.86
76.87
76.87
76.88
76.85
76.86
76.85
76.86
76.87
76.87
76.87
76.86
76.86
76.86
76.86
76.84
76.83
76.82
76.82
76.81
76.80
76.81
76.80
76.80
76.81
76.82
76.83
76.85
76.85
76.85
76.84
76.83
76.83
76.85
76.88
76.87
76.88
76.88
76.88
76.88
76.89
76.90
76.89
76.88
76.88
76.87
76.86
76.87
76.86
76.87
76.86
76.88
76.88
76.87
76.86
76.87
76.88
76.88
76.87
76.87
76.87
76.87
76.87
76.89
76.91
76.91
76.92
76.93
76.94
76.94
76.93
76.93
76.92
76.91
76.92
76.92
76.89
76.90
76.90
76.91
76.92
76.91
76.91
76.90
76.87
76.87
76.86
76.87
76.86
76.87
76.85
76.86
76.87
76.85
76.86
76.85
76.85
76.85
76.85
76.83
76.83
76.85
76.84
76.86
76.86
76.86
76.87
76.88
76.88
76.88
76.89
76.89
76.90
76.91
76.91
76.92
76.93
76.92
76.94
76.94
76.93
76.92
76.93
76.93
76.94
76.94
76.95
76.93
76.92
76.93
76.93
76.93
76.93
76.91
76.92
76.90
76.91
76.90
76.91
76.89
76.90
76.88
76.89
76.89
76.89
76.89
76.88
76.87
76.88
76.87
76.87
76.86
76.87
76.88
76.88
76.88
76.88
76.88
76.88
76.88
76.87
76.88
76.87
76.85
76.86
76.86
76.87
76.86
76.85
76.84
76.83
76.82
76.82
76.82
76.81
76.81
76.79
76.79
76.78
76.79
76.79
76.78
76.78
76.79
76.78
76.77
76.78
76.79
76.80
76.78
76.79
76.79
76.79
76.78
76.78
76.77
76.79
76.79
76.79
76.79
76.79
76.78
76.79
76.77
76.76
76.75
76.75
76.74
76.75
76.76
76.75
76.76
76.75
76.74
76.74
76.72
76.72
76.70
76.70
76.71
76.71
76.70
76.71
76.71
76.70
76.70
76.71
76.71
76.72
76.73
76.72
76.72
76.73
76.73
76.73
76.73
76.73
76.71
76.72
76.72
76.73
76.73
76.72
76.73
76.73
76.74
76.75
76.74
76.73
76.71
76.71
76.70
76.72
76.71
76.71
76.71
76.71
76.72
76.72
76.72
76.72
76.73
76.72
76.72
76.74
76.74
76.73
76.73
76.72
76.74
76.74
76.75
76.76
76.77
76.77
76.77
76.79
76.78
76.78
76.79
76.78
76.79
76.80
76.79
76.79
76.79
76.79
76.81
76.80
76.81
76.81
76.81
76.82
76.82
76.81
76.81
76.80
76.80
76.81
76.79
76.78
76.79
76.80
76.80
76.80
76.82
76.82
76.82
76.82
76.83
76.83
76.83
76.83
76.82
76.82
76.82
76.81
76.81
76.81
76.81
76.82
76.81
76.81
76.79
76.80
76.80
76.81
76.81
76.81
76.81
76.81
76.81
76.81
76.80
76.81
76.80
76.81
76.81
76.80
76.80
76.80
76.73
