75.00
75.78
79.17
79.69
78.44
77.86
78.79
78.12
79.17
79.53
79.97
79.69
79.57
79.35
79.79
79.69
79.23
78.99
78.54
78.52
78.94
78.98
79.28
79.17
79.25
79.39
79.80
79.97
80.01
79.95
80.14
80.27
80.16
80.10
79.91
80.03
80.19
80.26
80.45
80.51
80.56
80.65
80.45
80.43
80.45
80.47
80.59
80.60
80.52
80.62
80.55
80.65
80.57
80.58
80.60
80.64
80.73
80.77
80.85
80.89
80.89
80.90
80.90
80.79
80.72
80.68
80.64
80.68
80.68
80.62
80.50
80.45
80.44
80.43
80.46
80.39
80.42
80.43
80.40
80.49
80.52
80.66
80.67
80.62
80.62
80.67
80.68
80.66
80.74
80.75
80.75
80.76
80.76
80.70
80.69
80.75
80.80
80.82
80.79
80.88
80.96
81.04
81.08
81.13
81.12
81.15
81.07
81.09
81.06
81.11
81.05
81.05
81.11
81.07
81.07
81.05
81.01
81.04
81.08
80.99
81.03
80.96
80.98
81.01
80.96
80.94
80.86
80.82
80.81
80.83
80.80
80.82
80.80
80.75
80.68
80.73
80.67
80.71
80.72
80.77
80.78
80.82
80.80
80.78
80.67
80.62
80.58
80.62
80.64
80.61
80.63
80.59
80.59
80.56
80.53
80.52
80.49
80.54
80.54
80.55
80.56
80.57
80.55
80.46
80.52
80.50
80.50
80.47
80.46
80.40
80.36
80.41
80.42
80.41
80.41
80.39
80.38
80.37
80.35
80.35
80.33
80.33
80.40
80.42
80.43
80.38
80.38
80.42
80.37
80.35
80.37
80.35
80.34
80.35
80.41
80.42
80.43
80.39
80.39
80.37
80.31
80.31
80.30
80.28
80.27
80.27
80.30
80.30
80.35
80.36
80.34
80.37
80.38
80.37
80.39
80.38
80.37
80.38
80.42
80.42
80.40
80.45
80.47
80.47
80.51
80.49
80.47
80.48
80.43
80.43
80.42
80.44
80.44
80.41
80.43
80.46
80.48
80.49
80.46
80.42
80.43
80.41
80.40
80.40
80.37
80.39
80.40
80.41
80.42
80.39
80.36
80.33
80.32
80.35
80.36
80.36
80.36
80.33
80.31
80.32
80.31
80.30
80.28
80.29
80.30
80.30
80.30
80.33
80.33
80.32
80.33
80.35
80.37
80.35
80.32
80.32
80.32
80.33
80.32
80.31
80.31
80.33
80.36
80.38
80.38
80.38
80.39
80.36
80.38
80.39
80.40
80.39
80.39
80.38
80.36
80.36
80.35
80.35
80.36
80.35
80.36
80.39
80.37
80.37
80.34
80.35
80.36
80.36
80.34
80.33
80.33
80.33
80.32
80.32
80.32
80.32
80.32
80.31
80.33
80.34
80.32
80.30
80.32
80.33
80.31
80.34
80.36
80.36
80.37
80.39
80.40
80.39
80.37
80.39
80.42
80.42
80.40
80.37
80.35
80.37
80.39
80.40
80.40
80.42
80.43
80.46
80.45
80.42
80.43
80.42
80.42
80.40
80.41
80.41
80.39
80.40
80.40
80.41
80.42
80.43
80.45
80.47
80.47
80.48
80.50
80.50
80.50
80.51
80.52
80.52
80.54
80.54
80.53
80.52
80.51
80.53
80.52
80.51
80.52
80.52
80.50
80.47
80.48
80.48
80.48
80.48
80.49
80.47
80.48
80.48
80.47
80.49
80.46
80.46
80.44
80.45
80.45
80.43
80.43
80.43
80.43
80.44
80.45
80.44
80.45
80.44
80.42
80.43
80.44
80.45
80.44
80.45
80.44
80.44
80.44
80.47
80.47
80.48
80.46
80.48
80.46
80.45
80.46
80.47
80.49
80.48
80.49
80.49
80.49
80.48
80.47
80.48
80.47
80.47
80.46
80.46
80.46
80.47
80.48
80.48
80.48
80.48
80.49
80.47
80.48
80.50
80.49
80.48
80.49
80.50
80.49
80.49
80.49
80.49
80.50
80.51
80.50
80.51
80.51
80.51
80.52
80.52
80.50
80.52
80.51
80.51
80.50
80.52
80.52
80.52
80.54
80.52
80.55
80.56
80.55
80.54
80.55
80.54
80.56
80.57
80.58
80.57
80.56
80.57
80.56
80.57
80.57
80.56
80.58
80.58
80.58
80.58
80.58
80.59
80.59
80.59
80.59
80.59
80.59
80.57
80.58
80.57
80.57
80.57
80.57
80.55
80.54
80.55
80.56
80.55
80.54
80.52
80.52
80.52
80.53
80.54
80.53
80.52
80.52
80.52
80.53
80.53
80.53
80.53
80.52
80.54
80.52
80.53
80.53
80.53
80.52
80.51
80.53
80.54
80.55
80.54
80.54
80.55
80.55
80.55
80.54
80.54
80.54
80.54
80.54
80.54
80.54
80.54
80.54
80.54
80.53
80.53
80.54
80.54
80.54
80.55
80.55
80.55
80.55
80.55
80.55
80.55
80.55
80.54
80.54
80.55
80.54
80.53
80.53
80.54
80.54
80.55
80.55
80.54
80.54
80.52
80.53
80.54
80.55
80.56
80.55
80.55
80.56
80.56
80.56
80.54
80.53
80.52
80.52
80.53
80.54
80.54
80.54
80.55
80.53
80.53
80.54
80.53
80.52
80.53
80.53
80.53
80.53
80.52
80.51
80.50
80.50
80.51
80.51
80.52
80.52
80.51
80.52
80.50
80.50
80.51
80.51
80.50
80.50
80.50
80.51
80.50
80.50
80.51
80.53
80.52
80.52
80.53
80.52
80.53
80.52
80.52
80.51
80.50
80.50
80.50
80.50
80.50
80.51
80.51
80.52
80.52
80.51
80.51
80.51
80.53
80.54
80.54
80.53
80.53
80.54
80.53
80.53
80.53
80.53
80.52
80.51
80.50
80.47
80.49
80.49
80.48
80.47
80.46
80.44
80.43
80.43
80.44
80.44
80.44
80.44
80.43
80.43
80.42
80.42
80.42
80.41
80.41
80.42
80.42
80.43
80.43
80.44
80.44
80.44
80.44
80.43
80.43
80.42
80.41
80.42
80.42
80.41
80.39
80.38
80.37
80.38
80.38
80.39
80.40
80.41
80.41
80.42
80.42
80.41
80.42
80.41
80.42
80.42
80.42
80.42
80.41
80.41
80.41
80.40
80.40
80.39
80.38
80.38
80.37
80.37
80.36
80.35
80.35
80.35
80.35
80.37
80.38
80.36
80.36
80.36
80.36
80.36
80.37
80.36
80.36
80.36
80.35
80.35
80.35
80.33
80.33
80.33
80.34
80.35
80.35
80.34
80.35
80.35
80.34
80.34
80.34
80.34
80.35
80.35
80.34
80.34
80.34
80.34
80.35
80.34
80.34
80.34
80.34
80.34
80.33
80.33
80.33
80.33
80.32
80.32
80.33
80.33
80.34
80.33
80.33
80.34
80.33
80.34
80.34
80.33
80.25
