85.94
81.25
77.60
76.95
78.12
78.39
79.46
79.49
80.21
80.47
80.68
80.47
80.77
80.36
80.73
80.66
81.07
80.99
81.09
81.33
80.95
80.82
80.98
80.92
81.00
80.95
81.02
81.25
80.87
80.73
80.85
80.91
81.06
80.74
80.71
80.64
80.41
80.55
80.29
80.27
80.45
80.58
80.45
80.54
80.45
80.33
80.22
80.40
80.23
80.34
80.48
80.50
80.28
80.32
80.23
80.30
80.26
80.36
80.32
80.34
80.40
80.37
80.21
80.15
80.10
80.16
80.15
80.03
80.03
80.00
80.08
79.97
79.97
79.90
79.94
80.02
80.03
79.91
79.91
79.92
79.88
79.94
79.91
79.99
79.93
79.89
79.76
79.83
79.90
79.91
80.01
79.96
79.96
79.85
79.87
79.83
79.88
79.88
79.77
79.83
79.70
79.72
79.73
79.78
79.72
79.70
79.73
79.75
79.83
79.80
79.74
79.72
79.74
79.74
79.82
79.89
79.86
79.85
79.86
79.84
79.79
79.75
79.74
79.78
79.79
79.72
79.76
79.82
79.84
79.90
79.93
79.94
79.92
79.86
79.92
79.96
79.95
79.87
79.88
79.89
79.82
79.85
79.83
79.85
79.85
79.85
79.88
79.79
79.76
79.80
79.82
79.88
79.88
79.89
79.90
79.90
79.89
79.93
79.89
79.92
79.88
79.87
79.88
79.89
79.90
79.89
79.90
79.86
79.80
79.76
79.82
79.81
79.82
79.82
79.82
79.78
79.76
79.68
79.70
79.67
79.67
79.69
79.65
79.66
79.65
79.69
79.72
79.71
79.73
79.75
79.78
79.81
79.79
79.79
79.82
79.85
79.85
79.88
79.89
79.91
79.91
79.94
79.95
79.94
79.98
79.97
80.00
79.96
79.95
79.98
80.00
79.99
80.02
80.06
80.06
80.07
80.05
80.06
80.05
80.06
80.07
80.08
80.08
80.09
80.08
80.07
80.09
80.07
80.03
80.04
80.05
80.04
80.06
80.05
80.08
80.08
80.12
80.13
80.16
80.16
80.15
80.13
80.11
80.10
80.08
80.08
80.09
80.08
80.04
80.03
80.02
80.03
80.04
80.06
80.04
80.06
80.06
80.09
80.09
80.11
80.14
80.14
80.17
80.16
80.18
80.19
80.17
80.19
80.23
80.19
80.21
80.24
80.24
80.22
80.20
80.21
80.19
80.19
80.19
80.20
80.22
80.23
80.23
80.23
80.22
80.22
80.22
80.20
80.23
80.23
80.18
80.17
80.19
80.18
80.17
80.18
80.21
80.21
80.22
80.22
80.21
80.22
80.24
80.23
80.21
80.22
80.22
80.20
80.19
80.18
80.20
80.18
80.18
80.19
80.19
80.20
80.21
80.21
80.19
80.21
80.22
80.23
80.23
80.21
80.23
80.22
80.21
80.17
80.18
80.19
80.19
80.20
80.18
80.18
80.19
80.19
80.18
80.21
80.21
80.20
80.21
80.22
80.20
80.22
80.22
80.21
80.21
80.22
80.22
80.21
80.19
80.19
80.21
80.24
80.25
80.26
80.27
80.25
80.26
80.26
80.25
80.25
80.23
80.21
80.17
80.17
80.19
80.18
80.19
80.18
80.17
80.18
80.17
80.18
80.15
80.18
80.17
80.14
80.15
80.14
80.14
80.14
80.13
80.13
80.13
80.15
80.17
80.19
80.18
80.19
80.21
80.21
80.21
80.20
80.19
80.18
80.20
80.19
80.19
80.18
80.17
80.16
80.18
80.17
80.16
80.16
80.17
80.17
80.18
80.17
80.17
80.17
80.16
80.17
80.17
80.19
80.19
80.18
80.18
80.20
80.22
80.22
80.23
80.25
80.25
80.24
80.21
80.22
80.22
80.23
80.24
80.25
80.23
80.23
80.25
80.28
80.28
80.25
80.26
80.25
80.25
80.27
80.26
80.27
80.27
80.28
80.29
80.29
80.28
80.29
80.27
80.25
80.24
80.26
80.23
80.23
80.24
80.23
80.24
80.24
80.24
80.24
80.25
80.26
80.27
80.27
80.26
80.27
80.28
80.27
80.25
80.25
80.24
80.24
80.25
80.24
80.23
80.23
80.20
80.22
80.22
80.20
80.20
80.20
80.21
80.21
80.22
80.23
80.21
80.22
80.22
80.23
80.21
80.22
80.23
80.24
80.24
80.25
80.25
80.24
80.24
80.24
80.25
80.25
80.25
80.26
80.27
80.28
80.27
80.27
80.27
80.27
80.26
80.24
80.23
80.24
80.24
80.25
80.26
80.26
80.25
80.26
80.27
80.28
80.26
80.26
80.27
80.28
80.28
80.28
80.28
80.28
80.27
80.28
80.28
80.28
80.28
80.29
80.29
80.28
80.29
80.30
80.29
80.28
80.28
80.26
80.26
80.25
80.25
80.25
80.25
80.25
80.25
80.25
80.26
80.26
80.26
80.25
80.24
80.24
80.24
80.24
80.23
80.24
80.23
80.21
80.21
80.19
80.20
80.20
80.20
80.20
80.20
80.19
80.20
80.19
80.20
80.19
80.18
80.15
80.16
80.14
80.16
80.17
80.18
80.16
80.16
80.16
80.16
80.17
80.18
80.17
80.18
80.17
80.18
80.19
80.18
80.18
80.17
80.17
80.17
80.17
80.16
80.18
80.17
80.17
80.16
80.17
80.17
80.18
80.19
80.20
80.18
80.18
80.18
80.18
80.18
80.19
80.17
80.17
80.16
80.16
80.16
80.14
80.14
80.14
80.13
80.13
80.12
80.12
80.12
80.13
80.12
80.12
80.13
80.14
80.14
80.15
80.15
80.15
80.16
80.15
80.14
80.13
80.13
80.13
80.12
80.11
80.11
80.12
80.11
80.11
80.12
80.12
80.12
80.11
80.11
80.11
80.12
80.13
80.12
80.11
80.09
80.09
80.10
80.10
80.09
80.09
80.08
80.08
80.09
80.09
80.10
80.09
80.09
80.10
80.09
80.09
80.09
80.09
80.09
80.09
80.09
80.08
80.08
80.07
80.08
80.08
80.08
80.08
80.07
80.08
80.08
80.08
80.08
80.08
80.08
80.10
80.10
80.10
80.10
80.11
80.11
80.10
80.10
80.11
80.11
80.12
80.11
80.09
80.10
80.10
80.10
80.09
80.10
80.10
80.10
80.10
80.10
80.11
80.12
80.12
80.12
80.11
80.11
80.10
80.10
80.08
80.08
80.08
80.09
80.09
80.10
80.10
80.11
80.11
80.12
80.11
80.11
80.12
80.11
80.11
80.12
80.13
80.14
80.14
80.14
80.14
80.14
80.13
80.13
80.13
80.14
80.13
80.14
80.13
80.12
80.13
80.13
80.13
80.13
80.12
80.12
80.12
80.11
80.11
80.11
80.11
80.11
80.12
80.12
80.12
80.13
80.13
80.13
80.12
80.12
80.12
80.13
80.12
80.13
80.06
