75.00
69.53
68.23
69.53
67.81
66.67
66.96
66.41
65.80
65.31
66.05
66.02
65.75
65.74
65.73
65.23
65.17
64.76
65.05
64.61
64.81
64.56
64.33
64.45
64.44
64.06
63.95
64.12
63.95
63.80
64.11
64.21
64.82
64.98
65.00
65.15
65.20
64.97
65.06
64.65
64.37
64.51
64.57
64.42
64.20
64.47
64.59
64.78
64.76
64.84
65.01
64.81
64.89
64.81
65.00
65.15
65.41
65.46
65.41
65.44
65.47
65.45
65.55
65.62
65.62
65.67
65.72
65.79
65.78
65.94
65.87
65.93
65.95
65.96
66.00
66.04
66.01
66.07
66.00
66.07
66.20
66.08
66.17
66.24
66.29
66.33
66.29
66.21
66.26
66.32
66.33
66.24
66.06
66.07
66.28
66.32
66.37
66.36
66.35
66.25
66.32
66.34
66.41
66.38
66.38
66.29
66.38
66.32
66.40
66.39
66.48
66.48
66.40
66.37
66.44
66.41
66.40
66.26
66.29
66.16
66.10
66.14
66.15
66.17
66.19
66.16
66.08
66.02
66.00
66.03
65.91
65.91
66.00
65.95
66.00
66.00
66.01
65.98
66.02
65.99
65.99
65.91
65.91
65.87
65.89
65.91
65.86
65.86
65.88
65.83
65.84
65.79
65.88
65.92
65.90
65.92
65.94
65.90
65.92
65.88
65.88
65.91
65.95
65.91
65.82
65.79
65.83
65.85
65.82
65.84
65.84
65.85
65.86
65.86
65.91
65.89
65.87
65.91
65.93
65.95
65.99
66.00
65.97
65.98
65.97
65.95
65.91
65.95
65.93
65.99
65.96
65.95
65.89
65.96
65.94
65.93
65.94
65.97
65.95
65.93
65.97
65.97
66.02
66.05
66.07
66.02
65.99
65.98
65.98
66.04
66.05
66.05
66.05
66.03
66.08
66.12
66.13
66.18
66.20
66.19
66.16
66.17
66.19
66.20
66.20
66.19
66.18
66.15
66.15
66.22
66.21
66.24
66.22
66.21
66.19
66.23
66.23
66.18
66.16
66.24
66.23
66.28
66.29
66.27
66.26
66.25
66.19
66.20
66.21
66.23
66.25
66.25
66.30
66.30
66.32
66.34
66.28
66.29
66.29
66.29
66.27
66.28
66.25
66.27
66.24
66.25
66.26
66.31
66.35
66.35
66.39
66.41
66.44
66.45
66.45
66.46
66.45
66.47
66.47
66.47
66.48
66.47
66.47
66.46
66.47
66.46
66.44
66.47
66.50
66.48
66.51
66.54
66.54
66.56
66.51
66.50
66.49
66.51
66.49
66.50
66.51
66.50
66.50
66.46
66.47
66.49
66.51
66.46
66.46
66.49
66.49
66.46
66.45
66.44
66.42
66.40
66.39
66.41
66.44
66.46
66.44
66.43
66.42
66.38
66.35
66.38
66.37
66.33
66.33
66.30
66.27
66.29
66.28
66.25
66.27
66.28
66.29
66.30
66.29
66.31
66.30
66.30
66.30
66.30
66.31
66.31
66.31
66.32
66.33
66.34
66.34
66.36
66.33
66.36
66.39
66.40
66.40
66.41
66.42
66.38
66.40
66.38
66.41
66.40
66.42
66.42
66.43
66.43
66.42
66.41
66.42
66.44
66.44
66.43
66.45
66.45
66.45
66.46
66.48
66.46
66.46
66.43
66.41
66.41
66.42
66.41
66.40
66.42
66.40
66.43
66.39
66.41
66.38
66.40
66.42
66.41
66.42
66.45
66.44
66.42
66.45
66.47
66.48
66.46
66.47
66.48
66.44
66.45
66.47
66.46
66.45
66.45
66.45
66.45
66.44
66.46
66.49
66.49
66.50
66.50
66.51
66.50
66.48
66.49
66.49
66.49
66.48
66.47
66.47
66.46
66.49
66.50
66.50
66.50
66.48
66.49
66.49
66.49
66.49
66.50
66.51
66.52
66.51
66.49
66.51
66.51
66.51
66.48
66.47
66.47
66.48
66.48
66.47
66.45
66.43
66.44
66.45
66.44
66.45
66.47
66.48
66.50
66.48
66.49
66.48
66.47
66.46
66.49
66.47
66.48
66.49
66.47
66.47
66.49
66.49
66.50
66.51
66.52
66.52
66.52
66.53
66.52
66.52
66.53
66.52
66.52
66.52
66.53
66.53
66.55
66.55
66.57
66.58
66.57
66.56
66.54
66.53
66.53
66.51
66.53
66.52
66.51
66.48
66.47
66.47
66.47
66.50
66.50
66.49
66.50
66.49
66.48
66.48
66.49
66.50
66.50
66.51
66.51
66.51
66.54
66.54
66.56
66.56
66.55
66.55
66.54
66.56
66.56
66.57
66.59
66.60
66.60
66.62
66.64
66.65
66.66
66.68
66.67
66.66
66.66
66.64
66.65
66.64
66.64
66.62
66.62
66.63
66.65
66.63
66.60
66.60
66.60
66.61
66.61
66.60
66.60
66.60
66.61
66.62
66.63
66.64
66.63
66.64
66.65
66.64
66.61
66.62
66.63
66.64
66.64
66.65
66.64
66.63
66.66
66.66
66.65
66.64
66.66
66.65
66.64
66.66
66.65
66.66
66.65
66.65
66.65
66.66
66.69
66.69
66.69
66.69
66.69
66.69
66.70
66.70
66.69
66.67
66.69
66.71
66.70
66.71
66.71
66.73
66.72
66.70
66.70
66.70
66.70
66.71
66.70
66.70
66.72
66.72
66.73
66.74
66.75
66.76
66.77
66.77
66.76
66.77
66.78
66.78
66.77
66.78
66.80
66.81
66.79
66.80
66.79
66.77
66.77
66.76
66.78
66.78
66.77
66.77
66.77
66.79
66.78
66.79
66.80
66.79
66.80
66.81
66.80
66.80
66.80
66.80
66.80
66.78
66.76
66.78
66.79
66.79
66.79
66.80
66.79
66.80
66.80
66.79
66.78
66.79
66.79
66.80
66.79
66.80
66.80
66.80
66.81
66.81
66.81
66.81
66.80
66.79
66.78
66.77
66.78
66.79
66.79
66.79
66.81
66.82
66.82
66.81
66.81
66.80
66.82
66.82
66.82
66.81
66.81
66.81
66.79
66.80
66.81
66.80
66.79
66.78
66.77
66.75
66.75
66.73
66.73
66.74
66.75
66.73
66.72
66.72
66.73
66.73
66.74
66.73
66.74
66.74
66.73
66.73
66.71
66.72
66.73
66.74
66.74
66.74
66.74
66.74
66.75
66.75
66.75
66.77
66.77
66.77
66.77
66.76
66.76
66.75
66.75
66.75
66.76
66.75
66.75
66.76
66.76
66.76
66.77
66.77
66.76
66.78
66.78
66.77
66.77
66.78
66.79
66.79
66.79
66.79
66.79
66.79
66.77
66.76
66.77
66.76
66.77
66.77
66.78
66.79
66.78
66.78
66.77
66.78
66.77
66.77
66.77
66.78
66.78
66.77
66.76
66.76
66.76
66.75
66.75
66.75
66.69
