4.69
5.47
6.25
7.42
6.25
5.99
5.36
5.47
5.56
5.31
5.11
5.08
5.53
5.69
5.62
5.76
6.07
5.90
5.92
6.02
5.80
5.68
5.77
5.60
5.38
5.41
5.32
5.41
5.77
5.83
5.80
5.81
6.01
5.93
5.85
5.95
5.95
6.09
5.97
5.98
6.02
6.14
6.10
6.07
6.04
5.98
5.92
5.92
5.84
5.78
5.70
5.77
5.72
5.73
5.74
5.72
5.73
5.74
5.67
5.68
5.76
5.75
5.75
5.76
5.72
5.66
5.60
5.63
5.66
5.65
5.63
5.66
5.74
5.74
5.73
5.72
5.76
5.77
5.74
5.74
5.73
5.70
5.69
5.65
5.66
5.60
5.68
5.68
5.65
5.68
5.70
5.67
5.68
5.70
5.66
5.70
5.70
5.66
5.67
5.67
5.68
5.68
5.67
5.68
5.68
5.70
5.74
5.77
5.79
5.82
5.84
5.83
5.89
5.88
5.92
5.87
5.86
5.84
5.86
5.83
5.88
5.88
5.88
5.90
5.93
5.90
5.91
5.88
5.91
5.87
5.89
5.88
5.89
5.90
5.91
5.92
5.91
5.91
5.92
5.94
5.94
5.96
5.98
5.97
5.93
5.93
5.92
5.90
5.91
5.93
5.91
5.88
5.88
5.89
5.89
5.88
5.86
5.88
5.93
5.91
5.93
5.93
5.93
5.91
5.89
5.90
5.89
5.90
5.91
5.89
5.88
5.92
5.90
5.88
5.87
5.86
5.85
5.84
5.82
5.82
5.80
5.80
5.81
5.83
5.82
5.80
5.81
5.80
5.82
5.81
5.82
5.83
5.85
5.88
5.87
5.87
5.88
5.85
5.86
5.84
5.88
5.87
5.87
5.87
5.88
5.92
5.92
5.94
5.91
5.90
5.92
5.93
5.93
5.92
5.93
5.92
5.90
5.90
5.89
5.89
5.89
5.90
5.90
5.89
5.90
5.88
5.89
5.87
5.87
5.88
5.87
5.90
5.88
5.86
5.86
5.87
5.86
5.86
5.87
5.89
5.90
5.90
5.90
5.90
5.91
5.92
5.90
5.90
5.88
5.88
5.88
5.88
5.89
5.89
5.88
5.88
5.88
5.90
5.89
5.88
5.87
5.87
5.88
5.87
5.85
5.86
5.85
5.84
5.84
5.82
5.83
5.84
5.85
5.85
5.86
5.85
5.86
5.86
5.85
5.85
5.86
5.84
5.85
5.84
5.87
5.89
5.89
5.90
5.90
5.91
5.91
5.90
5.91
5.90
5.90
5.89
5.90
5.88
5.88
5.89
5.87
5.89
5.88
5.89
5.87
5.87
5.87
5.87
5.88
5.88
5.89
5.88
5.87
5.87
5.87
5.87
5.86
5.87
5.87
5.88
5.89
5.89
5.91
5.91
5.91
5.94
5.95
5.95
5.94
5.94
5.94
5.94
5.92
5.93
5.92
5.92
5.91
5.92
5.92
5.91
5.91
5.90
5.91
5.90
5.90
5.90
5.90
5.90
5.89
5.89
5.89
5.89
5.89
5.89
5.89
5.89
5.90
5.90
5.90
5.89
5.89
5.89
5.89
5.89
5.90
5.90
5.91
5.90
5.91
5.91
5.91
5.91
5.91
5.91
5.90
5.90
5.91
5.91
5.90
5.90
5.89
5.90
5.91
5.91
5.91
5.92
5.92
5.91
5.90
5.89
5.90
5.90
5.90
5.90
5.89
5.88
5.88
5.88
5.87
5.89
5.88
5.88
5.87
5.88
5.88
5.88
5.88
5.89
5.90
5.91
5.90
5.89
5.88
5.88
5.88
5.87
5.86
5.86
5.85
5.86
5.86
5.85
5.86
5.86
5.87
5.86
5.87
5.88
5.88
5.88
5.90
5.89
5.89
5.88
5.88
5.89
5.90
5.91
5.90
5.89
5.91
5.90
5.90
5.89
5.89
5.89
5.91
5.92
5.94
5.93
5.93
5.93
5.92
5.92
5.91
5.91
5.90
5.90
5.90
5.89
5.90
5.89
5.89
5.89
5.91
5.90
5.92
5.92
5.92
5.91
5.91
5.91
5.91
5.91
5.93
5.93
5.94
5.95
5.95
5.94
5.94
5.94
5.94
5.94
5.95
5.95
5.95
5.97
5.97
5.97
5.98
5.96
5.97
5.97
5.98
5.98
5.97
5.97
5.98
5.98
5.98
5.98
5.98
5.98
5.99
5.99
5.99
5.99
6.00
6.00
5.99
5.99
5.99
6.00
6.00
6.01
6.01
6.00
6.01
6.01
6.01
6.00
6.01
6.02
6.02
6.02
6.02
6.02
6.02
6.01
6.02
6.02
6.02
6.03
6.03
6.03
6.03
6.03
6.02
6.03
6.03
6.03
6.03
6.03
6.03
6.03
6.02
6.02
6.02
6.01
6.01
6.02
6.02
6.02
6.02
6.02
6.03
6.03
6.03
6.04
6.04
6.05
6.04
6.05
6.06
6.07
6.06
6.07
6.06
6.08
6.07
6.07
6.06
6.06
6.06
6.06
6.07
6.07
6.07
6.07
6.08
6.08
6.08
6.08
6.08
6.07
6.07
6.08
6.07
6.08
6.08
6.08
6.08
6.08
6.07
6.07
6.08
6.08
6.08
6.08
6.07
6.07
6.08
6.08
6.08
6.09
6.08
6.09
6.08
6.08
6.08
6.08
6.08
6.08
6.07
6.08
6.08
6.09
6.08
6.08
6.07
6.06
6.07
6.06
6.07
6.09
6.08
6.09
6.10
6.09
6.09
6.09
6.09
6.08
6.08
6.08
6.09
6.08
6.08
6.08
6.07
6.07
6.07
6.07
6.07
6.06
6.07
6.06
6.06
6.06
6.07
6.06
6.06
6.06
6.06
6.06
6.05
6.06
6.06
6.05
6.05
6.06
6.05
6.06
6.05
6.06
6.06
6.06
6.05
6.05
6.05
6.05
6.05
6.06
6.05
6.05
6.06
6.06
6.06
6.06
6.05
6.06
6.06
6.06
6.05
6.05
6.05
6.05
6.06
6.06
6.07
6.07
6.08
6.08
6.07
6.08
6.07
6.08
6.07
6.07
6.07
6.07
6.06
6.06
6.06
6.06
6.06
6.06
6.06
6.05
6.05
6.05
6.06
6.05
6.06
6.06
6.06
6.06
6.06
6.07
6.06
6.07
6.07
6.07
6.07
6.07
6.07
6.07
6.07
6.08
6.07
6.07
6.07
6.07
6.08
6.08
6.07
6.07
6.07
6.08
6.08
6.08
6.08
6.08
6.08
6.08
6.07
6.08
6.07
6.08
6.08
6.08
6.08
6.07
6.08
6.07
6.07
6.07
6.07
6.06
6.07
6.06
6.06
6.06
6.06
6.06
6.06
6.05
6.05
6.06
6.05
6.06
6.05
6.06
6.06
6.06
6.06
6.07
6.07
6.06
6.06
6.05
