82.81
82.03
80.73
81.64
81.25
80.99
80.13
80.66
80.56
80.94
80.68
80.99
81.61
81.25
81.25
81.35
81.16
81.08
80.76
81.02
80.65
80.82
81.11
80.92
80.88
80.65
80.21
80.25
80.39
80.36
80.39
80.52
80.30
80.10
80.13
80.08
80.19
80.22
80.25
80.39
80.34
80.28
80.41
80.54
80.66
80.60
80.55
80.60
80.45
80.56
80.61
80.62
80.54
80.56
80.57
80.58
80.54
80.44
80.48
80.55
80.58
80.62
80.63
80.62
80.65
80.75
80.74
80.70
80.59
80.49
80.37
80.32
80.35
80.32
80.29
80.24
80.26
80.27
80.14
79.98
79.96
79.99
80.05
80.02
80.00
80.01
79.99
79.95
79.83
79.81
79.81
79.84
79.81
79.79
79.85
79.87
79.90
79.86
79.91
79.97
79.87
79.95
80.07
80.06
79.97
80.00
80.02
80.09
80.07
80.11
80.11
80.16
80.16
80.07
80.00
79.98
79.95
79.99
80.08
80.08
80.10
80.06
80.02
80.00
80.01
79.94
79.88
79.91
79.93
79.95
80.00
80.02
79.99
79.98
79.95
79.99
79.94
79.90
79.87
79.89
79.90
79.96
80.00
79.98
80.00
79.97
79.95
79.96
80.03
80.06
80.07
80.09
80.12
80.09
80.15
80.13
80.19
80.18
80.16
80.16
80.15
80.15
80.13
80.12
80.10
80.10
80.11
80.10
80.16
80.22
80.20
80.20
80.18
80.20
80.20
80.21
80.27
80.24
80.22
80.25
80.27
80.31
80.31
80.32
80.30
80.25
80.23
80.19
80.21
80.21
80.22
80.22
80.20
80.21
80.27
80.29
80.23
80.21
80.24
80.29
80.28
80.29
80.24
80.27
80.27
80.24
80.22
80.24
80.23
80.25
80.28
80.28
80.27
80.29
80.28
80.28
80.29
80.32
80.29
80.29
80.30
80.31
80.28
80.30
80.27
80.28
80.28
80.29
80.30
80.29
80.26
80.26
80.28
80.30
80.32
80.30
80.35
80.33
80.32
80.35
80.37
80.36
80.39
80.40
80.39
80.41
80.40
80.43
80.45
80.41
80.41
80.41
80.45
80.47
80.45
80.45
80.45
80.45
80.46
80.44
80.42
80.44
80.45
80.44
80.43
80.39
80.38
80.36
80.36
80.33
80.34
80.34
80.35
80.34
80.34
80.33
80.32
80.31
80.30
80.30
80.31
80.32
80.31
80.32
80.33
80.32
80.32
80.33
80.36
80.35
80.35
80.35
80.35
80.34
80.34
80.31
80.31
80.31
80.29
80.31
80.32
80.32
80.33
80.33
80.33
80.32
80.30
80.32
80.34
80.32
80.32
80.31
80.33
80.33
80.34
80.36
80.35
80.36
80.38
80.36
80.38
80.39
80.39
80.40
80.41
80.43
80.42
80.44
80.44
80.43
80.44
80.43
80.44
80.47
80.49
80.52
80.53
80.50
80.51
80.50
80.52
80.53
80.55
80.55
80.57
80.56
80.54
80.53
80.53
80.53
80.52
80.54
80.54
80.56
80.57
80.58
80.58
80.56
80.58
80.56
80.58
80.58
80.58
80.57
80.57
80.57
80.56
80.59
80.60
80.63
80.63
80.64
80.64
80.64
80.65
80.64
80.64
80.65
80.65
80.62
80.63
80.63
80.62
80.63
80.63
80.61
80.64
80.64
80.64
80.66
80.62
80.60
80.61
80.64
80.64
80.64
80.62
80.63
80.64
80.67
80.68
80.68
80.66
80.66
80.66
80.66
80.65
80.66
80.65
80.64
80.64
80.64
80.64
80.65
80.66
80.65
80.67
80.66
80.63
80.62
80.61
80.62
80.59
80.59
80.60
80.60
80.60
80.62
80.60
80.61
80.61
80.61
80.62
80.60
80.60
80.62
80.64
80.64
80.64
80.64
80.64
80.62
80.62
80.60
80.60
80.60
80.59
80.60
80.58
80.57
80.57
80.57
80.56
80.57
80.55
80.53
80.53
80.54
80.53
80.52
80.52
80.51
80.50
80.50
80.49
80.50
80.49
80.49
80.46
80.47
80.45
80.45
80.45
80.45
80.44
80.45
80.44
80.44
80.44
80.45
80.45
80.47
80.46
80.46
80.44
80.45
80.45
80.46
80.46
80.45
80.46
80.46
80.48
80.48
80.47
80.48
80.48
80.49
80.49
80.49
80.51
80.51
80.51
80.51
80.52
80.53
80.52
80.53
80.55
80.56
80.57
80.57
80.57
80.56
80.53
80.54
80.56
80.57
80.58
80.58
80.58
80.58
80.59
80.58
80.58
80.55
80.55
80.55
80.54
80.54
80.55
80.55
80.56
80.55
80.54
80.52
80.53
80.53
80.53
80.54
80.55
80.54
80.54
80.53
80.52
80.53
80.54
80.53
80.52
80.51
80.52
80.51
80.50
80.51
80.50
80.49
80.48
80.47
80.46
80.47
80.48
80.47
80.46
80.45
80.46
80.46
80.47
80.45
80.45
80.45
80.44
80.43
80.41
80.40
80.40
80.40
80.40
80.41
80.40
80.39
80.39
80.39
80.39
80.38
80.37
80.37
80.37
80.38
80.39
80.39
80.39
80.39
80.39
80.38
80.38
80.39
80.38
80.39
80.39
80.38
80.39
80.40
80.38
80.37
80.38
80.38
80.40
80.39
80.39
80.39
80.38
80.39
80.40
80.38
80.38
80.39
80.40
80.41
80.41
80.41
80.41
80.41
80.42
80.43
80.42
80.43
80.41
80.41
80.42
80.42
80.42
80.43
80.43
80.43
80.43
80.43
80.42
80.43
80.44
80.44
80.45
80.44
80.44
80.43
80.42
80.41
80.41
80.40
80.40
80.41
80.41
80.41
80.41
80.43
80.42
80.40
80.41
80.40
80.40
80.40
80.39
80.40
80.39
80.40
80.39
80.38
80.38
80.38
80.38
80.38
80.38
80.37
80.37
80.37
80.36
80.35
80.35
80.35
80.36
80.37
80.36
80.36
80.36
80.37
80.37
80.38
80.36
80.36
80.36
80.36
80.36
80.37
80.37
80.36
80.36
80.37
80.38
80.37
80.37
80.37
80.37
80.35
80.36
80.36
80.36
80.36
80.35
80.34
80.35
80.34
80.34
80.34
80.34
80.34
80.34
80.34
80.35
80.36
80.37
80.36
80.36
80.37
80.36
80.35
80.37
80.38
80.39
80.38
80.38
80.37
80.38
80.38
80.38
80.38
80.38
80.39
80.40
80.41
80.40
80.40
80.41
80.40
80.39
80.38
80.38
80.37
80.38
80.37
80.38
80.37
80.39
80.38
80.36
80.36
80.35
80.34
80.35
80.35
80.36
80.36
80.36
80.36
80.35
80.36
80.36
80.36
80.36
80.35
80.35
80.35
80.35
80.34
80.34
80.34
80.34
80.33
80.33
80.33
80.33
80.33
80.33
80.25
