79.69
78.91
79.69
80.47
80.94
79.17
79.46
79.88
80.03
80.16
79.97
79.69
79.57
79.58
79.69
79.20
79.23
79.51
79.69
79.84
80.13
79.83
79.76
79.88
79.88
79.99
79.80
79.97
80.23
80.00
79.84
79.74
79.78
79.78
79.78
79.64
79.65
79.40
79.53
79.34
79.38
79.32
79.29
79.51
79.72
79.76
79.79
79.65
79.72
79.66
79.69
79.63
79.60
79.54
79.63
79.69
79.77
79.80
79.93
80.00
80.05
79.96
80.03
80.03
80.10
80.21
80.25
80.17
80.14
80.13
80.15
80.16
80.24
80.32
80.29
80.35
80.34
80.37
80.32
80.35
80.42
80.43
80.38
80.41
80.39
80.43
80.50
80.52
80.46
80.47
80.53
80.52
80.51
80.47
80.53
80.57
80.61
80.52
80.48
80.36
80.28
80.39
80.39
80.47
80.51
80.60
80.62
80.63
80.60
80.61
80.66
80.68
80.70
80.73
80.71
80.71
80.66
80.68
80.69
80.70
80.66
80.69
80.70
80.73
80.70
80.65
80.67
80.69
80.73
80.69
80.68
80.66
80.62
80.66
80.66
80.69
80.67
80.65
80.61
80.56
80.52
80.52
80.55
80.58
80.58
80.52
80.51
80.53
80.56
80.55
80.58
80.51
80.51
80.51
80.52
80.56
80.49
80.55
80.47
80.49
80.52
80.53
80.58
80.60
80.61
80.58
80.60
80.60
80.61
80.60
80.58
80.59
80.60
80.61
80.55
80.54
80.52
80.49
80.52
80.50
80.48
80.37
80.38
80.35
80.34
80.34
80.30
80.30
80.32
80.36
80.36
80.37
80.34
80.32
80.33
80.29
80.26
80.30
80.35
80.31
80.31
80.31
80.33
80.33
80.28
80.27
80.31
80.28
80.28
80.25
80.27
80.25
80.26
80.25
80.28
80.35
80.34
80.30
80.30
80.31
80.27
80.27
80.24
80.22
80.24
80.23
80.23
80.20
80.23
80.22
80.20
80.20
80.21
80.22
80.19
80.19
80.20
80.19
80.18
80.21
80.25
80.21
80.20
80.16
80.15
80.14
80.18
80.17
80.18
80.16
80.11
80.12
80.10
80.12
80.10
80.13
80.13
80.14
80.17
80.17
80.13
80.12
80.13
80.14
80.15
80.13
80.13
80.13
80.12
80.16
80.16
80.15
80.17
80.18
80.17
80.19
80.16
80.18
80.19
80.16
80.17
80.15
80.11
80.11
80.14
80.17
80.20
80.19
80.21
80.24
80.24
80.21
80.19
80.20
80.19
80.19
80.20
80.18
80.18
80.19
80.19
80.18
80.18
80.20
80.20
80.17
80.19
80.19
80.20
80.23
80.22
80.21
80.22
80.21
80.19
80.20
80.20
80.22
80.23
80.24
80.26
80.26
80.28
80.28
80.25
80.25
80.27
80.26
80.26
80.25
80.26
80.27
80.26
80.24
80.25
80.25
80.21
80.23
80.24
80.22
80.21
80.23
80.22
80.25
80.24
80.22
80.20
80.20
80.19
80.20
80.18
80.18
80.18
80.19
80.20
80.21
80.18
80.19
80.19
80.21
80.21
80.22
80.22
80.24
80.21
80.19
80.21
80.18
80.17
80.17
80.18
80.17
80.15
80.16
80.15
80.15
80.14
80.13
80.12
80.10
80.09
80.07
80.08
80.07
80.06
80.05
80.08
80.09
80.09
80.11
80.15
80.13
80.12
80.13
80.12
80.11
80.10
80.11
80.13
80.13
80.14
80.14
80.13
80.14
80.13
80.12
80.13
80.13
80.11
80.09
80.08
80.08
80.08
80.10
80.11
80.11
80.13
80.12
80.12
80.12
80.11
80.12
80.12
80.13
80.14
80.15
80.16
80.17
80.19
80.19
80.17
80.16
80.16
80.17
80.17
80.16
80.18
80.15
80.15
80.16
80.16
80.16
80.16
80.16
80.15
80.16
80.16
80.15
80.17
80.17
80.14
80.16
80.16
80.16
80.15
80.16
80.15
80.16
80.17
80.18
80.17
80.16
80.14
80.14
80.12
80.11
80.12
80.11
80.11
80.12
80.13
80.13
80.14
80.15
80.15
80.14
80.16
80.16
80.15
80.16
80.15
80.16
80.17
80.17
80.17
80.19
80.20
80.20
80.20
80.20
80.20
80.20
80.17
80.17
80.18
80.17
80.17
80.17
80.16
80.15
80.14
80.13
80.14
80.14
80.15
80.17
80.18
80.16
80.15
80.15
80.15
80.14
80.15
80.14
80.16
80.18
80.17
80.17
80.17
80.16
80.13
80.12
80.12
80.12
80.13
80.13
80.13
80.14
80.13
80.14
80.13
80.14
80.14
80.13
80.13
80.14
80.14
80.17
80.16
80.18
80.18
80.17
80.18
80.18
80.20
80.19
80.18
80.18
80.16
80.16
80.15
80.15
80.14
80.13
80.13
80.13
80.14
80.15
80.15
80.14
80.13
80.13
80.14
80.15
80.15
80.13
80.13
80.12
80.13
80.14
80.12
80.12
80.11
80.10
80.11
80.10
80.09
80.09
80.10
80.10
80.10
80.10
80.10
80.10
80.11
80.10
80.11
80.12
80.13
80.13
80.14
80.13
80.13
80.14
80.14
80.14
80.14
80.14
80.15
80.14
80.13
80.12
80.13
80.12
80.11
80.11
80.10
80.10
80.10
80.10
80.09
80.08
80.08
80.08
80.08
80.08
80.08
80.08
80.09
80.08
80.07
80.07
80.07
80.07
80.07
80.06
80.05
80.03
80.03
80.02
80.02
80.02
80.02
80.01
80.00
80.00
79.98
79.98
79.97
79.97
79.98
79.99
79.98
79.98
79.98
79.98
79.97
79.96
79.96
79.97
79.96
79.96
79.96
79.96
79.96
79.96
79.95
79.95
79.97
79.98
79.99
80.00
80.00
79.99
79.99
79.98
79.99
79.98
79.99
79.98
79.98
79.99
79.98
79.98
79.97
79.99
79.99
80.01
80.01
80.02
80.03
80.04
80.02
80.01
80.02
80.03
80.03
80.03
80.04
80.04
80.05
80.04
80.05
80.04
80.03
80.04
80.05
80.05
80.04
80.04
80.04
80.03
80.03
80.03
80.03
80.02
80.03
80.03
80.02
80.02
80.03
80.04
80.04
80.03
80.03
80.03
80.03
80.03
80.04
80.03
80.03
80.03
80.04
80.04
80.04
80.04
80.03
80.04
80.03
80.02
80.02
80.03
80.02
80.02
80.02
80.04
80.05
80.05
80.05
80.06
80.06
80.05
80.05
80.06
80.05
80.05
80.06
80.07
80.08
80.08
80.07
80.07
80.06
80.05
80.05
80.06
80.07
80.08
80.08
80.06
80.06
80.05
80.05
80.05
80.04
80.05
80.05
80.05
80.05
80.05
80.06
80.05
80.04
80.04
80.04
80.04
80.04
80.03
80.03
80.02
80.03
79.95
