84.38
81.25
79.17
77.34
77.81
79.17
79.02
78.52
78.82
78.59
78.69
79.04
78.61
78.91
78.96
79.69
79.78
79.51
79.61
79.69
79.76
80.04
79.96
79.49
79.81
79.75
79.69
79.80
80.12
80.26
80.39
80.47
80.30
80.33
80.31
80.30
80.49
80.30
80.37
80.59
80.60
80.80
80.85
80.68
80.76
80.81
80.68
80.73
80.58
80.47
80.39
80.32
80.13
80.12
80.23
80.36
80.40
80.39
80.46
80.49
80.53
80.52
80.53
80.59
80.65
80.63
80.78
80.68
80.55
80.40
80.48
80.51
80.54
80.64
80.52
80.35
80.34
80.35
80.34
80.39
80.34
80.49
80.50
80.49
80.44
80.40
80.37
80.36
80.34
80.31
80.32
80.32
80.29
80.35
80.38
80.37
80.43
80.37
80.40
80.41
80.48
80.41
80.32
80.33
80.36
80.42
80.39
80.41
80.40
80.27
80.31
80.16
80.12
80.10
80.07
80.09
80.10
80.08
80.07
80.04
80.06
80.03
80.04
80.03
80.03
80.00
79.98
79.96
79.98
79.98
80.00
80.05
80.08
80.03
80.02
80.07
80.09
80.10
80.08
80.01
80.04
80.04
79.99
79.99
80.06
80.05
80.05
80.06
80.05
80.05
80.06
80.03
80.00
79.95
79.94
79.95
79.98
80.01
80.00
80.01
80.05
80.06
80.05
80.00
79.98
80.02
80.03
80.01
80.02
80.02
80.00
80.01
79.97
79.97
79.96
79.99
79.98
79.94
79.91
79.92
79.93
79.93
79.94
79.96
79.94
79.96
79.96
79.96
79.94
79.96
79.95
80.00
80.02
79.97
79.96
79.97
80.00
80.00
79.99
79.98
79.98
79.97
79.95
79.94
79.95
79.92
79.94
79.93
79.93
79.93
79.93
79.98
79.97
79.98
79.98
79.93
79.93
79.96
79.98
80.00
80.00
79.98
79.99
80.02
80.03
80.04
80.04
80.02
80.03
80.04
80.05
80.04
80.04
80.03
80.01
80.03
80.05
80.07
80.05
80.06
80.06
80.07
80.08
80.13
80.15
80.15
80.16
80.15
80.16
80.16
80.14
80.13
80.13
80.14
80.15
80.18
80.16
80.15
80.15
80.15
80.15
80.18
80.19
80.18
80.18
80.19
80.18
80.17
80.21
80.18
80.17
80.19
80.19
80.21
80.19
80.20
80.22
80.22
80.23
80.19
80.22
80.23
80.21
80.22
80.21
80.19
80.17
80.18
80.21
80.20
80.19
80.19
80.19
80.21
80.21
80.19
80.16
80.15
80.14
80.15
80.17
80.17
80.19
80.17
80.19
80.21
80.23
80.23
80.25
80.25
80.25
80.24
80.23
80.22
80.26
80.22
80.25
80.27
80.27
80.26
80.24
80.24
80.24
80.21
80.23
80.23
80.22
80.20
80.19
80.19
80.18
80.13
80.12
80.11
80.10
80.11
80.14
80.15
80.14
80.11
80.11
80.11
80.12
80.12
80.11
80.13
80.13
80.14
80.15
80.16
80.17
80.19
80.18
80.17
80.16
80.15
80.17
80.18
80.17
80.16
80.18
80.20
80.18
80.19
80.16
80.13
80.11
80.12
80.11
80.09
80.10
80.11
80.12
80.13
80.13
80.13
80.13
80.16
80.15
80.16
80.13
80.13
80.12
80.10
80.08
80.08
80.06
80.08
80.08
80.08
80.07
80.09
80.08
80.08
80.09
80.09
80.10
80.12
80.11
80.13
80.15
80.15
80.14
80.16
80.15
80.15
80.16
80.17
80.17
80.18
80.16
80.17
80.17
80.17
80.17
80.16
80.16
80.17
80.15
80.15
80.16
80.17
80.18
80.17
80.19
80.19
80.17
80.16
80.18
80.17
80.15
80.15
80.17
80.16
80.17
80.18
80.19
80.18
80.18
80.20
80.19
80.19
80.19
80.19
80.19
80.21
80.20
80.20
80.20
80.22
80.22
80.20
80.22
80.21
80.22
80.23
80.23
80.22
80.19
80.19
80.19
80.19
80.20
80.19
80.18
80.18
80.20
80.21
80.21
80.21
80.22
80.22
80.20
80.20
80.20
80.19
80.19
80.17
80.18
80.19
80.19
80.19
80.19
80.20
80.20
80.19
80.20
80.22
80.22
80.24
80.23
80.25
80.23
80.23
80.23
80.23
80.23
80.24
80.25
80.25
80.25
80.26
80.27
80.28
80.28
80.26
80.25
80.26
80.26
80.25
80.26
80.26
80.26
80.26
80.27
80.27
80.26
80.26
80.27
80.28
80.28
80.27
80.27
80.27
80.29
80.29
80.29
80.30
80.30
80.29
80.28
80.29
80.28
80.28
80.28
80.29
80.30
80.30
80.29
80.31
80.32
80.32
80.33
80.33
80.31
80.31
80.30
80.29
80.29
80.29
80.30
80.29
80.30
80.31
80.31
80.30
80.29
80.28
80.30
80.30
80.31
80.31
80.30
80.31
80.29
80.30
80.30
80.31
80.31
80.31
80.30
80.30
80.30
80.30
80.30
80.30
80.29
80.28
80.29
80.29
80.28
80.29
80.29
80.29
80.29
80.28
80.28
80.28
80.27
80.26
80.26
80.26
80.26
80.26
80.26
80.27
80.27
80.28
80.28
80.28
80.28
80.28
80.27
80.27
80.25
80.27
80.24
80.24
80.24
80.24
80.25
80.26
80.26
80.25
80.25
80.25
80.26
80.27
80.26
80.26
80.26
80.26
80.26
80.28
80.28
80.29
80.28
80.28
80.27
80.27
80.29
80.28
80.28
80.29
80.27
80.26
80.27
80.26
80.26
80.26
80.27
80.28
80.28
80.27
80.29
80.31
80.31
80.31
80.31
80.31
80.30
80.30
80.31
80.30
80.29
80.30
80.31
80.30
80.31
80.32
80.32
80.33
80.33
80.32
80.32
80.31
80.31
80.31
80.31
80.31
80.32
80.31
80.31
80.31
80.29
80.29
80.29
80.31
80.30
80.31
80.33
80.33
80.33
80.33
80.33
80.35
80.36
80.36
80.37
80.36
80.36
80.36
80.35
80.36
80.36
80.36
80.35
80.35
80.35
80.35
80.34
80.33
80.33
80.34
80.34
80.33
80.33
80.33
80.33
80.33
80.33
80.33
80.32
80.32
80.32
80.32
80.32
80.33
80.33
80.33
80.33
80.33
80.33
80.35
80.36
80.35
80.34
80.35
80.34
80.34
80.34
80.34
80.35
80.35
80.34
80.34
80.34
80.35
80.34
80.35
80.35
80.34
80.33
80.34
80.34
80.33
80.33
80.34
80.34
80.33
80.34
80.35
80.35
80.34
80.35
80.35
80.35
80.35
80.35
80.34
80.33
80.32
80.32
80.33
80.32
80.33
80.33
80.33
80.32
80.32
80.32
80.34
80.33
80.34
80.33
80.33
80.34
80.34
80.35
80.35
80.34
80.26
