75.00
78.91
78.12
76.17
78.44
79.17
79.46
80.47
79.86
80.31
79.55
79.17
79.69
79.24
79.38
79.88
80.15
80.38
80.84
80.55
80.13
80.04
80.16
79.82
80.31
80.17
80.44
80.41
79.96
79.90
79.89
79.88
79.88
79.87
79.78
79.69
79.65
79.81
79.57
79.73
79.46
79.58
79.58
79.40
79.51
79.59
79.79
79.79
79.82
79.75
79.81
79.81
79.81
79.69
79.74
79.77
79.69
79.55
79.53
79.64
79.69
79.56
79.54
79.57
79.71
79.66
79.71
79.66
79.73
79.78
79.84
79.99
79.90
79.92
79.92
79.93
79.95
79.91
79.98
80.14
80.19
80.24
80.31
80.38
80.44
80.41
80.37
80.34
80.41
80.33
80.32
80.32
80.38
80.32
80.35
80.34
80.33
80.37
80.43
80.36
80.24
80.22
80.25
80.24
80.33
80.31
80.34
80.27
80.23
80.18
80.21
80.23
80.23
80.18
80.15
80.05
79.99
80.03
79.95
79.92
79.95
79.91
79.85
79.91
79.89
79.95
79.97
79.96
79.95
79.98
79.93
79.94
79.92
79.93
79.91
79.91
79.82
79.85
79.83
79.75
79.70
79.68
79.62
79.63
79.57
79.53
79.52
79.56
79.55
79.53
79.51
79.54
79.58
79.58
79.55
79.50
79.49
79.51
79.51
79.51
79.50
79.49
79.47
79.50
79.56
79.62
79.63
79.68
79.69
79.74
79.70
79.71
79.75
79.76
79.79
79.78
79.79
79.85
79.84
79.84
79.83
79.83
79.77
79.72
79.76
79.75
79.74
79.80
79.78
79.75
79.76
79.76
79.77
79.81
79.78
79.78
79.82
79.81
79.82
79.84
79.84
79.83
79.84
79.80
79.82
79.81
79.84
79.83
79.84
79.84
79.84
79.87
79.88
79.90
79.91
79.93
79.93
79.89
79.88
79.90
79.92
79.95
79.90
79.90
79.91
79.89
79.87
79.84
79.82
79.82
79.83
79.86
79.87
79.89
79.92
79.93
79.93
79.93
79.90
79.91
79.89
79.86
79.88
79.89
79.85
79.85
79.88
79.92
79.91
79.92
79.93
79.92
79.92
79.94
79.94
79.94
79.97
79.96
79.97
79.97
79.96
79.96
79.92
79.94
79.94
79.95
79.94
79.96
79.97
79.97
79.98
79.99
79.99
79.98
79.98
79.99
80.01
80.01
80.02
80.04
80.04
80.07
80.09
80.09
80.07
80.05
80.04
80.04
80.03
80.01
80.03
80.02
79.99
80.00
80.01
79.97
79.95
79.98
79.96
79.95
79.94
79.92
79.94
79.94
79.93
79.92
79.94
79.93
79.92
79.90
79.89
79.88
79.88
79.85
79.87
79.87
79.90
79.89
79.93
79.95
79.92
79.90
79.87
79.86
79.87
79.85
79.85
79.84
79.82
79.82
79.81
79.81
79.82
79.83
79.82
79.81
79.81
79.83
79.83
79.83
79.82
79.83
79.85
79.85
79.87
79.86
79.87
79.87
79.86
79.86
79.87
79.89
79.89
79.90
79.89
79.89
79.88
79.88
79.88
79.90
79.89
79.89
79.86
79.85
79.87
79.87
79.88
79.89
79.90
79.91
79.91
79.91
79.93
79.92
79.91
79.90
79.89
79.89
79.90
79.88
79.88
79.88
79.88
79.89
79.89
79.88
79.87
79.87
79.87
79.88
79.86
79.87
79.89
79.88
79.87
79.88
79.88
79.88
79.87
79.84
79.86
79.85
79.85
79.84
79.85
79.84
79.85
79.87
79.88
79.88
79.91
79.92
79.92
79.91
79.92
79.89
79.89
79.88
79.88
79.88
79.90
79.90
79.89
79.89
79.89
79.90
79.90
79.91
79.91
79.93
79.93
79.91
79.91
79.91
79.90
79.90
79.89
79.88
79.88
79.87
79.85
79.85
79.84
79.84
79.86
79.87
79.86
79.85
79.85
79.85
79.85
79.84
79.83
79.84
79.84
79.85
79.84
79.85
79.87
79.87
79.88
79.88
79.90
79.89
79.88
79.90
79.89
79.89
79.89
79.88
79.89
79.90
79.89
79.91
79.90
79.90
79.91
79.89
79.89
79.89
79.90
79.89
79.90
79.91
79.90
79.89
79.90
79.87
79.87
79.87
79.84
79.84
79.86
79.86
79.85
79.84
79.84
79.84
79.83
79.85
79.85
79.86
79.85
79.85
79.87
79.87
79.87
79.87
79.87
79.87
79.87
79.88
79.88
79.88
79.88
79.89
79.89
79.89
79.87
79.86
79.87
79.86
79.86
79.87
79.86
79.87
79.87
79.87
79.87
79.87
79.86
79.85
79.87
79.85
79.85
79.85
79.86
79.84
79.86
79.84
79.84
79.85
79.85
79.87
79.85
79.86
79.86
79.87
79.87
79.88
79.89
79.91
79.92
79.92
79.92
79.92
79.93
79.96
79.95
79.93
79.95
79.92
79.92
79.92
79.91
79.92
79.91
79.92
79.92
79.93
79.91
79.91
79.92
79.92
79.92
79.91
79.92
79.91
79.92
79.91
79.90
79.90
79.89
79.89
79.89
79.88
79.88
79.88
79.87
79.86
79.85
79.86
79.85
79.83
79.84
79.83
79.84
79.84
79.85
79.85
79.86
79.85
79.84
79.85
79.84
79.84
79.83
79.84
79.85
79.86
79.87
79.86
79.87
79.86
79.86
79.84
79.84
79.85
79.85
79.85
79.85
79.84
79.85
79.86
79.86
79.85
79.85
79.85
79.86
79.87
79.86
79.86
79.85
79.86
79.86
79.85
79.84
79.84
79.85
79.85
79.84
79.84
79.85
79.84
79.84
79.85
79.84
79.82
79.83
79.82
79.83
79.82
79.81
79.82
79.82
79.83
79.84
79.83
79.83
79.84
79.84
79.85
79.84
79.84
79.83
79.83
79.84
79.84
79.83
79.82
79.81
79.81
79.80
79.81
79.82
79.82
79.83
79.85
79.86
79.85
79.84
79.84
79.84
79.83
79.84
79.83
79.83
79.84
79.83
79.83
79.82
79.84
79.84
79.85
79.85
79.85
79.85
79.84
79.84
79.83
79.82
79.83
79.84
79.85
79.84
79.84
79.83
79.84
79.84
79.84
79.84
79.84
79.84
79.85
79.85
79.85
79.85
79.85
79.84
79.84
79.85
79.85
79.85
79.84
79.85
79.84
79.85
79.85
79.86
79.86
79.87
79.88
79.87
79.86
79.86
79.86
79.86
79.87
79.88
79.87
79.87
79.86
79.86
79.86
79.86
79.86
79.85
79.85
79.87
79.87
79.87
79.87
79.86
79.85
79.86
79.86
79.86
79.86
79.87
79.87
79.89
79.89
79.89
79.89
79.89
79.89
79.87
79.88
79.88
79.88
79.88
79.88
79.88
79.87
79.86
79.87
79.86
79.87
79.86
79.86
79.87
79.79
