84.38
76.56
79.17
78.52
79.06
80.21
80.58
78.91
79.86
79.38
79.97
79.82
79.81
80.69
80.83
80.96
81.25
81.60
81.33
81.25
81.25
81.11
80.84
80.92
80.38
80.41
80.44
80.36
80.17
80.16
80.09
80.08
79.97
79.87
79.73
79.64
79.65
79.61
79.65
79.30
79.31
79.46
79.43
79.47
79.44
79.42
79.36
79.36
79.40
79.44
79.47
79.51
79.54
79.43
79.55
79.44
79.28
79.20
79.18
79.17
79.25
79.36
79.44
79.35
79.35
79.36
79.24
79.23
79.14
79.13
79.12
79.12
79.22
79.24
79.21
79.19
79.10
79.17
79.15
79.22
79.30
79.40
79.37
79.22
79.19
79.20
79.15
79.19
79.32
79.31
79.33
79.31
79.35
79.29
79.28
79.33
79.33
79.30
79.20
79.19
79.21
79.18
79.23
79.24
79.21
79.19
79.13
79.04
79.10
79.08
79.05
79.10
79.08
79.11
79.12
79.15
79.15
79.16
79.18
79.18
79.12
79.12
79.05
79.06
78.99
79.06
79.04
78.98
79.00
79.05
79.03
79.05
79.03
78.96
78.94
78.91
78.88
78.84
78.84
78.86
78.80
78.75
78.77
78.84
78.81
78.83
78.81
78.84
78.86
78.87
78.87
78.82
78.88
78.85
78.79
78.75
78.76
78.79
78.77
78.80
78.79
78.83
78.78
78.78
78.78
78.72
78.71
78.72
78.75
78.75
78.77
78.77
78.78
78.75
78.75
78.71
78.67
78.70
78.71
78.73
78.76
78.76
78.79
78.82
78.85
78.85
78.83
78.89
78.95
78.92
78.91
78.88
78.79
78.75
78.73
78.74
78.75
78.80
78.83
78.81
78.82
78.84
78.84
78.88
78.89
78.91
78.92
78.92
78.94
78.85
78.84
78.85
78.84
78.83
78.86
78.88
78.87
78.90
78.91
78.90
78.90
78.89
78.91
78.91
78.90
78.89
78.89
78.91
78.88
78.89
78.86
78.88
78.88
78.86
78.89
78.90
78.86
78.85
78.81
78.81
78.83
78.83
78.81
78.79
78.80
78.83
78.85
78.82
78.79
78.79
78.80
78.80
78.79
78.77
78.77
78.77
78.78
78.78
78.76
78.79
78.75
78.72
78.71
78.71
78.71
78.69
78.66
78.64
78.65
78.64
78.63
78.61
78.60
78.59
78.60
78.61
78.64
78.63
78.62
78.66
78.60
78.60
78.60
78.61
78.62
78.63
78.59
78.58
78.59
78.58
78.56
78.55
78.58
78.59
78.62
78.63
78.62
78.66
78.68
78.65
78.62
78.64
78.63
78.63
78.60
78.59
78.59
78.58
78.59
78.61
78.61
78.63
78.60
78.63
78.61
78.60
78.59
78.62
78.62
78.63
78.64
78.65
78.66
78.65
78.66
78.65
78.66
78.68
78.68
78.66
78.65
78.65
78.63
78.62
78.60
78.60
78.60
78.62
78.62
78.64
78.66
78.65
78.66
78.66
78.62
78.60
78.59
78.59
78.60
78.60
78.58
78.59
78.60
78.61
78.59
78.59
78.57
78.58
78.57
78.58
78.59
78.60
78.60
78.58
78.59
78.59
78.59
78.58
78.58
78.58
78.58
78.57
78.57
78.58
78.57
78.57
78.57
78.59
78.59
78.61
78.62
78.61
78.62
78.59
78.59
78.58
78.57
78.56
78.56
78.57
78.58
78.58
78.58
78.57
78.55
78.55
78.56
78.58
78.56
78.55
78.57
78.56
78.56
78.56
78.56
78.57
78.57
78.59
78.58
78.58
78.59
78.60
78.59
78.60
78.60
78.62
78.63
78.62
78.61
78.62
78.62
78.61
78.60
78.60
78.61
78.61
78.62
78.62
78.62
78.63
78.64
78.65
78.64
78.68
78.68
78.69
78.71
78.72
78.71
78.71
78.73
78.72
78.71
78.69
78.68
78.66
78.64
78.64
78.64
78.64
78.64
78.65
78.64
78.65
78.64
78.65
78.65
78.65
78.63
78.63
78.65
78.66
78.66
78.66
78.67
78.67
78.67
78.66
78.65
78.64
78.62
78.61
78.63
78.62
78.63
78.64
78.63
78.63
78.64
78.66
78.65
78.64
78.65
78.67
78.67
78.68
78.68
78.69
78.69
78.71
78.71
78.72
78.71
78.70
78.68
78.67
78.67
78.67
78.65
78.65
78.66
78.67
78.67
78.66
78.65
78.65
78.65
78.66
78.66
78.66
78.66
78.65
78.66
78.64
78.64
78.64
78.66
78.64
78.63
78.63
78.63
78.62
78.63
78.62
78.63
78.62
78.62
78.61
78.61
78.61
78.62
78.61
78.61
78.61
78.62
78.63
78.63
78.63
78.64
78.65
78.63
78.63
78.64
78.64
78.63
78.63
78.62
78.63
78.63
78.64
78.65
78.67
78.67
78.68
78.68
78.67
78.67
78.67
78.68
78.68
78.67
78.68
78.68
78.68
78.70
78.69
78.69
78.68
78.67
78.68
78.69
78.68
78.69
78.68
78.69
78.68
78.68
78.67
78.67
78.66
78.65
78.65
78.67
78.67
78.68
78.68
78.69
78.70
78.71
78.72
78.72
78.72
78.72
78.71
78.72
78.71
78.71
78.73
78.71
78.70
78.69
78.69
78.71
78.70
78.69
78.69
78.69
78.69
78.69
78.70
78.70
78.71
78.69
78.69
78.69
78.70
78.70
78.70
78.70
78.70
78.71
78.72
78.71
78.72
78.71
78.71
78.70
78.70
78.71
78.71
78.71
78.69
78.69
78.67
78.65
78.64
78.63
78.62
78.62
78.62
78.61
78.61
78.61
78.61
78.60
78.60
78.60
78.61
78.61
78.60
78.60
78.61
78.60
78.61
78.60
78.58
78.58
78.56
78.56
78.56
78.55
78.56
78.55
78.54
78.54
78.54
78.52
78.52
78.53
78.53
78.52
78.53
78.52
78.51
78.50
78.51
78.52
78.52
78.51
78.52
78.53
78.53
78.52
78.53
78.53
78.53
78.52
78.52
78.52
78.52
78.52
78.53
78.52
78.52
78.53
78.52
78.53
78.53
78.53
78.54
78.54
78.54
78.55
78.56
78.56
78.57
78.57
78.56
78.57
78.57
78.58
78.57
78.58
78.58
78.59
78.57
78.58
78.59
78.59
78.59
78.60
78.59
78.59
78.58
78.59
78.59
78.60
78.60
78.61
78.61
78.60
78.59
78.59
78.60
78.60
78.60
78.59
78.58
78.59
78.59
78.61
78.62
78.62
78.62
78.63
78.63
78.63
78.62
78.61
78.60
78.61
78.60
78.61
78.60
78.60
78.59
78.58
78.58
78.58
78.58
78.59
78.57
78.58
78.58
78.58
78.58
78.57
78.57
78.57
78.58
78.57
78.56
78.56
78.54
78.54
78.55
78.55
78.57
78.57
78.57
78.58
78.50
