60.94
56.25
58.33
60.94
59.38
60.42
61.61
63.09
65.28
65.78
65.48
66.15
65.99
65.74
66.35
65.92
66.08
65.89
66.20
65.78
65.70
66.05
65.76
66.08
66.12
66.11
65.97
65.74
65.62
65.36
64.92
65.04
65.10
64.84
65.00
64.76
64.95
64.84
64.98
65.35
65.43
65.51
65.62
65.55
65.52
65.49
65.26
65.27
65.37
65.34
65.26
65.38
65.45
65.51
65.51
65.43
65.49
65.46
65.47
65.47
65.57
65.57
65.62
65.67
65.67
65.77
65.65
65.65
65.58
65.80
65.76
65.76
65.65
65.54
65.50
65.30
65.32
65.36
65.29
65.16
65.05
65.15
65.08
65.07
65.04
65.04
65.14
65.09
65.06
65.02
64.97
65.00
65.07
64.98
64.88
64.78
64.69
64.70
64.55
64.53
64.57
64.57
64.56
64.53
64.45
64.49
64.49
64.47
64.42
64.42
64.29
64.13
64.05
64.12
64.23
64.16
64.01
63.92
63.93
63.92
63.93
64.05
63.95
63.94
63.92
64.00
63.95
64.04
63.98
63.99
64.00
63.99
63.96
63.95
63.90
63.90
63.95
63.89
63.98
63.98
63.90
63.82
63.83
63.82
63.81
63.81
63.84
63.84
63.81
63.84
63.83
63.87
63.90
63.84
63.85
63.71
63.75
63.81
63.81
63.83
63.74
63.78
63.74
63.71
63.75
63.71
63.70
63.66
63.62
63.63
63.67
63.65
63.65
63.69
63.70
63.70
63.71
63.73
63.77
63.78
63.73
63.71
63.70
63.65
63.67
63.63
63.63
63.61
63.62
63.64
63.66
63.69
63.65
63.71
63.74
63.75
63.71
63.68
63.67
63.68
63.65
63.68
63.63
63.62
63.64
63.63
63.63
63.61
63.59
63.58
63.57
63.55
63.56
63.57
63.63
63.64
63.64
63.61
63.62
63.62
63.64
63.62
63.61
63.59
63.62
63.58
63.58
63.52
63.54
63.57
63.58
63.56
63.57
63.55
63.54
63.53
63.51
63.54
63.54
63.55
63.51
63.48
63.49
63.53
63.55
63.52
63.52
63.50
63.45
63.48
63.46
63.50
63.45
63.47
63.47
63.47
63.48
63.48
63.50
63.58
63.52
63.50
63.50
63.50
63.48
63.48
63.49
63.51
63.46
63.48
63.46
63.43
63.46
63.44
63.48
63.48
63.48
63.46
63.46
63.45
63.49
63.49
63.48
63.49
63.51
63.48
63.50
63.53
63.48
63.49
63.48
63.48
63.48
63.46
63.48
63.49
63.47
63.49
63.51
63.54
63.55
63.55
63.58
63.61
63.64
63.65
63.66
63.68
63.67
63.69
63.74
63.70
63.72
63.74
63.75
63.74
63.75
63.78
63.79
63.80
63.80
63.82
63.82
63.83
63.83
63.83
63.83
63.82
63.83
63.84
63.84
63.85
63.87
63.86
63.84
63.88
63.87
63.86
63.84
63.85
63.86
63.83
63.83
63.84
63.87
63.90
63.89
63.90
63.92
63.92
63.92
63.91
63.93
63.95
63.98
63.97
63.97
64.00
64.02
64.01
64.03
64.02
64.04
64.04
64.04
64.05
64.06
64.05
64.08
64.09
64.09
64.13
64.13
64.15
64.15
64.14
64.16
64.15
64.12
64.11
64.12
64.11
64.11
64.09
64.08
64.06
64.06
64.08
64.07
64.07
64.11
64.13
64.15
64.17
64.16
64.17
64.15
64.14
64.13
64.14
64.12
64.10
64.10
64.10
64.08
64.09
64.11
64.14
64.13
64.15
64.16
64.17
64.18
64.17
64.18
64.18
64.17
64.17
64.18
64.20
64.19
64.20
64.19
64.21
64.21
64.18
64.20
64.20
64.18
64.19
64.20
64.19
64.19
64.17
64.17
64.16
64.17
64.16
64.15
64.13
64.09
64.09
64.08
64.07
64.05
64.07
64.06
64.05
64.03
64.04
64.04
64.05
64.07
64.06
64.06
64.06
64.07
64.10
64.11
64.13
64.13
64.14
64.13
64.13
64.14
64.15
64.14
64.14
64.14
64.15
64.15
64.15
64.16
64.13
64.14
64.14
64.15
64.14
64.13
64.11
64.11
64.12
64.11
64.12
64.13
64.13
64.15
64.15
64.15
64.15
64.15
64.12
64.13
64.09
64.07
64.06
64.04
64.03
64.02
64.01
64.01
64.00
63.99
64.00
63.99
63.99
63.98
63.99
63.98
63.98
63.97
63.96
63.96
63.99
63.97
63.98
63.97
63.97
64.00
64.00
64.02
64.02
64.05
64.04
64.05
64.04
64.02
64.02
64.01
64.02
64.02
64.03
64.02
64.01
64.02
64.02
64.04
64.03
64.02
64.04
64.03
64.05
64.07
64.06
64.04
64.02
64.03
64.02
64.03
64.00
64.00
63.99
63.97
63.97
63.96
63.95
63.98
63.98
63.99
63.99
63.99
64.00
64.03
64.04
64.03
64.03
64.02
64.03
64.02
64.04
64.03
64.03
64.04
64.06
64.07
64.07
64.06
64.05
64.04
64.05
64.07
64.07
64.09
64.12
64.12
64.13
64.14
64.14
64.15
64.16
64.15
64.16
64.16
64.15
64.16
64.15
64.16
64.15
64.16
64.16
64.15
64.15
64.16
64.16
64.17
64.16
64.16
64.15
64.14
64.13
64.14
64.12
64.12
64.13
64.12
64.12
64.12
64.11
64.12
64.10
64.11
64.11
64.12
64.11
64.12
64.13
64.13
64.13
64.12
64.13
64.13
64.12
64.10
64.10
64.10
64.10
64.10
64.08
64.07
64.07
64.07
64.10
64.08
64.08
64.09
64.09
64.10
64.10
64.10
64.09
64.08
64.08
64.10
64.11
64.11
64.11
64.11
64.11
64.10
64.09
64.08
64.09
64.10
64.10
64.10
64.11
64.12
64.14
64.14
64.13
64.12
64.13
64.14
64.13
64.15
64.16
64.16
64.18
64.19
64.18
64.17
64.18
64.17
64.18
64.19
64.20
64.19
64.19
64.21
64.21
64.22
64.22
64.23
64.22
64.23
64.23
64.24
64.22
64.23
64.23
64.23
64.22
64.24
64.25
64.22
64.24
64.23
64.24
64.23
64.24
64.23
64.23
64.23
64.23
64.23
64.23
64.24
64.26
64.25
64.25
64.24
64.25
64.24
64.26
64.26
64.27
64.27
64.25
64.27
64.24
64.26
64.26
64.27
64.27
64.27
64.28
64.26
64.27
64.27
64.26
64.27
64.28
64.29
64.31
64.30
64.30
64.31
64.32
64.32
64.33
64.35
64.35
64.35
64.35
64.34
64.35
64.36
64.36
64.37
64.37
64.36
64.35
64.36
64.36
64.38
64.36
64.38
64.38
64.38
64.38
64.39
64.38
64.39
64.39
64.39
64.39
64.39
64.39
64.39
64.40
64.41
64.36
