84.38
85.16
82.81
83.20
84.38
84.11
83.93
84.57
84.20
84.22
84.66
83.72
83.53
82.81
83.02
83.11
83.27
83.59
83.22
83.20
83.26
82.81
82.95
82.62
82.50
82.45
82.52
82.53
82.54
82.60
82.56
82.47
82.39
82.35
82.37
82.29
82.22
82.36
82.37
82.27
82.28
82.44
82.49
82.56
82.64
82.44
82.35
82.42
82.33
82.28
82.41
82.18
82.19
82.09
82.13
82.11
82.04
82.14
81.99
82.03
82.02
81.98
81.94
81.84
81.90
81.87
81.88
81.99
81.97
81.83
81.87
81.86
81.96
81.84
81.83
81.74
81.59
81.49
81.51
81.52
81.48
81.44
81.42
81.49
81.47
81.50
81.45
81.36
81.39
81.39
81.35
81.37
81.32
81.25
81.13
81.09
80.98
81.01
80.98
80.89
80.83
80.74
80.75
80.78
80.85
80.85
80.81
80.82
80.85
80.80
80.81
80.76
80.67
80.69
80.68
80.68
80.73
80.67
80.66
80.61
80.57
80.51
80.44
80.44
80.49
80.54
80.54
80.55
80.55
80.48
80.40
80.36
80.37
80.40
80.42
80.41
80.45
80.43
80.42
80.47
80.43
80.48
80.51
80.58
80.59
80.58
80.54
80.58
80.53
80.57
80.61
80.66
80.65
80.66
80.66
80.65
80.68
80.72
80.75
80.69
80.70
80.66
80.67
80.69
80.66
80.67
80.66
80.63
80.61
80.59
80.63
80.61
80.62
80.61
80.61
80.59
80.54
80.57
80.58
80.56
80.58
80.59
80.62
80.62
80.62
80.58
80.53
80.52
80.55
80.57
80.61
80.53
80.54
80.53
80.57
80.52
80.54
80.55
80.53
80.55
80.53
80.48
80.44
80.43
80.46
80.47
80.48
80.51
80.53
80.54
80.54
80.53
80.49
80.46
80.40
80.41
80.41
80.38
80.38
80.37
80.34
80.38
80.39
80.39
80.36
80.37
80.30
80.28
80.27
80.31
80.36
80.35
80.35
80.34
80.30
80.29
80.29
80.29
80.27
80.26
80.23
80.23
80.21
80.19
80.20
80.19
80.19
80.19
80.20
80.19
80.18
80.20
80.22
80.19
80.21
80.23
80.25
80.27
80.28
80.28
80.27
80.29
80.29
80.30
80.27
80.26
80.29
80.32
80.31
80.32
80.33
80.34
80.32
80.34
80.35
80.32
80.35
80.36
80.38
80.39
80.40
80.40
80.41
80.41
80.44
80.46
80.48
80.47
80.48
80.48
80.51
80.52
80.51
80.49
80.48
80.48
80.48
80.49
80.49
80.49
80.49
80.47
80.46
80.47
80.47
80.47
80.44
80.42
80.39
80.40
80.39
80.35
80.36
80.38
80.38
80.38
80.38
80.38
80.36
80.36
80.37
80.36
80.38
80.38
80.38
80.37
80.39
80.39
80.38
80.37
80.38
80.38
80.37
80.36
80.35
80.35
80.36
80.35
80.34
80.33
80.35
80.37
80.39
80.40
80.40
80.39
80.41
80.41
80.41
80.41
80.40
80.39
80.37
80.39
80.38
80.38
80.39
80.39
80.40
80.42
80.43
80.46
80.44
80.45
80.43
80.41
80.39
80.38
80.40
80.43
80.44
80.46
80.43
80.44
80.43
80.41
80.41
80.42
80.42
80.44
80.40
80.41
80.41
80.40
80.42
80.42
80.41
80.42
80.40
80.38
80.35
80.35
80.34
80.35
80.37
80.35
80.34
80.34
80.32
80.32
80.32
80.32
80.32
80.33
80.34
80.35
80.36
80.36
80.37
80.38
80.39
80.41
80.39
80.37
80.37
80.34
80.32
80.31
80.30
80.27
80.29
80.29
80.32
80.32
80.30
80.30
80.28
80.30
80.30
80.30
80.31
80.29
80.27
80.28
80.29
80.29
80.29
80.30
80.29
80.30
80.30
80.28
80.29
80.30
80.31
80.30
80.30
80.31
80.31
80.31
80.31
80.30
80.30
80.27
80.25
80.26
80.26
80.26
80.26
80.28
80.27
80.27
80.27
80.29
80.31
80.31
80.33
80.34
80.33
80.33
80.35
80.37
80.38
80.38
80.38
80.38
80.38
80.39
80.39
80.40
80.41
80.41
80.41
80.40
80.42
80.41
80.41
80.40
80.40
80.39
80.41
80.42
80.43
80.41
80.41
80.39
80.38
80.37
80.38
80.37
80.38
80.40
80.40
80.39
80.39
80.38
80.37
80.37
80.38
80.38
80.38
80.38
80.39
80.38
80.39
80.39
80.38
80.37
80.37
80.37
80.36
80.37
80.36
80.36
80.36
80.36
80.36
80.37
80.37
80.34
80.33
80.32
80.34
80.32
80.31
80.31
80.32
80.30
80.30
80.30
80.30
80.31
80.32
80.32
80.31
80.33
80.34
80.33
80.34
80.34
80.33
80.31
80.32
80.32
80.33
80.33
80.34
80.34
80.35
80.35
80.35
80.35
80.37
80.37
80.37
80.36
80.37
80.37
80.37
80.36
80.36
80.36
80.35
80.36
80.36
80.36
80.35
80.36
80.36
80.35
80.34
80.33
80.34
80.34
80.33
80.33
80.33
80.35
80.35
80.34
80.35
80.33
80.33
80.33
80.32
80.33
80.34
80.34
80.35
80.37
80.39
80.38
80.38
80.37
80.37
80.37
80.35
80.34
80.35
80.36
80.36
80.36
80.35
80.34
80.35
80.36
80.36
80.37
80.38
80.39
80.38
80.38
80.39
80.38
80.38
80.39
80.41
80.41
80.40
80.39
80.39
80.39
80.40
80.38
80.38
80.37
80.36
80.36
80.35
80.35
80.35
80.35
80.34
80.33
80.35
80.34
80.35
80.34
80.34
80.35
80.35
80.35
80.35
80.35
80.35
80.35
80.35
80.35
80.35
80.35
80.35
80.36
80.36
80.35
80.35
80.36
80.36
80.36
80.36
80.35
80.34
80.34
80.34
80.34
80.34
80.34
80.33
80.35
80.34
80.34
80.35
80.34
80.35
80.35
80.36
80.36
80.35
80.35
80.36
80.36
80.36
80.36
80.36
80.35
80.35
80.36
80.38
80.39
80.40
80.40
80.41
80.42
80.42
80.43
80.43
80.43
80.43
80.42
80.41
80.42
80.42
80.42
80.42
80.41
80.42
80.41
80.41
80.41
80.40
80.40
80.39
80.40
80.40
80.39
80.39
80.38
80.39
80.39
80.37
80.37
80.37
80.37
80.37
80.36
80.37
80.37
80.36
80.36
80.36
80.36
80.36
80.36
80.35
80.36
80.36
80.36
80.35
80.35
80.35
80.36
80.36
80.35
80.36
80.35
80.35
80.36
80.35
80.35
80.34
80.36
80.36
80.36
80.35
80.35
80.35
80.35
80.34
80.33
80.35
80.35
80.34
80.34
80.34
80.34
80.34
80.34
80.33
80.33
80.34
80.34
80.34
80.26
