65.62
74.22
72.40
73.83
75.00
75.78
75.67
75.78
76.91
76.41
76.42
76.69
77.04
77.90
77.29
77.05
76.84
76.91
76.89
76.41
76.71
76.07
75.54
75.33
75.06
75.06
75.17
75.17
75.22
75.16
75.25
75.10
75.00
74.86
74.78
74.83
74.92
75.12
75.16
75.39
75.50
75.56
75.36
75.39
75.28
75.20
75.13
75.16
75.26
75.47
75.58
75.63
75.59
75.46
75.51
75.53
75.49
75.51
75.53
75.57
75.41
75.38
75.30
75.34
75.46
75.31
75.28
75.34
75.36
75.40
75.46
75.41
75.45
75.42
75.40
75.47
75.55
75.52
75.59
75.62
75.69
75.67
75.66
75.58
75.53
75.53
75.50
75.51
75.56
75.62
75.70
75.63
75.66
75.70
75.74
75.78
75.76
75.73
75.76
75.69
75.82
75.80
75.76
75.81
75.85
75.88
75.98
76.11
76.13
76.12
76.18
76.12
76.11
76.12
76.11
76.14
76.08
76.15
76.19
76.21
76.14
76.18
76.18
76.18
76.22
76.29
76.18
76.18
76.24
76.19
76.20
76.18
76.15
76.19
76.28
76.22
76.20
76.21
76.24
76.23
76.22
76.23
76.28
76.20
76.13
76.17
76.12
76.07
76.06
76.11
76.09
76.08
76.11
76.14
76.11
76.05
76.02
75.97
76.00
76.02
75.99
75.97
75.96
75.97
75.98
75.93
75.95
75.97
75.93
75.97
76.02
76.07
76.08
76.03
76.04
76.01
76.04
75.99
76.00
76.02
76.03
76.01
76.02
76.00
76.01
76.02
76.05
76.02
76.05
76.05
76.08
76.05
76.08
76.14
76.15
76.16
76.16
76.13
76.13
76.11
76.10
76.09
76.13
76.09
76.07
76.01
76.03
76.03
76.02
76.03
76.01
76.03
75.98
75.96
75.92
75.96
75.91
75.95
75.94
75.92
75.88
75.87
75.87
75.84
75.81
75.82
75.85
75.86
75.82
75.80
75.77
75.75
75.75
75.74
75.75
75.75
75.73
75.75
75.72
75.76
75.77
75.78
75.77
75.77
75.77
75.72
75.73
75.74
75.74
75.71
75.73
75.73
75.75
75.74
75.71
75.70
75.72
75.73
75.73
75.75
75.76
75.81
75.78
75.78
75.77
75.76
75.77
75.76
75.76
75.76
75.76
75.76
75.76
75.77
75.76
75.74
75.73
75.69
75.66
75.66
75.69
75.66
75.66
75.65
75.63
75.64
75.63
75.65
75.63
75.59
75.59
75.62
75.60
75.63
75.62
75.64
75.64
75.63
75.64
75.64
75.62
75.62
75.62
75.62
75.63
75.62
75.61
75.59
75.58
75.57
75.60
75.58
75.59
75.57
75.60
75.58
75.58
75.59
75.56
75.57
75.58
75.56
75.58
75.57
75.55
75.56
75.55
75.57
75.54
75.53
75.53
75.55
75.55
75.55
75.57
75.54
75.53
75.54
75.53
75.56
75.53
75.54
75.52
75.51
75.51
75.51
75.54
75.55
75.55
75.56
75.57
75.56
75.53
75.51
75.54
75.51
75.53
75.53
75.52
75.50
75.48
75.47
75.49
75.48
75.47
75.49
75.50
75.49
75.50
75.53
75.53
75.50
75.50
75.50
75.53
75.52
75.52
75.52
75.50
75.47
75.47
75.51
75.51
75.53
75.54
75.56
75.56
75.56
75.55
75.55
75.56
75.59
75.57
75.57
75.56
75.54
75.51
75.53
75.52
75.52
75.52
75.54
75.54
75.54
75.54
75.52
75.52
75.53
75.52
75.53
75.54
75.56
75.54
75.55
75.55
75.54
75.54
75.55
75.54
75.54
75.52
75.55
75.55
75.53
75.53
75.52
75.52
75.53
75.52
75.50
75.50
75.49
75.51
75.53
75.52
75.53
75.54
75.55
75.56
75.58
75.61
75.62
75.62
75.63
75.62
75.63
75.62
75.61
75.61
75.60
75.60
75.59
75.58
75.60
75.59
75.59
75.58
75.58
75.58
75.58
75.57
75.57
75.55
75.55
75.54
75.55
75.54
75.54
75.54
75.54
75.52
75.53
75.52
75.51
75.51
75.52
75.50
75.52
75.52
75.54
75.55
75.54
75.53
75.51
75.49
75.49
75.49
75.50
75.49
75.49
75.50
75.50
75.48
75.48
75.47
75.48
75.48
75.49
75.50
75.50
75.49
75.48
75.49
75.49
75.48
75.49
75.51
75.51
75.51
75.50
75.51
75.51
75.51
75.50
75.51
75.48
75.49
75.50
75.50
75.51
75.49
75.48
75.51
75.51
75.51
75.49
75.48
75.48
75.48
75.49
75.49
75.48
75.47
75.49
75.47
75.48
75.48
75.48
75.47
75.46
75.47
75.47
75.48
75.48
75.49
75.50
75.49
75.50
75.49
75.49
75.51
75.52
75.54
75.55
75.55
75.55
75.56
75.56
75.56
75.55
75.56
75.56
75.57
75.57
75.55
75.53
75.55
75.56
75.56
75.58
75.59
75.60
75.59
75.60
75.61
75.62
75.60
75.60
75.60
75.61
75.62
75.62
75.61
75.62
75.64
75.63
75.63
75.62
75.62
75.62
75.63
75.62
75.62
75.61
75.62
75.63
75.64
75.62
75.60
75.61
75.60
75.61
75.60
75.60
75.60
75.60
75.60
75.60
75.61
75.60
75.58
75.59
75.58
75.59
75.60
75.59
75.60
75.61
75.61
75.60
75.60
75.60
75.60
75.60
75.60
75.60
75.60
75.59
75.60
75.59
75.58
75.58
75.58
75.58
75.60
75.60
75.62
75.60
75.60
75.61
75.62
75.62
75.61
75.61
75.61
75.62
75.64
75.62
75.62
75.62
75.61
75.61
75.59
75.59
75.58
75.57
75.58
75.58
75.59
75.59
75.59
75.59
75.58
75.57
75.55
75.56
75.56
75.56
75.55
75.54
75.53
75.54
75.53
75.53
75.53
75.53
75.54
75.52
75.53
75.52
75.52
75.51
75.50
75.50
75.52
75.51
75.52
75.53
75.52
75.52
75.53
75.54
75.53
75.53
75.53
75.53
75.51
75.51
75.50
75.50
75.50
75.51
75.52
75.52
75.53
75.52
75.53
75.53
75.53
75.54
75.54
75.54
75.55
75.54
75.54
75.55
75.56
75.55
75.55
75.56
75.56
75.58
75.58
75.59
75.58
75.58
75.58
75.58
75.59
75.58
75.56
75.57
75.58
75.57
75.56
75.56
75.58
75.59
75.60
75.61
75.60
75.61
75.60
75.58
75.60
75.59
75.60
75.61
75.62
75.62
75.62
75.61
75.60
75.62
75.62
75.62
75.61
75.60
75.61
75.61
75.62
75.61
75.62
75.61
75.60
75.60
75.61
75.60
75.61
75.62
75.62
75.63
75.63
75.63
75.63
75.64
75.64
75.64
75.63
75.63
75.62
75.55
