73.44
77.34
77.60
78.91
80.00
79.95
80.80
81.84
81.94
81.09
79.97
79.56
80.29
80.25
80.52
80.27
80.15
79.60
79.77
79.77
79.46
79.76
79.55
79.88
79.69
79.51
79.63
79.80
79.80
79.84
79.54
79.49
79.50
79.27
79.24
79.21
79.48
79.48
79.49
79.38
79.27
79.35
79.25
79.30
79.41
79.59
79.55
79.59
79.78
79.75
79.75
79.63
79.75
79.80
79.89
79.83
79.82
79.82
79.77
79.64
79.48
79.59
79.49
79.61
79.64
79.69
79.57
79.48
79.48
79.38
79.36
79.41
79.49
79.52
79.52
79.54
79.48
79.51
79.51
79.41
79.46
79.31
79.31
79.28
79.17
79.14
79.01
79.01
78.99
78.89
78.93
78.97
78.97
78.92
78.95
78.96
78.98
78.92
78.99
78.86
78.88
78.81
78.85
78.82
78.78
78.71
78.71
78.78
78.80
78.76
78.79
78.78
78.84
78.92
78.93
78.93
78.98
79.00
78.98
78.98
78.98
79.02
79.00
79.03
79.05
79.06
79.06
79.03
79.07
79.04
78.95
78.95
78.91
78.89
78.85
78.85
78.83
78.77
78.77
78.77
78.79
78.76
78.77
78.80
78.77
78.79
78.76
78.72
78.72
78.73
78.67
78.69
78.65
78.67
78.68
78.72
78.71
78.67
78.71
78.73
78.60
78.61
78.59
78.56
78.59
78.62
78.61
78.63
78.65
78.69
78.71
78.69
78.68
78.65
78.67
78.73
78.72
78.67
78.70
78.68
78.68
78.67
78.65
78.68
78.67
78.65
78.63
78.63
78.63
78.63
78.61
78.59
78.55
78.51
78.49
78.54
78.55
78.51
78.49
78.48
78.50
78.45
78.45
78.39
78.39
78.41
78.40
78.40
78.39
78.39
78.38
78.39
78.37
78.40
78.37
78.39
78.37
78.38
78.42
78.38
78.37
78.41
78.39
78.40
78.37
78.37
78.39
78.39
78.42
78.42
78.44
78.45
78.44
78.43
78.42
78.44
78.45
78.46
78.46
78.48
78.50
78.49
78.52
78.52
78.51
78.51
78.46
78.48
78.46
78.44
78.45
78.46
78.45
78.48
78.46
78.48
78.50
78.49
78.49
78.50
78.53
78.53
78.50
78.53
78.55
78.52
78.49
78.50
78.50
78.52
78.56
78.55
78.53
78.54
78.51
78.46
78.47
78.48
78.48
78.44
78.43
78.45
78.43
78.42
78.42
78.41
78.39
78.39
78.38
78.37
78.37
78.38
78.38
78.38
78.36
78.36
78.37
78.37
78.41
78.41
78.41
78.39
78.40
78.40
78.42
78.44
78.45
78.48
78.46
78.46
78.46
78.43
78.42
78.43
78.44
78.46
78.49
78.50
78.48
78.50
78.50
78.47
78.47
78.44
78.43
78.42
78.42
78.42
78.43
78.44
78.46
78.47
78.47
78.48
78.47
78.49
78.50
78.50
78.52
78.53
78.51
78.53
78.54
78.51
78.51
78.49
78.50
78.49
78.50
78.50
78.51
78.50
78.49
78.52
78.54
78.52
78.51
78.51
78.53
78.52
78.53
78.55
78.54
78.55
78.54
78.54
78.56
78.53
78.54
78.54
78.54
78.55
78.56
78.55
78.55
78.57
78.58
78.55
78.54
78.56
78.56
78.56
78.54
78.56
78.56
78.55
78.55
78.57
78.57
78.54
78.55
78.53
78.52
78.50
78.52
78.52
78.52
78.53
78.52
78.53
78.54
78.56
78.56
78.56
78.58
78.59
78.58
78.56
78.57
78.57
78.58
78.58
78.58
78.58
78.58
78.60
78.59
78.59
78.55
78.55
78.54
78.54
78.53
78.52
78.53
78.55
78.55
78.54
78.55
78.56
78.55
78.56
78.59
78.58
78.58
78.59
78.58
78.59
78.60
78.60
78.59
78.59
78.59
78.58
78.57
78.58
78.59
78.59
78.57
78.57
78.59
78.58
78.57
78.60
78.60
78.59
78.59
78.60
78.56
78.56
78.55
78.55
78.57
78.57
78.58
78.56
78.55
78.54
78.54
78.56
78.57
78.58
78.59
78.58
78.57
78.56
78.57
78.57
78.55
78.54
78.53
78.53
78.54
78.55
78.54
78.54
78.53
78.53
78.52
78.51
78.53
78.53
78.54
78.53
78.51
78.53
78.54
78.55
78.55
78.54
78.54
78.55
78.56
78.55
78.55
78.55
78.56
78.55
78.54
78.54
78.53
78.55
78.54
78.54
78.55
78.55
78.55
78.54
78.52
78.52
78.53
78.53
78.54
78.54
78.56
78.56
78.56
78.56
78.57
78.57
78.57
78.56
78.57
78.57
78.59
78.59
78.59
78.59
78.58
78.58
78.57
78.57
78.59
78.58
78.58
78.58
78.58
78.56
78.55
78.54
78.55
78.56
78.58
78.56
78.56
78.56
78.55
78.54
78.54
78.55
78.56
78.57
78.56
78.57
78.57
78.58
78.56
78.57
78.56
78.56
78.56
78.56
78.55
78.55
78.57
78.58
78.56
78.56
78.57
78.55
78.55
78.55
78.55
78.55
78.57
78.57
78.57
78.57
78.59
78.60
78.60
78.58
78.57
78.58
78.59
78.60
78.59
78.60
78.59
78.59
78.60
78.60
78.61
78.63
78.63
78.64
78.63
78.63
78.63
78.64
78.64
78.64
78.62
78.62
78.62
78.62
78.62
78.63
78.65
78.64
78.65
78.66
78.66
78.66
78.66
78.67
78.67
78.65
78.65
78.65
78.66
78.67
78.68
78.69
78.71
78.71
78.69
78.69
78.69
78.69
78.69
78.69
78.69
78.71
78.71
78.71
78.72
78.71
78.70
78.70
78.71
78.71
78.73
78.71
78.70
78.70
78.71
78.70
78.68
78.66
78.67
78.67
78.65
78.64
78.65
78.66
78.65
78.64
78.65
78.64
78.63
78.62
78.62
78.63
78.63
78.63
78.64
78.63
78.65
78.63
78.63
78.64
78.64
78.64
78.64
78.64
78.64
78.64
78.64
78.64
78.64
78.63
78.63
78.63
78.64
78.64
78.65
78.64
78.63
78.63
78.64
78.63
78.62
78.63
78.63
78.63
78.61
78.61
78.59
78.57
78.58
78.56
78.57
78.56
78.58
78.58
78.57
78.58
78.58
78.59
78.59
78.59
78.60
78.60
78.60
78.60
78.61
78.60
78.58
78.57
78.57
78.58
78.58
78.58
78.57
78.58
78.58
78.58
78.58
78.58
78.59
78.59
78.58
78.57
78.56
78.57
78.57
78.57
78.58
78.59
78.59
78.60
78.60
78.60
78.59
78.59
78.59
78.58
78.58
78.58
78.57
78.56
78.56
78.57
78.57
78.57
78.57
78.58
78.59
78.59
78.59
78.58
78.59
78.58
78.57
78.57
78.57
78.57
78.57
78.57
78.57
78.50
