39.06
37.50
36.46
36.72
35.94
35.16
35.04
35.55
36.63
36.25
35.37
36.07
36.42
36.38
36.35
35.74
36.03
35.50
35.12
35.47
36.01
35.94
36.01
35.55
35.56
35.70
35.59
35.77
35.56
35.94
36.04
36.04
35.75
35.89
35.89
36.15
35.94
36.14
36.18
36.05
36.05
36.12
36.26
36.36
36.28
36.14
36.30
36.26
36.42
36.47
36.37
36.27
36.20
36.43
36.59
36.52
36.46
36.50
36.52
36.82
36.89
37.02
36.88
36.77
36.83
36.81
36.85
36.86
36.96
36.92
36.86
36.98
37.01
36.95
36.94
36.86
36.77
36.74
36.75
36.74
36.77
36.83
36.88
37.07
37.10
37.06
37.05
36.97
36.89
36.86
36.98
37.02
37.10
37.10
37.11
37.21
37.15
37.07
36.98
36.89
36.85
36.80
36.83
36.82
36.79
36.78
36.80
36.83
36.81
36.82
36.88
36.86
36.85
36.87
36.85
36.88
36.89
36.85
36.91
36.97
36.98
37.03
37.11
37.11
37.14
37.14
37.12
37.16
37.14
37.18
37.11
37.06
37.02
37.03
37.03
37.06
37.09
37.05
36.99
36.95
36.96
36.94
37.00
37.03
37.07
37.07
37.10
37.12
37.05
37.07
37.08
37.12
37.12
37.19
37.28
37.27
37.31
37.28
37.28
37.29
37.33
37.36
37.41
37.42
37.40
37.45
37.41
37.35
37.37
37.43
37.46
37.45
37.49
37.54
37.50
37.53
37.60
37.59
37.60
37.59
37.59
37.59
37.63
37.66
37.65
37.60
37.57
37.55
37.55
37.57
37.61
37.61
37.54
37.56
37.56
37.53
37.48
37.46
37.41
37.41
37.41
37.37
37.39
37.35
37.38
37.39
37.37
37.38
37.43
37.40
37.43
37.43
37.46
37.49
37.53
37.54
37.54
37.51
37.52
37.51
37.48
37.46
37.46
37.46
37.42
37.40
37.42
37.45
37.38
37.37
37.35
37.40
37.37
37.35
37.31
37.33
37.32
37.35
37.33
37.34
37.34
37.35
37.36
37.38
37.35
37.37
37.41
37.42
37.43
37.43
37.47
37.45
37.48
37.47
37.46
37.46
37.51
37.53
37.51
37.52
37.48
37.49
37.51
37.50
37.50
37.49
37.49
37.52
37.53
37.52
37.54
37.57
37.56
37.59
37.52
37.51
37.51
37.49
37.51
37.49
37.47
37.43
37.43
37.43
37.43
37.42
37.43
37.44
37.47
37.43
37.43
37.40
37.39
37.38
37.37
37.37
37.41
37.45
37.45
37.41
37.41
37.39
37.40
37.39
37.40
37.38
37.37
37.38
37.39
37.40
37.38
37.33
37.36
37.36
37.35
37.37
37.36
37.35
37.37
37.34
37.33
37.33
37.31
37.33
37.33
37.34
37.34
37.34
37.34
37.32
37.32
37.34
37.35
37.34
37.32
37.34
37.34
37.31
37.32
37.30
37.31
37.32
37.31
37.29
37.31
37.29
37.29
37.28
37.28
37.29
37.30
37.32
37.34
37.33
37.32
37.29
37.28
37.30
37.32
37.32
37.31
37.31
37.33
37.34
37.34
37.35
37.38
37.39
37.39
37.39
37.40
37.41
37.41
37.42
37.41
37.40
37.41
37.40
37.38
37.38
37.39
37.39
37.39
37.40
37.38
37.36
37.35
37.36
37.35
37.33
37.32
37.34
37.35
37.34
37.36
37.35
37.35
37.34
37.37
37.36
37.37
37.36
37.33
37.32
37.31
37.33
37.33
37.31
37.33
37.32
37.33
37.32
37.29
37.29
37.28
37.27
37.27
37.27
37.26
37.26
37.27
37.27
37.26
37.27
37.26
37.26
37.26
37.27
37.25
37.23
37.24
37.22
37.20
37.21
37.20
37.20
37.21
37.22
37.22
37.24
37.23
37.25
37.27
37.24
37.25
37.24
37.25
37.27
37.28
37.27
37.30
37.30
37.29
37.28
37.30
37.30
37.29
37.28
37.30
37.29
37.28
37.30
37.31
37.31
37.32
37.32
37.32
37.33
37.33
37.33
37.33
37.34
37.34
37.35
37.35
37.38
37.36
37.34
37.36
37.34
37.34
37.33
37.35
37.34
37.35
37.35
37.36
37.36
37.35
37.37
37.36
37.38
37.36
37.36
37.36
37.38
37.36
37.36
37.36
37.36
37.35
37.37
37.37
37.37
37.38
37.38
37.38
37.37
37.37
37.34
37.35
37.35
37.37
37.37
37.39
37.38
37.39
37.39
37.38
37.36
37.36
37.36
37.34
37.36
37.36
37.36
37.35
37.34
37.34
37.33
37.34
37.32
37.30
37.33
37.34
37.33
37.35
37.35
37.36
37.36
37.38
37.40
37.41
37.40
37.41
37.42
37.41
37.40
37.39
37.41
37.41
37.42
37.42
37.41
37.41
37.41
37.41
37.40
37.40
37.38
37.38
37.37
37.40
37.40
37.39
37.38
37.38
37.38
37.38
37.37
37.37
37.37
37.37
37.38
37.39
37.38
37.36
37.37
37.37
37.35
37.36
37.35
37.34
37.34
37.34
37.35
37.33
37.35
37.34
37.35
37.33
37.35
37.34
37.33
37.33
37.33
37.33
37.32
37.31
37.30
37.29
37.29
37.29
37.29
37.29
37.28
37.28
37.28
37.29
37.28
37.30
37.30
37.29
37.29
37.30
37.30
37.29
37.29
37.28
37.29
37.29
37.30
37.30
37.31
37.31
37.33
37.33
37.34
37.35
37.36
37.36
37.36
37.37
37.37
37.37
37.36
37.35
37.34
37.34
37.35
37.37
37.38
37.38
37.38
37.38
37.38
37.37
37.35
37.36
37.36
37.35
37.34
37.34
37.32
37.33
37.32
37.33
37.33
37.33
37.32
37.32
37.33
37.34
37.34
37.35
37.36
37.36
37.34
37.35
37.36
37.36
37.37
37.36
37.34
37.34
37.33
37.32
37.32
37.31
37.33
37.32
37.32
37.33
37.32
37.32
37.32
37.31
37.31
37.30
37.30
37.29
37.30
37.28
37.28
37.28
37.28
37.28
37.28
37.28
37.29
37.29
37.29
37.29
37.29
37.30
37.30
37.29
37.29
37.29
37.29
37.31
37.32
37.32
37.32
37.33
37.33
37.31
37.30
37.30
37.30
37.29
37.29
37.30
37.29
37.28
37.26
37.27
37.28
37.29
37.28
37.28
37.26
37.26
37.26
37.25
37.27
37.28
37.28
37.27
37.27
37.27
37.26
37.25
37.25
37.25
37.26
37.26
37.26
37.25
37.25
37.25
37.25
37.25
37.23
37.22
37.22
37.22
37.21
37.21
37.20
37.20
37.19
37.19
37.20
37.21
37.22
37.22
37.23
37.23
37.22
37.22
37.21
37.22
37.23
37.22
37.23
37.25
37.24
37.26
37.26
37.27
37.23
