78.12
78.12
77.08
76.17
74.06
73.96
74.55
75.20
75.35
75.62
75.99
76.95
77.04
77.57
77.71
77.83
78.12
78.47
78.78
78.98
79.46
79.40
79.14
79.23
79.06
78.85
78.76
78.63
78.88
78.75
78.53
78.47
78.69
78.68
78.66
78.69
78.55
78.54
78.77
78.79
78.73
78.68
78.67
78.76
78.72
78.87
78.99
78.97
78.99
78.94
78.74
78.61
78.42
78.53
78.66
78.71
78.73
78.74
78.68
78.62
78.69
78.65
78.62
78.69
78.63
78.72
78.66
78.75
78.83
78.93
79.01
79.04
79.00
79.08
79.04
78.97
78.96
79.07
79.02
79.00
79.01
79.04
79.01
79.04
78.99
79.02
79.04
79.03
79.02
78.99
79.04
79.08
79.13
79.17
79.18
79.15
79.08
79.15
79.14
79.16
79.25
79.26
79.31
79.36
79.46
79.47
79.45
79.47
79.43
79.49
79.59
79.60
79.65
79.69
79.71
79.73
79.74
79.75
79.79
79.75
79.78
79.80
79.87
79.88
79.80
79.81
79.84
79.90
79.82
79.82
79.84
79.89
79.89
79.92
80.00
79.94
79.90
79.89
79.99
79.99
79.99
79.91
79.97
79.99
80.01
80.02
80.06
80.10
80.12
80.15
80.15
80.15
80.13
80.12
80.17
80.20
80.20
80.18
80.20
80.19
80.17
80.24
80.21
80.19
80.19
80.19
80.20
80.20
80.20
80.18
80.17
80.15
80.17
80.15
80.17
80.13
80.10
80.13
80.15
80.16
80.17
80.18
80.17
80.15
80.15
80.12
80.15
80.16
80.16
80.16
80.15
80.14
80.15
80.10
80.13
80.13
80.16
80.16
80.17
80.20
80.15
80.16
80.19
80.19
80.17
80.20
80.20
80.21
80.20
80.17
80.16
80.14
80.17
80.18
80.17
80.16
80.13
80.10
80.08
80.09
80.03
80.04
80.06
80.08
80.05
80.07
80.09
80.12
80.08
80.05
80.03
80.02
80.06
80.06
80.04
79.99
80.00
79.98
79.99
80.01
80.03
80.02
80.02
79.99
80.03
80.02
80.02
80.03
80.04
80.04
80.07
80.07
80.05
80.04
80.04
80.01
80.00
79.98
79.97
79.95
79.98
80.02
80.00
80.00
79.99
80.00
79.99
80.02
80.02
80.02
80.00
80.01
80.00
80.00
79.97
79.96
79.95
79.92
79.92
79.88
79.87
79.88
79.88
79.91
79.91
79.90
79.90
79.88
79.90
79.91
79.92
79.94
79.95
79.95
79.96
79.96
79.97
79.96
79.94
79.94
79.95
79.96
79.96
79.94
79.94
79.96
79.97
79.96
79.99
79.98
80.01
80.01
79.98
79.97
79.98
79.98
79.98
79.95
79.95
79.94
79.93
79.95
79.95
79.98
79.93
79.93
79.96
79.97
79.99
79.98
79.95
79.95
79.94
79.96
79.94
79.98
80.00
80.00
80.01
80.01
80.01
80.01
80.00
80.00
80.00
80.00
79.98
80.00
80.00
80.02
80.03
80.02
80.02
80.04
80.04
80.02
80.02
80.00
80.00
80.00
80.02
80.03
80.01
80.01
80.00
79.99
79.97
79.96
79.98
79.97
79.96
79.96
79.97
79.97
79.97
79.97
80.00
79.99
79.99
80.00
80.02
80.01
80.01
80.00
79.99
80.00
80.01
80.01
79.98
80.00
80.00
79.98
79.97
79.96
79.98
79.96
79.97
79.97
79.98
79.97
79.98
79.99
80.01
80.03
80.04
80.06
80.06
80.06
80.04
80.06
80.07
80.07
80.05
80.04
80.03
80.02
80.01
80.02
80.00
80.01
80.00
79.97
79.97
79.96
79.96
79.95
79.96
79.98
79.97
79.96
79.96
79.94
79.94
79.94
79.96
79.96
79.95
79.96
79.95
79.97
79.99
80.00
79.98
79.98
79.99
79.99
80.01
79.99
79.99
79.99
80.00
79.99
79.99
80.00
79.98
79.98
79.98
79.98
79.98
79.98
79.99
79.99
79.96
79.96
79.93
79.92
79.92
79.92
79.93
79.93
79.92
79.90
79.91
79.92
79.94
79.93
79.93
79.94
79.94
79.93
79.91
79.89
79.91
79.90
79.90
79.92
79.92
79.93
79.94
79.94
79.93
79.94
79.91
79.90
79.89
79.90
79.89
79.88
79.87
79.87
79.87
79.87
79.87
79.87
79.86
79.88
79.87
79.87
79.86
79.87
79.88
79.90
79.88
79.88
79.88
79.89
79.90
79.90
79.91
79.91
79.92
79.91
79.91
79.90
79.90
79.90
79.91
79.90
79.89
79.91
79.93
79.94
79.95
79.95
79.95
79.95
79.96
79.97
79.98
79.99
80.00
80.01
80.01
80.01
80.03
80.03
80.04
80.06
80.06
80.05
80.06
80.06
80.06
80.07
80.07
80.06
80.05
80.05
80.05
80.05
80.05
80.04
80.04
80.03
80.03
80.04
80.05
80.06
80.06
80.06
80.06
80.07
80.06
80.07
80.06
80.07
80.08
80.08
80.09
80.09
80.10
80.09
80.09
80.08
80.06
80.06
80.06
80.06
80.05
80.06
80.07
80.06
80.07
80.07
80.09
80.10
80.09
80.08
80.08
80.09
80.09
80.08
80.09
80.09
80.08
80.08
80.08
80.07
80.08
80.08
80.09
80.08
80.09
80.08
80.08
80.09
80.09
80.09
80.09
80.10
80.10
80.10
80.10
80.11
80.11
80.12
80.12
80.12
80.11
80.12
80.13
80.13
80.13
80.13
80.11
80.11
80.10
80.10
80.10
80.10
80.08
80.10
80.08
80.09
80.08
80.08
80.09
80.10
80.10
80.11
80.12
80.12
80.13
80.12
80.12
80.13
80.13
80.13
80.13
80.13
80.15
80.14
80.14
80.15
80.15
80.15
80.15
80.15
80.15
80.15
80.15
80.14
80.14
80.15
80.15
80.16
80.16
80.16
80.18
80.17
80.16
80.17
80.18
80.17
80.18
80.18
80.18
80.19
80.21
80.21
80.22
80.22
80.22
80.22
80.22
80.20
80.21
80.22
80.22
80.21
80.21
80.22
80.21
80.23
80.23
80.23
80.22
80.22
80.20
80.20
80.20
80.20
80.20
80.21
80.21
80.21
80.21
80.22
80.21
80.21
80.21
80.21
80.21
80.23
80.21
80.21
80.21
80.22
80.22
80.23
80.23
80.24
80.24
80.23
80.24
80.24
80.23
80.23
80.22
80.22
80.23
80.23
80.23
80.23
80.23
80.23
80.23
80.23
80.24
80.24
80.25
80.25
80.25
80.25
80.24
80.26
80.27
80.26
80.27
80.27
80.27
80.28
80.27
80.26
80.26
80.28
80.29
80.30
80.30
80.30
80.31
80.30
80.31
80.29
80.29
80.29
80.29
80.29
80.29
80.28
80.28
80.20
