82.81
84.38
83.33
84.38
82.81
82.03
83.26
82.81
83.16
83.12
81.53
81.90
81.49
81.47
81.77
82.13
81.62
81.42
81.58
81.72
81.40
81.32
81.59
81.51
81.38
80.95
81.08
81.19
81.09
81.20
81.00
80.86
80.87
80.88
80.80
80.60
80.53
80.43
80.53
80.51
80.64
80.73
80.67
80.50
80.52
80.54
80.72
80.70
80.77
80.81
80.91
80.80
80.66
80.61
80.68
80.50
80.48
80.44
80.43
80.36
80.30
80.34
80.43
80.40
80.38
80.28
80.32
80.40
80.39
80.49
80.66
80.66
80.67
80.70
80.67
80.72
80.88
80.91
80.87
80.88
80.98
81.04
81.08
81.08
81.07
81.07
81.07
81.02
81.07
81.08
81.08
81.06
81.07
81.08
81.05
80.99
80.88
80.95
80.95
80.95
80.89
80.94
80.93
81.02
80.91
80.93
80.94
80.92
80.91
80.95
81.04
81.04
81.03
81.06
80.99
80.91
80.89
80.87
80.82
80.78
80.80
80.70
80.67
80.66
80.62
80.61
80.60
80.63
80.68
80.72
80.67
80.67
80.67
80.69
80.66
80.63
80.57
80.57
80.58
80.61
80.55
80.46
80.47
80.46
80.47
80.46
80.47
80.49
80.53
80.52
80.54
80.54
80.48
80.48
80.49
80.47
80.52
80.57
80.55
80.53
80.55
80.56
80.60
80.58
80.60
80.58
80.57
80.52
80.48
80.51
80.52
80.55
80.56
80.56
80.55
80.51
80.50
80.48
80.47
80.49
80.49
80.51
80.49
80.44
80.47
80.47
80.48
80.43
80.41
80.43
80.40
80.40
80.40
80.41
80.42
80.40
80.33
80.38
80.36
80.33
80.31
80.28
80.29
80.29
80.33
80.33
80.36
80.32
80.36
80.35
80.36
80.34
80.34
80.34
80.32
80.32
80.31
80.32
80.34
80.36
80.37
80.36
80.39
80.41
80.42
80.44
80.46
80.44
80.42
80.40
80.41
80.40
80.40
80.40
80.43
80.43
80.44
80.44
80.48
80.49
80.47
80.45
80.45
80.48
80.45
80.44
80.47
80.42
80.42
80.40
80.39
80.41
80.45
80.46
80.44
80.43
80.41
80.45
80.45
80.45
80.42
80.40
80.41
80.42
80.43
80.41
80.41
80.37
80.39
80.39
80.41
80.40
80.43
80.45
80.47
80.50
80.49
80.52
80.53
80.54
80.55
80.55
80.55
80.56
80.56
80.55
80.54
80.52
80.53
80.52
80.49
80.52
80.51
80.52
80.54
80.53
80.47
80.47
80.47
80.47
80.45
80.47
80.46
80.46
80.45
80.43
80.38
80.39
80.38
80.40
80.39
80.38
80.39
80.38
80.36
80.37
80.39
80.37
80.35
80.33
80.32
80.35
80.37
80.41
80.40
80.41
80.41
80.37
80.40
80.38
80.38
80.36
80.38
80.38
80.37
80.37
80.34
80.33
80.33
80.33
80.31
80.33
80.33
80.36
80.36
80.36
80.35
80.36
80.35
80.36
80.39
80.40
80.41
80.42
80.43
80.42
80.43
80.44
80.41
80.43
80.42
80.42
80.43
80.43
80.43
80.43
80.43
80.43
80.42
80.43
80.43
80.40
80.40
80.40
80.40
80.40
80.41
80.41
80.41
80.39
80.40
80.37
80.39
80.38
80.38
80.36
80.34
80.31
80.29
80.29
80.26
80.26
80.25
80.23
80.23
80.22
80.23
80.22
80.22
80.23
80.25
80.25
80.22
80.23
80.24
80.24
80.25
80.25
80.26
80.27
80.25
80.24
80.23
80.22
80.22
80.22
80.24
80.25
80.26
80.26
80.24
80.25
80.21
80.21
80.23
80.24
80.25
80.25
80.24
80.25
80.25
80.26
80.26
80.25
80.25
80.24
80.24
80.24
80.24
80.24
80.24
80.24
80.23
80.24
80.24
80.26
80.24
80.25
80.24
80.25
80.24
80.26
80.24
80.24
80.25
80.27
80.27
80.25
80.24
80.24
80.24
80.23
80.23
80.23
80.24
80.24
80.23
80.23
80.25
80.26
80.25
80.22
80.21
80.19
80.20
80.19
80.19
80.17
80.18
80.18
80.18
80.18
80.18
80.17
80.18
80.20
80.18
80.18
80.18
80.18
80.17
80.18
80.19
80.21
80.21
80.20
80.20
80.21
80.21
80.21
80.20
80.20
80.20
80.23
80.23
80.22
80.21
80.20
80.22
80.21
80.21
80.22
80.24
80.24
80.23
80.23
80.23
80.24
80.25
80.25
80.26
80.25
80.25
80.24
80.24
80.24
80.24
80.24
80.24
80.24
80.25
80.26
80.25
80.24
80.25
80.26
80.26
80.27
80.26
80.25
80.25
80.25
80.25
80.26
80.25
80.24
80.25
80.25
80.25
80.24
80.24
80.25
80.26
80.27
80.28
80.27
80.29
80.27
80.27
80.28
80.27
80.27
80.25
80.26
80.26
80.26
80.26
80.26
80.27
80.28
80.29
80.28
80.27
80.26
80.26
80.26
80.26
80.24
80.24
80.25
80.22
80.23
80.24
80.23
80.23
80.23
80.23
80.25
80.26
80.24
80.24
80.25
80.26
80.25
80.26
80.27
80.27
80.26
80.26
80.25
80.26
80.26
80.26
80.25
80.26
80.26
80.25
80.25
80.24
80.23
80.23
80.23
80.25
80.27
80.26
80.27
80.26
80.27
80.28
80.28
80.28
80.28
80.28
80.28
80.29
80.29
80.29
80.29
80.29
80.28
80.27
80.27
80.28
80.29
80.30
80.31
80.32
80.33
80.33
80.32
80.33
80.33
80.33
80.33
80.33
80.33
80.33
80.33
80.33
80.32
80.33
80.32
80.32
80.32
80.32
80.31
80.31
80.31
80.33
80.32
80.32
80.32
80.33
80.34
80.34
80.34
80.34
80.34
80.35
80.35
80.35
80.35
80.34
80.34
80.33
80.32
80.32
80.31
80.32
80.33
80.33
80.32
80.32
80.32
80.34
80.33
80.34
80.33
80.33
80.32
80.33
80.33
80.33
80.34
80.33
80.34
80.34
80.34
80.34
80.34
80.34
80.35
80.35
80.35
80.36
80.36
80.37
80.36
80.37
80.37
80.37
80.38
80.36
80.34
80.35
80.34
80.35
80.34
80.34
80.34
80.33
80.32
80.31
80.31
80.30
80.29
80.29
80.30
80.28
80.28
80.28
80.28
80.27
80.28
80.27
80.27
80.27
80.26
80.26
80.26
80.27
80.28
80.28
80.28
80.28
80.27
80.28
80.27
80.28
80.28
80.27
80.27
80.27
80.27
80.26
80.26
80.27
80.27
80.26
80.27
80.27
80.28
80.29
80.29
80.29
80.30
80.31
80.32
80.33
80.32
80.32
80.32
80.32
80.32
80.32
80.32
80.32
80.32
80.32
80.32
80.32
80.25
