81.25
81.25
79.69
80.47
81.25
80.99
80.80
80.47
80.03
80.31
80.68
80.99
81.25
81.58
81.46
81.35
81.34
80.90
80.92
81.09
81.18
80.97
80.77
80.92
81.00
80.83
80.61
80.64
80.93
80.73
80.80
80.91
80.92
80.84
80.58
80.47
80.62
80.63
80.65
80.55
80.30
80.43
80.31
80.40
80.56
80.67
80.59
80.50
80.61
80.47
80.39
80.50
80.63
80.64
80.45
80.52
80.51
80.60
80.46
80.34
80.17
80.27
80.31
80.27
80.29
80.23
80.25
80.31
80.39
80.31
80.39
80.40
80.35
80.43
80.42
80.43
80.44
80.43
80.36
80.39
80.29
80.32
80.38
80.47
80.57
80.58
80.62
80.65
80.62
80.57
80.60
80.55
80.58
80.55
80.41
80.50
80.59
80.66
80.60
80.61
80.62
80.67
80.61
80.57
80.60
80.60
80.65
80.61
80.53
80.55
80.48
80.47
80.49
80.40
80.39
80.39
80.41
80.46
80.50
80.53
80.55
80.55
80.56
80.57
80.61
80.59
80.60
80.66
80.60
80.61
80.64
80.52
80.44
80.41
80.37
80.33
80.30
80.31
80.37
80.38
80.41
80.36
80.42
80.40
80.45
80.53
80.48
80.49
80.41
80.48
80.45
80.42
80.42
80.38
80.35
80.32
80.30
80.32
80.37
80.28
80.32
80.40
80.41
80.37
80.37
80.37
80.40
80.42
80.44
80.46
80.43
80.39
80.41
80.41
80.46
80.40
80.38
80.38
80.36
80.39
80.39
80.33
80.32
80.27
80.28
80.31
80.36
80.38
80.38
80.40
80.41
80.38
80.39
80.44
80.44
80.44
80.46
80.46
80.46
80.48
80.52
80.49
80.46
80.46
80.47
80.48
80.49
80.47
80.49
80.50
80.51
80.51
80.49
80.47
80.45
80.46
80.47
80.45
80.44
80.40
80.44
80.40
80.38
80.38
80.35
80.39
80.37
80.38
80.36
80.36
80.34
80.32
80.33
80.36
80.36
80.38
80.38
80.40
80.40
80.42
80.43
80.42
80.41
80.42
80.37
80.39
80.40
80.43
80.42
80.41
80.43
80.44
80.45
80.43
80.42
80.43
80.42
80.43
80.44
80.44
80.42
80.40
80.39
80.36
80.37
80.35
80.37
80.39
80.37
80.35
80.33
80.33
80.31
80.32
80.33
80.34
80.33
80.33
80.34
80.36
80.34
80.34
80.33
80.34
80.35
80.36
80.38
80.38
80.40
80.41
80.37
80.34
80.34
80.35
80.36
80.38
80.38
80.37
80.34
80.37
80.34
80.37
80.34
80.32
80.34
80.33
80.32
80.33
80.33
80.30
80.30
80.32
80.36
80.36
80.37
80.36
80.36
80.39
80.37
80.34
80.33
80.32
80.31
80.33
80.31
80.31
80.30
80.32
80.34
80.34
80.34
80.37
80.38
80.40
80.38
80.41
80.42
80.44
80.44
80.43
80.43
80.43
80.43
80.43
80.41
80.41
80.43
80.41
80.43
80.45
80.44
80.46
80.42
80.41
80.43
80.43
80.45
80.45
80.44
80.44
80.46
80.46
80.47
80.48
80.47
80.45
80.46
80.45
80.46
80.46
80.43
80.41
80.41
80.42
80.41
80.41
80.41
80.41
80.42
80.42
80.40
80.42
80.43
80.43
80.42
80.40
80.41
80.39
80.41
80.39
80.38
80.40
80.42
80.42
80.42
80.44
80.42
80.40
80.41
80.40
80.40
80.40
80.41
80.41
80.41
80.40
80.39
80.39
80.39
80.38
80.36
80.36
80.35
80.36
80.37
80.36
80.37
80.36
80.36
80.35
80.34
80.35
80.34
80.35
80.36
80.36
80.35
80.34
80.35
80.34
80.33
80.32
80.32
80.32
80.32
80.33
80.32
80.32
80.33
80.32
80.33
80.34
80.35
80.35
80.35
80.38
80.37
80.35
80.37
80.38
80.37
80.38
80.38
80.37
80.38
80.38
80.40
80.38
80.38
80.39
80.38
80.38
80.39
80.40
80.42
80.43
80.42
80.41
80.41
80.42
80.44
80.45
80.46
80.45
80.42
80.41
80.42
80.43
80.43
80.43
80.44
80.43
80.43
80.42
80.43
80.42
80.41
80.42
80.40
80.40
80.41
80.39
80.38
80.38
80.37
80.35
80.35
80.35
80.35
80.36
80.35
80.33
80.35
80.35
80.35
80.34
80.35
80.34
80.35
80.32
80.33
80.34
80.33
80.33
80.32
80.33
80.33
80.33
80.32
80.32
80.30
80.30
80.29
80.29
80.28
80.27
80.28
80.29
80.30
80.29
80.30
80.29
80.29
80.31
80.30
80.29
80.30
80.28
80.30
80.31
80.31
80.30
80.31
80.31
80.32
80.32
80.32
80.31
80.29
80.29
80.30
80.31
80.30
80.29
80.30
80.29
80.30
80.28
80.29
80.29
80.30
80.31
80.30
80.31
80.30
80.30
80.29
80.30
80.29
80.30
80.29
80.29
80.29
80.27
80.26
80.25
80.24
80.25
80.24
80.25
80.24
80.25
80.24
80.25
80.24
80.24
80.23
80.22
80.21
80.22
80.23
80.23
80.23
80.23
80.24
80.24
80.23
80.23
80.22
80.21
80.22
80.22
80.21
80.20
80.21
80.20
80.20
80.21
80.22
80.22
80.21
80.22
80.21
80.22
80.23
80.24
80.24
80.24
80.24
80.25
80.25
80.26
80.27
80.26
80.28
80.28
80.28
80.27
80.28
80.26
80.26
80.25
80.25
80.25
80.25
80.23
80.24
80.24
80.25
80.26
80.27
80.27
80.26
80.26
80.27
80.27
80.26
80.27
80.27
80.26
80.26
80.27
80.27
80.26
80.27
80.26
80.26
80.26
80.26
80.24
80.25
80.25
80.26
80.25
80.24
80.24
80.23
80.25
80.25
80.25
80.25
80.25
80.25
80.26
80.26
80.26
80.27
80.26
80.26
80.26
80.25
80.23
80.24
80.24
80.24
80.25
80.25
80.25
80.26
80.26
80.26
80.27
80.26
80.26
80.26
80.26
80.26
80.27
80.27
80.26
80.28
80.28
80.29
80.29
80.28
80.28
80.27
80.27
80.27
80.28
80.28
80.28
80.28
80.29
80.29
80.29
80.30
80.30
80.30
80.30
80.30
80.30
80.30
80.30
80.30
80.29
80.28
80.28
80.28
80.27
80.27
80.25
80.26
80.26
80.26
80.26
80.26
80.27
80.27
80.28
80.28
80.28
80.28
80.27
80.27
80.28
80.28
80.28
80.27
80.28
80.28
80.29
80.30
80.30
80.30
80.29
80.27
80.27
80.28
80.28
80.28
80.28
80.29
80.29
80.30
80.31
80.31
80.32
80.32
80.32
80.30
80.30
80.29
80.30
80.30
80.30
80.30
80.31
80.31
80.31
80.32
80.24
