84.38
82.81
81.25
81.64
81.56
79.95
79.46
78.71
78.47
79.06
79.40
79.30
80.17
80.36
80.31
80.27
79.69
79.69
79.44
78.98
79.02
79.12
79.14
79.10
78.94
78.91
79.22
79.30
79.47
79.64
79.94
79.79
79.73
79.73
79.78
79.60
79.73
79.77
79.77
79.80
79.76
79.76
79.61
79.69
79.69
79.65
79.59
79.65
79.66
79.75
79.72
79.78
79.89
79.92
79.77
79.72
79.80
79.77
79.79
79.82
79.89
79.99
79.86
79.74
79.71
79.71
79.78
79.80
79.87
79.93
79.95
79.95
80.07
80.05
80.15
80.12
80.22
80.15
80.06
80.04
80.03
80.03
80.01
79.93
79.91
79.96
79.99
79.99
80.00
80.03
80.05
80.13
80.11
80.14
80.15
80.14
80.22
80.23
80.27
80.25
80.26
80.32
80.20
80.18
80.27
80.35
80.43
80.45
80.52
80.58
80.63
80.58
80.56
80.55
80.61
80.64
80.56
80.55
80.55
80.60
80.62
80.61
80.60
80.65
80.68
80.70
80.67
80.53
80.58
80.60
80.59
80.63
80.59
80.61
80.57
80.55
80.59
80.60
80.61
80.61
80.57
80.52
80.49
80.50
80.47
80.44
80.40
80.43
80.46
80.48
80.49
80.44
80.49
80.53
80.56
80.52
80.53
80.54
80.51
80.48
80.49
80.47
80.44
80.48
80.54
80.54
80.56
80.52
80.49
80.45
80.43
80.42
80.41
80.36
80.37
80.36
80.34
80.36
80.33
80.35
80.37
80.37
80.34
80.34
80.36
80.35
80.36
80.31
80.34
80.37
80.37
80.38
80.39
80.34
80.30
80.32
80.31
80.30
80.33
80.34
80.32
80.31
80.26
80.31
80.35
80.31
80.33
80.30
80.29
80.30
80.29
80.29
80.30
80.29
80.30
80.32
80.31
80.33
80.35
80.36
80.38
80.40
80.39
80.38
80.32
80.35
80.36
80.37
80.40
80.34
80.37
80.38
80.39
80.42
80.43
80.44
80.41
80.40
80.41
80.40
80.41
80.37
80.37
80.38
80.38
80.35
80.31
80.33
80.33
80.33
80.33
80.34
80.34
80.32
80.29
80.29
80.33
80.28
80.27
80.30
80.32
80.33
80.31
80.35
80.33
80.33
80.34
80.32
80.33
80.31
80.33
80.33
80.36
80.37
80.36
80.34
80.34
80.37
80.37
80.39
80.40
80.41
80.39
80.41
80.41
80.39
80.41
80.44
80.42
80.43
80.43
80.42
80.43
80.44
80.44
80.43
80.42
80.44
80.46
80.46
80.45
80.44
80.42
80.44
80.46
80.47
80.50
80.48
80.49
80.48
80.49
80.48
80.47
80.46
80.47
80.47
80.46
80.48
80.49
80.50
80.51
80.51
80.52
80.52
80.54
80.51
80.52
80.53
80.56
80.52
80.52
80.53
80.55
80.55
80.54
80.52
80.53
80.53
80.51
80.50
80.51
80.50
80.52
80.49
80.50
80.51
80.50
80.49
80.51
80.49
80.52
80.50
80.48
80.49
80.48
80.48
80.48
80.50
80.50
80.50
80.50
80.51
80.51
80.52
80.53
80.52
80.53
80.52
80.53
80.53
80.54
80.54
80.53
80.53
80.53
80.52
80.52
80.53
80.53
80.54
80.53
80.53
80.51
80.51
80.50
80.50
80.50
80.50
80.51
80.52
80.51
80.50
80.52
80.51
80.51
80.49
80.48
80.50
80.49
80.51
80.50
80.50
80.49
80.50
80.50
80.50
80.50
80.51
80.52
80.52
80.50
80.52
80.52
80.54
80.56
80.56
80.53
80.51
80.51
80.52
80.53
80.53
80.52
80.53
80.50
80.50
80.47
80.48
80.49
80.48
80.47
80.47
80.46
80.47
80.47
80.46
80.45
80.46
80.46
80.47
80.46
80.46
80.46
80.48
80.49
80.50
80.52
80.53
80.53
80.55
80.54
80.54
80.55
80.55
80.55
80.54
80.53
80.55
80.54
80.54
80.55
80.55
80.55
80.56
80.56
80.58
80.57
80.56
80.55
80.54
80.54
80.57
80.55
80.55
80.56
80.56
80.57
80.56
80.56
80.56
80.54
80.54
80.54
80.53
80.52
80.51
80.51
80.52
80.50
80.48
80.49
80.49
80.48
80.49
80.49
80.49
80.49
80.48
80.48
80.47
80.46
80.44
80.44
80.43
80.41
80.42
80.42
80.43
80.44
80.43
80.42
80.40
80.39
80.38
80.38
80.38
80.38
80.38
80.37
80.36
80.37
80.38
80.39
80.40
80.41
80.41
80.42
80.42
80.41
80.43
80.43
80.42
80.41
80.40
80.42
80.43
80.44
80.45
80.47
80.46
80.45
80.45
80.43
80.43
80.41
80.40
80.38
80.38
80.39
80.39
80.40
80.40
80.40
80.40
80.38
80.38
80.39
80.41
80.40
80.41
80.41
80.42
80.42
80.42
80.40
80.39
80.40
80.40
80.40
80.38
80.38
80.37
80.38
80.38
80.39
80.38
80.36
80.36
80.36
80.36
80.35
80.37
80.38
80.37
80.37
80.36
80.36
80.36
80.36
80.35
80.35
80.35
80.34
80.32
80.32
80.31
80.31
80.31
80.31
80.30
80.28
80.28
80.27
80.29
80.30
80.29
80.30
80.31
80.32
80.32
80.33
80.34
80.34
80.33
80.34
80.34
80.36
80.34
80.34
80.36
80.37
80.37
80.36
80.37
80.38
80.39
80.38
80.35
80.34
80.33
80.33
80.33
80.33
80.33
80.34
80.34
80.35
80.35
80.35
80.35
80.35
80.34
80.35
80.36
80.35
80.34
80.33
80.34
80.34
80.34
80.33
80.32
80.34
80.34
80.33
80.33
80.33
80.35
80.34
80.34
80.35
80.37
80.37
80.37
80.37
80.37
80.37
80.37
80.37
80.36
80.36
80.36
80.37
80.36
80.37
80.37
80.37
80.37
80.37
80.37
80.37
80.38
80.38
80.38
80.39
80.38
80.40
80.40
80.40
80.40
80.40
80.39
80.38
80.38
80.37
80.38
80.36
80.37
80.36
80.37
80.36
80.37
80.37
80.37
80.37
80.36
80.36
80.37
80.36
80.35
80.36
80.35
80.35
80.35
80.36
80.36
80.35
80.35
80.34
80.34
80.34
80.35
80.34
80.35
80.34
80.34
80.35
80.35
80.36
80.35
80.35
80.36
80.36
80.36
80.36
80.35
80.35
80.35
80.34
80.34
80.34
80.33
80.34
80.34
80.34
80.34
80.33
80.33
80.33
80.35
80.36
80.36
80.36
80.37
80.36
80.34
80.35
80.35
80.35
80.35
80.36
80.35
80.35
80.35
80.33
80.34
80.34
80.34
80.33
80.32
80.32
80.33
80.33
80.33
80.32
80.31
80.31
80.31
80.32
80.32
80.32
80.24
