78.12
78.91
77.60
76.17
77.81
77.86
79.02
79.10
79.34
80.00
80.97
81.12
81.25
81.03
80.94
80.76
81.07
81.25
81.17
80.94
81.03
80.89
80.91
80.86
80.88
80.83
80.96
80.97
80.71
80.62
80.44
80.37
80.21
80.38
80.54
80.64
80.83
80.76
80.69
80.74
80.75
80.69
80.52
80.58
80.38
80.47
80.55
80.53
80.42
80.34
80.48
80.50
80.66
80.61
80.65
80.66
80.56
80.66
80.64
80.57
80.61
80.75
80.75
80.62
80.77
80.56
80.64
80.68
80.68
80.74
80.77
80.79
80.67
80.70
80.69
80.69
80.66
80.69
80.68
80.51
80.56
80.60
80.65
80.60
80.53
80.61
80.62
80.56
80.51
80.59
80.63
80.54
80.48
80.40
80.33
80.21
80.20
80.12
80.02
79.98
80.04
80.07
80.19
80.21
80.22
80.22
80.17
80.16
80.15
80.18
80.22
80.33
80.39
80.41
80.41
80.40
80.41
80.40
80.41
80.40
80.42
80.39
80.40
80.44
80.41
80.39
80.36
80.35
80.40
80.40
80.39
80.36
80.36
80.34
80.34
80.35
80.38
80.39
80.42
80.40
80.40
80.37
80.40
80.40
80.37
80.37
80.30
80.33
80.29
80.33
80.29
80.21
80.19
80.19
80.21
80.23
80.30
80.30
80.29
80.27
80.27
80.29
80.27
80.31
80.34
80.35
80.34
80.37
80.40
80.40
80.39
80.42
80.46
80.49
80.50
80.51
80.49
80.49
80.53
80.55
80.50
80.49
80.49
80.46
80.47
80.45
80.41
80.45
80.48
80.53
80.55
80.53
80.52
80.57
80.58
80.60
80.55
80.53
80.52
80.48
80.50
80.53
80.54
80.54
80.53
80.52
80.50
80.52
80.52
80.48
80.48
80.47
80.47
80.47
80.42
80.42
80.45
80.45
80.44
80.40
80.42
80.43
80.47
80.50
80.51
80.50
80.49
80.53
80.49
80.47
80.47
80.48
80.47
80.44
80.39
80.37
80.37
80.38
80.40
80.40
80.37
80.37
80.43
80.46
80.43
80.48
80.43
80.43
80.42
80.41
80.38
80.40
80.44
80.46
80.46
80.46
80.45
80.41
80.44
80.46
80.45
80.44
80.44
80.48
80.48
80.49
80.48
80.48
80.47
80.47
80.49
80.49
80.47
80.49
80.48
80.45
80.43
80.44
80.44
80.46
80.43
80.43
80.42
80.42
80.43
80.43
80.41
80.42
80.45
80.46
80.45
80.43
80.42
80.41
80.42
80.42
80.41
80.40
80.39
80.38
80.35
80.35
80.35
80.33
80.33
80.30
80.30
80.31
80.33
80.35
80.37
80.37
80.35
80.33
80.33
80.34
80.37
80.36
80.35
80.33
80.31
80.32
80.28
80.28
80.27
80.27
80.27
80.26
80.26
80.27
80.30
80.28
80.29
80.28
80.28
80.26
80.27
80.24
80.24
80.25
80.24
80.25
80.22
80.20
80.20
80.20
80.20
80.20
80.20
80.19
80.16
80.17
80.18
80.18
80.18
80.15
80.17
80.17
80.19
80.18
80.18
80.19
80.19
80.19
80.21
80.20
80.22
80.24
80.23
80.22
80.20
80.19
80.20
80.20
80.19
80.19
80.21
80.21
80.22
80.25
80.24
80.25
80.26
80.25
80.24
80.23
80.22
80.21
80.20
80.19
80.18
80.18
80.19
80.20
80.22
80.22
80.23
80.24
80.26
80.25
80.24
80.24
80.24
80.24
80.22
80.21
80.23
80.23
80.23
80.23
80.22
80.20
80.22
80.24
80.24
80.27
80.25
80.25
80.25
80.25
80.24
80.25
80.26
80.24
80.23
80.25
80.25
80.25
80.23
80.24
80.25
80.23
80.23
80.22
80.23
80.23
80.23
80.22
80.21
80.21
80.19
80.18
80.18
80.19
80.20
80.21
80.20
80.21
80.23
80.23
80.24
80.25
80.25
80.27
80.27
80.27
80.28
80.27
80.27
80.28
80.27
80.28
80.28
80.28
80.30
80.28
80.27
80.28
80.28
80.29
80.30
80.28
80.28
80.29
80.29
80.29
80.31
80.31
80.32
80.33
80.33
80.34
80.34
80.33
80.31
80.31
80.30
80.31
80.30
80.29
80.30
80.30
80.30
80.30
80.32
80.32
80.32
80.33
80.34
80.34
80.35
80.33
80.33
80.31
80.31
80.29
80.30
80.28
80.29
80.28
80.27
80.28
80.26
80.25
80.25
80.26
80.26
80.25
80.26
80.26
80.25
80.25
80.23
80.22
80.24
80.22
80.20
80.19
80.20
80.20
80.20
80.21
80.20
80.21
80.21
80.20
80.21
80.22
80.23
80.23
80.24
80.24
80.23
80.24
80.24
80.23
80.23
80.22
80.23
80.21
80.22
80.22
80.23
80.24
80.23
80.23
80.23
80.23
80.22
80.23
80.24
80.22
80.21
80.22
80.22
80.21
80.22
80.20
80.20
80.21
80.21
80.21
80.22
80.22
80.22
80.20
80.22
80.21
80.23
80.24
80.25
80.25
80.25
80.25
80.25
80.26
80.25
80.24
80.25
80.24
80.23
80.23
80.24
80.24
80.22
80.21
80.22
80.22
80.22
80.23
80.23
80.21
80.21
80.20
80.19
80.20
80.20
80.19
80.19
80.19
80.19
80.19
80.19
80.18
80.20
80.21
80.20
80.21
80.21
80.22
80.22
80.23
80.22
80.23
80.24
80.23
80.23
80.24
80.24
80.24
80.24
80.24
80.25
80.25
80.24
80.24
80.25
80.26
80.27
80.28
80.28
80.28
80.26
80.27
80.27
80.28
80.28
80.28
80.27
80.28
80.27
80.26
80.27
80.26
80.26
80.26
80.27
80.26
80.25
80.25
80.25
80.25
80.24
80.25
80.25
80.26
80.27
80.27
80.26
80.25
80.26
80.26
80.27
80.27
80.27
80.27
80.28
80.28
80.27
80.27
80.26
80.26
80.25
80.25
80.25
80.25
80.24
80.24
80.24
80.23
80.22
80.23
80.22
80.23
80.23
80.24
80.23
80.22
80.21
80.21
80.21
80.21
80.21
80.22
80.21
80.22
80.22
80.23
80.23
80.23
80.21
80.22
80.22
80.23
80.22
80.21
80.21
80.21
80.20
80.19
80.18
80.20
80.18
80.18
80.17
80.17
80.16
80.16
80.15
80.16
80.17
80.17
80.18
80.18
80.17
80.17
80.18
80.18
80.19
80.19
80.20
80.19
80.19
80.19
80.20
80.20
80.21
80.21
80.21
80.20
80.21
80.21
80.22
80.21
80.20
80.19
80.20
80.21
80.20
80.20
80.20
80.20
80.20
80.19
80.18
80.18
80.19
80.18
80.18
80.18
80.19
80.18
80.18
80.18
80.18
80.17
80.17
80.16
80.16
80.16
80.16
80.08
