43.75
46.88
44.79
43.75
42.19
42.71
42.19
41.99
42.19
42.34
41.48
41.28
41.71
42.08
41.77
41.60
41.91
41.49
41.61
41.33
41.15
40.98
41.24
41.28
41.38
41.47
41.61
42.02
42.13
42.24
42.49
42.48
42.42
42.51
42.41
42.23
42.40
42.39
42.39
42.19
42.49
42.41
42.41
42.08
42.08
41.98
42.09
42.29
42.00
42.12
42.13
41.86
41.75
41.96
41.85
41.77
41.75
41.70
41.79
41.85
41.96
41.89
41.87
41.77
41.80
41.97
41.86
41.82
41.98
41.88
41.88
41.88
41.85
41.93
41.92
41.86
41.76
41.77
41.77
41.84
41.76
41.73
41.70
41.65
41.84
41.84
41.76
41.73
41.71
41.81
41.74
41.78
41.78
41.76
41.89
41.83
41.78
41.80
41.73
41.73
41.71
41.76
41.67
41.65
41.70
41.60
41.60
41.62
41.70
41.76
41.74
41.81
41.94
41.95
41.86
41.82
41.92
42.00
42.04
42.07
42.08
42.09
41.98
42.04
41.99
41.98
41.93
41.86
41.91
41.90
41.89
41.84
41.82
41.81
41.90
41.91
41.94
41.93
41.87
41.89
41.84
41.85
41.82
41.82
41.82
41.80
41.80
41.80
41.80
41.82
41.85
41.85
41.88
41.86
41.84
41.83
41.79
41.80
41.81
41.81
41.77
41.85
41.88
41.82
41.84
41.87
41.89
41.86
41.95
41.91
41.90
41.85
41.80
41.82
41.88
41.89
41.84
41.79
41.79
41.76
41.76
41.72
41.71
41.70
41.66
41.63
41.70
41.76
41.77
41.80
41.77
41.74
41.73
41.74
41.73
41.74
41.69
41.67
41.67
41.67
41.67
41.67
41.65
41.66
41.68
41.67
41.63
41.64
41.65
41.68
41.71
41.69
41.64
41.64
41.62
41.64
41.66
41.61
41.59
41.56
41.54
41.56
41.57
41.64
41.63
41.59
41.66
41.75
41.82
41.77
41.80
41.76
41.79
41.76
41.80
41.74
41.79
41.77
41.78
41.74
41.75
41.74
41.74
41.69
41.69
41.67
41.69
41.63
41.63
41.63
41.61
41.60
41.59
41.57
41.54
41.53
41.52
41.54
41.49
41.48
41.48
41.49
41.50
41.53
41.56
41.59
41.62
41.65
41.64
41.66
41.70
41.69
41.66
41.66
41.66
41.64
41.63
41.65
41.64
41.64
41.66
41.64
41.62
41.64
41.61
41.61
41.62
41.61
41.61
41.64
41.64
41.61
41.60
41.60
41.59
41.55
41.56
41.61
41.60
41.58
41.61
41.64
41.65
41.65
41.66
41.67
41.64
41.64
41.67
41.72
41.70
41.65
41.64
41.61
41.61
41.59
41.61
41.59
41.60
41.60
41.58
41.59
41.56
41.58
41.57
41.58
41.59
41.58
41.56
41.57
41.58
41.58
41.60
41.56
41.56
41.55
41.53
41.54
41.51
41.51
41.49
41.48
41.50
41.50
41.49
41.49
41.49
41.48
41.52
41.52
41.54
41.55
41.59
41.60
41.62
41.63
41.63
41.63
41.63
41.64
41.67
41.67
41.66
41.67
41.69
41.68
41.69
41.69
41.69
41.68
41.69
41.68
41.66
41.62
41.64
41.62
41.62
41.58
41.59
41.60
41.61
41.59
41.59
41.58
41.62
41.65
41.64
41.63
41.62
41.62
41.62
41.63
41.63
41.64
41.63
41.64
41.64
41.64
41.64
41.62
41.65
41.63
41.62
41.65
41.66
41.66
41.67
41.68
41.67
41.65
41.64
41.63
41.67
41.65
41.65
41.66
41.66
41.66
41.65
41.65
41.68
41.67
41.68
41.71
41.69
41.69
41.67
41.66
41.64
41.65
41.65
41.64
41.65
41.65
41.66
41.64
41.66
41.67
41.67
41.67
41.67
41.68
41.69
41.71
41.73
41.75
41.75
41.71
41.71
41.71
41.72
41.74
41.75
41.75
41.76
41.76
41.76
41.75
41.73
41.72
41.71
41.71
41.72
41.72
41.69
41.69
41.70
41.67
41.69
41.67
41.67
41.65
41.63
41.62
41.62
41.60
41.60
41.58
41.60
41.61
41.62
41.61
41.61
41.60
41.60
41.61
41.60
41.60
41.59
41.59
41.59
41.58
41.58
41.57
41.59
41.60
41.62
41.64
41.65
41.66
41.66
41.67
41.67
41.66
41.66
41.66
41.65
41.65
41.66
41.65
41.67
41.69
41.71
41.71
41.71
41.70
41.68
41.71
41.70
41.71
41.71
41.72
41.71
41.70
41.70
41.68
41.66
41.66
41.67
41.65
41.65
41.64
41.65
41.65
41.66
41.66
41.66
41.65
41.66
41.64
41.63
41.62
41.65
41.66
41.66
41.67
41.69
41.69
41.68
41.69
41.69
41.67
41.67
41.68
41.69
41.66
41.66
41.68
41.70
41.71
41.70
41.72
41.72
41.72
41.71
41.69
41.69
41.71
41.71
41.71
41.69
41.69
41.70
41.70
41.69
41.70
41.70
41.71
41.72
41.74
41.74
41.76
41.76
41.77
41.78
41.77
41.78
41.78
41.76
41.77
41.78
41.78
41.77
41.77
41.79
41.79
41.78
41.77
41.76
41.76
41.78
41.77
41.75
41.75
41.74
41.73
41.72
41.71
41.72
41.71
41.70
41.69
41.70
41.70
41.70
41.70
41.68
41.69
41.69
41.70
41.71
41.70
41.71
41.71
41.71
41.72
41.72
41.73
41.73
41.73
41.73
41.74
41.75
41.74
41.75
41.76
41.75
41.74
41.74
41.74
41.73
41.72
41.72
41.72
41.72
41.71
41.71
41.73
41.73
41.72
41.72
41.71
41.71
41.71
41.72
41.73
41.75
41.74
41.73
41.74
41.73
41.72
41.72
41.72
41.72
41.72
41.71
41.70
41.72
41.70
41.70
41.70
41.69
41.70
41.70
41.71
41.72
41.72
41.71
41.70
41.71
41.71
41.71
41.71
41.72
41.73
41.73
41.74
41.74
41.72
41.72
41.72
41.72
41.73
41.73
41.73
41.73
41.71
41.72
41.72
41.72
41.72
41.71
41.71
41.70
41.71
41.70
41.70
41.69
41.68
41.68
41.67
41.68
41.68
41.67
41.67
41.68
41.67
41.66
41.64
41.65
41.65
41.65
41.65
41.65
41.65
41.66
41.66
41.67
41.68
41.68
41.67
41.66
41.66
41.67
41.67
41.66
41.66
41.66
41.67
41.68
41.67
41.68
41.69
41.68
41.67
41.68
41.68
41.67
41.65
41.67
41.67
41.67
41.68
41.68
41.66
41.67
41.67
41.66
41.65
41.65
41.64
41.63
41.63
41.62
41.62
41.61
41.61
41.60
41.60
41.61
41.60
41.60
41.61
41.61
41.61
41.61
41.62
41.60
41.60
41.60
41.55
