81.25
81.25
80.73
80.47
80.00
79.95
79.24
79.10
78.65
78.75
79.40
79.17
79.45
79.24
78.85
78.91
78.58
78.30
78.29
78.36
78.42
78.34
78.33
78.39
78.62
78.67
78.76
78.85
78.88
78.91
78.98
79.15
79.02
78.91
78.97
78.73
78.63
78.50
78.53
78.52
78.39
78.46
78.38
78.59
78.61
78.57
78.69
78.35
78.44
78.62
78.68
78.64
78.71
78.88
78.95
78.88
78.73
78.69
78.71
78.78
78.71
78.60
78.67
78.66
78.65
78.74
78.80
78.81
78.69
78.68
78.70
78.78
78.77
78.78
78.79
78.72
78.67
78.61
78.72
78.83
78.84
78.81
78.77
78.66
78.77
78.74
78.77
78.85
78.92
78.84
78.83
78.79
78.85
78.86
78.90
78.87
78.93
78.92
78.93
79.00
78.91
78.92
78.85
78.89
78.85
78.86
78.87
78.91
78.99
79.01
79.05
79.07
79.05
79.07
79.06
79.12
79.17
79.21
79.18
79.18
79.22
79.19
79.18
79.18
79.20
79.17
79.20
79.24
79.18
79.13
79.15
79.13
79.10
79.10
79.07
79.04
79.04
79.03
79.10
79.08
79.13
79.08
79.03
79.07
79.02
79.01
79.04
79.01
79.04
79.01
78.98
78.95
78.93
78.93
78.94
78.91
78.87
78.90
78.88
78.91
78.92
78.92
78.94
78.96
79.00
78.97
79.00
79.02
79.00
79.00
79.02
79.06
79.00
79.04
79.08
79.07
79.08
79.09
79.09
79.10
79.09
79.10
79.12
79.13
79.12
79.10
79.14
79.14
79.12
79.10
79.10
79.14
79.15
79.16
79.16
79.14
79.19
79.20
79.22
79.23
79.23
79.24
79.24
79.23
79.17
79.18
79.17
79.17
79.16
79.20
79.18
79.18
79.22
79.20
79.22
79.25
79.26
79.29
79.31
79.29
79.23
79.24
79.22
79.19
79.22
79.22
79.20
79.19
79.18
79.16
79.17
79.14
79.12
79.14
79.15
79.18
79.17
79.16
79.18
79.22
79.21
79.24
79.26
79.28
79.27
79.27
79.30
79.31
79.34
79.36
79.37
79.40
79.41
79.42
79.42
79.44
79.44
79.46
79.46
79.46
79.45
79.44
79.46
79.42
79.44
79.44
79.44
79.43
79.44
79.43
79.43
79.45
79.46
79.46
79.45
79.45
79.45
79.45
79.42
79.45
79.45
79.43
79.44
79.47
79.46
79.46
79.50
79.52
79.51
79.50
79.50
79.54
79.54
79.57
79.60
79.62
79.62
79.61
79.62
79.65
79.63
79.60
79.60
79.63
79.65
79.65
79.65
79.64
79.63
79.61
79.60
79.60
79.59
79.61
79.63
79.62
79.60
79.60
79.61
79.64
79.64
79.63
79.62
79.63
79.64
79.64
79.64
79.64
79.65
79.64
79.62
79.64
79.65
79.64
79.65
79.65
79.64
79.65
79.66
79.66
79.66
79.66
79.63
79.61
79.60
79.61
79.61
79.62
79.62
79.62
79.59
79.59
79.60
79.61
79.61
79.62
79.62
79.63
79.64
79.64
79.66
79.63
79.63
79.62
79.64
79.63
79.65
79.68
79.71
79.73
79.75
79.76
79.78
79.76
79.78
79.80
79.81
79.82
79.83
79.84
79.83
79.83
79.83
79.81
79.80
79.78
79.81
79.82
79.83
79.84
79.87
79.89
79.90
79.91
79.92
79.91
79.92
79.92
79.91
79.89
79.88
79.89
79.85
79.86
79.87
79.87
79.88
79.86
79.86
79.88
79.87
79.87
79.88
79.88
79.86
79.88
79.89
79.87
79.88
79.88
79.88
79.88
79.90
79.88
79.90
79.89
79.89
79.89
79.88
79.89
79.89
79.88
79.87
79.88
79.90
79.90
79.91
79.90
79.89
79.87
79.87
79.88
79.89
79.90
79.91
79.92
79.91
79.90
79.89
79.90
79.88
79.89
79.87
79.87
79.85
79.86
79.88
79.89
79.89
79.90
79.89
79.90
79.91
79.90
79.92
79.93
79.94
79.95
79.96
79.97
79.96
79.97
79.98
79.97
79.97
79.97
79.94
79.94
79.94
79.95
79.93
79.93
79.94
79.94
79.95
79.96
79.95
79.96
79.96
79.96
79.97
79.97
79.96
79.96
79.97
79.97
79.99
79.98
79.97
79.97
79.98
79.99
80.01
80.02
80.02
80.03
80.02
80.03
80.03
80.03
80.03
80.02
80.02
80.02
80.01
80.02
80.01
80.03
80.04
80.04
80.04
80.04
80.05
80.04
80.02
80.01
80.01
80.02
80.02
80.01
80.01
80.00
80.00
80.01
80.00
80.01
80.01
80.02
80.02
80.01
80.02
80.02
80.04
80.03
80.03
80.03
80.04
80.02
80.02
80.01
80.00
79.98
79.98
79.99
79.99
79.99
79.98
80.00
79.99
79.99
79.99
80.00
80.01
80.00
80.00
80.00
80.00
79.97
79.97
79.97
79.98
79.98
79.98
79.99
79.99
80.00
80.00
80.01
80.02
80.01
80.02
80.02
80.02
80.02
80.02
80.00
80.01
80.01
80.02
80.02
80.01
80.01
80.02
80.00
80.01
80.00
80.00
80.00
80.00
80.02
80.01
80.01
80.02
80.00
79.99
80.00
80.00
80.00
80.00
79.99
79.99
79.98
79.97
79.97
79.97
79.96
79.95
79.95
79.96
79.95
79.96
79.97
79.97
79.97
79.97
79.96
79.96
79.97
79.96
79.95
79.94
79.94
79.93
79.93
79.92
79.91
79.92
79.92
79.91
79.91
79.92
79.92
79.92
79.92
79.92
79.91
79.91
79.91
79.92
79.92
79.93
79.92
79.92
79.91
79.90
79.90
79.89
79.88
79.88
79.89
79.89
79.88
79.88
79.87
79.88
79.88
79.88
79.88
79.89
79.87
79.88
79.89
79.90
79.89
79.90
79.92
79.93
79.92
79.93
79.94
79.94
79.93
79.94
79.94
79.94
79.94
79.92
79.93
79.92
79.93
79.92
79.91
79.91
79.90
79.91
79.91
79.90
79.90
79.90
79.88
79.89
79.89
79.91
79.92
79.93
79.91
79.91
79.91
79.92
79.93
79.92
79.91
79.91
79.90
79.91
79.91
79.92
79.92
79.91
79.91
79.91
79.90
79.91
79.90
79.90
79.89
79.88
79.89
79.88
79.89
79.88
79.87
79.88
79.88
79.88
79.88
79.88
79.88
79.89
79.89
79.90
79.89
79.89
79.90
79.90
79.89
79.90
79.90
79.88
79.88
79.87
79.88
79.88
79.88
79.89
79.89
79.89
79.89
79.89
79.90
79.91
79.90
79.89
79.90
79.91
79.92
79.91
79.91
79.91
79.91
79.91
79.91
79.91
79.92
79.92
79.93
79.92
79.92
79.92
79.92
79.91
79.84
