40.62
39.84
34.90
33.98
32.50
32.29
32.81
33.98
34.03
33.91
33.81
33.33
33.41
33.48
33.33
33.11
33.09
32.90
33.47
33.52
33.56
33.88
34.04
33.92
33.88
34.01
34.26
34.43
34.32
34.01
34.07
34.08
34.04
33.96
33.84
34.07
33.99
34.00
33.89
33.71
33.69
33.48
33.54
33.49
33.33
33.29
33.28
33.30
33.23
33.16
33.18
33.20
33.31
33.13
33.18
33.18
33.17
33.05
33.24
33.05
33.25
33.11
32.96
32.89
32.84
32.81
32.79
32.74
32.74
32.70
32.90
32.90
32.94
32.92
32.94
32.96
33.00
32.95
32.91
32.87
32.91
32.93
32.94
32.91
33.09
33.27
33.30
33.27
33.41
33.40
33.38
33.46
33.53
33.51
33.52
33.51
33.47
33.47
33.48
33.48
33.42
33.44
33.51
33.44
33.44
33.48
33.44
33.38
33.36
33.28
33.29
33.23
33.14
33.16
33.18
33.22
33.27
33.34
33.42
33.39
33.37
33.52
33.50
33.46
33.49
33.46
33.48
33.53
33.54
33.62
33.61
33.58
33.54
33.50
33.54
33.52
33.55
33.58
33.62
33.63
33.64
33.64
33.59
33.55
33.60
33.59
33.63
33.69
33.75
33.75
33.75
33.73
33.69
33.64
33.66
33.66
33.66
33.69
33.73
33.80
33.80
33.80
33.76
33.79
33.78
33.79
33.83
33.80
33.83
33.79
33.79
33.78
33.75
33.72
33.67
33.67
33.66
33.64
33.64
33.59
33.54
33.57
33.64
33.64
33.61
33.65
33.70
33.67
33.66
33.69
33.66
33.65
33.67
33.64
33.69
33.69
33.69
33.66
33.67
33.60
33.61
33.65
33.64
33.67
33.68
33.65
33.67
33.65
33.63
33.59
33.58
33.58
33.59
33.59
33.60
33.62
33.65
33.63
33.64
33.66
33.66
33.66
33.69
33.68
33.69
33.68
33.67
33.60
33.60
33.58
33.59
33.56
33.55
33.59
33.59
33.56
33.57
33.51
33.49
33.50
33.51
33.54
33.55
33.58
33.55
33.61
33.59
33.54
33.53
33.54
33.59
33.64
33.62
33.64
33.59
33.57
33.55
33.58
33.57
33.61
33.59
33.61
33.60
33.58
33.58
33.59
33.60
33.65
33.66
33.68
33.67
33.71
33.72
33.72
33.73
33.74
33.70
33.66
33.64
33.61
33.64
33.60
33.62
33.65
33.68
33.70
33.71
33.72
33.72
33.68
33.68
33.69
33.69
33.69
33.70
33.74
33.76
33.79
33.79
33.76
33.78
33.85
33.81
33.84
33.83
33.81
33.79
33.79
33.78
33.82
33.82
33.78
33.78
33.79
33.76
33.76
33.75
33.73
33.70
33.70
33.71
33.71
33.71
33.68
33.66
33.64
33.66
33.68
33.70
33.67
33.67
33.69
33.67
33.70
33.69
33.70
33.71
33.70
33.70
33.69
33.69
33.69
33.67
33.66
33.68
33.68
33.68
33.68
33.66
33.67
33.71
33.71
33.73
33.72
33.73
33.73
33.71
33.72
33.70
33.69
33.68
33.67
33.69
33.71
33.72
33.72
33.73
33.74
33.74
33.74
33.73
33.74
33.75
33.72
33.71
33.72
33.73
33.72
33.71
33.73
33.73
33.74
33.73
33.74
33.73
33.72
33.69
33.69
33.70
33.67
33.68
33.70
33.70
33.71
33.72
33.75
33.76
33.76
33.75
33.73
33.73
33.73
33.74
33.73
33.73
33.72
33.73
33.73
33.72
33.72
33.75
33.72
33.74
33.73
33.74
33.73
33.72
33.71
33.73
33.73
33.73
33.75
33.77
33.77
33.76
33.75
33.78
33.78
33.78
33.77
33.77
33.77
33.78
33.77
33.78
33.76
33.76
33.76
33.77
33.76
33.76
33.75
33.73
33.73
33.72
33.72
33.71
33.70
33.67
33.67
33.66
33.68
33.66
33.66
33.65
33.68
33.68
33.69
33.68
33.68
33.69
33.70
33.70
33.71
33.72
33.72
33.70
33.69
33.71
33.71
33.70
33.70
33.70
33.70
33.72
33.74
33.73
33.73
33.72
33.70
33.70
33.70
33.71
33.72
33.72
33.72
33.72
33.72
33.72
33.73
33.74
33.73
33.74
33.74
33.74
33.74
33.75
33.76
33.74
33.73
33.71
33.72
33.72
33.73
33.74
33.75
33.73
33.72
33.73
33.73
33.70
33.68
33.67
33.68
33.69
33.71
33.71
33.70
33.71
33.72
33.74
33.76
33.76
33.76
33.76
33.76
33.77
33.77
33.79
33.77
33.77
33.76
33.77
33.78
33.81
33.81
33.82
33.79
33.80
33.80
33.80
33.80
33.83
33.82
33.85
33.86
33.86
33.87
33.87
33.86
33.85
33.85
33.83
33.83
33.83
33.82
33.83
33.84
33.86
33.84
33.84
33.82
33.84
33.82
33.81
33.81
33.79
33.82
33.82
33.82
33.82
33.82
33.82
33.83
33.83
33.83
33.82
33.82
33.82
33.83
33.84
33.85
33.84
33.85
33.85
33.85
33.86
33.85
33.85
33.84
33.82
33.81
33.82
33.81
33.83
33.82
33.79
33.79
33.78
33.79
33.78
33.79
33.78
33.79
33.79
33.78
33.78
33.77
33.78
33.78
33.79
33.79
33.79
33.80
33.81
33.80
33.82
33.83
33.82
33.82
33.81
33.81
33.81
33.80
33.80
33.79
33.79
33.79
33.79
33.78
33.78
33.79
33.80
33.80
33.79
33.78
33.79
33.78
33.78
33.78
33.79
33.79
33.79
33.81
33.81
33.81
33.81
33.80
33.79
33.79
33.77
33.78
33.79
33.79
33.79
33.78
33.79
33.78
33.77
33.78
33.79
33.79
33.79
33.80
33.79
33.80
33.78
33.77
33.77
33.75
33.75
33.75
33.76
33.76
33.75
33.74
33.74
33.75
33.74
33.74
33.75
33.75
33.74
33.73
33.71
33.72
33.71
33.73
33.72
33.72
33.72
33.72
33.72
33.71
33.72
33.73
33.72
33.73
33.72
33.71
33.70
33.68
33.68
33.69
33.70
33.70
33.71
33.70
33.70
33.69
33.70
33.70
33.69
33.70
33.70
33.70
33.68
33.70
33.71
33.71
33.71
33.69
33.70
33.71
33.72
33.73
33.73
33.74
33.73
33.75
33.75
33.75
33.74
33.74
33.74
33.72
33.71
33.72
33.70
33.72
33.71
33.70
33.70
33.69
33.70
33.69
33.70
33.69
33.68
33.66
33.67
33.68
33.69
33.70
33.69
33.70
33.70
33.69
33.69
33.68
33.68
33.68
33.68
33.68
33.68
33.68
33.67
33.67
33.66
33.66
33.66
33.67
33.67
33.66
33.67
33.65
33.66
33.66
33.68
33.67
33.66
33.64
