4.69
4.69
3.65
3.91
4.38
4.69
4.69
4.49
4.69
4.22
4.12
4.04
3.85
3.79
3.54
3.52
3.49
3.65
3.62
3.75
3.65
3.62
3.74
3.84
3.81
3.97
4.05
4.13
4.09
4.01
4.08
4.10
4.02
4.00
4.02
3.99
4.10
4.15
4.37
4.26
4.23
4.17
4.14
4.12
4.10
4.21
4.16
4.13
4.15
4.16
4.20
4.21
4.25
4.31
4.43
4.41
4.39
4.50
4.45
4.38
4.33
4.31
4.29
4.30
4.38
4.40
4.45
4.46
4.46
4.44
4.42
4.41
4.45
4.52
4.50
4.50
4.55
4.53
4.51
4.51
4.49
4.46
4.50
4.46
4.49
4.49
4.47
4.47
4.46
4.43
4.46
4.45
4.45
4.42
4.39
4.38
4.38
4.38
4.37
4.34
4.41
4.40
4.40
4.40
4.43
4.41
4.40
4.37
4.40
4.40
4.41
4.42
4.40
4.43
4.43
4.40
4.42
4.42
4.46
4.49
4.49
4.47
4.45
4.44
4.42
4.41
4.40
4.39
4.37
4.34
4.31
4.30
4.32
4.31
4.32
4.31
4.29
4.29
4.28
4.30
4.28
4.28
4.27
4.26
4.27
4.25
4.28
4.28
4.26
4.24
4.23
4.26
4.25
4.24
4.23
4.23
4.22
4.21
4.25
4.26
4.24
4.25
4.25
4.29
4.28
4.26
4.28
4.27
4.28
4.27
4.25
4.22
4.24
4.26
4.28
4.27
4.28
4.29
4.29
4.29
4.29
4.28
4.26
4.28
4.27
4.29
4.28
4.31
4.32
4.31
4.31
4.30
4.30
4.28
4.28
4.29
4.28
4.29
4.27
4.27
4.29
4.32
4.33
4.34
4.34
4.33
4.33
4.33
4.32
4.32
4.32
4.32
4.31
4.29
4.30
4.30
4.29
4.29
4.29
4.30
4.28
4.27
4.31
4.30
4.30
4.29
4.34
4.34
4.36
4.36
4.36
4.36
4.36
4.37
4.36
4.37
4.38
4.38
4.39
4.39
4.38
4.38
4.38
4.37
4.37
4.38
4.39
4.38
4.37
4.36
4.35
4.37
4.35
4.34
4.33
4.32
4.33
4.34
4.33
4.32
4.31
4.31
4.30
4.30
4.30
4.32
4.32
4.31
4.30
4.30
4.31
4.31
4.32
4.32
4.32
4.33
4.33
4.33
4.32
4.30
4.30
4.31
4.32
4.32
4.34
4.34
4.35
4.35
4.36
4.35
4.37
4.36
4.37
4.37
4.36
4.37
4.37
4.36
4.35
4.35
4.37
4.38
4.36
4.36
4.36
4.36
4.36
4.35
4.36
4.36
4.37
4.37
4.36
4.36
4.37
4.37
4.37
4.36
4.37
4.37
4.38
4.37
4.38
4.38
4.38
4.38
4.38
4.37
4.40
4.40
4.40
4.40
4.39
4.39
4.39
4.39
4.38
4.38
4.37
4.40
4.39
4.40
4.39
4.39
4.38
4.39
4.38
4.38
4.38
4.37
4.38
4.38
4.38
4.37
4.37
4.37
4.36
4.36
4.37
4.37
4.36
4.36
4.37
4.37
4.37
4.36
4.35
4.35
4.36
4.36
4.35
4.36
4.35
4.34
4.34
4.33
4.34
4.36
4.37
4.37
4.36
4.35
4.36
4.38
4.38
4.38
4.38
4.37
4.37
4.37
4.38
4.38
4.38
4.39
4.39
4.39
4.39
4.38
4.37
4.37
4.37
4.37
4.37
4.36
4.37
4.37
4.37
4.37
4.37
4.37
4.36
4.37
4.38
4.39
4.39
4.39
4.39
4.40
4.40
4.39
4.38
4.38
4.38
4.38
4.37
4.38
4.38
4.40
4.39
4.39
4.40
4.41
4.41
4.40
4.40
4.40
4.40
4.40
4.40
4.39
4.40
4.42
4.42
4.43
4.43
4.42
4.43
4.43
4.42
4.42
4.41
4.42
4.42
4.42
4.42
4.41
4.40
4.40
4.40
4.40
4.39
4.39
4.39
4.40
4.40
4.39
4.40
4.41
4.40
4.40
4.41
4.40
4.40
4.40
4.40
4.40
4.40
4.40
4.41
4.42
4.41
4.43
4.42
4.41
4.42
4.41
4.41
4.40
4.40
4.39
4.39
4.39
4.39
4.39
4.39
4.39
4.40
4.40
4.40
4.40
4.41
4.42
4.42
4.42
4.42
4.41
4.42
4.41
4.41
4.40
4.40
4.40
4.40
4.40
4.40
4.39
4.39
4.38
4.38
4.38
4.39
4.39
4.39
4.40
4.40
4.41
4.40
4.40
4.40
4.39
4.39
4.39
4.40
4.39
4.40
4.40
4.40
4.40
4.40
4.40
4.40
4.39
4.40
4.39
4.40
4.40
4.39
4.39
4.39
4.38
4.40
4.40
4.39
4.40
4.41
4.41
4.42
4.41
4.41
4.41
4.41
4.42
4.42
4.42
4.43
4.42
4.43
4.43
4.43
4.43
4.44
4.43
4.43
4.43
4.43
4.44
4.44
4.45
4.44
4.44
4.44
4.44
4.44
4.44
4.44
4.44
4.44
4.44
4.43
4.44
4.44
4.44
4.44
4.43
4.43
4.43
4.43
4.42
4.43
4.42
4.42
4.43
4.42
4.42
4.41
4.41
4.41
4.41
4.41
4.41
4.40
4.40
4.40
4.40
4.40
4.40
4.40
4.41
4.41
4.42
4.42
4.42
4.41
4.41
4.42
4.42
4.42
4.42
4.42
4.41
4.42
4.42
4.42
4.42
4.42
4.42
4.42
4.42
4.42
4.42
4.42
4.41
4.41
4.41
4.40
4.39
4.39
4.39
4.39
4.39
4.39
4.39
4.38
4.38
4.38
4.38
4.38
4.38
4.37
4.37
4.38
4.38
4.38
4.38
4.38
4.38
4.38
4.37
4.37
4.38
4.38
4.38
4.38
4.39
4.38
4.39
4.39
4.40
4.39
4.40
4.39
4.39
4.39
4.40
4.40
4.39
4.39
4.39
4.39
4.39
4.39
4.40
4.40
4.40
4.40
4.40
4.41
4.40
4.40
4.40
4.40
4.40
4.40
4.40
4.40
4.42
4.42
4.41
4.41
4.41
4.41
4.42
4.41
4.41
4.41
4.40
4.40
4.40
4.40
4.40
4.40
4.40
4.40
4.39
4.39
4.40
4.40
4.39
4.39
4.39
4.39
4.38
4.38
4.39
4.39
4.38
4.38
4.39
4.39
4.39
4.39
4.38
4.38
4.38
4.38
4.38
4.37
4.38
4.37
4.37
4.37
4.37
4.37
4.37
4.37
4.36
4.37
4.36
4.37
4.36
4.37
4.37
4.37
4.37
4.37
4.37
4.37
4.38
4.37
4.37
4.37
4.37
4.37
4.37
4.37
4.37
4.36
4.37
4.37
4.37
4.37
4.36
