87.50
83.59
83.33
83.59
81.88
80.47
81.03
81.05
79.86
79.69
79.69
79.04
79.33
79.46
79.38
80.18
80.42
80.47
80.10
79.92
79.91
80.04
80.16
80.08
80.06
79.81
79.86
79.80
79.90
80.10
79.99
79.83
79.78
79.92
79.55
79.56
79.27
79.28
79.05
79.10
79.34
79.28
79.14
78.91
78.92
78.97
78.82
78.78
78.86
78.97
78.98
79.03
79.16
79.05
79.18
79.07
79.06
79.12
79.18
79.09
79.10
78.96
78.97
78.98
78.89
78.93
78.94
78.86
78.78
78.66
78.61
78.56
78.57
78.67
78.46
78.56
78.65
78.77
78.80
78.85
78.97
79.04
79.05
79.06
79.12
79.11
79.08
78.98
78.81
78.80
78.78
78.82
78.83
78.92
79.01
78.92
79.03
79.00
79.01
79.03
79.01
79.00
78.96
78.98
78.94
78.97
78.96
78.92
78.94
78.92
78.91
78.91
78.91
78.93
79.01
78.99
78.99
78.97
78.86
78.87
78.91
78.83
78.86
78.88
78.89
78.84
78.90
78.88
78.86
78.93
78.92
78.92
78.84
78.89
78.85
78.84
78.84
78.78
78.82
78.81
78.81
78.87
78.86
78.90
78.91
78.93
78.91
78.87
78.87
78.85
78.87
78.87
78.85
78.83
78.84
78.82
78.78
78.76
78.73
78.72
78.71
78.73
78.80
78.79
78.79
78.77
78.77
78.73
78.74
78.70
78.65
78.63
78.61
78.58
78.61
78.63
78.68
78.70
78.69
78.71
78.69
78.67
78.67
78.66
78.69
78.67
78.68
78.72
78.73
78.74
78.75
78.70
78.70
78.75
78.84
78.79
78.79
78.80
78.77
78.74
78.72
78.76
78.74
78.68
78.67
78.66
78.69
78.65
78.69
78.68
78.67
78.68
78.67
78.71
78.74
78.73
78.73
78.74
78.76
78.79
78.81
78.80
78.83
78.82
78.81
78.83
78.83
78.85
78.85
78.87
78.90
78.93
78.92
78.90
78.90
78.89
78.92
78.95
78.93
78.92
78.92
78.92
78.92
78.94
78.97
78.99
78.99
78.95
78.96
78.97
78.96
78.95
78.94
78.93
78.93
78.92
78.93
78.91
78.92
78.93
78.92
78.94
78.95
78.95
78.96
78.96
78.97
78.94
78.97
78.98
78.97
78.99
79.01
79.00
79.01
79.03
79.02
79.02
79.04
79.06
79.09
79.06
79.02
79.03
79.00
79.02
79.02
79.05
79.07
79.06
79.05
79.05
79.04
79.02
79.01
79.02
79.02
79.01
79.04
79.01
79.03
79.03
79.02
79.01
79.01
78.97
78.98
78.96
78.96
78.97
78.94
78.94
78.96
78.96
78.94
78.93
78.93
78.94
78.94
78.92
78.93
78.93
78.91
78.92
78.92
78.89
78.90
78.91
78.92
78.90
78.91
78.92
78.92
78.93
78.93
78.93
78.93
78.90
78.89
78.88
78.90
78.91
78.90
78.89
78.90
78.89
78.90
78.91
78.94
78.95
78.97
78.96
78.96
78.95
78.96
78.99
78.97
78.95
78.96
78.95
78.97
78.97
78.96
78.97
78.95
78.95
78.96
78.95
78.96
78.97
78.97
78.97
78.96
78.96
78.96
78.94
78.94
78.93
78.92
78.93
78.95
78.95
78.92
78.92
78.92
78.92
78.91
78.91
78.88
78.86
78.84
78.85
78.86
78.83
78.82
78.83
78.82
78.83
78.81
78.82
78.82
78.81
78.80
78.78
78.77
78.77
78.77
78.79
78.79
78.78
78.80
78.80
78.80
78.79
78.78
78.79
78.80
78.79
78.80
78.80
78.81
78.81
78.80
78.81
78.82
78.83
78.81
78.82
78.82
78.83
78.82
78.83
78.82
78.79
78.81
78.82
78.83
78.82
78.82
78.82
78.83
78.81
78.82
78.83
78.85
78.85
78.86
78.86
78.87
78.87
78.87
78.84
78.84
78.84
78.85
78.84
78.84
78.82
78.81
78.79
78.80
78.78
78.76
78.75
78.76
78.76
78.74
78.75
78.75
78.74
78.74
78.72
78.73
78.73
78.73
78.74
78.74
78.74
78.72
78.71
78.72
78.71
78.69
78.69
78.71
78.70
78.69
78.69
78.70
78.72
78.73
78.72
78.71
78.71
78.71
78.69
78.68
78.68
78.68
78.68
78.69
78.68
78.69
78.68
78.67
78.68
78.68
78.67
78.68
78.68
78.67
78.68
78.69
78.70
78.70
78.69
78.69
78.69
78.70
78.70
78.69
78.68
78.70
78.69
78.70
78.70
78.69
78.67
78.66
78.66
78.66
78.67
78.67
78.66
78.66
78.66
78.65
78.64
78.63
78.64
78.65
78.65
78.66
78.66
78.66
78.63
78.64
78.63
78.63
78.64
78.64
78.65
78.64
78.65
78.64
78.66
78.64
78.63
78.63
78.62
78.62
78.61
78.61
78.62
78.61
78.61
78.60
78.60
78.61
78.61
78.61
78.59
78.59
78.60
78.61
78.60
78.60
78.58
78.57
78.57
78.56
78.55
78.57
78.57
78.58
78.57
78.59
78.58
78.58
78.57
78.58
78.57
78.58
78.58
78.58
78.57
78.57
78.56
78.55
78.55
78.55
78.56
78.57
78.58
78.57
78.57
78.57
78.57
78.56
78.55
78.53
78.54
78.53
78.53
78.53
78.53
78.52
78.52
78.52
78.53
78.52
78.54
78.53
78.53
78.53
78.53
78.54
78.55
78.54
78.55
78.55
78.54
78.54
78.56
78.56
78.56
78.57
78.56
78.57
78.57
78.57
78.56
78.55
78.55
78.56
78.54
78.54
78.54
78.55
78.54
78.54
78.55
78.55
78.56
78.56
78.56
78.56
78.57
78.58
78.58
78.56
78.55
78.54
78.56
78.56
78.57
78.57
78.57
78.58
78.58
78.59
78.58
78.57
78.57
78.57
78.57
78.58
78.57
78.57
78.57
78.57
78.57
78.56
78.56
78.54
78.54
78.55
78.56
78.56
78.57
78.56
78.57
78.58
78.58
78.59
78.59
78.60
78.60
78.60
78.60
78.60
78.60
78.59
78.59
78.58
78.59
78.59
78.59
78.60
78.59
78.60
78.59
78.58
78.58
78.59
78.59
78.59
78.59
78.60
78.60
78.60
78.59
78.59
78.59
78.59
78.59
78.60
78.58
78.59
78.60
78.61
78.61
78.61
78.60
78.60
78.60
78.61
78.61
78.62
78.62
78.63
78.63
78.64
78.63
78.64
78.65
78.65
78.65
78.65
78.66
78.66
78.65
78.65
78.66
78.65
78.65
78.65
78.65
78.65
78.65
78.64
78.64
78.64
78.64
78.65
78.66
78.66
78.67
78.67
78.66
78.66
78.68
78.68
78.67
78.68
78.67
78.67
78.67
78.67
78.68
78.67
78.59
