31.25
35.16
35.94
35.55
34.38
35.42
35.27
34.96
34.38
35.16
35.37
35.16
35.22
34.71
35.42
35.94
36.21
36.02
35.28
35.23
35.27
35.01
34.99
34.57
34.56
34.56
34.43
34.65
34.21
34.48
34.48
34.57
34.61
34.83
34.87
34.98
35.35
35.07
35.02
34.92
34.87
35.19
35.14
35.33
35.45
35.22
35.24
35.19
35.43
35.63
35.57
35.64
35.67
35.50
35.63
35.52
35.44
35.51
35.46
35.39
35.50
35.53
35.57
35.60
35.46
35.37
35.35
35.27
35.21
35.16
35.01
34.94
34.72
34.71
34.71
34.66
34.80
34.82
34.71
34.75
34.61
34.70
34.75
34.78
34.80
34.88
34.91
34.85
34.85
34.81
34.75
34.78
34.85
34.79
34.79
34.85
34.81
34.87
34.82
34.83
34.84
34.73
34.68
34.75
34.66
34.79
34.78
34.71
34.63
34.52
34.61
34.75
34.72
34.77
34.76
34.85
34.79
34.84
34.86
34.83
34.87
34.89
34.82
34.87
34.88
34.87
34.85
34.81
34.74
34.77
34.78
34.78
34.69
34.68
34.63
34.59
34.67
34.64
34.64
34.68
34.67
34.64
34.66
34.61
34.67
34.63
34.62
34.55
34.57
34.56
34.51
34.55
34.63
34.64
34.63
34.62
34.66
34.61
34.68
34.64
34.70
34.69
34.66
34.67
34.64
34.60
34.67
34.67
34.64
34.63
34.60
34.57
34.60
34.58
34.54
34.53
34.56
34.61
34.65
34.69
34.72
34.68
34.61
34.60
34.58
34.59
34.59
34.54
34.57
34.56
34.53
34.53
34.49
34.47
34.48
34.46
34.46
34.44
34.46
34.47
34.42
34.43
34.40
34.39
34.44
34.45
34.48
34.43
34.46
34.50
34.50
34.49
34.53
34.54
34.56
34.54
34.56
34.53
34.52
34.52
34.53
34.50
34.55
34.51
34.53
34.48
34.49
34.44
34.38
34.39
34.35
34.37
34.37
34.38
34.35
34.34
34.34
34.34
34.34
34.35
34.38
34.39
34.41
34.40
34.39
34.38
34.35
34.34
34.36
34.38
34.38
34.41
34.44
34.43
34.40
34.39
34.42
34.41
34.40
34.41
34.43
34.43
34.44
34.48
34.50
34.52
34.54
34.58
34.57
34.56
34.59
34.57
34.58
34.56
34.53
34.52
34.55
34.55
34.58
34.58
34.60
34.64
34.62
34.60
34.61
34.63
34.64
34.64
34.63
34.65
34.64
34.63
34.61
34.65
34.66
34.63
34.64
34.63
34.66
34.65
34.64
34.63
34.63
34.62
34.63
34.60
34.63
34.65
34.68
34.67
34.68
34.71
34.72
34.69
34.66
34.65
34.64
34.65
34.67
34.71
34.70
34.72
34.71
34.72
34.72
34.71
34.74
34.75
34.77
34.78
34.80
34.80
34.79
34.80
34.79
34.76
34.76
34.78
34.79
34.78
34.78
34.78
34.79
34.81
34.79
34.78
34.76
34.77
34.78
34.79
34.81
34.82
34.79
34.76
34.79
34.82
34.83
34.85
34.85
34.85
34.87
34.83
34.80
34.83
34.85
34.84
34.84
34.84
34.84
34.84
34.80
34.80
34.80
34.78
34.80
34.79
34.77
34.78
34.77
34.77
34.76
34.79
34.78
34.78
34.81
34.82
34.83
34.83
34.84
34.83
34.83
34.83
34.84
34.84
34.83
34.84
34.83
34.82
34.81
34.81
34.81
34.79
34.78
34.80
34.77
34.79
34.79
34.79
34.80
34.82
34.80
34.81
34.83
34.84
34.84
34.84
34.84
34.85
34.85
34.85
34.85
34.83
34.83
34.81
34.84
34.84
34.85
34.85
34.83
34.84
34.83
34.83
34.82
34.80
34.82
34.84
34.85
34.85
34.84
34.83
34.85
34.86
34.86
34.85
34.84
34.82
34.80
34.80
34.82
34.84
34.82
34.83
34.83
34.85
34.88
34.87
34.87
34.87
34.89
34.90
34.88
34.90
34.87
34.88
34.88
34.88
34.88
34.87
34.86
34.84
34.84
34.84
34.86
34.86
34.86
34.86
34.86
34.86
34.86
34.87
34.88
34.86
34.86
34.86
34.86
34.86
34.87
34.87
34.87
34.87
34.89
34.88
34.87
34.86
34.88
34.87
34.87
34.89
34.92
34.93
34.91
34.90
34.87
34.86
34.86
34.85
34.85
34.82
34.81
34.79
34.81
34.83
34.84
34.84
34.85
34.84
34.83
34.83
34.84
34.84
34.85
34.86
34.87
34.86
34.84
34.85
34.86
34.87
34.88
34.87
34.87
34.87
34.86
34.85
34.86
34.83
34.83
34.84
34.84
34.87
34.87
34.87
34.86
34.86
34.87
34.85
34.85
34.84
34.84
34.84
34.84
34.85
34.84
34.83
34.83
34.83
34.83
34.81
34.81
34.80
34.80
34.80
34.81
34.81
34.80
34.79
34.79
34.81
34.81
34.80
34.81
34.80
34.80
34.81
34.80
34.80
34.81
34.80
34.80
34.81
34.81
34.82
34.81
34.82
34.82
34.80
34.81
34.81
34.83
34.83
34.84
34.86
34.87
34.88
34.87
34.87
34.86
34.84
34.84
34.83
34.84
34.83
34.84
34.83
34.84
34.84
34.86
34.86
34.86
34.85
34.83
34.82
34.83
34.84
34.84
34.84
34.85
34.88
34.87
34.89
34.88
34.87
34.88
34.89
34.89
34.88
34.88
34.88
34.89
34.87
34.86
34.86
34.86
34.86
34.87
34.88
34.88
34.89
34.90
34.89
34.91
34.91
34.93
34.93
34.92
34.91
34.92
34.91
34.93
34.93
34.94
34.94
34.96
34.97
34.96
34.97
34.96
34.99
34.99
34.99
34.98
34.97
34.98
34.97
34.97
34.97
34.97
34.97
34.97
34.97
34.97
34.99
35.01
34.99
34.98
34.96
34.95
34.95
34.94
34.93
34.93
34.94
34.97
34.96
34.96
34.97
34.98
34.96
34.96
34.96
34.97
34.97
34.97
34.96
34.96
34.96
34.95
34.95
34.96
34.96
34.97
34.99
35.00
34.99
35.00
34.99
34.99
34.99
35.00
34.99
35.00
34.99
34.99
34.98
34.98
34.99
34.98
34.97
34.98
34.96
34.96
34.95
34.95
34.95
34.94
34.95
34.96
34.96
34.95
34.95
34.96
34.96
34.96
34.98
34.99
34.99
34.99
34.99
34.99
34.97
34.97
34.94
34.94
34.93
34.93
34.92
34.91
34.92
34.91
34.91
34.92
34.92
34.92
34.92
34.93
34.93
34.92
34.92
34.93
34.92
34.93
34.93
34.92
34.93
34.92
34.92
34.90
34.89
34.89
34.90
34.91
34.90
34.91
34.91
34.91
34.91
34.91
34.91
34.91
34.91
34.90
34.87
