79.69
75.78
78.65
78.52
80.62
79.17
78.79
78.52
78.30
77.97
78.12
78.65
78.49
78.46
78.44
78.81
78.95
78.39
78.78
78.44
78.35
78.12
78.19
78.39
78.62
78.67
78.76
78.85
78.56
78.39
78.38
78.42
78.55
78.40
78.21
78.30
78.29
78.33
78.37
78.40
78.20
78.27
78.05
78.09
78.06
78.02
78.03
77.96
77.93
77.78
77.94
78.03
78.01
77.98
77.98
77.96
78.04
78.04
78.20
78.15
78.15
78.15
78.15
78.17
78.20
78.10
78.06
78.12
78.12
78.17
78.08
78.17
78.21
78.17
78.19
78.21
78.17
78.15
78.07
78.09
78.18
78.20
78.20
78.18
78.14
78.16
78.20
78.20
78.18
78.19
78.21
78.23
78.24
78.32
78.34
78.32
78.38
78.43
78.39
78.34
78.40
78.46
78.50
78.50
78.50
78.55
78.49
78.56
78.50
78.45
78.51
78.54
78.61
78.59
78.63
78.65
78.66
78.68
78.60
78.57
78.49
78.39
78.47
78.47
78.51
78.48
78.47
78.42
78.43
78.39
78.38
78.42
78.35
78.31
78.28
78.24
78.23
78.17
78.18
78.24
78.27
78.26
78.29
78.30
78.34
78.34
78.36
78.40
78.40
78.41
78.38
78.39
78.36
78.41
78.48
78.49
78.52
78.50
78.50
78.52
78.53
78.48
78.49
78.50
78.50
78.51
78.50
78.52
78.49
78.47
78.51
78.48
78.40
78.40
78.38
78.39
78.42
78.41
78.41
78.42
78.45
78.42
78.43
78.46
78.46
78.39
78.40
78.42
78.38
78.36
78.35
78.31
78.29
78.29
78.25
78.24
78.25
78.26
78.26
78.30
78.32
78.31
78.34
78.30
78.36
78.35
78.37
78.41
78.40
78.39
78.39
78.36
78.36
78.36
78.38
78.39
78.38
78.39
78.36
78.31
78.32
78.33
78.32
78.33
78.30
78.29
78.32
78.35
78.36
78.33
78.31
78.33
78.36
78.35
78.33
78.30
78.28
78.33
78.32
78.33
78.31
78.33
78.35
78.36
78.36
78.36
78.30
78.29
78.26
78.23
78.24
78.25
78.24
78.27
78.26
78.23
78.25
78.28
78.32
78.34
78.33
78.35
78.31
78.30
78.33
78.33
78.31
78.31
78.28
78.29
78.30
78.32
78.31
78.30
78.29
78.26
78.26
78.28
78.28
78.26
78.27
78.27
78.29
78.30
78.32
78.31
78.28
78.30
78.33
78.31
78.33
78.32
78.32
78.29
78.30
78.29
78.28
78.26
78.24
78.25
78.23
78.23
78.21
78.21
78.22
78.20
78.20
78.21
78.21
78.23
78.22
78.25
78.24
78.24
78.22
78.24
78.23
78.21
78.21
78.22
78.23
78.23
78.25
78.23
78.23
78.25
78.26
78.26
78.25
78.24
78.21
78.20
78.19
78.20
78.18
78.14
78.13
78.13
78.12
78.11
78.14
78.13
78.11
78.09
78.06
78.07
78.08
78.08
78.08
78.11
78.11
78.13
78.11
78.11
78.10
78.08
78.07
78.08
78.10
78.09
78.09
78.11
78.09
78.11
78.10
78.10
78.10
78.09
78.10
78.07
78.09
78.09
78.10
78.09
78.08
78.11
78.10
78.10
78.09
78.10
78.12
78.13
78.12
78.13
78.13
78.14
78.15
78.17
78.17
78.16
78.15
78.16
78.16
78.17
78.16
78.18
78.16
78.16
78.16
78.14
78.12
78.12
78.09
78.10
78.10
78.11
78.09
78.09
78.11
78.10
78.10
78.09
78.09
78.05
78.04
78.03
78.02
78.04
78.02
78.02
78.02
78.05
78.05
78.05
78.05
78.04
78.02
78.03
78.05
78.06
78.07
78.05
78.05
78.06
78.07
78.09
78.08
78.06
78.05
78.04
78.05
78.07
78.06
78.05
78.06
78.06
78.04
78.05
78.04
78.07
78.08
78.09
78.08
78.07
78.10
78.10
78.09
78.08
78.05
78.07
78.06
78.05
78.05
78.05
78.03
78.01
78.00
78.01
78.01
78.02
78.03
78.04
78.05
78.06
78.07
78.06
78.05
78.05
78.05
78.06
78.08
78.07
78.07
78.08
78.07
78.08
78.08
78.07
78.06
78.08
78.07
78.07
78.07
78.07
78.07
78.06
78.06
78.06
78.05
78.05
78.05
78.06
78.08
78.08
78.08
78.08
78.08
78.08
78.09
78.09
78.07
78.08
78.05
78.06
78.06
78.06
78.08
78.10
78.08
78.06
78.07
78.07
78.08
78.09
78.11
78.10
78.10
78.09
78.09
78.09
78.09
78.10
78.08
78.07
78.07
78.07
78.06
78.08
78.08
78.07
78.08
78.09
78.09
78.11
78.11
78.10
78.10
78.11
78.11
78.12
78.14
78.14
78.14
78.13
78.14
78.13
78.14
78.13
78.13
78.12
78.14
78.14
78.14
78.14
78.15
78.16
78.19
78.18
78.17
78.17
78.17
78.15
78.16
78.17
78.16
78.15
78.15
78.15
78.15
78.17
78.17
78.17
78.17
78.17
78.16
78.16
78.16
78.16
78.15
78.16
78.15
78.15
78.16
78.17
78.16
78.17
78.16
78.17
78.16
78.14
78.15
78.17
78.17
78.18
78.17
78.17
78.16
78.16
78.17
78.16
78.16
78.18
78.18
78.20
78.20
78.20
78.21
78.20
78.21
78.20
78.20
78.21
78.22
78.21
78.22
78.22
78.21
78.20
78.20
78.20
78.20
78.19
78.20
78.21
78.22
78.21
78.21
78.21
78.23
78.23
78.23
78.22
78.21
78.22
78.22
78.22
78.23
78.23
78.23
78.23
78.22
78.23
78.25
78.24
78.24
78.24
78.24
78.26
78.26
78.25
78.26
78.25
78.25
78.25
78.24
78.24
78.25
78.24
78.22
78.22
78.22
78.19
78.20
78.20
78.20
78.20
78.20
78.21
78.21
78.21
78.22
78.22
78.21
78.22
78.22
78.22
78.22
78.23
78.24
78.24
78.25
78.27
78.26
78.25
78.26
78.28
78.28
78.28
78.27
78.27
78.28
78.29
78.30
78.30
78.30
78.30
78.30
78.30
78.30
78.30
78.31
78.30
78.30
78.31
78.29
78.30
78.29
78.30
78.31
78.32
78.31
78.31
78.29
78.30
78.31
78.31
78.32
78.31
78.31
78.31
78.31
78.31
78.31
78.33
78.33
78.34
78.33
78.33
78.33
78.33
78.31
78.31
78.32
78.32
78.30
78.30
78.29
78.30
78.30
78.29
78.29
78.28
78.28
78.28
78.29
78.29
78.29
78.28
78.28
78.28
78.27
78.28
78.27
78.26
78.26
78.25
78.26
78.26
78.26
78.27
78.26
78.26
78.25
78.24
78.26
78.26
78.27
78.27
78.27
78.28
78.28
78.21
