87.50
82.03
80.73
82.42
83.75
80.47
81.03
82.03
81.77
82.34
81.82
81.77
81.73
82.14
81.98
81.35
81.34
81.34
81.09
80.62
80.58
80.18
80.50
80.79
80.88
80.95
81.02
81.31
81.25
80.99
81.05
81.15
80.82
80.74
80.67
80.73
80.87
80.80
80.65
80.74
80.68
80.73
80.74
80.79
80.90
80.74
80.62
80.66
80.71
80.81
80.82
80.71
80.72
80.61
80.54
80.55
80.48
80.50
80.53
80.39
80.38
80.47
80.53
80.54
80.55
80.40
80.43
80.47
80.46
80.33
80.37
80.43
80.46
80.51
80.44
80.51
80.48
80.39
80.32
80.27
80.17
80.20
80.21
80.21
80.28
80.29
80.21
80.22
80.34
80.30
80.31
80.30
80.21
80.14
80.12
80.03
79.99
80.10
80.11
80.13
80.20
80.12
80.11
80.05
80.06
79.97
79.91
79.89
79.80
79.87
79.88
79.88
79.88
79.91
79.97
80.00
80.05
80.05
80.04
80.09
80.13
80.11
80.11
80.13
80.15
80.16
80.16
80.19
80.15
80.17
80.21
80.23
80.27
80.31
80.29
80.27
80.29
80.33
80.29
80.33
80.25
80.30
80.26
80.28
80.24
80.22
80.17
80.16
80.17
80.16
80.16
80.17
80.22
80.26
80.30
80.29
80.26
80.28
80.32
80.26
80.21
80.18
80.16
80.14
80.12
80.17
80.16
80.14
80.16
80.17
80.23
80.21
80.20
80.21
80.26
80.26
80.28
80.29
80.32
80.31
80.23
80.24
80.23
80.22
80.19
80.20
80.19
80.18
80.18
80.23
80.27
80.30
80.33
80.33
80.34
80.33
80.39
80.33
80.34
80.30
80.32
80.34
80.37
80.37
80.37
80.39
80.42
80.39
80.37
80.36
80.35
80.34
80.39
80.40
80.39
80.41
80.40
80.40
80.43
80.41
80.42
80.40
80.41
80.39
80.40
80.41
80.40
80.39
80.38
80.35
80.33
80.33
80.35
80.40
80.41
80.41
80.42
80.40
80.41
80.37
80.39
80.42
80.42
80.44
80.43
80.43
80.46
80.47
80.49
80.49
80.55
80.54
80.53
80.54
80.56
80.56
80.58
80.58
80.57
80.57
80.57
80.56
80.57
80.60
80.60
80.58
80.59
80.60
80.59
80.55
80.56
80.54
80.53
80.51
80.48
80.47
80.48
80.45
80.44
80.44
80.45
80.47
80.48
80.48
80.48
80.49
80.47
80.45
80.44
80.43
80.46
80.45
80.46
80.48
80.46
80.45
80.45
80.41
80.37
80.35
80.36
80.34
80.32
80.32
80.32
80.30
80.29
80.29
80.26
80.26
80.27
80.29
80.30
80.30
80.30
80.27
80.29
80.30
80.29
80.30
80.30
80.32
80.33
80.33
80.34
80.34
80.36
80.38
80.39
80.38
80.38
80.35
80.35
80.37
80.37
80.35
80.35
80.37
80.36
80.38
80.38
80.37
80.36
80.37
80.38
80.35
80.35
80.37
80.37
80.38
80.37
80.34
80.36
80.35
80.36
80.34
80.37
80.37
80.36
80.38
80.39
80.41
80.43
80.45
80.48
80.50
80.49
80.48
80.49
80.49
80.50
80.50
80.50
80.50
80.49
80.48
80.48
80.46
80.43
80.45
80.45
80.46
80.47
80.50
80.51
80.53
80.52
80.52
80.54
80.55
80.55
80.53
80.52
80.52
80.53
80.51
80.51
80.50
80.53
80.51
80.51
80.50
80.52
80.51
80.52
80.53
80.52
80.50
80.48
80.48
80.49
80.50
80.50
80.50
80.50
80.50
80.52
80.52
80.51
80.51
80.51
80.53
80.53
80.52
80.51
80.49
80.50
80.49
80.49
80.48
80.49
80.49
80.50
80.49
80.47
80.48
80.48
80.49
80.48
80.48
80.48
80.48
80.48
80.47
80.46
80.46
80.46
80.46
80.44
80.46
80.48
80.48
80.48
80.47
80.46
80.47
80.48
80.46
80.45
80.47
80.48
80.48
80.48
80.48
80.49
80.49
80.47
80.45
80.45
80.44
80.45
80.46
80.45
80.45
80.43
80.44
80.43
80.41
80.41
80.41
80.40
80.42
80.42
80.43
80.43
80.44
80.45
80.44
80.44
80.44
80.43
80.43
80.44
80.44
80.43
80.43
80.40
80.41
80.43
80.42
80.41
80.39
80.39
80.39
80.41
80.41
80.42
80.42
80.41
80.43
80.40
80.40
80.41
80.40
80.39
80.39
80.39
80.40
80.40
80.41
80.41
80.39
80.41
80.42
80.42
80.40
80.41
80.39
80.39
80.41
80.41
80.40
80.41
80.41
80.41
80.40
80.42
80.42
80.42
80.41
80.40
80.39
80.38
80.38
80.37
80.36
80.35
80.36
80.35
80.34
80.32
80.32
80.31
80.32
80.32
80.32
80.32
80.31
80.29
80.28
80.27
80.28
80.29
80.27
80.28
80.28
80.29
80.30
80.30
80.30
80.29
80.29
80.28
80.29
80.27
80.25
80.26
80.27
80.27
80.27
80.27
80.29
80.29
80.29
80.31
80.33
80.32
80.31
80.32
80.32
80.31
80.32
80.32
80.32
80.33
80.34
80.33
80.33
80.32
80.33
80.33
80.32
80.31
80.32
80.33
80.33
80.33
80.32
80.32
80.32
80.32
80.34
80.35
80.35
80.35
80.34
80.35
80.35
80.35
80.35
80.35
80.34
80.34
80.34
80.33
80.34
80.33
80.32
80.33
80.33
80.33
80.33
80.33
80.34
80.34
80.34
80.34
80.33
80.32
80.32
80.33
80.34
80.34
80.35
80.34
80.34
80.36
80.36
80.35
80.37
80.37
80.38
80.38
80.37
80.37
80.36
80.36
80.36
80.36
80.37
80.38
80.38
80.38
80.37
80.37
80.36
80.36
80.36
80.34
80.34
80.34
80.34
80.34
80.34
80.33
80.33
80.33
80.33
80.33
80.33
80.33
80.32
80.33
80.33
80.33
80.34
80.34
80.33
80.33
80.34
80.35
80.35
80.34
80.35
80.35
80.35
80.34
80.33
80.33
80.32
80.33
80.32
80.33
80.33
80.33
80.33
80.33
80.32
80.32
80.33
80.33
80.33
80.34
80.33
80.33
80.34
80.34
80.35
80.35
80.34
80.34
80.33
80.33
80.34
80.34
80.33
80.33
80.33
80.33
80.33
80.34
80.33
80.33
80.33
80.33
80.34
80.35
80.34
80.33
80.33
80.34
80.34
80.34
80.34
80.34
80.34
80.34
80.34
80.36
80.35
80.36
80.35
80.36
80.36
80.36
80.35
80.34
80.33
80.32
80.32
80.33
80.33
80.33
80.32
80.33
80.33
80.33
80.32
80.32
80.30
80.32
80.30
80.30
80.29
80.29
80.30
80.30
80.30
80.31
80.32
80.32
80.24
