68.75
64.84
60.94
63.28
63.13
63.54
62.28
63.48
62.85
62.81
63.21
63.67
63.46
64.06
63.44
63.57
63.60
63.63
63.57
63.75
63.76
63.99
63.93
64.26
64.38
64.48
64.24
64.51
64.44
64.74
64.31
64.26
64.11
64.38
64.38
64.58
64.70
64.51
64.62
64.77
64.63
64.51
64.61
64.74
64.69
64.81
64.99
64.88
64.92
64.84
64.61
64.78
64.80
64.79
64.72
64.76
64.88
65.01
65.02
64.87
64.57
64.64
64.51
64.72
64.71
64.84
64.81
64.82
64.79
64.80
64.92
65.06
65.00
64.95
64.92
64.99
64.89
64.96
64.79
64.67
64.64
64.69
64.68
64.64
64.56
64.46
64.40
64.44
64.40
64.38
64.35
64.32
64.28
64.25
64.33
64.36
64.29
64.22
64.28
64.25
64.23
64.12
64.17
64.20
64.26
64.17
64.11
64.13
64.11
64.18
64.20
64.13
64.10
64.12
64.10
64.18
64.21
64.27
64.31
64.28
64.24
64.29
64.20
64.20
64.21
64.32
64.39
64.37
64.38
64.36
64.36
64.33
64.43
64.45
64.43
64.51
64.44
64.42
64.48
64.48
64.49
64.51
64.54
64.53
64.49
64.52
64.54
64.56
64.54
64.56
64.55
64.59
64.57
64.62
64.55
64.54
64.49
64.45
64.40
64.41
64.43
64.43
64.44
64.46
64.52
64.52
64.54
64.52
64.56
64.52
64.47
64.51
64.49
64.42
64.41
64.44
64.40
64.40
64.41
64.38
64.35
64.35
64.39
64.49
64.53
64.61
64.60
64.62
64.60
64.56
64.57
64.54
64.51
64.53
64.53
64.55
64.59
64.58
64.66
64.65
64.67
64.72
64.73
64.71
64.73
64.74
64.68
64.65
64.67
64.64
64.64
64.59
64.61
64.62
64.59
64.59
64.61
64.62
64.65
64.60
64.57
64.56
64.56
64.56
64.56
64.53
64.57
64.54
64.56
64.57
64.54
64.47
64.44
64.43
64.44
64.43
64.40
64.44
64.44
64.43
64.44
64.48
64.46
64.46
64.44
64.46
64.46
64.48
64.46
64.49
64.50
64.47
64.45
64.46
64.44
64.48
64.48
64.46
64.45
64.42
64.41
64.41
64.35
64.38
64.36
64.35
64.32
64.32
64.35
64.38
64.37
64.36
64.34
64.36
64.36
64.36
64.36
64.35
64.34
64.36
64.37
64.38
64.35
64.33
64.34
64.34
64.31
64.31
64.30
64.33
64.30
64.31
64.27
64.24
64.26
64.22
64.24
64.22
64.24
64.26
64.26
64.30
64.32
64.33
64.35
64.33
64.33
64.31
64.36
64.33
64.36
64.37
64.38
64.37
64.40
64.43
64.44
64.47
64.44
64.43
64.45
64.45
64.48
64.45
64.46
64.44
64.45
64.47
64.46
64.45
64.46
64.44
64.43
64.43
64.46
64.48
64.50
64.50
64.52
64.53
64.52
64.52
64.51
64.51
64.49
64.49
64.49
64.51
64.51
64.50
64.50
64.49
64.51
64.51
64.50
64.50
64.54
64.58
64.59
64.57
64.60
64.59
64.59
64.63
64.61
64.60
64.59
64.60
64.57
64.62
64.64
64.65
64.66
64.67
64.67
64.71
64.73
64.73
64.70
64.71
64.73
64.72
64.72
64.70
64.69
64.65
64.66
64.67
64.69
64.72
64.69
64.68
64.68
64.67
64.69
64.68
64.66
64.69
64.68
64.70
64.69
64.71
64.71
64.73
64.73
64.72
64.72
64.74
64.75
64.72
64.72
64.69
64.69
64.68
64.67
64.68
64.68
64.68
64.68
64.67
64.68
64.68
64.67
64.68
64.66
64.68
64.68
64.69
64.69
64.68
64.65
64.67
64.65
64.65
64.63
64.64
64.66
64.67
64.67
64.66
64.67
64.67
64.65
64.66
64.65
64.63
64.64
64.61
64.61
64.62
64.63
64.65
64.65
64.63
64.62
64.62
64.63
64.65
64.65
64.66
64.66
64.66
64.70
64.71
64.70
64.71
64.68
64.69
64.68
64.69
64.71
64.70
64.71
64.73
64.73
64.72
64.73
64.75
64.72
64.72
64.70
64.70
64.73
64.73
64.72
64.72
64.71
64.71
64.72
64.71
64.71
64.73
64.70
64.69
64.67
64.70
64.71
64.72
64.72
64.72
64.70
64.69
64.69
64.69
64.68
64.67
64.68
64.68
64.67
64.66
64.68
64.69
64.71
64.71
64.71
64.71
64.72
64.73
64.72
64.74
64.74
64.74
64.75
64.75
64.76
64.77
64.76
64.75
64.74
64.75
64.74
64.72
64.72
64.73
64.73
64.73
64.73
64.74
64.75
64.78
64.78
64.81
64.81
64.81
64.81
64.81
64.81
64.81
64.82
64.86
64.85
64.86
64.88
64.89
64.88
64.87
64.86
64.86
64.86
64.85
64.85
64.85
64.85
64.85
64.85
64.85
64.88
64.89
64.88
64.87
64.88
64.88
64.86
64.87
64.88
64.90
64.89
64.88
64.89
64.88
64.87
64.87
64.88
64.90
64.91
64.91
64.92
64.91
64.90
64.90
64.88
64.88
64.90
64.88
64.88
64.87
64.87
64.86
64.87
64.87
64.87
64.87
64.88
64.88
64.87
64.87
64.87
64.86
64.85
64.84
64.84
64.83
64.83
64.84
64.83
64.83
64.83
64.82
64.84
64.84
64.85
64.85
64.87
64.87
64.85
64.84
64.83
64.82
64.82
64.82
64.82
64.84
64.82
64.81
64.83
64.85
64.86
64.86
64.85
64.85
64.85
64.85
64.85
64.85
64.85
64.86
64.85
64.84
64.85
64.86
64.85
64.85
64.85
64.88
64.87
64.88
64.88
64.88
64.87
64.89
64.88
64.88
64.87
64.88
64.88
64.87
64.88
64.88
64.89
64.91
64.91
64.92
64.93
64.93
64.94
64.95
64.95
64.95
64.94
64.93
64.93
64.92
64.93
64.93
64.92
64.91
64.91
64.91
64.91
64.90
64.88
64.88
64.88
64.88
64.89
64.89
64.89
64.89
64.90
64.89
64.89
64.88
64.89
64.89
64.88
64.89
64.87
64.87
64.88
64.88
64.88
64.88
64.86
64.86
64.86
64.85
64.84
64.84
64.86
64.86
64.88
64.86
64.87
64.86
64.87
64.85
64.85
64.85
64.85
64.87
64.87
64.86
64.86
64.84
64.83
64.82
64.83
64.82
64.82
64.83
64.83
64.82
64.84
64.84
64.84
64.84
64.83
64.84
64.84
64.83
64.84
64.83
64.83
64.83
64.84
64.85
64.84
64.84
64.83
64.83
64.84
64.84
64.84
64.85
64.84
64.85
64.86
64.85
64.85
64.86
64.88
64.89
64.88
64.88
64.87
64.88
64.88
64.89
64.88
64.87
64.88
64.82
