20.31
25.00
23.44
22.66
22.81
24.22
24.11
24.02
24.31
25.00
26.42
26.82
26.20
26.67
26.67
26.46
26.19
26.22
26.07
26.02
26.12
25.85
25.95
25.98
26.31
26.08
25.87
26.17
26.29
26.25
26.16
26.22
26.33
26.52
26.74
26.87
27.11
27.01
27.16
26.95
27.06
27.08
26.89
26.92
26.74
26.66
26.76
26.60
26.59
26.69
26.65
26.62
26.50
26.48
26.59
26.51
26.56
26.59
26.54
26.59
26.49
26.56
26.46
26.42
26.39
26.33
26.33
26.40
26.43
26.47
26.36
26.41
26.35
26.35
26.19
26.17
26.36
26.34
26.34
26.37
26.37
26.28
26.32
26.34
26.36
26.49
26.56
26.56
26.58
26.53
26.51
26.46
26.48
26.48
26.51
26.46
26.45
26.48
26.48
26.53
26.62
26.65
26.68
26.70
26.67
26.67
26.61
26.65
26.66
26.69
26.72
26.69
26.63
26.69
26.67
26.64
26.66
26.68
26.71
26.73
26.69
26.69
26.70
26.70
26.73
26.67
26.81
26.75
26.72
26.72
26.68
26.65
26.68
26.67
26.66
26.68
26.73
26.75
26.74
26.84
26.84
26.78
26.80
26.81
26.81
26.89
26.85
26.90
26.92
26.97
26.97
26.98
26.90
27.01
26.99
26.96
26.96
26.96
26.92
26.91
26.85
26.89
26.86
26.90
26.93
26.89
26.91
26.93
26.93
26.94
26.96
26.98
27.03
27.06
27.07
27.08
27.04
27.01
26.97
26.99
26.99
27.00
27.02
27.03
27.04
27.02
26.99
26.99
26.93
26.93
26.92
26.92
26.98
27.01
27.04
27.03
27.05
27.01
27.04
26.98
27.03
27.01
27.01
27.02
27.02
27.02
27.02
27.02
27.03
27.02
27.04
27.06
27.06
27.06
27.09
27.05
27.04
27.04
27.05
27.00
27.01
26.98
26.96
26.96
26.96
26.96
26.95
26.93
26.90
26.94
26.94
26.91
26.90
26.90
26.93
26.91
26.92
26.90
26.92
26.89
26.91
26.88
26.90
26.91
26.89
26.92
26.91
26.95
26.97
26.97
26.98
26.97
26.95
26.90
26.89
26.92
26.92
26.91
26.92
26.93
26.95
26.96
26.99
26.96
26.93
26.90
26.88
26.91
26.93
26.94
26.92
26.92
26.93
26.90
26.91
26.94
26.93
26.94
26.94
26.98
26.97
26.98
26.98
26.96
26.94
26.94
26.97
26.97
26.95
26.95
26.94
26.91
26.92
26.93
26.90
26.92
26.93
26.90
26.92
26.97
26.96
26.95
26.92
26.95
26.95
26.91
26.92
26.93
26.92
26.92
26.92
26.92
26.90
26.89
26.90
26.88
26.90
26.89
26.93
26.93
26.94
26.94
26.93
26.94
26.95
26.97
26.98
27.01
26.99
27.00
26.99
27.02
27.01
26.97
26.97
26.98
26.98
26.95
26.92
26.92
26.90
26.91
26.92
26.93
26.92
26.95
26.95
26.97
26.98
26.98
26.98
26.95
26.94
26.94
26.93
26.91
26.92
26.91
26.95
26.98
26.99
26.98
27.00
27.01
27.00
26.99
26.97
26.95
26.97
26.97
26.99
27.00
26.99
27.03
27.03
27.00
27.02
27.03
27.03
27.01
27.02
27.00
27.03
27.03
27.04
27.06
27.10
27.10
27.08
27.10
27.07
27.08
27.03
27.02
27.01
27.02
27.01
27.02
27.04
27.05
27.05
27.04
27.06
27.05
27.03
27.04
27.05
27.09
27.07
27.10
27.10
27.10
27.10
27.11
27.10
27.10
27.10
27.10
27.10
27.08
27.08
27.08
27.07
27.08
27.06
27.08
27.07
27.07
27.09
27.09
27.10
27.09
27.11
27.09
27.09
27.10
27.08
27.08
27.09
27.09
27.11
27.11
27.11
27.11
27.11
27.09
27.11
27.10
27.09
27.07
27.09
27.09
27.10
27.11
27.10
27.11
27.10
27.09
27.10
27.10
27.09
27.09
27.11
27.10
27.10
27.11
27.10
27.11
27.11
27.13
27.14
27.13
27.11
27.12
27.13
27.15
27.17
27.18
27.17
27.18
27.17
27.18
27.21
27.20
27.20
27.19
27.18
27.17
27.15
27.16
27.14
27.13
27.13
27.14
27.14
27.13
27.14
27.16
27.14
27.16
27.16
27.16
27.17
27.15
27.16
27.16
27.15
27.15
27.16
27.17
27.17
27.17
27.16
27.16
27.15
27.14
27.15
27.14
27.13
27.12
27.13
27.14
27.16
27.15
27.15
27.17
27.18
27.17
27.16
27.17
27.18
27.19
27.19
27.21
27.21
27.21
27.21
27.20
27.19
27.18
27.18
27.19
27.18
27.18
27.18
27.19
27.19
27.18
27.19
27.19
27.19
27.18
27.18
27.19
27.20
27.20
27.21
27.21
27.22
27.22
27.21
27.21
27.21
27.21
27.22
27.21
27.21
27.21
27.21
27.21
27.21
27.21
27.21
27.22
27.23
27.24
27.24
27.24
27.25
27.24
27.23
27.24
27.25
27.23
27.23
27.21
27.20
27.21
27.21
27.21
27.20
27.21
27.20
27.21
27.22
27.22
27.22
27.22
27.21
27.21
27.21
27.22
27.22
27.21
27.22
27.21
27.21
27.22
27.22
27.21
27.22
27.22
27.22
27.23
27.23
27.24
27.24
27.24
27.24
27.23
27.23
27.23
27.24
27.23
27.23
27.23
27.23
27.23
27.25
27.27
27.26
27.27
27.29
27.28
27.27
27.28
27.29
27.29
27.30
27.31
27.34
27.33
27.33
27.33
27.33
27.34
27.33
27.34
27.34
27.33
27.33
27.33
27.33
27.33
27.33
27.33
27.32
27.30
27.30
27.30
27.28
27.28
27.28
27.27
27.27
27.27
27.26
27.26
27.25
27.25
27.25
27.25
27.26
27.24
27.23
27.23
27.24
27.24
27.23
27.24
27.24
27.24
27.27
27.28
27.28
27.29
27.29
27.28
27.28
27.30
27.31
27.32
27.31
27.32
27.33
27.33
27.33
27.33
27.32
27.33
27.32
27.32
27.30
27.30
27.29
27.30
27.30
27.29
27.29
27.30
27.31
27.30
27.31
27.30
27.30
27.29
27.28
27.28
27.26
27.26
27.26
27.27
27.26
27.27
27.28
27.28
27.27
27.26
27.25
27.26
27.26
27.25
27.26
27.25
27.26
27.26
27.26
27.25
27.24
27.23
27.23
27.24
27.25
27.25
27.26
27.26
27.26
27.26
27.26
27.26
27.26
27.26
27.27
27.26
27.27
27.27
27.27
27.28
27.28
27.28
27.28
27.29
27.30
27.30
27.31
27.33
27.34
27.35
27.35
27.35
27.34
27.34
27.33
27.32
27.33
27.33
27.32
27.32
27.32
27.31
27.31
27.28
