79.69
78.91
79.69
80.86
80.31
80.73
80.36
79.10
79.17
78.59
78.69
78.91
79.57
80.25
80.31
80.66
80.88
81.16
81.00
80.62
80.65
80.54
80.43
80.40
80.19
80.23
80.27
80.25
80.23
80.21
80.29
80.22
80.02
79.87
79.73
79.86
80.07
80.30
80.33
80.16
80.07
80.32
80.01
80.01
79.97
79.96
79.92
79.98
79.88
79.78
79.78
79.84
79.86
80.06
80.11
80.08
80.13
80.23
80.14
80.08
80.17
80.09
80.13
80.00
79.98
79.92
79.90
80.06
79.94
79.96
80.04
79.90
79.97
80.00
79.96
79.95
79.99
79.95
79.96
79.94
79.96
79.90
79.89
79.89
79.94
80.00
79.97
79.87
79.93
79.97
80.01
79.98
79.97
79.95
80.02
80.03
80.06
80.10
80.15
80.09
80.11
80.16
80.22
80.26
80.21
80.25
80.20
80.12
80.16
80.18
80.15
80.19
80.21
80.29
80.34
80.35
80.40
80.42
80.38
80.36
80.35
80.32
80.32
80.33
80.35
80.33
80.33
80.20
80.18
80.22
80.21
80.23
80.27
80.31
80.30
80.28
80.26
80.24
80.28
80.20
80.22
80.24
80.17
80.18
80.16
80.10
80.08
80.10
80.08
80.11
80.09
80.10
80.13
80.13
80.19
80.20
80.21
80.24
80.18
80.19
80.11
80.05
80.01
80.06
80.05
79.98
79.98
80.02
80.02
80.00
79.94
79.88
79.86
79.89
79.91
79.93
79.93
79.92
79.90
79.90
79.91
79.90
79.84
79.81
79.80
79.84
79.86
79.80
79.83
79.84
79.85
79.91
79.89
79.86
79.86
79.84
79.83
79.86
79.88
79.84
79.87
79.81
79.83
79.86
79.85
79.82
79.78
79.79
79.81
79.86
79.87
79.84
79.88
79.87
79.89
79.91
79.91
79.92
79.92
79.92
79.93
79.93
79.91
79.87
79.88
79.80
79.79
79.77
79.75
79.77
79.77
79.74
79.75
79.74
79.70
79.73
79.77
79.77
79.76
79.79
79.78
79.79
79.80
79.84
79.85
79.84
79.86
79.83
79.84
79.84
79.84
79.86
79.86
79.86
79.87
79.86
79.89
79.86
79.89
79.88
79.87
79.89
79.89
79.91
79.89
79.90
79.92
79.90
79.91
79.92
79.94
79.95
79.92
79.94
79.95
79.98
79.97
79.97
79.98
79.98
79.97
79.97
79.98
80.00
79.96
79.93
79.95
79.97
79.96
79.96
79.97
79.97
79.96
79.95
79.97
79.98
79.99
80.01
79.99
79.99
80.00
79.99
79.99
79.99
79.96
79.96
79.97
79.96
79.96
79.98
79.97
79.98
79.99
79.98
79.98
79.97
79.95
79.97
79.97
79.98
79.99
80.00
80.00
79.98
79.99
79.99
80.00
80.01
80.02
80.00
79.99
80.00
80.01
80.00
80.01
79.99
80.00
79.98
79.98
79.97
79.97
79.97
79.97
79.97
80.00
79.99
79.98
79.99
80.00
79.98
79.99
79.97
79.98
79.98
79.95
79.94
79.96
79.98
79.98
79.97
79.97
79.98
79.99
80.00
80.00
79.99
79.99
79.99
79.98
79.99
79.99
80.00
80.01
80.00
79.97
79.97
79.97
80.00
80.00
79.99
80.00
79.99
79.99
79.99
80.01
80.01
79.99
79.97
79.97
79.97
80.00
79.99
79.99
79.99
79.99
80.00
80.02
80.01
80.02
80.02
80.02
80.03
80.02
80.02
80.01
80.02
80.04
80.05
80.06
80.06
80.06
80.06
80.05
80.04
80.05
80.05
80.04
80.05
80.06
80.07
80.07
80.08
80.06
80.06
80.07
80.06
80.06
80.07
80.07
80.06
80.06
80.07
80.07
80.06
80.06
80.06
80.07
80.09
80.09
80.09
80.09
80.08
80.06
80.05
80.04
80.06
80.05
80.04
80.03
80.02
80.00
80.01
80.01
80.01
79.99
79.98
79.98
79.99
79.99
80.00
80.00
79.99
79.99
79.98
79.99
80.00
79.98
79.98
80.00
80.01
80.01
80.00
79.99
79.98
79.98
79.96
79.95
79.96
79.96
79.96
79.98
79.99
79.98
79.97
79.98
79.98
79.99
80.01
80.01
80.02
80.01
80.01
80.03
80.02
80.02
80.03
80.03
80.01
80.01
80.01
80.01
80.01
80.00
80.00
79.99
79.99
80.00
80.00
80.01
80.00
80.00
80.00
80.01
80.01
80.02
80.02
80.03
80.02
80.03
80.05
80.04
80.04
80.03
80.02
80.03
80.05
80.02
80.03
80.02
79.99
80.00
80.00
80.01
80.02
80.01
80.00
80.01
80.00
80.00
80.02
80.03
80.05
80.04
80.05
80.05
80.01
80.01
80.00
80.02
80.02
80.01
80.00
80.00
80.01
80.01
80.01
80.03
80.03
80.04
80.04
80.06
80.05
80.06
80.06
80.07
80.06
80.07
80.06
80.05
80.04
80.05
80.05
80.05
80.05
80.06
80.06
80.04
80.03
80.03
80.04
80.04
80.05
80.04
80.04
80.05
80.05
80.05
80.06
80.06
80.06
80.07
80.07
80.06
80.08
80.08
80.09
80.09
80.10
80.10
80.09
80.09
80.08
80.10
80.11
80.11
80.12
80.11
80.11
80.12
80.12
80.12
80.12
80.13
80.13
80.13
80.13
80.13
80.12
80.13
80.13
80.12
80.12
80.12
80.13
80.13
80.13
80.14
80.14
80.12
80.11
80.11
80.10
80.11
80.10
80.10
80.10
80.10
80.11
80.10
80.09
80.09
80.09
80.10
80.10
80.10
80.12
80.11
80.11
80.11
80.12
80.12
80.12
80.12
80.12
80.11
80.11
80.11
80.12
80.13
80.13
80.14
80.14
80.13
80.13
80.13
80.13
80.12
80.12
80.11
80.12
80.13
80.14
80.14
80.14
80.15
80.15
80.15
80.14
80.14
80.12
80.13
80.12
80.13
80.13
80.13
80.13
80.13
80.12
80.13
80.13
80.12
80.12
80.11
80.10
80.10
80.08
80.08
80.09
80.09
80.08
80.09
80.08
80.07
80.08
80.08
80.08
80.08
80.08
80.08
80.08
80.08
80.07
80.08
80.07
80.09
80.09
80.09
80.09
80.08
80.09
80.08
80.07
80.07
80.07
80.07
80.06
80.06
80.07
80.06
80.05
80.04
80.05
80.05
80.05
80.06
80.06
80.05
80.06
80.06
80.06
80.06
80.07
80.08
80.08
80.09
80.09
80.10
80.09
80.08
80.09
80.10
80.09
80.09
80.09
80.10
80.10
80.10
80.11
80.10
80.09
80.09
80.10
80.10
80.09
80.09
80.10
80.09
80.09
80.08
80.08
80.07
80.07
80.07
80.07
80.07
80.07
80.08
80.08
80.09
80.09
80.10
80.03
