79.69
81.25
79.17
77.34
76.25
78.65
79.69
79.88
79.86
80.00
79.55
80.21
80.41
80.25
80.10
79.88
80.24
80.38
80.76
80.62
80.65
80.61
80.71
80.79
80.81
80.95
80.90
80.86
80.87
80.62
80.54
80.52
80.63
80.79
80.85
81.08
80.95
80.92
81.09
81.17
80.95
80.80
80.78
80.75
80.59
80.54
80.49
80.57
80.48
80.47
80.58
80.59
80.45
80.61
80.60
80.64
80.67
80.63
80.64
80.57
80.43
80.39
80.53
80.52
80.53
80.35
80.43
80.33
80.39
80.54
80.52
80.49
80.46
80.30
80.27
80.20
80.19
80.27
80.36
80.33
80.40
80.35
80.35
80.25
80.31
80.36
80.37
80.26
80.28
80.26
80.34
80.45
80.49
80.47
80.48
80.47
80.54
80.55
80.54
80.45
80.35
80.36
80.42
80.48
80.42
80.44
80.36
80.38
80.39
80.40
80.45
80.44
80.42
80.43
80.39
80.43
80.44
80.48
80.48
80.47
80.50
80.55
80.49
80.41
80.40
80.39
80.39
80.33
80.38
80.34
80.32
80.29
80.31
80.32
80.36
80.24
80.30
80.29
80.28
80.25
80.22
80.19
80.21
80.21
80.19
80.19
80.20
80.19
80.22
80.24
80.24
80.23
80.21
80.20
80.20
80.16
80.10
80.10
80.14
80.17
80.16
80.14
80.12
80.12
80.12
80.10
80.09
80.05
80.07
80.04
80.03
80.07
80.04
80.04
79.99
79.98
79.96
79.95
79.94
79.93
79.93
79.97
79.97
79.95
79.97
80.02
80.01
80.02
80.03
80.01
80.02
79.99
79.95
79.96
79.91
79.89
79.90
79.92
79.88
79.92
79.95
79.98
79.92
79.92
79.89
79.86
79.85
79.83
79.79
79.76
79.74
79.77
79.80
79.83
79.85
79.87
79.89
79.94
79.92
79.93
79.90
79.88
79.88
79.89
79.90
79.89
79.87
79.87
79.89
79.87
79.85
79.85
79.82
79.83
79.83
79.82
79.83
79.85
79.83
79.82
79.78
79.76
79.78
79.75
79.73
79.73
79.68
79.68
79.66
79.67
79.66
79.65
79.66
79.64
79.67
79.66
79.66
79.69
79.68
79.67
79.64
79.65
79.64
79.62
79.65
79.65
79.64
79.64
79.65
79.66
79.64
79.67
79.72
79.73
79.71
79.72
79.72
79.73
79.69
79.67
79.66
79.67
79.65
79.65
79.69
79.70
79.72
79.72
79.75
79.75
79.77
79.74
79.76
79.72
79.71
79.71
79.70
79.68
79.73
79.72
79.73
79.70
79.70
79.72
79.71
79.70
79.69
79.68
79.70
79.68
79.69
79.67
79.69
79.69
79.71
79.70
79.72
79.74
79.73
79.73
79.74
79.74
79.76
79.79
79.81
79.83
79.81
79.82
79.81
79.82
79.81
79.81
79.80
79.80
79.81
79.81
79.80
79.83
79.83
79.83
79.84
79.84
79.83
79.82
79.80
79.78
79.77
79.78
79.80
79.79
79.76
79.77
79.76
79.78
79.78
79.79
79.80
79.81
79.81
79.80
79.81
79.80
79.81
79.79
79.78
79.78
79.75
79.74
79.74
79.75
79.73
79.70
79.68
79.70
79.70
79.69
79.70
79.68
79.68
79.68
79.68
79.70
79.70
79.70
79.70
79.71
79.70
79.70
79.70
79.70
79.70
79.70
79.71
79.71
79.73
79.71
79.69
79.70
79.70
79.70
79.71
79.73
79.73
79.73
79.72
79.71
79.72
79.71
79.69
79.69
79.69
79.70
79.70
79.71
79.70
79.70
79.70
79.70
79.69
79.69
79.69
79.69
79.70
79.72
79.71
79.71
79.69
79.68
79.68
79.68
79.67
79.66
79.66
79.63
79.64
79.64
79.63
79.62
79.60
79.60
79.59
79.57
79.57
79.58
79.56
79.56
79.56
79.56
79.58
79.59
79.58
79.59
79.59
79.58
79.58
79.56
79.56
79.55
79.55
79.54
79.54
79.53
79.53
79.53
79.53
79.54
79.55
79.54
79.55
79.56
79.55
79.57
79.56
79.55
79.56
79.56
79.57
79.57
79.56
79.57
79.57
79.57
79.58
79.58
79.57
79.59
79.59
79.59
79.58
79.57
79.57
79.57
79.56
79.54
79.54
79.54
79.55
79.53
79.52
79.51
79.51
79.51
79.50
79.51
79.50
79.49
79.50
79.50
79.51
79.50
79.52
79.52
79.54
79.54
79.54
79.56
79.54
79.54
79.54
79.53
79.53
79.53
79.52
79.52
79.52
79.52
79.52
79.52
79.53
79.53
79.53
79.52
79.50
79.50
79.49
79.50
79.49
79.50
79.49
79.49
79.48
79.49
79.49
79.48
79.47
79.47
79.45
79.45
79.44
79.41
79.43
79.42
79.43
79.42
79.42
79.42
79.43
79.43
79.42
79.42
79.43
79.43
79.42
79.42
79.42
79.42
79.41
79.40
79.40
79.40
79.39
79.41
79.42
79.42
79.41
79.42
79.41
79.42
79.43
79.45
79.45
79.45
79.45
79.44
79.44
79.46
79.46
79.46
79.47
79.47
79.48
79.48
79.48
79.49
79.49
79.49
79.48
79.48
79.46
79.46
79.47
79.46
79.46
79.46
79.46
79.45
79.45
79.46
79.46
79.44
79.45
79.46
79.47
79.48
79.48
79.49
79.49
79.48
79.48
79.46
79.46
79.46
79.46
79.46
79.45
79.46
79.46
79.46
79.45
79.44
79.43
79.45
79.45
79.44
79.44
79.45
79.44
79.45
79.46
79.46
79.47
79.47
79.47
79.47
79.48
79.47
79.47
79.47
79.48
79.47
79.48
79.48
79.47
79.47
79.47
79.46
79.46
79.45
79.44
79.45
79.44
79.44
79.43
79.43
79.43
79.43
79.43
79.43
79.43
79.44
79.45
79.45
79.44
79.43
79.43
79.43
79.42
79.41
79.39
79.40
79.40
79.39
79.40
79.41
79.41
79.40
79.40
79.41
79.41
79.41
79.42
79.42
79.40
79.40
79.39
79.40
79.38
79.38
79.37
79.37
79.38
79.38
79.38
79.37
79.36
79.37
79.36
79.36
79.37
79.36
79.37
79.36
79.37
79.37
79.38
79.39
79.39
79.38
79.39
79.38
79.38
79.38
79.37
79.36
79.35
79.36
79.35
79.35
79.35
79.35
79.35
79.35
79.35
79.35
79.35
79.36
79.36
79.36
79.37
79.37
79.36
79.37
79.36
79.37
79.37
79.38
79.37
79.37
79.38
79.37
79.36
79.35
79.35
79.35
79.36
79.37
79.37
79.39
79.39
79.39
79.39
79.40
79.40
79.41
79.40
79.40
79.41
79.42
79.42
79.42
79.42
79.40
79.40
79.41
79.41
79.41
79.41
79.41
79.40
79.41
79.40
79.32
