71.88
75.78
76.56
77.34
77.19
78.12
77.46
77.54
77.60
78.12
78.27
78.12
78.00
78.24
78.12
77.93
77.48
78.04
78.45
78.28
78.20
78.55
78.53
78.58
78.88
79.21
79.22
79.02
79.26
79.32
79.33
79.44
79.55
79.50
79.78
79.99
79.98
79.85
80.01
80.04
79.99
80.13
80.12
80.08
79.93
79.96
79.95
79.88
79.94
79.88
79.87
79.81
79.78
79.75
79.74
79.58
79.66
79.53
79.45
79.53
79.59
79.69
79.81
79.88
79.76
79.73
79.85
79.87
79.85
79.89
79.89
79.86
79.86
79.88
79.90
79.87
79.81
79.89
79.83
79.84
79.90
79.82
79.74
79.76
79.76
79.76
79.83
79.87
79.86
79.86
79.79
79.86
79.84
79.82
79.79
79.74
79.70
79.62
79.64
79.67
79.75
79.72
79.78
79.82
79.82
79.82
79.79
79.76
79.70
79.73
79.73
79.79
79.87
79.89
79.82
79.86
79.83
79.83
79.75
79.77
79.78
79.74
79.74
79.75
79.70
79.74
79.72
79.70
79.70
79.77
79.76
79.78
79.78
79.75
79.72
79.78
79.72
79.66
79.62
79.60
79.59
79.63
79.62
79.63
79.62
79.62
79.61
79.65
79.68
79.62
79.62
79.66
79.69
79.65
79.61
79.63
79.65
79.70
79.69
79.72
79.77
79.76
79.76
79.74
79.73
79.71
79.72
79.70
79.66
79.60
79.60
79.61
79.62
79.60
79.62
79.61
79.61
79.64
79.63
79.64
79.66
79.70
79.71
79.77
79.80
79.78
79.75
79.75
79.79
79.84
79.88
79.89
79.85
79.80
79.75
79.77
79.74
79.73
79.72
79.70
79.73
79.69
79.71
79.70
79.73
79.75
79.73
79.72
79.66
79.67
79.69
79.67
79.69
79.71
79.73
79.72
79.72
79.70
79.69
79.73
79.72
79.72
79.70
79.74
79.70
79.76
79.78
79.80
79.78
79.78
79.77
79.78
79.75
79.76
79.79
79.77
79.75
79.73
79.76
79.72
79.74
79.71
79.71
79.69
79.65
79.62
79.64
79.66
79.65
79.64
79.64
79.67
79.70
79.71
79.72
79.74
79.71
79.71
79.71
79.72
79.73
79.74
79.72
79.72
79.74
79.76
79.76
79.76
79.75
79.76
79.76
79.79
79.78
79.79
79.80
79.80
79.78
79.76
79.77
79.80
79.83
79.83
79.85
79.87
79.87
79.90
79.91
79.86
79.87
79.86
79.87
79.89
79.89
79.91
79.89
79.89
79.89
79.90
79.90
79.90
79.87
79.88
79.89
79.89
79.88
79.85
79.86
79.85
79.85
79.87
79.86
79.84
79.84
79.83
79.82
79.84
79.81
79.83
79.83
79.81
79.77
79.75
79.74
79.74
79.72
79.72
79.74
79.72
79.70
79.72
79.73
79.74
79.73
79.72
79.73
79.72
79.71
79.72
79.70
79.69
79.66
79.66
79.67
79.66
79.65
79.67
79.65
79.66
79.67
79.64
79.65
79.66
79.65
79.66
79.67
79.68
79.68
79.68
79.70
79.69
79.70
79.71
79.71
79.73
79.70
79.70
79.68
79.71
79.73
79.77
79.76
79.78
79.79
79.79
79.76
79.77
79.80
79.80
79.81
79.81
79.81
79.80
79.79
79.79
79.78
79.78
79.78
79.80
79.80
79.80
79.82
79.81
79.81
79.81
79.79
79.76
79.78
79.79
79.78
79.80
79.82
79.84
79.85
79.85
79.84
79.85
79.83
79.83
79.82
79.83
79.83
79.84
79.82
79.83
79.83
79.84
79.84
79.86
79.86
79.84
79.83
79.82
79.81
79.82
79.83
79.83
79.82
79.83
79.81
79.83
79.81
79.79
79.80
79.81
79.82
79.82
79.83
79.85
79.83
79.82
79.81
79.82
79.81
79.81
79.81
79.82
79.83
79.85
79.84
79.85
79.85
79.85
79.87
79.86
79.84
79.86
79.86
79.85
79.85
79.85
79.85
79.85
79.86
79.85
79.86
79.86
79.88
79.88
79.91
79.91
79.90
79.91
79.92
79.92
79.95
79.93
79.92
79.93
79.91
79.91
79.92
79.93
79.93
79.94
79.95
79.97
79.97
79.99
79.98
80.00
80.01
80.01
80.01
80.01
80.01
80.01
80.02
80.01
79.99
79.97
79.97
79.98
79.98
80.00
80.00
79.98
79.99
79.97
79.99
79.99
79.99
79.98
79.97
79.96
79.95
79.95
79.97
79.98
79.99
80.01
80.00
79.99
79.98
79.99
79.99
79.98
79.99
79.99
79.99
79.99
80.00
80.01
80.01
80.02
80.01
80.02
80.03
80.04
80.04
80.04
80.06
80.07
80.08
80.09
80.10
80.09
80.09
80.09
80.09
80.09
80.10
80.08
80.08
80.10
80.08
80.08
80.07
80.06
80.06
80.06
80.06
80.08
80.08
80.09
80.08
80.08
80.07
80.07
80.07
80.07
80.07
80.09
80.08
80.10
80.10
80.08
80.08
80.08
80.08
80.08
80.09
80.11
80.09
80.09
80.08
80.09
80.09
80.09
80.09
80.08
80.09
80.08
80.07
80.07
80.06
80.06
80.07
80.06
80.06
80.05
80.04
80.04
80.03
80.03
80.03
80.04
80.02
80.03
80.03
80.04
80.04
80.04
80.04
80.06
80.07
80.05
80.04
80.04
80.04
80.04
80.04
80.03
80.03
80.03
80.01
80.01
80.01
80.01
80.00
80.00
80.00
80.00
80.00
80.01
80.00
80.01
80.01
80.02
80.02
80.02
80.03
80.03
80.03
80.02
80.02
80.01
80.00
80.00
79.99
79.99
79.99
79.99
79.99
80.00
80.00
80.02
80.01
80.01
80.01
80.00
80.00
79.98
79.98
79.97
79.96
79.96
79.96
79.96
79.97
79.97
79.97
79.97
79.97
79.97
79.97
79.97
79.97
79.97
79.97
79.97
79.97
79.97
79.97
79.98
79.98
79.98
79.97
79.98
79.96
79.94
79.93
79.93
79.93
79.93
79.93
79.94
79.94
79.94
79.96
79.95
79.95
79.95
79.95
79.96
79.95
79.96
79.96
79.97
79.97
79.95
79.96
79.95
79.94
79.95
79.95
79.94
79.95
79.95
79.95
79.95
79.96
79.96
79.96
79.96
79.96
79.94
79.94
79.95
79.94
79.93
79.92
79.93
79.94
79.93
79.94
79.94
79.94
79.93
79.93
79.93
79.93
79.92
79.93
79.93
79.93
79.94
79.95
79.94
79.93
79.92
79.93
79.92
79.93
79.93
79.93
79.93
79.93
79.93
79.92
79.92
79.92
79.92
79.91
79.92
79.92
79.93
79.93
79.93
79.93
79.94
79.93
79.93
79.93
79.93
79.93
79.93
79.93
79.92
79.92
79.92
79.92
79.85
