68.75
61.72
57.81
58.20
57.50
58.85
58.93
58.59
60.07
60.47
60.51
60.16
59.86
59.71
59.58
59.77
60.39
60.07
60.44
59.84
60.57
60.44
60.53
60.68
60.69
60.82
60.94
60.99
60.99
61.04
61.54
61.38
61.22
61.26
61.61
61.50
61.57
61.31
61.38
61.45
61.47
61.31
61.56
61.51
61.46
61.31
61.37
61.62
61.67
61.63
61.58
61.54
61.17
61.20
61.11
61.08
61.29
61.26
61.20
60.91
60.86
61.01
60.86
60.79
60.75
60.72
60.68
60.80
60.87
60.94
60.94
60.87
60.89
60.92
60.98
60.96
61.04
61.14
61.08
61.11
61.13
61.24
61.24
61.33
61.21
61.28
61.10
61.10
61.18
61.06
60.97
61.02
61.00
60.97
60.94
60.92
60.89
60.86
60.83
60.72
60.80
60.72
60.71
60.62
60.60
60.61
60.70
60.71
60.68
60.67
60.68
60.70
60.66
60.69
60.71
60.60
60.67
60.73
60.67
60.69
60.71
60.73
60.68
60.75
60.68
60.59
60.61
60.60
60.55
60.55
60.54
60.59
60.66
60.59
60.59
60.58
60.54
60.53
60.51
60.44
60.45
60.44
60.45
60.48
60.50
60.55
60.57
60.55
60.57
60.58
60.47
60.44
60.45
60.49
60.53
60.58
60.52
60.48
60.46
60.47
60.46
60.47
60.44
60.45
60.44
60.41
60.40
60.42
60.43
60.43
60.47
60.41
60.38
60.33
60.29
60.29
60.29
60.24
60.22
60.27
60.23
60.20
60.20
60.22
60.28
60.27
60.31
60.31
60.26
60.23
60.14
60.12
60.17
60.17
60.14
60.16
60.07
60.04
60.02
60.02
60.03
60.04
60.03
60.02
60.05
60.01
60.02
60.02
60.03
60.03
60.03
60.06
60.04
60.08
60.11
60.09
60.08
60.08
60.09
60.11
60.10
60.12
60.12
60.08
60.09
60.10
60.11
60.13
60.15
60.14
60.15
60.18
60.21
60.24
60.22
60.22
60.19
60.22
60.19
60.19
60.18
60.12
60.13
60.11
60.15
60.11
60.13
60.14
60.17
60.18
60.17
60.16
60.14
60.11
60.09
60.06
60.07
60.08
60.09
60.10
60.09
60.08
60.07
60.03
59.98
59.98
59.99
59.99
59.96
59.98
59.99
60.02
60.03
60.02
59.98
59.99
59.98
59.98
60.01
60.03
60.04
60.01
60.04
60.04
60.01
60.05
60.06
60.06
60.06
60.08
60.06
60.05
60.05
60.03
60.03
60.02
60.01
59.99
59.98
59.95
59.96
59.93
59.95
59.98
59.95
59.96
59.97
59.97
59.96
59.92
59.93
59.93
59.98
59.96
59.94
59.90
59.92
59.94
59.91
59.90
59.89
59.89
59.89
59.89
59.91
59.87
59.86
59.86
59.87
59.86
59.88
59.85
59.84
59.85
59.81
59.82
59.82
59.85
59.85
59.85
59.84
59.89
59.90
59.88
59.86
59.88
59.86
59.89
59.91
59.89
59.89
59.88
59.90
59.88
59.92
59.92
59.93
59.96
59.97
59.97
59.98
60.00
60.01
60.04
60.01
60.01
60.01
59.99
59.98
60.01
60.04
60.03
60.03
60.03
60.03
60.07
60.08
60.07
60.04
60.04
60.04
60.06
60.04
60.05
60.02
60.01
60.01
60.02
60.04
60.01
60.01
60.02
60.02
60.01
60.01
60.02
60.04
60.02
60.01
60.02
60.03
60.02
60.02
60.02
60.02
60.06
60.04
60.04
60.01
60.02
59.99
60.02
60.02
60.01
60.01
59.99
60.01
60.01
60.01
60.00
60.01
60.01
59.99
59.99
59.97
59.99
60.01
59.99
59.98
59.97
59.96
59.97
59.96
59.94
59.94
59.94
59.96
59.95
59.92
59.92
59.90
59.88
59.89
59.87
59.88
59.87
59.86
59.85
59.85
59.83
59.83
59.83
59.82
59.83
59.83
59.82
59.83
59.83
59.81
59.81
59.81
59.78
59.79
59.81
59.80
59.82
59.83
59.81
59.80
59.84
59.84
59.85
59.85
59.85
59.84
59.83
59.82
59.85
59.86
59.82
59.83
59.82
59.83
59.83
59.82
59.82
59.82
59.85
59.82
59.83
59.81
59.82
59.82
59.80
59.77
59.78
59.79
59.78
59.78
59.78
59.76
59.77
59.76
59.75
59.75
59.75
59.75
59.73
59.74
59.76
59.77
59.79
59.78
59.82
59.82
59.82
59.81
59.82
59.81
59.81
59.80
59.80
59.81
59.81
59.81
59.80
59.78
59.77
59.77
59.74
59.74
59.74
59.74
59.74
59.74
59.77
59.76
59.78
59.79
59.80
59.79
59.79
59.80
59.80
59.81
59.80
59.79
59.78
59.78
59.78
59.81
59.82
59.84
59.84
59.83
59.84
59.84
59.83
59.83
59.82
59.84
59.84
59.85
59.86
59.87
59.86
59.85
59.85
59.86
59.86
59.86
59.87
59.87
59.86
59.87
59.87
59.88
59.88
59.89
59.89
59.91
59.91
59.92
59.94
59.95
59.94
59.94
59.95
59.96
59.96
59.95
59.95
59.95
59.93
59.93
59.95
59.94
59.94
59.95
59.95
59.94
59.93
59.93
59.92
59.93
59.92
59.91
59.91
59.92
59.90
59.89
59.90
59.90
59.89
59.89
59.90
59.89
59.90
59.91
59.91
59.92
59.93
59.92
59.93
59.93
59.93
59.95
59.95
59.96
59.95
59.95
59.95
59.94
59.94
59.93
59.92
59.94
59.93
59.93
59.92
59.92
59.91
59.92
59.90
59.90
59.91
59.93
59.93
59.92
59.92
59.92
59.91
59.93
59.92
59.92
59.91
59.91
59.90
59.90
59.91
59.91
59.92
59.95
59.95
59.94
59.90
59.90
59.90
59.91
59.91
59.93
59.92
59.91
59.91
59.91
59.89
59.89
59.89
59.88
59.89
59.89
59.89
59.89
59.88
59.88
59.88
59.89
59.89
59.89
59.88
59.88
59.87
59.87
59.87
59.88
59.87
59.88
59.87
59.88
59.88
59.88
59.88
59.88
59.86
59.86
59.85
59.85
59.86
59.86
59.85
59.86
59.86
59.87
59.87
59.89
59.88
59.88
59.88
59.88
59.89
59.89
59.91
59.90
59.91
59.91
59.91
59.92
59.92
59.92
59.91
59.91
59.88
59.87
59.87
59.87
59.86
59.85
59.86
59.85
59.85
59.83
59.82
59.82
59.83
59.82
59.82
59.82
59.82
59.82
59.82
59.83
59.84
59.85
59.85
59.83
59.82
59.82
59.82
59.82
59.83
59.84
59.84
59.85
59.85
59.85
59.85
59.86
59.84
59.84
59.85
59.85
59.86
59.85
59.86
59.84
59.86
59.85
59.83
59.83
59.84
59.83
59.78
