76.56
75.78
72.92
73.05
74.38
74.74
75.45
75.78
76.04
76.72
77.56
77.08
76.80
76.79
77.29
77.34
77.48
77.52
77.63
77.97
77.98
77.56
77.45
77.60
77.44
77.46
77.55
77.62
77.64
77.71
77.77
77.78
77.79
78.08
78.35
78.21
78.29
78.04
77.92
77.97
78.01
78.05
78.16
78.23
78.23
78.12
78.03
78.06
78.03
78.09
78.06
77.97
78.10
78.21
78.15
78.24
78.34
78.45
78.58
78.41
78.43
78.43
78.22
78.08
78.05
78.10
78.17
78.19
78.19
78.24
78.32
78.39
78.45
78.48
78.54
78.58
78.69
78.71
78.78
78.75
78.72
78.64
78.50
78.50
78.25
78.22
78.27
78.20
78.21
78.19
78.25
78.19
78.12
78.17
78.31
78.26
78.21
78.30
78.30
78.27
78.33
78.31
78.22
78.14
78.11
78.08
78.10
78.07
78.05
78.08
78.04
78.03
78.07
78.11
78.04
78.08
78.12
78.05
78.11
78.01
78.00
77.95
77.90
77.89
77.95
78.00
77.97
77.97
78.03
78.02
77.99
78.01
78.00
77.99
78.01
78.00
78.03
78.02
78.05
78.08
78.06
78.04
78.07
78.03
78.03
77.95
77.98
77.97
78.00
78.02
78.08
78.08
78.11
78.10
78.13
78.20
78.23
78.25
78.28
78.30
78.26
78.26
78.26
78.27
78.26
78.24
78.25
78.27
78.26
78.22
78.20
78.19
78.17
78.21
78.17
78.20
78.18
78.16
78.17
78.17
78.15
78.18
78.16
78.16
78.12
78.11
78.12
78.17
78.17
78.16
78.14
78.14
78.20
78.20
78.24
78.20
78.22
78.18
78.17
78.14
78.16
78.19
78.19
78.19
78.18
78.16
78.13
78.16
78.17
78.21
78.22
78.22
78.21
78.21
78.21
78.22
78.23
78.19
78.21
78.20
78.20
78.20
78.20
78.17
78.17
78.19
78.14
78.10
78.07
78.10
78.07
78.09
78.10
78.13
78.15
78.16
78.18
78.18
78.20
78.18
78.17
78.18
78.22
78.21
78.23
78.26
78.23
78.23
78.22
78.22
78.22
78.22
78.24
78.23
78.22
78.22
78.20
78.22
78.22
78.22
78.20
78.20
78.19
78.20
78.17
78.18
78.21
78.24
78.22
78.22
78.22
78.24
78.25
78.26
78.27
78.27
78.28
78.30
78.30
78.28
78.27
78.29
78.29
78.26
78.23
78.27
78.27
78.30
78.29
78.30
78.30
78.32
78.32
78.31
78.28
78.27
78.28
78.29
78.28
78.28
78.30
78.31
78.31
78.30
78.32
78.31
78.29
78.31
78.29
78.27
78.31
78.30
78.27
78.27
78.26
78.28
78.27
78.26
78.27
78.28
78.26
78.25
78.25
78.25
78.27
78.24
78.23
78.24
78.24
78.21
78.21
78.22
78.21
78.23
78.23
78.21
78.21
78.21
78.23
78.24
78.23
78.24
78.24
78.25
78.26
78.28
78.26
78.29
78.29
78.28
78.29
78.32
78.28
78.28
78.31
78.32
78.33
78.34
78.36
78.34
78.36
78.35
78.38
78.40
78.39
78.39
78.38
78.37
78.36
78.39
78.40
78.40
78.38
78.39
78.39
78.39
78.39
78.40
78.39
78.40
78.41
78.42
78.43
78.44
78.46
78.47
78.47
78.47
78.47
78.45
78.44
78.41
78.42
78.43
78.42
78.41
78.41
78.41
78.43
78.43
78.44
78.45
78.45
78.46
78.48
78.48
78.49
78.52
78.51
78.51
78.51
78.52
78.51
78.49
78.51
78.51
78.50
78.50
78.50
78.49
78.47
78.45
78.44
78.43
78.42
78.43
78.42
78.42
78.41
78.41
78.42
78.41
78.41
78.40
78.40
78.41
78.43
78.44
78.44
78.44
78.44
78.45
78.45
78.44
78.44
78.43
78.43
78.44
78.44
78.45
78.45
78.45
78.45
78.47
78.45
78.44
78.44
78.41
78.41
78.40
78.42
78.43
78.43
78.42
78.41
78.39
78.38
78.39
78.40
78.41
78.40
78.39
78.39
78.38
78.38
78.38
78.39
78.40
78.41
78.41
78.42
78.43
78.42
78.42
78.43
78.44
78.44
78.43
78.45
78.44
78.42
78.43
78.43
78.44
78.44
78.46
78.46
78.47
78.46
78.46
78.46
78.45
78.45
78.46
78.44
78.46
78.44
78.43
78.43
78.43
78.43
78.43
78.42
78.43
78.42
78.42
78.41
78.41
78.42
78.41
78.39
78.39
78.38
78.38
78.40
78.39
78.39
78.41
78.40
78.40
78.39
78.39
78.39
78.40
78.39
78.40
78.39
78.39
78.39
78.39
78.39
78.38
78.38
78.36
78.34
78.34
78.35
78.33
78.33
78.31
78.31
78.33
78.34
78.35
78.34
78.36
78.37
78.37
78.34
78.35
78.34
78.34
78.34
78.34
78.33
78.34
78.34
78.33
78.32
78.33
78.32
78.33
78.32
78.30
78.31
78.31
78.31
78.31
78.31
78.31
78.31
78.30
78.30
78.30
78.30
78.31
78.31
78.29
78.27
78.27
78.26
78.24
78.26
78.26
78.27
78.28
78.28
78.28
78.28
78.27
78.26
78.27
78.26
78.24
78.26
78.26
78.28
78.27
78.26
78.26
78.26
78.27
78.29
78.30
78.31
78.30
78.29
78.29
78.31
78.31
78.31
78.31
78.32
78.32
78.32
78.34
78.33
78.34
78.33
78.34
78.34
78.35
78.33
78.32
78.32
78.31
78.30
78.30
78.31
78.31
78.29
78.28
78.28
78.28
78.27
78.28
78.28
78.27
78.27
78.27
78.27
78.28
78.29
78.29
78.29
78.29
78.29
78.30
78.29
78.30
78.31
78.31
78.30
78.29
78.29
78.29
78.28
78.29
78.29
78.28
78.29
78.29
78.28
78.28
78.28
78.29
78.27
78.27
78.28
78.27
78.29
78.30
78.31
78.30
78.31
78.32
78.32
78.32
78.32
78.31
78.31
78.31
78.31
78.30
78.30
78.30
78.29
78.30
78.29
78.29
78.29
78.28
78.29
78.28
78.30
78.29
78.30
78.29
78.28
78.28
78.29
78.28
78.28
78.28
78.29
78.28
78.27
78.27
78.27
78.28
78.27
78.27
78.28
78.27
78.27
78.28
78.28
78.29
78.28
78.28
78.28
78.27
78.27
78.27
78.26
78.25
78.24
78.23
78.24
78.24
78.24
78.23
78.23
78.24
78.24
78.24
78.24
78.24
78.24
78.24
78.25
78.26
78.26
78.26
78.25
78.26
78.26
78.26
78.26
78.26
78.26
78.26
78.25
78.26
78.25
78.25
78.26
78.26
78.26
78.27
78.27
78.28
78.28
78.29
78.28
78.28
78.28
78.27
78.29
78.30
78.29
78.22
