78.12
77.34
76.56
77.73
79.06
79.43
79.91
79.69
79.86
79.69
79.55
80.21
80.29
80.13
79.58
79.98
80.06
79.86
79.85
80.00
80.13
80.18
80.23
80.21
79.94
80.17
80.21
80.08
80.39
80.16
80.34
80.37
80.21
80.28
80.22
80.38
80.49
80.43
80.33
80.27
80.37
80.32
80.45
80.36
80.42
80.43
80.52
80.53
80.33
80.34
80.24
80.20
80.13
80.21
80.17
80.27
80.15
80.01
80.01
79.95
79.97
79.94
80.06
80.05
80.07
80.09
80.13
80.01
80.10
80.18
80.24
80.23
80.24
80.24
80.23
80.20
80.13
80.15
80.16
80.14
80.27
80.26
80.27
80.38
80.37
80.41
80.44
80.38
80.37
80.31
80.32
80.35
80.41
80.50
80.58
80.55
80.43
80.37
80.41
80.37
80.31
80.24
80.20
80.23
80.24
80.20
80.24
80.24
80.19
80.18
80.22
80.23
80.21
80.19
80.19
80.19
80.25
80.23
80.21
80.21
80.22
80.16
80.14
80.09
80.11
80.08
80.07
80.05
80.09
80.11
80.14
80.14
80.18
80.14
80.17
80.12
80.14
80.14
80.16
80.15
80.10
80.13
80.16
80.15
80.19
80.19
80.21
80.19
80.20
80.21
80.16
80.19
80.21
80.17
80.19
80.15
80.15
80.12
80.13
80.10
80.09
80.07
80.08
80.07
80.09
80.07
80.09
80.12
80.13
80.14
80.09
80.08
80.11
80.06
80.06
80.10
80.13
80.08
80.08
80.11
80.09
80.16
80.13
80.11
80.08
80.07
80.06
80.06
80.06
80.07
80.10
80.09
80.10
80.11
80.09
80.11
80.11
80.10
80.09
80.06
80.04
80.03
80.06
80.06
80.05
80.01
80.02
80.01
80.02
80.03
79.99
80.01
80.01
80.01
80.01
80.01
79.98
79.99
80.03
80.03
80.00
80.00
80.04
80.06
80.06
80.03
80.00
79.99
79.99
80.01
80.03
80.03
80.03
80.03
80.02
80.01
80.04
80.05
80.06
80.05
80.05
80.09
80.09
80.07
80.09
80.09
80.09
80.10
80.13
80.14
80.10
80.14
80.14
80.14
80.12
80.07
80.08
80.06
80.06
80.04
80.00
80.03
80.03
80.01
79.99
80.01
80.03
80.02
80.02
80.03
80.07
80.08
80.12
80.14
80.13
80.13
80.13
80.13
80.14
80.15
80.12
80.15
80.17
80.17
80.14
80.11
80.12
80.14
80.13
80.13
80.14
80.15
80.14
80.15
80.15
80.12
80.10
80.12
80.15
80.15
80.17
80.16
80.16
80.14
80.14
80.12
80.12
80.14
80.13
80.11
80.10
80.08
80.10
80.09
80.07
80.07
80.11
80.09
80.10
80.13
80.12
80.14
80.17
80.16
80.17
80.17
80.18
80.19
80.19
80.16
80.17
80.15
80.14
80.12
80.11
80.11
80.11
80.13
80.13
80.13
80.12
80.10
80.12
80.12
80.11
80.09
80.09
80.11
80.08
80.07
80.06
80.06
80.07
80.06
80.05
80.04
80.06
80.05
80.06
80.07
80.06
80.06
80.06
80.07
80.07
80.08
80.07
80.08
80.11
80.09
80.11
80.11
80.11
80.11
80.10
80.09
80.10
80.10
80.10
80.09
80.07
80.09
80.10
80.14
80.10
80.10
80.09
80.09
80.10
80.11
80.10
80.10
80.12
80.13
80.13
80.11
80.12
80.14
80.12
80.10
80.10
80.09
80.12
80.14
80.15
80.15
80.15
80.17
80.19
80.19
80.17
80.16
80.15
80.14
80.14
80.13
80.12
80.13
80.13
80.16
80.15
80.15
80.14
80.12
80.11
80.11
80.12
80.11
80.11
80.13
80.09
80.09
80.08
80.06
80.07
80.07
80.09
80.10
80.09
80.09
80.08
80.10
80.09
80.09
80.09
80.09
80.09
80.08
80.08
80.07
80.06
80.07
80.07
80.08
80.10
80.09
80.11
80.10
80.08
80.08
80.09
80.12
80.10
80.09
80.10
80.12
80.12
80.13
80.12
80.13
80.12
80.12
80.12
80.13
80.14
80.15
80.16
80.15
80.17
80.16
80.17
80.18
80.16
80.18
80.19
80.19
80.20
80.20
80.19
80.19
80.19
80.19
80.19
80.18
80.17
80.17
80.18
80.20
80.20
80.21
80.22
80.24
80.24
80.25
80.24
80.23
80.24
80.23
80.23
80.23
80.23
80.24
80.24
80.27
80.27
80.27
80.27
80.25
80.28
80.29
80.28
80.27
80.27
80.25
80.26
80.26
80.25
80.26
80.24
80.25
80.27
80.25
80.24
80.23
80.24
80.24
80.25
80.22
80.22
80.21
80.21
80.22
80.21
80.21
80.22
80.23
80.23
80.21
80.22
80.22
80.23
80.23
80.24
80.22
80.22
80.20
80.21
80.21
80.22
80.22
80.22
80.22
80.20
80.19
80.19
80.20
80.21
80.20
80.20
80.19
80.19
80.20
80.17
80.14
80.14
80.15
80.16
80.16
80.17
80.18
80.18
80.18
80.19
80.18
80.19
80.18
80.19
80.18
80.19
80.21
80.22
80.22
80.22
80.23
80.23
80.24
80.24
80.24
80.24
80.25
80.25
80.26
80.26
80.26
80.27
80.27
80.27
80.28
80.29
80.30
80.32
80.32
80.32
80.33
80.34
80.33
80.35
80.36
80.34
80.34
80.34
80.33
80.33
80.34
80.35
80.35
80.35
80.34
80.34
80.34
80.34
80.34
80.33
80.31
80.32
80.32
80.32
80.31
80.30
80.30
80.30
80.29
80.29
80.29
80.29
80.30
80.31
80.30
80.32
80.31
80.32
80.32
80.32
80.31
80.30
80.30
80.29
80.28
80.29
80.29
80.29
80.29
80.30
80.30
80.29
80.29
80.30
80.30
80.29
80.29
80.30
80.29
80.30
80.31
80.31
80.32
80.32
80.32
80.32
80.31
80.32
80.31
80.32
80.32
80.32
80.32
80.32
80.31
80.31
80.31
80.30
80.30
80.31
80.30
80.30
80.30
80.30
80.30
80.29
80.29
80.29
80.28
80.27
80.27
80.27
80.27
80.26
80.25
80.26
80.26
80.26
80.26
80.26
80.26
80.26
80.26
80.27
80.27
80.28
80.27
80.27
80.27
80.26
80.27
80.28
80.27
80.27
80.26
80.27
80.28
80.27
80.26
80.25
80.27
80.27
80.25
80.27
80.27
80.28
80.29
80.28
80.27
80.28
80.28
80.29
80.29
80.28
80.28
80.29
80.29
80.30
80.31
80.31
80.32
80.31
80.30
80.29
80.29
80.29
80.29
80.29
80.29
80.30
80.31
80.30
80.29
80.28
80.29
80.29
80.29
80.30
80.31
80.31
80.30
80.31
80.31
80.31
80.31
80.32
80.32
80.32
80.25
