84.38
82.03
81.25
80.47
82.50
83.33
82.14
80.86
80.90
79.84
79.97
79.30
78.85
79.58
79.58
79.59
79.60
79.77
79.44
79.38
79.39
79.26
79.21
79.04
79.06
79.03
78.88
79.02
78.99
79.17
79.03
79.10
79.12
79.04
79.02
78.73
78.80
78.87
78.93
78.98
79.04
78.98
78.89
79.01
79.24
79.01
79.12
79.17
79.37
79.44
79.56
79.60
79.57
79.43
79.60
79.66
79.66
79.69
79.63
79.77
79.82
79.84
79.76
79.74
79.71
79.85
79.83
79.92
79.91
79.91
79.89
79.84
79.86
79.84
79.83
79.81
79.85
79.79
79.77
79.77
79.73
79.69
79.59
79.52
79.43
79.54
79.51
79.60
79.49
79.55
79.57
79.65
79.70
79.74
79.70
79.72
79.66
79.67
79.62
79.56
79.52
79.53
79.54
79.55
79.52
79.48
79.45
79.54
79.49
79.53
79.49
79.48
79.42
79.39
79.40
79.47
79.47
79.45
79.40
79.40
79.39
79.35
79.36
79.35
79.40
79.41
79.44
79.39
79.45
79.46
79.51
79.57
79.58
79.62
79.63
79.68
79.68
79.73
79.77
79.75
79.72
79.72
79.76
79.74
79.75
79.76
79.74
79.77
79.77
79.77
79.78
79.84
79.83
79.88
79.83
79.86
79.93
79.83
79.86
79.83
79.83
79.85
79.81
79.81
79.82
79.85
79.90
79.86
79.86
79.85
79.87
79.85
79.81
79.81
79.80
79.75
79.77
79.74
79.77
79.76
79.80
79.81
79.79
79.81
79.79
79.76
79.77
79.75
79.79
79.77
79.73
79.70
79.74
79.79
79.78
79.79
79.80
79.81
79.80
79.83
79.80
79.83
79.83
79.78
79.78
79.78
79.80
79.83
79.81
79.81
79.80
79.82
79.82
79.81
79.82
79.85
79.84
79.85
79.88
79.90
79.90
79.91
79.89
79.90
79.90
79.88
79.83
79.83
79.83
79.79
79.76
79.78
79.76
79.73
79.73
79.78
79.77
79.75
79.81
79.77
79.77
79.75
79.73
79.73
79.76
79.73
79.72
79.69
79.71
79.73
79.72
79.72
79.72
79.73
79.74
79.74
79.76
79.75
79.77
79.77
79.81
79.80
79.79
79.79
79.81
79.80
79.79
79.79
79.78
79.78
79.80
79.78
79.78
79.77
79.77
79.78
79.76
79.78
79.81
79.81
79.82
79.85
79.85
79.85
79.87
79.88
79.92
79.95
79.94
79.91
79.91
79.90
79.89
79.90
79.92
79.93
79.96
79.91
79.88
79.90
79.92
79.91
79.94
79.96
79.97
80.00
80.00
80.02
80.03
80.01
79.99
79.99
80.00
80.00
80.02
80.00
80.02
80.04
80.04
80.05
80.06
80.06
80.08
80.10
80.09
80.08
80.06
80.07
80.07
80.08
80.07
80.05
80.06
80.04
80.04
80.05
80.07
80.07
80.07
80.07
80.07
80.08
80.07
80.06
80.05
80.04
80.03
80.04
80.02
80.02
80.01
80.03
80.03
80.00
80.00
80.00
79.99
79.97
79.97
79.95
79.96
79.93
79.93
79.90
79.91
79.90
79.90
79.92
79.90
79.91
79.89
79.89
79.91
79.93
79.92
79.93
79.93
79.94
79.93
79.93
79.94
79.90
79.88
79.85
79.85
79.86
79.89
79.89
79.88
79.87
79.87
79.88
79.88
79.87
79.86
79.87
79.86
79.84
79.83
79.82
79.82
79.82
79.83
79.83
79.81
79.82
79.83
79.84
79.83
79.83
79.84
79.83
79.83
79.82
79.83
79.83
79.85
79.84
79.86
79.85
79.83
79.84
79.83
79.84
79.82
79.81
79.79
79.80
79.81
79.82
79.83
79.82
79.81
79.80
79.80
79.80
79.80
79.79
79.78
79.78
79.79
79.78
79.76
79.75
79.77
79.76
79.76
79.74
79.75
79.74
79.75
79.75
79.73
79.75
79.76
79.77
79.78
79.77
79.76
79.75
79.75
79.77
79.78
79.76
79.75
79.74
79.74
79.74
79.75
79.74
79.74
79.74
79.77
79.77
79.77
79.78
79.78
79.79
79.78
79.79
79.79
79.81
79.83
79.83
79.83
79.82
79.82
79.81
79.82
79.82
79.81
79.82
79.81
79.81
79.81
79.81
79.82
79.81
79.81
79.82
79.82
79.83
79.82
79.81
79.80
79.80
79.82
79.81
79.81
79.81
79.82
79.82
79.83
79.84
79.85
79.86
79.86
79.87
79.87
79.85
79.86
79.86
79.86
79.88
79.85
79.85
79.85
79.85
79.85
79.84
79.85
79.85
79.86
79.85
79.85
79.85
79.85
79.86
79.88
79.88
79.90
79.89
79.89
79.90
79.90
79.89
79.89
79.91
79.90
79.89
79.88
79.88
79.87
79.88
79.88
79.90
79.90
79.90
79.87
79.86
79.86
79.86
79.86
79.86
79.86
79.86
79.86
79.86
79.86
79.86
79.86
79.87
79.86
79.86
79.86
79.86
79.85
79.84
79.84
79.85
79.86
79.87
79.88
79.87
79.86
79.85
79.85
79.85
79.85
79.86
79.86
79.86
79.86
79.87
79.88
79.88
79.87
79.87
79.87
79.86
79.87
79.88
79.87
79.87
79.86
79.86
79.85
79.85
79.86
79.87
79.87
79.88
79.88
79.88
79.87
79.86
79.88
79.88
79.86
79.86
79.85
79.85
79.85
79.86
79.87
79.86
79.87
79.86
79.85
79.85
79.84
79.83
79.82
79.84
79.85
79.85
79.85
79.85
79.86
79.86
79.85
79.84
79.83
79.84
79.84
79.84
79.85
79.84
79.83
79.83
79.83
79.84
79.83
79.82
79.81
79.80
79.80
79.79
79.79
79.79
79.80
79.82
79.83
79.82
79.81
79.83
79.83
79.82
79.83
79.84
79.85
79.84
79.84
79.84
79.84
79.84
79.85
79.85
79.85
79.85
79.85
79.85
79.86
79.87
79.87
79.87
79.86
79.85
79.85
79.85
79.85
79.86
79.87
79.87
79.86
79.85
79.86
79.87
79.86
79.87
79.88
79.87
79.87
79.87
79.86
79.86
79.86
79.86
79.86
79.86
79.86
79.86
79.87
79.86
79.87
79.88
79.88
79.88
79.87
79.87
79.88
79.88
79.89
79.89
79.89
79.90
79.88
79.88
79.88
79.89
79.90
79.88
79.88
79.89
79.89
79.90
79.90
79.90
79.91
79.92
79.93
79.93
79.92
79.92
79.92
79.92
79.92
79.92
79.93
79.93
79.92
79.93
79.93
79.93
79.93
79.93
79.95
79.95
79.96
79.95
79.95
79.96
79.94
79.95
79.94
79.93
79.94
79.94
79.95
79.93
79.94
79.93
79.94
79.93
79.94
79.94
79.94
79.93
79.93
79.93
79.93
79.85
