73.44
77.34
79.69
79.69
80.31
81.25
81.25
81.45
81.60
81.56
81.11
80.47
80.41
81.25
81.67
81.45
81.53
81.34
81.83
81.88
81.62
80.97
81.05
81.18
81.38
81.07
81.19
81.58
81.90
81.88
81.80
81.93
81.91
81.89
81.70
81.55
81.42
81.25
81.29
81.29
81.17
81.03
80.92
80.93
80.83
80.74
80.75
80.70
80.58
80.50
80.45
80.44
80.51
80.53
80.43
80.41
80.37
80.28
80.38
80.52
80.61
80.67
80.48
80.44
80.48
80.59
80.71
80.56
80.59
80.60
80.52
80.47
80.48
80.38
80.46
80.55
80.66
80.59
80.54
80.55
80.50
80.41
80.44
80.49
80.42
80.41
80.41
80.29
80.27
80.24
80.24
80.23
80.24
80.22
80.20
80.26
80.24
80.28
80.32
80.30
80.37
80.44
80.51
80.51
80.45
80.42
80.45
80.40
80.39
80.41
80.36
80.27
80.32
80.30
80.31
80.31
80.36
80.30
80.30
80.27
80.23
80.29
80.30
80.33
80.35
80.31
80.31
80.37
80.31
80.38
80.37
80.39
80.44
80.40
80.41
80.32
80.28
80.31
80.34
80.38
80.36
80.37
80.38
80.33
80.28
80.24
80.28
80.29
80.33
80.34
80.37
80.34
80.35
80.38
80.38
80.37
80.35
80.32
80.28
80.28
80.33
80.34
80.31
80.31
80.34
80.37
80.44
80.48
80.41
80.39
80.30
80.30
80.33
80.38
80.38
80.38
80.42
80.43
80.44
80.45
80.47
80.49
80.47
80.44
80.46
80.39
80.37
80.35
80.36
80.35
80.33
80.31
80.33
80.33
80.28
80.27
80.24
80.25
80.24
80.24
80.22
80.24
80.23
80.22
80.27
80.22
80.22
80.21
80.19
80.17
80.15
80.15
80.16
80.13
80.15
80.14
80.15
80.17
80.17
80.18
80.13
80.14
80.11
80.11
80.09
80.10
80.09
80.11
80.11
80.10
80.09
80.08
80.10
80.09
80.09
80.09
80.11
80.13
80.09
80.14
80.12
80.10
80.14
80.14
80.09
80.14
80.11
80.13
80.17
80.21
80.24
80.22
80.25
80.24
80.23
80.22
80.17
80.18
80.22
80.22
80.21
80.20
80.22
80.23
80.20
80.18
80.16
80.14
80.12
80.11
80.16
80.15
80.17
80.17
80.17
80.19
80.16
80.16
80.16
80.14
80.13
80.11
80.10
80.13
80.13
80.10
80.08
80.09
80.08
80.09
80.08
80.09
80.11
80.13
80.13
80.13
80.12
80.14
80.12
80.13
80.15
80.13
80.13
80.12
80.12
80.12
80.13
80.13
80.12
80.12
80.14
80.14
80.13
80.15
80.13
80.13
80.11
80.12
80.12
80.13
80.13
80.17
80.19
80.20
80.20
80.21
80.21
80.22
80.21
80.20
80.18
80.18
80.13
80.14
80.14
80.15
80.16
80.14
80.17
80.17
80.17
80.16
80.16
80.16
80.16
80.15
80.16
80.16
80.19
80.17
80.18
80.16
80.18
80.18
80.17
80.17
80.17
80.16
80.16
80.17
80.18
80.20
80.20
80.19
80.20
80.21
80.21
80.20
80.21
80.22
80.20
80.20
80.22
80.21
80.19
80.17
80.17
80.18
80.17
80.17
80.18
80.17
80.20
80.21
80.22
80.21
80.19
80.19
80.20
80.18
80.18
80.18
80.17
80.18
80.18
80.18
80.16
80.17
80.17
80.17
80.17
80.17
80.18
80.19
80.20
80.21
80.19
80.18
80.16
80.15
80.15
80.13
80.14
80.13
80.12
80.14
80.13
80.11
80.10
80.12
80.11
80.11
80.11
80.11
80.09
80.07
80.08
80.09
80.09
80.10
80.08
80.07
80.08
80.09
80.08
80.09
80.10
80.10
80.11
80.10
80.10
80.09
80.11
80.11
80.11
80.09
80.09
80.10
80.08
80.08
80.08
80.09
80.07
80.07
80.09
80.09
80.08
80.09
80.09
80.10
80.11
80.11
80.10
80.09
80.09
80.08
80.09
80.11
80.13
80.12
80.12
80.10
80.09
80.10
80.12
80.10
80.11
80.13
80.12
80.12
80.13
80.13
80.16
80.15
80.15
80.15
80.15
80.14
80.14
80.13
80.13
80.14
80.12
80.13
80.13
80.13
80.14
80.14
80.13
80.15
80.15
80.15
80.17
80.16
80.17
80.18
80.17
80.19
80.20
80.19
80.18
80.18
80.20
80.20
80.21
80.21
80.22
80.24
80.25
80.26
80.25
80.24
80.24
80.24
80.23
80.22
80.22
80.24
80.25
80.26
80.25
80.25
80.26
80.24
80.24
80.24
80.26
80.25
80.24
80.24
80.24
80.24
80.24
80.23
80.22
80.21
80.22
80.22
80.21
80.21
80.21
80.22
80.21
80.21
80.21
80.20
80.20
80.21
80.20
80.20
80.20
80.19
80.18
80.18
80.19
80.18
80.18
80.17
80.17
80.18
80.19
80.19
80.18
80.18
80.17
80.17
80.17
80.16
80.17
80.18
80.17
80.17
80.18
80.19
80.20
80.20
80.19
80.20
80.21
80.21
80.21
80.20
80.20
80.21
80.20
80.20
80.21
80.22
80.22
80.22
80.22
80.21
80.21
80.20
80.20
80.21
80.21
80.22
80.20
80.19
80.19
80.20
80.20
80.21
80.21
80.21
80.20
80.20
80.19
80.20
80.20
80.19
80.19
80.19
80.20
80.19
80.20
80.19
80.18
80.18
80.18
80.17
80.16
80.16
80.18
80.18
80.17
80.17
80.17
80.16
80.16
80.15
80.14
80.14
80.14
80.15
80.16
80.15
80.15
80.15
80.15
80.14
80.14
80.15
80.16
80.16
80.17
80.16
80.15
80.15
80.13
80.14
80.14
80.13
80.13
80.12
80.13
80.13
80.13
80.14
80.14
80.16
80.15
80.16
80.17
80.16
80.16
80.16
80.15
80.15
80.15
80.14
80.14
80.15
80.15
80.17
80.17
80.18
80.18
80.18
80.18
80.18
80.17
80.18
80.18
80.18
80.19
80.19
80.19
80.19
80.18
80.18
80.19
80.19
80.19
80.20
80.19
80.19
80.19
80.19
80.18
80.19
80.19
80.19
80.19
80.19
80.19
80.18
80.18
80.18
80.20
80.21
80.20
80.20
80.21
80.20
80.21
80.21
80.21
80.20
80.22
80.22
80.22
80.22
80.22
80.22
80.21
80.20
80.20
80.20
80.21
80.22
80.22
80.21
80.22
80.22
80.22
80.21
80.21
80.21
80.21
80.22
80.21
80.20
80.21
80.21
80.22
80.20
80.21
80.22
80.21
80.21
80.21
80.22
80.22
80.22
80.22
80.21
80.21
80.22
80.23
80.23
80.23
80.22
80.22
80.23
80.23
80.23
80.23
80.23
80.24
80.16
