81.25
83.59
84.38
84.77
82.50
82.29
82.59
82.23
81.60
81.25
81.68
80.99
81.37
81.58
81.35
81.05
80.33
79.86
79.77
79.77
79.61
79.47
79.96
80.14
80.19
80.05
79.86
79.80
79.90
79.79
79.94
79.93
79.88
79.83
79.91
80.12
80.03
79.93
79.69
79.92
79.88
79.65
79.87
79.97
80.14
80.10
80.29
80.37
80.42
80.50
80.58
80.53
80.54
80.38
80.31
80.30
80.10
80.01
80.16
80.21
80.17
80.17
80.13
80.00
80.00
80.02
80.04
79.99
80.00
80.04
80.13
80.03
80.16
80.24
80.19
80.16
79.99
79.93
79.94
79.94
79.88
79.82
79.88
79.85
79.93
79.91
79.81
79.74
79.78
79.81
79.79
79.79
79.77
79.79
79.79
79.77
79.88
79.91
79.86
79.91
79.95
79.92
79.82
79.84
79.94
80.01
79.92
79.98
79.96
79.93
79.95
79.99
79.92
79.88
79.88
79.88
79.89
79.93
79.86
79.83
79.83
79.88
79.99
80.03
80.05
80.10
80.02
79.96
79.99
80.05
80.06
80.08
80.09
80.06
80.03
80.04
80.05
79.98
79.91
79.85
79.89
79.83
79.82
79.81
79.84
79.87
79.90
79.84
79.75
79.71
79.72
79.72
79.67
79.61
79.63
79.59
79.63
79.70
79.72
79.69
79.74
79.72
79.73
79.74
79.74
79.65
79.61
79.62
79.70
79.71
79.71
79.73
79.75
79.75
79.75
79.73
79.71
79.70
79.66
79.64
79.63
79.65
79.64
79.64
79.68
79.69
79.71
79.70
79.71
79.72
79.71
79.71
79.70
79.72
79.70
79.69
79.71
79.71
79.73
79.67
79.64
79.63
79.70
79.68
79.64
79.67
79.73
79.67
79.68
79.67
79.67
79.67
79.68
79.67
79.61
79.65
79.64
79.65
79.68
79.70
79.69
79.67
79.72
79.73
79.71
79.69
79.72
79.70
79.74
79.71
79.69
79.71
79.72
79.73
79.75
79.76
79.79
79.79
79.80
79.80
79.82
79.84
79.82
79.83
79.85
79.87
79.88
79.88
79.88
79.91
79.92
79.92
79.92
79.95
79.96
79.97
79.94
79.94
79.96
79.99
79.98
79.96
79.95
79.96
79.96
79.96
79.99
79.97
79.98
79.98
79.99
80.01
80.03
80.04
79.99
80.00
79.98
79.97
79.96
79.96
79.95
79.98
80.03
80.02
80.03
80.00
79.98
79.99
79.97
79.97
79.95
79.93
79.92
79.92
79.92
79.94
79.93
79.92
79.93
79.89
79.89
79.88
79.91
79.89
79.87
79.87
79.88
79.91
79.91
79.92
79.92
79.93
79.95
79.93
79.92
79.91
79.91
79.88
79.86
79.86
79.88
79.89
79.88
79.85
79.87
79.86
79.86
79.84
79.84
79.85
79.84
79.86
79.84
79.84
79.83
79.82
79.82
79.84
79.83
79.83
79.82
79.81
79.78
79.78
79.76
79.77
79.79
79.80
79.79
79.78
79.77
79.79
79.80
79.81
79.82
79.82
79.81
79.82
79.79
79.76
79.75
79.75
79.73
79.73
79.74
79.74
79.76
79.73
79.72
79.71
79.71
79.71
79.70
79.68
79.69
79.68
79.68
79.68
79.67
79.68
79.68
79.66
79.68
79.67
79.66
79.63
79.62
79.62
79.62
79.61
79.62
79.61
79.63
79.63
79.66
79.68
79.70
79.68
79.68
79.68
79.68
79.69
79.70
79.71
79.68
79.70
79.68
79.69
79.69
79.69
79.70
79.69
79.68
79.70
79.70
79.68
79.66
79.65
79.68
79.67
79.67
79.67
79.68
79.68
79.68
79.69
79.70
79.69
79.69
79.70
79.71
79.71
79.70
79.71
79.71
79.72
79.71
79.72
79.72
79.72
79.72
79.72
79.72
79.73
79.73
79.73
79.73
79.72
79.72
79.74
79.75
79.74
79.73
79.70
79.69
79.71
79.71
79.72
79.74
79.75
79.76
79.76
79.78
79.76
79.74
79.75
79.74
79.77
79.77
79.78
79.79
79.78
79.78
79.78
79.78
79.79
79.80
79.80
79.78
79.78
79.79
79.79
79.78
79.78
79.78
79.78
79.79
79.79
79.79
79.80
79.80
79.80
79.80
79.81
79.83
79.85
79.85
79.85
79.84
79.86
79.86
79.85
79.85
79.85
79.85
79.85
79.86
79.87
79.86
79.87
79.89
79.89
79.89
79.89
79.90
79.90
79.90
79.89
79.87
79.87
79.87
79.86
79.85
79.86
79.87
79.87
79.86
79.86
79.87
79.88
79.87
79.87
79.89
79.90
79.88
79.89
79.88
79.87
79.88
79.89
79.89
79.88
79.89
79.89
79.89
79.90
79.89
79.89
79.89
79.89
79.89
79.89
79.90
79.90
79.91
79.91
79.90
79.91
79.91
79.91
79.91
79.91
79.90
79.90
79.91
79.91
79.91
79.91
79.90
79.89
79.90
79.90
79.90
79.92
79.91
79.90
79.90
79.90
79.90
79.91
79.91
79.91
79.91
79.91
79.90
79.90
79.91
79.91
79.92
79.90
79.91
79.93
79.92
79.92
79.91
79.91
79.91
79.92
79.91
79.92
79.93
79.93
79.93
79.93
79.94
79.92
79.93
79.94
79.93
79.91
79.92
79.91
79.91
79.91
79.90
79.91
79.91
79.91
79.91
79.90
79.90
79.91
79.91
79.93
79.94
79.95
79.95
79.94
79.95
79.96
79.94
79.93
79.92
79.92
79.92
79.91
79.91
79.92
79.91
79.89
79.91
79.91
79.91
79.91
79.92
79.92
79.90
79.90
79.90
79.89
79.90
79.89
79.90
79.90
79.89
79.89
79.90
79.91
79.90
79.90
79.90
79.90
79.91
79.91
79.91
79.91
79.91
79.91
79.92
79.92
79.92
79.92
79.92
79.92
79.91
79.91
79.91
79.92
79.92
79.91
79.91
79.92
79.92
79.92
79.92
79.92
79.93
79.93
79.93
79.93
79.93
79.93
79.94
79.94
79.93
79.93
79.95
79.94
79.94
79.93
79.93
79.94
79.94
79.94
79.95
79.94
79.95
79.95
79.95
79.95
79.95
79.95
79.94
79.95
79.96
79.95
79.95
79.96
79.96
79.96
79.96
79.96
79.96
79.96
79.96
79.95
79.95
79.95
79.94
79.94
79.94
79.94
79.94
79.93
79.94
79.93
79.94
79.94
79.94
79.93
79.93
79.91
79.92
79.91
79.91
79.91
79.90
79.90
79.91
79.90
79.89
79.90
79.89
79.91
79.92
79.92
79.91
79.92
79.91
79.91
79.90
79.88
79.89
79.89
79.89
79.89
79.89
79.89
79.90
79.90
79.90
79.91
79.90
79.91
79.90
79.90
79.91
79.92
79.93
79.93
79.92
79.85
