76.56
78.12
81.25
79.30
80.00
79.95
80.58
79.69
79.86
80.31
79.69
79.82
80.17
80.58
80.00
79.49
79.32
78.91
78.95
79.22
79.09
79.55
79.96
80.21
79.94
79.57
79.69
79.52
79.31
79.53
79.39
79.30
79.59
79.55
79.29
79.43
79.18
79.15
79.17
79.34
79.42
79.54
79.61
79.69
79.83
79.72
79.79
79.75
79.69
79.78
79.84
79.78
79.81
79.83
79.77
79.91
79.88
79.96
79.98
79.92
79.99
80.07
80.03
79.91
79.93
79.88
79.78
79.71
79.71
79.78
79.84
79.88
79.82
79.71
79.81
79.77
79.81
79.87
79.87
79.88
79.92
79.94
79.84
79.82
79.85
79.85
79.80
79.79
79.76
79.76
79.74
79.77
79.84
79.75
79.74
79.69
79.70
79.77
79.70
79.67
79.61
79.67
79.72
79.75
79.78
79.81
79.76
79.73
79.72
79.74
79.76
79.77
79.81
79.77
79.73
79.67
79.67
79.65
79.58
79.64
79.65
79.62
79.59
79.60
79.60
79.61
79.61
79.64
79.69
79.69
79.70
79.66
79.62
79.58
79.59
79.61
79.62
79.68
79.69
79.72
79.67
79.63
79.60
79.57
79.48
79.45
79.41
79.42
79.47
79.44
79.43
79.43
79.40
79.35
79.34
79.33
79.30
79.29
79.30
79.30
79.28
79.22
79.22
79.23
79.19
79.17
79.15
79.19
79.19
79.15
79.15
79.20
79.21
79.24
79.20
79.21
79.21
79.21
79.21
79.19
79.18
79.22
79.23
79.29
79.30
79.28
79.29
79.26
79.28
79.26
79.25
79.25
79.25
79.25
79.28
79.29
79.34
79.32
79.32
79.30
79.34
79.33
79.30
79.33
79.34
79.34
79.33
79.34
79.32
79.31
79.30
79.36
79.34
79.32
79.30
79.31
79.34
79.34
79.36
79.34
79.36
79.32
79.28
79.30
79.28
79.30
79.30
79.26
79.28
79.30
79.27
79.26
79.24
79.24
79.25
79.26
79.29
79.28
79.28
79.26
79.24
79.22
79.24
79.25
79.24
79.26
79.25
79.24
79.27
79.28
79.29
79.30
79.29
79.27
79.26
79.28
79.30
79.28
79.30
79.31
79.30
79.29
79.30
79.27
79.30
79.32
79.31
79.34
79.30
79.32
79.34
79.31
79.31
79.31
79.31
79.31
79.33
79.29
79.32
79.32
79.32
79.32
79.35
79.35
79.36
79.35
79.34
79.34
79.34
79.35
79.34
79.34
79.34
79.34
79.32
79.31
79.31
79.32
79.34
79.32
79.31
79.31
79.33
79.33
79.32
79.32
79.32
79.31
79.28
79.27
79.30
79.26
79.22
79.24
79.26
79.26
79.27
79.31
79.33
79.34
79.35
79.35
79.36
79.37
79.38
79.38
79.38
79.41
79.41
79.40
79.40
79.39
79.41
79.39
79.39
79.39
79.40
79.40
79.41
79.40
79.42
79.42
79.45
79.46
79.47
79.44
79.45
79.45
79.47
79.45
79.45
79.43
79.42
79.42
79.42
79.42
79.44
79.45
79.44
79.44
79.45
79.45
79.45
79.43
79.43
79.44
79.44
79.45
79.44
79.45
79.45
79.45
79.44
79.42
79.42
79.41
79.39
79.41
79.42
79.44
79.45
79.47
79.50
79.49
79.49
79.48
79.49
79.50
79.48
79.46
79.46
79.46
79.46
79.43
79.44
79.42
79.42
79.41
79.43
79.42
79.45
79.43
79.43
79.45
79.46
79.48
79.48
79.49
79.50
79.52
79.52
79.54
79.54
79.52
79.50
79.50
79.50
79.50
79.51
79.52
79.52
79.53
79.52
79.52
79.54
79.54
79.54
79.55
79.55
79.57
79.56
79.57
79.55
79.56
79.56
79.54
79.53
79.52
79.53
79.53
79.52
79.54
79.52
79.52
79.52
79.52
79.53
79.52
79.52
79.52
79.52
79.53
79.53
79.51
79.52
79.53
79.53
79.55
79.54
79.56
79.57
79.58
79.58
79.59
79.59
79.58
79.59
79.59
79.60
79.60
79.62
79.64
79.64
79.63
79.63
79.62
79.62
79.62
79.62
79.61
79.62
79.62
79.62
79.62
79.62
79.60
79.62
79.61
79.60
79.60
79.60
79.62
79.64
79.64
79.63
79.63
79.65
79.66
79.66
79.67
79.67
79.67
79.68
79.68
79.70
79.71
79.72
79.72
79.72
79.72
79.72
79.71
79.72
79.73
79.71
79.71
79.69
79.69
79.69
79.68
79.68
79.70
79.68
79.69
79.68
79.67
79.66
79.67
79.69
79.69
79.68
79.68
79.66
79.66
79.66
79.64
79.66
79.66
79.66
79.66
79.65
79.65
79.62
79.62
79.62
79.61
79.60
79.59
79.59
79.58
79.59
79.59
79.59
79.59
79.60
79.61
79.61
79.61
79.60
79.61
79.62
79.62
79.61
79.63
79.62
79.63
79.61
79.60
79.60
79.61
79.62
79.61
79.61
79.62
79.63
79.63
79.63
79.65
79.65
79.65
79.66
79.66
79.66
79.67
79.66
79.68
79.69
79.69
79.68
79.67
79.67
79.67
79.67
79.67
79.67
79.68
79.69
79.70
79.71
79.70
79.70
79.70
79.70
79.70
79.69
79.70
79.68
79.69
79.68
79.68
79.67
79.68
79.68
79.66
79.65
79.65
79.64
79.63
79.63
79.63
79.63
79.63
79.64
79.63
79.63
79.63
79.62
79.60
79.61
79.62
79.62
79.62
79.61
79.61
79.62
79.62
79.62
79.61
79.61
79.59
79.61
79.61
79.60
79.61
79.62
79.63
79.62
79.60
79.60
79.58
79.60
79.59
79.59
79.59
79.59
79.59
79.59
79.59
79.59
79.59
79.59
79.59
79.58
79.58
79.58
79.58
79.57
79.58
79.58
79.58
79.58
79.59
79.60
79.60
79.61
79.62
79.63
79.62
79.62
79.62
79.63
79.62
79.63
79.62
79.63
79.62
79.62
79.62
79.62
79.63
79.65
79.64
79.64
79.63
79.64
79.64
79.64
79.62
79.62
79.60
79.60
79.61
79.61
79.60
79.61
79.61
79.61
79.62
79.61
79.63
79.64
79.65
79.65
79.65
79.65
79.64
79.65
79.65
79.65
79.66
79.65
79.66
79.66
79.66
79.67
79.65
79.67
79.66
79.66
79.66
79.66
79.65
79.66
79.66
79.67
79.67
79.67
79.67
79.68
79.68
79.67
79.68
79.68
79.69
79.68
79.69
79.69
79.69
79.69
79.68
79.67
79.66
79.66
79.65
79.65
79.65
79.64
79.64
79.63
79.63
79.62
79.62
79.60
79.60
79.60
79.60
79.60
79.60
79.61
79.62
79.62
79.63
79.62
79.62
79.62
79.63
79.63
79.63
79.63
79.63
79.63
79.56
