84.38
78.12
76.56
76.95
78.44
78.65
77.68
77.73
78.99
80.00
80.40
79.95
79.81
79.80
79.69
79.59
79.60
80.12
79.93
79.77
79.24
79.19
79.21
79.30
79.31
79.51
79.69
79.24
79.31
79.22
79.13
79.35
79.21
79.14
79.20
79.08
79.18
79.32
79.45
79.45
79.65
79.58
79.40
79.62
79.65
79.76
79.82
79.88
79.78
79.84
79.81
79.78
79.72
79.63
79.66
79.55
79.52
79.50
79.50
79.43
79.46
79.44
79.37
79.37
79.50
79.64
79.64
79.57
79.64
79.67
79.71
79.69
79.62
79.62
79.56
79.52
79.44
79.47
79.51
79.55
79.55
79.59
79.65
79.72
79.54
79.52
79.51
79.49
79.53
79.51
79.52
79.45
79.45
79.32
79.34
79.41
79.45
79.53
79.59
79.53
79.61
79.64
79.64
79.69
79.61
79.70
79.72
79.76
79.63
79.59
79.55
79.55
79.62
79.62
79.57
79.54
79.50
79.54
79.52
79.52
79.47
79.48
79.52
79.54
79.55
79.56
79.50
79.53
79.57
79.58
79.56
79.52
79.53
79.49
79.44
79.41
79.40
79.37
79.38
79.42
79.37
79.36
79.35
79.34
79.39
79.32
79.37
79.35
79.36
79.30
79.26
79.24
79.22
79.23
79.25
79.28
79.24
79.26
79.25
79.26
79.23
79.24
79.24
79.27
79.26
79.22
79.24
79.24
79.24
79.30
79.33
79.32
79.30
79.33
79.33
79.35
79.33
79.35
79.35
79.36
79.32
79.36
79.35
79.34
79.37
79.39
79.40
79.40
79.40
79.37
79.35
79.39
79.41
79.41
79.41
79.38
79.41
79.43
79.39
79.36
79.37
79.35
79.34
79.34
79.31
79.34
79.33
79.35
79.34
79.35
79.36
79.32
79.33
79.31
79.29
79.26
79.27
79.24
79.26
79.27
79.26
79.26
79.27
79.26
79.28
79.27
79.23
79.17
79.17
79.14
79.17
79.17
79.17
79.14
79.14
79.13
79.13
79.16
79.20
79.22
79.21
79.20
79.17
79.16
79.15
79.13
79.10
79.08
79.06
79.06
79.08
79.08
79.04
79.02
79.04
79.05
79.03
79.02
79.04
79.06
79.06
79.05
79.07
79.07
79.08
79.06
79.07
79.06
79.04
79.05
79.02
79.02
79.02
79.03
79.06
79.05
79.02
79.01
78.99
79.02
79.01
79.04
79.04
79.04
79.07
79.08
79.08
79.09
79.08
79.07
79.10
79.08
79.09
79.12
79.14
79.15
79.18
79.20
79.21
79.21
79.22
79.27
79.30
79.31
79.32
79.31
79.31
79.31
79.31
79.33
79.32
79.33
79.35
79.34
79.34
79.34
79.28
79.25
79.27
79.27
79.26
79.27
79.25
79.28
79.24
79.25
79.24
79.25
79.26
79.27
79.26
79.26
79.27
79.29
79.31
79.33
79.34
79.33
79.32
79.29
79.32
79.31
79.29
79.27
79.29
79.28
79.31
79.30
79.32
79.33
79.34
79.31
79.32
79.31
79.30
79.28
79.27
79.24
79.26
79.24
79.24
79.24
79.22
79.23
79.21
79.22
79.22
79.22
79.25
79.25
79.25
79.25
79.28
79.28
79.25
79.26
79.24
79.24
79.26
79.26
79.27
79.28
79.26
79.27
79.26
79.28
79.27
79.28
79.27
79.28
79.28
79.28
79.27
79.26
79.26
79.27
79.29
79.27
79.29
79.28
79.29
79.29
79.30
79.30
79.32
79.30
79.29
79.27
79.26
79.26
79.27
79.27
79.26
79.25
79.25
79.24
79.26
79.26
79.27
79.27
79.26
79.27
79.25
79.25
79.24
79.23
79.23
79.22
79.25
79.25
79.26
79.26
79.27
79.28
79.26
79.27
79.26
79.27
79.25
79.24
79.23
79.23
79.24
79.24
79.25
79.24
79.25
79.25
79.25
79.25
79.25
79.27
79.28
79.26
79.27
79.27
79.26
79.27
79.27
79.27
79.27
79.25
79.26
79.26
79.26
79.25
79.25
79.24
79.24
79.23
79.25
79.24
79.24
79.25
79.26
79.25
79.24
79.25
79.23
79.20
79.19
79.18
79.18
79.19
79.19
79.19
79.17
79.18
79.15
79.17
79.17
79.17
79.18
79.18
79.19
79.19
79.18
79.18
79.19
79.17
79.16
79.14
79.14
79.13
79.12
79.12
79.11
79.12
79.12
79.14
79.12
79.12
79.12
79.11
79.10
79.12
79.12
79.13
79.13
79.12
79.11
79.11
79.13
79.14
79.13
79.12
79.13
79.13
79.14
79.13
79.13
79.15
79.16
79.15
79.16
79.17
79.17
79.17
79.16
79.16
79.17
79.16
79.17
79.15
79.15
79.14
79.13
79.13
79.13
79.13
79.13
79.13
79.11
79.11
79.11
79.11
79.12
79.13
79.13
79.13
79.14
79.13
79.13
79.12
79.11
79.13
79.14
79.13
79.13
79.11
79.10
79.11
79.10
79.09
79.08
79.07
79.08
79.09
79.10
79.09
79.11
79.11
79.11
79.09
79.08
79.09
79.10
79.09
79.11
79.12
79.12
79.13
79.12
79.12
79.12
79.12
79.11
79.10
79.10
79.10
79.08
79.07
79.08
79.08
79.08
79.09
79.10
79.10
79.09
79.08
79.08
79.08
79.08
79.08
79.09
79.10
79.10
79.09
79.09
79.10
79.10
79.10
79.11
79.10
79.10
79.11
79.11
79.11
79.10
79.09
79.08
79.09
79.09
79.09
79.08
79.09
79.09
79.09
79.09
79.08
79.07
79.08
79.08
79.07
79.07
79.06
79.07
79.06
79.07
79.07
79.06
79.05
79.06
79.07
79.06
79.06
79.07
79.07
79.07
79.08
79.08
79.07
79.07
79.08
79.08
79.08
79.08
79.08
79.10
79.10
79.11
79.12
79.13
79.13
79.14
79.14
79.14
79.13
79.12
79.13
79.11
79.10
79.10
79.08
79.08
79.07
79.07
79.06
79.07
79.07
79.07
79.08
79.08
79.09
79.09
79.09
79.08
79.09
79.10
79.10
79.10
79.10
79.10
79.10
79.10
79.11
79.10
79.09
79.09
79.10
79.11
79.11
79.11
79.12
79.12
79.12
79.12
79.12
79.13
79.14
79.15
79.15
79.15
79.16
79.15
79.15
79.16
79.15
79.14
79.14
79.16
79.16
