82.81
81.25
81.25
81.25
79.38
79.43
81.47
80.86
80.21
80.78
80.97
80.47
80.65
80.25
80.31
80.27
80.06
79.51
79.11
79.14
79.39
79.69
79.55
79.69
79.75
79.93
79.98
79.52
79.74
79.64
79.79
79.83
79.73
79.87
79.78
79.77
79.81
79.98
80.05
80.04
80.03
79.91
80.01
79.83
79.86
79.99
80.12
79.98
79.97
79.94
79.99
79.96
80.04
80.18
80.31
80.30
80.29
80.39
80.35
80.44
80.35
80.27
80.36
80.35
80.34
80.23
80.25
80.26
80.23
80.22
80.19
80.25
80.33
80.26
80.17
80.16
80.11
80.07
80.00
80.02
80.13
80.05
80.18
80.15
80.17
80.12
80.15
80.17
80.27
80.30
80.25
80.28
80.34
80.35
80.38
80.32
80.32
80.36
80.30
80.27
80.24
80.18
80.16
80.17
80.15
80.22
80.21
80.16
80.06
80.04
79.97
79.97
79.96
79.99
80.04
80.01
79.98
80.02
79.99
79.97
80.00
79.96
79.97
79.94
79.91
79.99
79.88
79.90
79.87
79.78
79.82
79.84
79.80
79.80
79.80
79.85
79.86
79.86
79.78
79.75
79.79
79.75
79.68
79.73
79.64
79.60
79.59
79.60
79.59
79.56
79.56
79.56
79.58
79.58
79.58
79.57
79.56
79.56
79.57
79.59
79.66
79.62
79.62
79.64
79.65
79.68
79.67
79.70
79.70
79.71
79.73
79.77
79.79
79.78
79.77
79.79
79.74
79.72
79.70
79.70
79.69
79.69
79.70
79.67
79.67
79.67
79.69
79.69
79.69
79.71
79.71
79.70
79.73
79.70
79.68
79.71
79.73
79.73
79.78
79.76
79.75
79.80
79.80
79.78
79.81
79.82
79.85
79.81
79.75
79.78
79.81
79.73
79.72
79.69
79.68
79.67
79.65
79.67
79.63
79.62
79.60
79.62
79.63
79.64
79.67
79.69
79.73
79.71
79.73
79.76
79.76
79.78
79.79
79.77
79.79
79.77
79.78
79.77
79.78
79.77
79.79
79.78
79.75
79.76
79.78
79.79
79.77
79.74
79.76
79.78
79.75
79.77
79.77
79.73
79.72
79.74
79.73
79.74
79.71
79.73
79.74
79.74
79.73
79.72
79.72
79.71
79.72
79.72
79.72
79.73
79.72
79.74
79.71
79.73
79.75
79.76
79.78
79.75
79.74
79.72
79.73
79.74
79.73
79.73
79.75
79.77
79.75
79.75
79.76
79.77
79.77
79.80
79.79
79.82
79.81
79.81
79.81
79.80
79.82
79.82
79.82
79.82
79.83
79.81
79.83
79.80
79.79
79.77
79.78
79.81
79.85
79.85
79.82
79.82
79.84
79.84
79.85
79.89
79.90
79.89
79.85
79.84
79.83
79.83
79.83
79.83
79.82
79.83
79.84
79.84
79.82
79.82
79.82
79.84
79.82
79.82
79.83
79.83
79.83
79.84
79.85
79.87
79.89
79.86
79.83
79.83
79.84
79.85
79.84
79.83
79.84
79.83
79.81
79.83
79.83
79.85
79.85
79.82
79.84
79.84
79.84
79.85
79.84
79.82
79.82
79.84
79.84
79.85
79.86
79.86
79.84
79.86
79.87
79.84
79.85
79.85
79.85
79.87
79.88
79.90
79.92
79.91
79.92
79.90
79.87
79.87
79.86
79.86
79.85
79.83
79.81
79.80
79.80
79.80
79.81
79.79
79.79
79.76
79.75
79.75
79.77
79.75
79.78
79.80
79.80
79.79
79.78
79.79
79.79
79.78
79.79
79.78
79.79
79.79
79.79
79.78
79.77
79.77
79.78
79.78
79.76
79.75
79.74
79.74
79.74
79.74
79.73
79.73
79.71
79.71
79.71
79.70
79.71
79.70
79.69
79.69
79.70
79.69
79.70
79.69
79.70
79.68
79.69
79.70
79.71
79.72
79.72
79.71
79.70
79.70
79.69
79.69
79.68
79.67
79.67
79.67
79.67
79.65
79.65
79.65
79.65
79.64
79.64
79.63
79.63
79.63
79.63
79.63
79.63
79.62
79.62
79.64
79.64
79.64
79.64
79.64
79.63
79.63
79.64
79.63
79.63
79.64
79.64
79.64
79.65
79.64
79.64
79.63
79.65
79.64
79.64
79.64
79.66
79.66
79.66
79.65
79.67
79.65
79.66
79.66
79.66
79.67
79.68
79.68
79.68
79.69
79.69
79.70
79.70
79.71
79.71
79.71
79.70
79.69
79.70
79.69
79.70
79.71
79.71
79.70
79.70
79.69
79.69
79.70
79.69
79.71
79.72
79.72
79.71
79.71
79.69
79.71
79.70
79.71
79.73
79.73
79.74
79.74
79.75
79.73
79.72
79.73
79.74
79.75
79.76
79.76
79.75
79.76
79.78
79.77
79.77
79.76
79.77
79.77
79.78
79.78
79.79
79.79
79.79
79.80
79.79
79.79
79.78
79.79
79.78
79.79
79.79
79.79
79.79
79.80
79.80
79.80
79.80
79.82
79.82
79.82
79.80
79.80
79.80
79.79
79.80
79.79
79.79
79.78
79.78
79.79
79.79
79.79
79.79
79.79
79.79
79.80
79.79
79.79
79.80
79.80
79.79
79.80
79.79
79.79
79.79
79.79
79.79
79.79
79.79
79.78
79.80
79.80
79.80
79.80
79.80
79.80
79.80
79.81
79.79
79.79
79.80
79.80
79.81
79.81
79.81
79.80
79.81
79.81
79.82
79.83
79.82
79.81
79.80
79.80
79.80
79.80
79.81
79.81
79.81
79.81
79.82
79.83
79.84
79.84
79.84
79.85
79.85
79.85
79.85
79.86
79.87
79.88
79.87
79.86
79.85
79.85
79.84
79.83
79.83
79.82
79.80
79.79
79.79
79.79
79.80
79.79
79.79
79.78
79.77
79.77
79.77
79.76
79.75
79.74
79.73
79.74
79.74
79.75
79.75
79.75
79.76
79.77
79.77
79.78
79.78
79.78
79.77
79.77
79.76
79.78
79.77
79.77
79.77
79.76
79.78
79.77
79.77
79.78
79.79
79.80
79.79
79.79
79.80
79.81
79.79
79.79
79.80
79.80
79.80
79.80
79.80
79.81
79.82
79.80
79.81
79.81
79.82
79.82
79.81
79.81
79.82
79.82
79.80
79.80
79.80
79.80
79.80
79.78
79.79
79.78
79.78
79.79
79.79
79.79
79.79
79.79
79.79
79.79
79.79
79.79
79.79
79.80
79.78
79.78
79.76
79.76
79.77
79.76
79.76
79.76
79.75
79.75
79.76
79.75
79.75
79.75
79.76
79.76
79.76
79.76
79.76
79.77
79.78
79.78
79.78
79.78
79.78
79.79
79.78
79.77
79.76
79.75
79.76
79.76
79.77
79.78
79.78
79.78
79.78
79.78
79.79
79.80
79.79
79.79
79.79
79.71
