73.44
74.22
75.00
77.34
78.44
79.69
79.46
78.71
78.65
79.53
79.12
79.04
79.09
79.24
78.75
78.71
78.68
78.65
78.37
78.75
78.72
78.84
78.53
78.58
78.81
79.09
79.34
79.41
79.47
79.32
78.98
78.96
79.17
79.27
79.46
79.47
79.43
79.56
79.85
79.88
79.76
79.58
79.51
79.47
79.38
79.45
79.52
79.56
79.66
79.62
79.56
79.54
79.36
79.40
79.40
79.55
79.52
79.58
79.63
79.77
79.79
79.74
79.79
79.79
79.83
79.81
79.78
79.78
79.76
79.78
79.80
79.77
79.71
79.69
79.73
79.58
79.59
79.57
79.61
79.55
79.57
79.55
79.46
79.52
79.56
79.58
79.49
79.55
79.60
79.58
79.65
79.57
79.52
79.49
79.44
79.49
79.51
79.61
79.61
79.59
79.69
79.70
79.75
79.73
79.67
79.66
79.72
79.75
79.67
79.70
79.76
79.83
79.78
79.80
79.77
79.74
79.77
79.78
79.83
79.87
79.87
79.94
79.94
79.96
79.91
79.87
79.98
79.99
79.98
79.95
79.96
79.92
79.93
79.93
79.88
79.92
79.89
79.89
79.92
79.91
79.90
79.92
79.95
79.95
79.92
79.84
79.83
79.84
79.86
79.82
79.79
79.78
79.78
79.80
79.81
79.82
79.84
79.84
79.85
79.86
79.78
79.79
79.80
79.85
79.86
79.80
79.83
79.83
79.82
79.86
79.92
79.91
79.94
79.97
79.95
79.95
79.98
79.98
79.97
80.02
80.00
80.03
80.02
80.06
80.07
80.05
80.07
80.09
80.09
80.12
80.11
80.11
80.12
80.12
80.12
80.14
80.15
80.12
80.08
80.11
80.09
80.07
80.05
80.09
80.08
80.08
80.06
80.07
80.05
80.07
80.07
80.03
80.05
80.05
80.09
80.09
80.09
80.12
80.12
80.09
80.09
80.11
80.15
80.14
80.15
80.14
80.18
80.15
80.15
80.15
80.15
80.15
80.17
80.20
80.21
80.21
80.24
80.26
80.22
80.24
80.27
80.28
80.30
80.29
80.27
80.27
80.28
80.25
80.25
80.24
80.24
80.25
80.26
80.27
80.28
80.30
80.31
80.31
80.28
80.26
80.27
80.31
80.29
80.26
80.26
80.24
80.27
80.25
80.23
80.25
80.25
80.28
80.28
80.29
80.30
80.28
80.26
80.23
80.23
80.22
80.25
80.24
80.25
80.25
80.24
80.22
80.22
80.18
80.17
80.16
80.15
80.16
80.17
80.17
80.15
80.19
80.20
80.20
80.19
80.21
80.21
80.20
80.20
80.23
80.24
80.24
80.21
80.21
80.22
80.22
80.24
80.22
80.22
80.22
80.21
80.22
80.24
80.27
80.27
80.27
80.27
80.27
80.27
80.29
80.30
80.31
80.30
80.29
80.30
80.32
80.33
80.33
80.30
80.31
80.32
80.32
80.33
80.31
80.33
80.32
80.33
80.33
80.32
80.34
80.31
80.30
80.30
80.30
80.29
80.28
80.28
80.30
80.29
80.32
80.32
80.32
80.31
80.30
80.31
80.31
80.30
80.28
80.27
80.27
80.27
80.26
80.23
80.25
80.25
80.24
80.24
80.24
80.26
80.26
80.25
80.25
80.26
80.22
80.22
80.23
80.23
80.23
80.24
80.25
80.26
80.27
80.26
80.28
80.29
80.29
80.28
80.28
80.27
80.27
80.25
80.27
80.27
80.26
80.28
80.27
80.28
80.30
80.29
80.27
80.27
80.27
80.26
80.26
80.28
80.26
80.26
80.28
80.27
80.29
80.30
80.29
80.29
80.27
80.27
80.28
80.29
80.29
80.27
80.27
80.28
80.29
80.28
80.28
80.26
80.25
80.24
80.24
80.24
80.25
80.25
80.25
80.25
80.23
80.21
80.21
80.21
80.23
80.23
80.24
80.27
80.27
80.26
80.25
80.24
80.23
80.22
80.21
80.21
80.22
80.24
80.23
80.23
80.22
80.23
80.25
80.25
80.26
80.26
80.25
80.26
80.25
80.26
80.25
80.25
80.25
80.26
80.27
80.26
80.27
80.26
80.26
80.26
80.25
80.24
80.23
80.23
80.24
80.25
80.25
80.25
80.27
80.27
80.28
80.28
80.26
80.26
80.24
80.25
80.24
80.25
80.26
80.27
80.30
80.29
80.29
80.30
80.29
80.31
80.31
80.30
80.31
80.32
80.32
80.33
80.33
80.34
80.34
80.34
80.33
80.32
80.32
80.32
80.33
80.33
80.32
80.32
80.33
80.32
80.33
80.31
80.31
80.30
80.29
80.28
80.27
80.28
80.28
80.29
80.30
80.30
80.31
80.32
80.33
80.33
80.35
80.34
80.35
80.34
80.34
80.31
80.31
80.29
80.29
80.28
80.27
80.27
80.28
80.28
80.29
80.29
80.30
80.28
80.28
80.29
80.28
80.28
80.29
80.28
80.28
80.27
80.28
80.29
80.28
80.28
80.27
80.27
80.27
80.28
80.28
80.29
80.30
80.29
80.29
80.31
80.30
80.30
80.30
80.29
80.29
80.30
80.31
80.33
80.33
80.33
80.34
80.34
80.33
80.33
80.34
80.35
80.34
80.34
80.35
80.36
80.36
80.38
80.39
80.39
80.40
80.39
80.40
80.40
80.38
80.36
80.36
80.35
80.34
80.34
80.35
80.35
80.36
80.35
80.34
80.34
80.35
80.36
80.37
80.37
80.38
80.38
80.37
80.36
80.36
80.35
80.35
80.35
80.35
80.34
80.34
80.34
80.34
80.34
80.35
80.36
80.35
80.37
80.37
80.38
80.37
80.38
80.39
80.39
80.38
80.38
80.38
80.37
80.37
80.36
80.36
80.36
80.35
80.35
80.34
80.33
80.34
80.33
80.32
80.33
80.33
80.33
80.33
80.32
80.30
80.31
80.30
80.30
80.30
80.31
80.30
80.30
80.30
80.30
80.31
80.32
80.32
80.32
80.31
80.32
80.34
80.34
80.34
80.32
80.32
80.32
80.33
80.32
80.31
80.32
80.32
80.32
80.30
80.29
80.30
80.30
80.29
80.29
80.29
80.29
80.28
80.28
80.28
80.27
80.28
80.27
80.27
80.27
80.26
80.26
80.25
80.25
80.25
80.26
80.25
80.26
80.25
80.25
80.26
80.26
80.27
80.27
80.28
80.28
80.28
80.29
80.28
80.27
80.27
80.27
80.27
80.28
80.27
80.27
80.26
80.27
80.27
80.25
80.25
80.24
80.25
80.25
80.25
80.26
80.26
80.26
80.25
80.25
80.24
80.24
80.23
80.23
80.23
80.22
80.23
80.23
80.21
80.22
80.22
80.23
80.23
80.23
80.22
80.22
80.22
80.24
80.23
80.24
80.24
80.23
80.23
80.23
80.24
80.24
80.24
80.24
80.25
80.25
80.17
