75.00
78.12
81.77
81.64
81.88
82.03
81.70
81.45
81.25
82.03
82.24
81.51
81.01
81.25
80.94
80.96
81.07
80.90
80.84
80.78
80.51
80.26
80.16
80.27
80.00
80.17
80.03
80.13
80.01
79.84
79.39
79.44
79.45
79.41
79.24
79.25
79.27
79.40
79.49
79.41
79.50
79.61
79.43
79.55
79.44
79.45
79.45
79.52
79.59
79.44
79.53
79.39
79.39
79.43
79.52
79.38
79.33
79.39
79.50
79.53
79.61
79.61
79.61
79.52
79.69
79.66
79.57
79.69
79.80
79.73
79.73
79.64
79.71
79.75
79.77
79.71
79.61
79.67
79.61
79.53
79.49
79.48
79.39
79.37
79.34
79.38
79.35
79.37
79.41
79.39
79.40
79.50
79.50
79.44
79.42
79.46
79.56
79.66
79.61
79.53
79.55
79.63
79.60
79.54
79.49
79.47
79.41
79.40
79.44
79.39
79.38
79.38
79.38
79.34
79.36
79.32
79.29
79.28
79.32
79.30
79.27
79.34
79.36
79.40
79.35
79.34
79.34
79.27
79.29
79.30
79.27
79.27
79.26
79.23
79.20
79.20
79.20
79.22
79.25
79.20
79.19
79.16
79.08
79.05
79.03
79.07
79.05
79.10
79.09
79.10
79.13
79.15
79.17
79.14
79.13
79.08
79.07
79.05
79.02
78.95
78.92
78.94
78.95
78.95
78.99
79.01
79.02
79.06
79.04
79.05
79.00
79.02
79.03
78.99
79.04
79.03
79.03
79.02
79.07
79.11
79.07
79.08
79.06
79.08
79.13
79.14
79.10
79.11
79.06
79.05
79.08
79.09
79.13
79.12
79.13
79.13
79.12
79.10
79.10
79.12
79.14
79.17
79.23
79.20
79.16
79.18
79.22
79.22
79.22
79.27
79.27
79.24
79.23
79.20
79.22
79.21
79.20
79.17
79.12
79.13
79.10
79.10
79.11
79.11
79.15
79.13
79.13
79.14
79.13
79.17
79.14
79.16
79.15
79.18
79.16
79.12
79.10
79.10
79.09
79.10
79.08
79.11
79.14
79.18
79.16
79.18
79.19
79.20
79.19
79.19
79.21
79.18
79.19
79.18
79.20
79.21
79.22
79.23
79.23
79.24
79.24
79.26
79.27
79.30
79.30
79.32
79.33
79.34
79.32
79.31
79.31
79.30
79.25
79.26
79.26
79.26
79.26
79.25
79.25
79.26
79.21
79.24
79.22
79.24
79.22
79.22
79.22
79.20
79.22
79.22
79.19
79.19
79.20
79.20
79.22
79.23
79.27
79.29
79.28
79.28
79.28
79.28
79.28
79.30
79.29
79.31
79.29
79.29
79.30
79.32
79.32
79.32
79.31
79.32
79.33
79.32
79.32
79.32
79.29
79.29
79.31
79.31
79.30
79.31
79.34
79.32
79.32
79.33
79.32
79.30
79.31
79.28
79.27
79.27
79.25
79.28
79.27
79.29
79.27
79.26
79.24
79.26
79.25
79.26
79.29
79.29
79.27
79.26
79.24
79.23
79.22
79.22
79.22
79.22
79.23
79.22
79.20
79.19
79.20
79.20
79.18
79.18
79.20
79.19
79.17
79.18
79.19
79.18
79.18
79.18
79.16
79.16
79.16
79.17
79.15
79.14
79.12
79.11
79.11
79.10
79.11
79.09
79.13
79.15
79.18
79.18
79.17
79.19
79.20
79.21
79.23
79.24
79.26
79.26
79.25
79.25
79.25
79.26
79.26
79.26
79.26
79.27
79.24
79.25
79.27
79.27
79.28
79.30
79.30
79.31
79.30
79.33
79.35
79.36
79.36
79.36
79.36
79.34
79.33
79.34
79.35
79.35
79.34
79.34
79.34
79.34
79.34
79.34
79.35
79.36
79.36
79.36
79.34
79.35
79.35
79.34
79.33
79.30
79.31
79.33
79.33
79.34
79.34
79.34
79.33
79.31
79.31
79.31
79.34
79.35
79.35
79.38
79.37
79.36
79.37
79.36
79.37
79.35
79.36
79.35
79.35
79.36
79.35
79.34
79.33
79.34
79.34
79.34
79.32
79.32
79.31
79.31
79.32
79.32
79.31
79.29
79.29
79.28
79.29
79.27
79.28
79.28
79.28
79.28
79.26
79.27
79.28
79.29
79.28
79.26
79.25
79.25
79.26
79.27
79.27
79.27
79.28
79.27
79.27
79.27
79.29
79.30
79.30
79.31
79.32
79.31
79.32
79.29
79.29
79.30
79.28
79.30
79.29
79.30
79.30
79.29
79.30
79.27
79.28
79.28
79.28
79.27
79.27
79.26
79.26
79.27
79.28
79.27
79.27
79.27
79.25
79.25
79.25
79.24
79.25
79.26
79.25
79.24
79.26
79.24
79.25
79.25
79.25
79.25
79.26
79.27
79.26
79.27
79.26
79.26
79.26
79.25
79.27
79.26
79.25
79.26
79.26
79.25
79.25
79.25
79.25
79.23
79.23
79.24
79.26
79.26
79.26
79.27
79.27
79.26
79.27
79.28
79.27
79.28
79.25
79.25
79.25
79.25
79.26
79.25
79.25
79.24
79.24
79.25
79.24
79.23
79.23
79.24
79.23
79.20
79.19
79.19
79.18
79.18
79.19
79.20
79.20
79.19
79.18
79.19
79.19
79.20
79.22
79.23
79.23
79.23
79.23
79.22
79.22
79.22
79.22
79.21
79.22
79.21
79.21
79.21
79.21
79.21
79.21
79.22
79.22
79.22
79.21
79.21
79.21
79.22
79.21
79.21
79.21
79.21
79.21
79.20
79.21
79.20
79.20
79.19
79.18
79.17
79.17
79.17
79.17
79.17
79.18
79.17
79.17
79.17
79.16
79.16
79.17
79.16
79.17
79.16
79.15
79.15
79.15
79.15
79.16
79.17
79.17
79.17
79.16
79.16
79.14
79.13
79.14
79.14
79.13
79.13
79.12
79.13
79.14
79.13
79.14
79.14
79.15
79.15
79.15
79.16
79.16
79.14
79.14
79.16
79.16
79.18
79.17
79.17
79.17
79.17
79.18
79.19
79.20
79.20
79.19
79.19
79.19
79.20
79.20
79.21
79.20
79.20
79.19
79.19
79.19
79.19
79.19
79.18
79.19
79.19
79.17
79.17
79.16
79.17
79.17
79.18
79.17
79.18
79.18
79.19
79.20
79.20
79.19
79.20
79.19
79.20
79.20
79.21
79.21
79.22
79.22
79.21
79.21
79.21
79.21
79.21
79.22
79.22
79.23
79.24
79.24
79.25
79.26
79.25
79.24
79.23
79.23
79.23
79.23
79.23
79.24
79.23
79.23
79.24
79.24
79.24
79.24
79.24
79.23
79.22
79.22
79.22
79.21
79.20
79.20
79.20
79.21
79.21
79.21
79.21
79.20
79.21
79.22
79.22
79.22
79.22
79.22
79.21
79.21
79.21
79.21
79.21
79.22
79.15
