70.31
66.41
65.62
64.84
64.69
65.89
66.52
66.60
66.32
66.25
66.34
66.67
66.59
66.29
66.35
66.11
66.27
66.06
66.28
66.33
66.74
66.55
66.78
66.86
66.94
67.07
66.84
66.52
66.43
66.20
66.13
66.21
65.81
65.76
65.54
65.58
65.71
65.91
66.11
66.05
66.16
66.11
65.95
66.16
66.11
65.79
65.99
66.08
66.14
66.06
65.99
66.14
66.13
66.17
66.16
66.21
66.31
66.49
66.47
66.56
66.68
66.78
66.72
66.65
66.59
66.76
66.74
66.64
66.53
66.65
66.73
66.73
66.59
66.64
66.56
66.45
66.46
66.55
66.55
66.56
66.47
66.50
66.40
66.35
66.47
66.52
66.45
66.53
66.49
66.53
66.47
66.53
66.55
66.62
66.66
66.70
66.67
66.58
66.70
66.69
66.69
66.65
66.61
66.71
66.71
66.73
66.87
66.87
66.92
66.93
66.95
66.82
66.90
66.87
66.85
66.95
66.92
66.90
66.79
66.76
66.76
66.76
66.79
66.78
66.76
66.78
66.78
66.81
66.73
66.72
66.77
66.80
66.75
66.73
66.67
66.70
66.67
66.71
66.79
66.84
66.86
66.88
66.87
66.85
66.80
66.79
66.75
66.73
66.74
66.72
66.74
66.81
66.83
66.80
66.81
66.81
66.84
66.90
66.93
66.92
66.92
66.91
66.86
66.87
66.88
66.82
66.82
66.84
66.86
66.81
66.85
66.82
66.79
66.77
66.73
66.73
66.70
66.66
66.66
66.66
66.68
66.69
66.67
66.71
66.71
66.71
66.71
66.73
66.77
66.71
66.70
66.68
66.68
66.70
66.63
66.65
66.66
66.61
66.65
66.66
66.70
66.62
66.61
66.57
66.59
66.59
66.61
66.62
66.63
66.61
66.60
66.64
66.63
66.64
66.61
66.64
66.67
66.69
66.67
66.65
66.62
66.60
66.65
66.66
66.67
66.64
66.64
66.64
66.67
66.66
66.67
66.69
66.70
66.67
66.72
66.75
66.76
66.71
66.71
66.73
66.71
66.75
66.77
66.79
66.78
66.75
66.76
66.71
66.70
66.72
66.71
66.75
66.76
66.80
66.80
66.80
66.79
66.80
66.83
66.81
66.79
66.78
66.80
66.77
66.79
66.79
66.77
66.76
66.78
66.79
66.78
66.75
66.76
66.79
66.78
66.77
66.79
66.81
66.76
66.77
66.81
66.81
66.81
66.79
66.81
66.84
66.86
66.85
66.86
66.86
66.84
66.86
66.86
66.86
66.83
66.80
66.74
66.77
66.78
66.77
66.79
66.79
66.79
66.77
66.80
66.78
66.82
66.85
66.86
66.86
66.89
66.88
66.90
66.86
66.87
66.89
66.90
66.94
66.93
66.93
66.93
66.92
66.95
66.97
66.99
67.02
67.04
67.03
67.00
67.01
67.01
67.03
67.04
67.01
67.01
67.03
67.03
67.00
66.99
66.99
66.97
66.95
66.95
66.95
66.95
66.94
66.97
66.96
66.98
66.98
67.00
67.01
67.01
67.00
66.99
67.01
67.03
67.01
67.02
67.00
67.04
67.02
67.01
67.00
66.99
67.00
66.98
66.98
66.95
66.95
66.96
66.94
66.94
66.94
66.95
66.94
66.95
66.96
66.95
66.93
66.93
66.95
66.95
66.95
66.93
66.92
66.91
66.91
66.89
66.90
66.93
66.94
66.95
66.96
66.96
66.93
66.93
66.94
66.94
66.94
66.92
66.95
66.92
66.92
66.91
66.90
66.88
66.88
66.88
66.90
66.90
66.91
66.90
66.91
66.93
66.94
66.94
66.94
66.93
66.96
66.96
66.95
66.98
66.99
67.00
67.00
67.00
67.00
66.98
66.98
66.98
66.98
66.97
66.96
66.95
66.96
66.96
66.97
66.98
66.99
66.97
66.99
66.98
66.99
66.98
66.98
66.98
66.97
66.99
66.96
66.98
66.98
66.96
66.97
66.97
66.97
66.98
66.97
66.96
66.96
66.97
66.96
66.94
66.95
66.94
66.91
66.89
66.88
66.86
66.87
66.88
66.87
66.88
66.92
66.93
66.93
66.92
66.92
66.90
66.92
66.91
66.89
66.89
66.87
66.88
66.87
66.86
66.86
66.88
66.87
66.85
66.86
66.86
66.87
66.89
66.87
66.87
66.85
66.86
66.86
66.87
66.86
66.86
66.85
66.83
66.83
66.82
66.83
66.85
66.84
66.85
66.81
66.80
66.81
66.84
66.82
66.83
66.85
66.85
66.87
66.87
66.87
66.88
66.87
66.87
66.87
66.86
66.86
66.87
66.87
66.87
66.89
66.89
66.89
66.91
66.93
66.93
66.91
66.89
66.90
66.90
66.91
66.90
66.90
66.89
66.89
66.89
66.90
66.90
66.90
66.91
66.91
66.91
66.92
66.92
66.92
66.92
66.91
66.89
66.87
66.86
66.87
66.87
66.88
66.88
66.88
66.88
66.88
66.88
66.89
66.90
66.92
66.91
66.91
66.92
66.92
66.92
66.91
66.90
66.90
66.91
66.92
66.91
66.92
66.91
66.92
66.93
66.91
66.91
66.92
66.91
66.90
66.90
66.90
66.90
66.93
66.94
66.95
66.95
66.94
66.93
66.94
66.92
66.92
66.92
66.92
66.92
66.93
66.93
66.94
66.93
66.93
66.94
66.93
66.92
66.91
66.90
66.92
66.91
66.91
66.91
66.92
66.92
66.91
66.92
66.92
66.93
66.93
66.92
66.92
66.93
66.94
66.94
66.94
66.94
66.94
66.94
66.95
66.95
66.94
66.94
66.94
66.93
66.94
66.96
66.96
66.96
66.97
66.96
66.96
66.97
66.97
66.98
66.99
67.01
67.02
67.01
67.02
67.02
67.03
67.04
67.04
67.04
67.05
67.05
67.04
67.04
67.05
67.05
67.04
67.02
67.03
67.03
67.02
67.03
67.04
67.05
67.05
67.06
67.07
67.07
67.07
67.07
67.08
67.07
67.07
67.07
67.08
67.09
67.09
67.09
67.10
67.10
67.09
67.09
67.09
67.08
67.09
67.09
67.10
67.11
67.11
67.11
67.11
67.12
67.12
67.12
67.12
67.13
67.14
67.14
67.14
67.15
67.14
67.14
67.13
67.13
67.13
67.13
67.14
67.14
67.12
67.12
67.14
67.12
67.13
67.13
67.13
67.13
67.12
67.12
67.11
67.12
67.11
67.12
67.10
67.09
67.09
67.08
67.08
67.06
67.05
67.04
67.02
67.02
67.02
67.04
67.04
67.04
67.05
67.06
67.05
67.07
67.07
67.07
67.08
67.08
67.08
67.09
67.08
67.09
67.08
67.09
67.09
67.08
67.08
67.07
67.07
67.06
67.06
67.07
67.08
67.07
67.08
67.08
67.08
67.07
67.07
67.08
67.09
67.09
67.03
