89.06
86.72
81.77
80.86
80.31
79.17
79.69
79.49
79.51
79.22
78.98
79.56
79.33
79.24
78.96
78.71
78.31
78.47
78.12
78.20
78.50
78.62
78.67
78.78
79.19
79.15
79.22
78.91
79.04
79.32
79.23
79.20
79.21
79.41
79.51
79.64
79.60
79.40
79.41
79.38
79.54
79.54
79.58
79.65
79.62
79.72
79.75
79.98
79.94
80.12
80.15
80.23
80.19
80.06
80.06
80.13
80.18
80.33
80.27
80.29
80.23
80.19
80.13
80.22
80.34
80.42
80.41
80.35
80.34
80.40
80.46
80.49
80.44
80.41
80.44
80.45
80.48
80.47
80.54
80.55
80.54
80.51
80.40
80.45
80.42
80.45
80.37
80.42
80.25
80.19
80.19
80.13
80.11
80.15
80.16
80.08
80.09
80.09
80.02
80.03
80.06
80.09
80.01
79.99
79.94
79.94
79.95
79.88
79.86
79.90
79.88
79.88
79.84
79.84
79.81
79.84
79.83
79.85
79.90
79.84
79.80
79.83
79.81
79.80
79.79
79.75
79.69
79.70
79.74
79.71
79.70
79.73
79.79
79.82
79.79
79.79
79.81
79.79
79.77
79.71
79.77
79.79
79.81
79.85
79.83
79.84
79.87
79.84
79.80
79.86
79.93
79.95
79.98
79.94
79.99
80.03
80.02
80.07
80.04
80.06
80.04
80.04
80.02
79.99
79.96
79.95
80.01
79.99
80.04
80.04
80.05
80.06
80.10
80.10
80.04
80.08
80.04
80.07
80.07
80.10
80.07
80.03
80.08
80.07
80.03
80.06
80.04
80.02
80.03
80.01
80.01
79.98
79.98
80.00
80.00
80.00
79.99
79.98
79.97
80.01
80.04
80.03
80.02
79.99
79.98
79.95
79.92
79.95
79.96
79.96
79.95
79.89
79.88
79.89
79.90
79.90
79.87
79.86
79.83
79.83
79.84
79.87
79.90
79.88
79.90
79.92
79.92
79.93
79.95
79.97
80.00
80.02
80.02
80.02
80.03
80.04
80.04
80.06
80.02
80.02
80.02
80.03
80.04
80.03
80.08
80.07
80.08
80.07
80.05
80.05
80.04
80.04
80.06
80.08
80.09
80.09
80.08
80.10
80.09
80.10
80.12
80.14
80.13
80.14
80.14
80.14
80.13
80.14
80.16
80.14
80.15
80.18
80.18
80.20
80.17
80.21
80.20
80.21
80.21
80.23
80.20
80.19
80.19
80.18
80.19
80.20
80.20
80.21
80.17
80.16
80.15
80.16
80.17
80.18
80.16
80.13
80.12
80.11
80.09
80.10
80.11
80.08
80.06
80.07
80.07
80.07
80.08
80.09
80.09
80.10
80.11
80.12
80.13
80.12
80.11
80.12
80.12
80.11
80.11
80.09
80.08
80.10
80.10
80.09
80.09
80.07
80.06
80.07
80.06
80.04
80.07
80.05
80.05
80.04
80.06
80.07
80.07
80.04
80.03
80.05
80.04
80.06
80.02
80.01
80.03
80.03
80.04
80.03
80.01
80.02
79.99
79.98
79.98
79.97
79.99
79.98
80.00
80.01
79.99
80.00
79.99
80.02
80.01
79.99
80.00
79.99
80.00
79.99
79.99
79.97
79.98
79.98
79.98
79.97
79.99
79.99
79.99
79.99
79.99
79.98
79.98
79.98
79.97
79.98
79.98
79.98
79.97
79.97
79.96
79.96
79.96
79.97
79.95
79.95
79.91
79.90
79.90
79.90
79.90
79.92
79.93
79.95
79.97
79.98
79.99
79.98
79.98
79.96
79.96
79.94
79.94
79.93
79.92
79.93
79.91
79.92
79.93
79.92
79.91
79.93
79.91
79.92
79.93
79.95
79.96
79.97
79.97
79.95
79.96
79.96
79.96
79.98
79.98
79.98
80.00
80.01
79.99
79.99
80.03
80.01
80.02
80.02
80.03
80.02
80.04
80.02
80.03
80.03
80.03
80.03
80.03
80.03
80.02
79.99
80.01
80.01
80.01
80.01
80.01
80.01
80.00
79.99
79.98
79.97
79.97
79.98
80.00
79.99
79.99
79.99
79.98
79.98
79.98
79.98
79.99
79.99
79.98
79.97
79.97
79.97
79.97
79.97
79.96
79.97
79.97
79.97
79.95
79.95
79.95
79.97
79.97
79.98
79.97
79.98
79.98
79.99
79.97
79.94
79.94
79.94
79.97
79.97
79.96
79.95
79.97
79.98
79.99
79.98
79.97
79.98
79.98
79.98
79.97
79.96
79.97
79.98
79.97
79.98
79.98
79.98
79.98
79.97
79.98
79.98
79.97
79.97
79.96
79.98
79.98
79.98
79.98
79.97
79.97
79.98
79.98
79.98
79.98
79.96
79.98
79.99
79.99
80.00
80.02
80.01
80.01
80.00
79.99
80.00
80.01
80.01
80.01
80.00
79.99
79.98
79.98
79.97
79.98
79.97
79.97
79.97
79.96
79.96
79.96
79.95
79.94
79.94
79.95
79.95
79.94
79.95
79.96
79.96
79.95
79.96
79.96
79.95
79.96
79.96
79.94
79.95
79.94
79.93
79.93
79.93
79.93
79.95
79.96
79.97
79.96
79.96
79.95
79.96
79.97
79.96
79.97
79.97
79.96
79.97
79.97
79.96
79.97
79.96
79.95
79.97
79.96
79.95
79.96
79.96
79.96
79.96
79.96
79.95
79.95
79.96
79.95
79.95
79.95
79.96
79.97
79.97
79.95
79.96
79.95
79.95
79.96
79.95
79.97
79.95
79.95
79.96
79.96
79.97
79.96
79.97
79.97
79.97
79.98
79.98
79.98
79.97
79.96
79.95
79.95
79.95
79.94
79.93
79.93
79.93
79.92
79.92
79.93
79.92
79.91
79.92
79.90
79.91
79.92
79.92
79.91
79.91
79.91
79.92
79.92
79.92
79.92
79.92
79.91
79.90
79.90
79.89
79.88
79.89
79.88
79.88
79.88
79.88
79.86
79.85
79.84
79.84
79.85
79.85
79.85
79.83
79.83
79.82
79.81
79.80
79.80
79.80
79.81
79.80
79.79
79.78
79.79
79.78
79.77
79.77
79.78
79.78
79.77
79.78
79.78
79.79
79.79
79.78
79.79
79.78
79.79
79.78
79.79
79.79
79.79
79.80
79.79
79.79
79.79
79.79
79.79
79.79
79.79
79.77
79.76
79.75
79.75
79.73
79.73
79.75
79.76
79.75
79.74
79.74
79.73
79.73
79.74
79.74
79.73
79.73
79.73
79.73
79.73
79.74
79.73
79.74
79.73
79.74
79.75
79.75
79.75
79.75
79.75
79.76
79.76
79.77
79.75
79.75
79.76
79.75
79.76
79.77
79.76
79.75
79.75
79.75
79.75
79.75
79.75
79.75
79.76
79.75
79.74
79.75
79.74
79.75
79.76
79.76
79.75
79.76
79.76
79.77
79.77
79.69
