76.56
73.44
76.56
78.52
79.38
79.95
79.91
79.88
79.17
78.59
78.84
79.17
79.69
79.46
79.69
79.49
80.24
80.30
80.35
80.16
80.21
79.83
80.03
80.14
80.25
80.17
80.50
80.69
80.44
80.47
80.49
80.71
80.78
80.51
80.67
80.56
80.66
80.63
80.73
80.74
80.68
80.69
80.78
80.79
80.80
80.77
80.55
80.40
80.52
80.53
80.58
80.74
80.69
80.93
80.94
80.80
80.89
80.87
81.04
80.94
80.97
80.97
81.05
81.15
81.08
81.08
81.11
81.11
81.16
81.12
81.01
80.95
80.86
80.83
80.88
80.76
80.72
80.73
80.76
80.74
80.77
80.66
80.70
80.64
80.66
80.63
80.60
80.43
80.32
80.38
80.44
80.42
80.48
80.52
80.54
80.57
80.57
80.45
80.46
80.48
80.51
80.44
80.54
80.51
80.51
80.48
80.43
80.34
80.33
80.33
80.29
80.23
80.32
80.30
80.27
80.25
80.26
80.27
80.28
80.27
80.32
80.37
80.37
80.34
80.35
80.31
80.29
80.27
80.28
80.24
80.32
80.30
80.29
80.26
80.20
80.20
80.21
80.22
80.25
80.26
80.32
80.25
80.27
80.31
80.27
80.28
80.26
80.28
80.27
80.24
80.26
80.26
80.29
80.29
80.25
80.28
80.26
80.28
80.24
80.22
80.27
80.23
80.27
80.26
80.23
80.23
80.19
80.18
80.18
80.16
80.22
80.28
80.29
80.33
80.34
80.38
80.41
80.38
80.39
80.41
80.40
80.38
80.42
80.39
80.36
80.35
80.36
80.32
80.31
80.30
80.28
80.27
80.25
80.22
80.18
80.21
80.18
80.18
80.21
80.16
80.16
80.17
80.18
80.19
80.18
80.19
80.14
80.16
80.19
80.18
80.17
80.16
80.16
80.16
80.16
80.16
80.18
80.17
80.19
80.20
80.24
80.22
80.20
80.20
80.22
80.22
80.24
80.21
80.23
80.21
80.22
80.20
80.21
80.22
80.19
80.18
80.15
80.15
80.16
80.18
80.15
80.15
80.15
80.16
80.18
80.20
80.19
80.20
80.21
80.18
80.17
80.20
80.21
80.22
80.22
80.26
80.26
80.25
80.24
80.25
80.22
80.20
80.22
80.26
80.28
80.29
80.30
80.29
80.33
80.31
80.32
80.29
80.27
80.28
80.27
80.27
80.29
80.28
80.28
80.27
80.24
80.24
80.22
80.24
80.21
80.24
80.24
80.23
80.23
80.23
80.23
80.20
80.22
80.22
80.22
80.19
80.18
80.20
80.18
80.19
80.18
80.16
80.15
80.10
80.13
80.15
80.13
80.12
80.12
80.12
80.10
80.07
80.06
80.05
80.06
80.06
80.04
80.05
80.05
80.03
80.04
80.07
80.06
80.08
80.11
80.10
80.10
80.11
80.12
80.10
80.09
80.07
80.04
80.03
80.02
80.01
80.01
80.00
79.99
79.98
79.99
79.98
79.99
80.01
80.04
80.04
80.03
80.06
80.06
80.08
80.07
80.06
80.05
80.02
80.01
80.00
80.01
80.01
79.99
79.97
79.94
79.95
79.97
79.97
79.97
79.98
79.98
79.98
79.99
80.00
80.00
80.01
80.01
80.02
79.99
79.97
79.97
79.99
80.00
80.00
80.02
80.03
80.03
80.04
80.04
80.06
80.05
80.04
80.05
80.06
80.06
80.07
80.07
80.05
80.06
80.05
80.04
80.03
80.01
80.00
80.01
80.01
80.00
80.00
80.01
80.00
79.99
79.99
80.01
79.98
79.98
79.96
79.97
79.95
79.96
79.95
79.94
79.96
79.94
79.94
79.97
79.97
79.99
79.98
79.99
79.99
79.99
79.98
79.96
79.98
80.00
79.99
79.99
80.00
80.01
80.02
80.04
80.03
80.03
80.02
80.02
80.02
80.01
80.01
80.02
80.02
80.04
80.06
80.07
80.07
80.07
80.05
80.06
80.07
80.07
80.08
80.07
80.08
80.06
80.08
80.08
80.07
80.09
80.09
80.08
80.08
80.08
80.06
80.06
80.05
80.05
80.05
80.05
80.04
80.05
80.05
80.05
80.06
80.05
80.06
80.06
80.06
80.06
80.07
80.05
80.05
80.03
80.04
80.04
80.05
80.06
80.06
80.08
80.07
80.06
80.07
80.06
80.05
80.04
80.05
80.04
80.05
80.05
80.07
80.07
80.06
80.06
80.07
80.08
80.07
80.08
80.08
80.08
80.08
80.07
80.07
80.08
80.08
80.08
80.08
80.07
80.09
80.10
80.09
80.10
80.11
80.10
80.09
80.10
80.07
80.09
80.10
80.08
80.08
80.08
80.08
80.07
80.07
80.08
80.09
80.09
80.09
80.08
80.09
80.09
80.09
80.08
80.08
80.09
80.10
80.10
80.11
80.10
80.11
80.10
80.09
80.07
80.08
80.07
80.08
80.09
80.10
80.10
80.10
80.11
80.12
80.13
80.13
80.13
80.14
80.14
80.14
80.15
80.15
80.14
80.14
80.15
80.17
80.17
80.18
80.20
80.19
80.20
80.22
80.24
80.23
80.23
80.22
80.23
80.24
80.25
80.23
80.23
80.23
80.23
80.23
80.23
80.22
80.23
80.24
80.24
80.24
80.24
80.25
80.25
80.25
80.25
80.25
80.25
80.25
80.25
80.23
80.24
80.25
80.25
80.25
80.26
80.27
80.27
80.27
80.27
80.27
80.26
80.27
80.28
80.28
80.28
80.27
80.28
80.28
80.28
80.27
80.27
80.28
80.28
80.28
80.30
80.29
80.29
80.30
80.29
80.28
80.28
80.28
80.28
80.28
80.26
80.25
80.25
80.25
80.24
80.24
80.25
80.24
80.25
80.25
80.25
80.24
80.23
80.23
80.23
80.23
80.24
80.24
80.24
80.25
80.25
80.25
80.26
80.26
80.27
80.28
80.28
80.29
80.30
80.30
80.30
80.31
80.31
80.31
80.31
80.31
80.31
80.31
80.31
80.29
80.29
80.30
80.29
80.29
80.29
80.29
80.30
80.30
80.31
80.32
80.33
80.34
80.34
80.34
80.34
80.34
80.34
80.32
80.32
80.32
80.33
80.33
80.32
80.32
80.33
80.33
80.32
80.30
80.31
80.32
80.32
80.31
80.31
80.30
80.29
80.29
80.30
80.29
80.30
80.29
80.29
80.29
80.29
80.30
80.29
80.29
80.29
80.28
80.28
80.28
80.28
80.27
80.28
80.27
80.27
80.28
80.28
80.28
80.27
80.27
80.27
80.27
80.27
80.27
80.26
80.25
80.26
80.27
80.26
80.27
80.27
80.27
80.28
80.27
80.26
80.26
80.26
80.26
80.26
80.27
80.26
80.27
80.25
80.25
80.25
80.26
80.26
80.27
80.27
80.27
80.27
80.26
80.26
80.25
80.25
80.18
