73.44
69.53
70.31
72.66
71.88
71.35
71.65
71.88
72.57
72.81
72.87
72.14
71.88
71.88
72.40
72.17
72.52
72.22
72.20
71.88
71.88
71.66
71.81
71.74
71.56
71.39
71.30
71.37
71.55
71.41
71.57
71.58
71.45
71.83
72.14
72.05
72.04
72.04
71.96
71.88
72.14
72.17
72.24
72.19
72.05
72.18
72.21
72.33
72.45
72.41
72.33
72.33
72.23
72.19
72.27
72.27
72.12
72.12
72.25
72.29
72.36
72.35
72.35
72.34
72.38
72.32
72.18
72.10
72.03
72.08
72.18
72.16
72.02
72.00
71.96
71.96
71.94
71.88
71.93
71.93
71.91
71.93
71.89
71.84
71.89
71.78
71.84
71.80
71.88
71.96
71.93
71.96
71.96
71.88
71.76
71.71
71.67
71.75
71.73
71.69
71.72
71.65
71.68
71.63
71.64
71.64
71.73
71.60
71.60
71.55
71.57
71.53
71.56
71.49
71.49
71.48
71.57
71.50
71.49
71.46
71.46
71.53
71.53
71.48
71.53
71.48
71.51
71.55
71.67
71.71
71.70
71.70
71.64
71.61
71.66
71.67
71.65
71.75
71.73
71.77
71.73
71.71
71.73
71.73
71.73
71.78
71.74
71.70
71.68
71.64
71.62
71.59
71.54
71.58
71.58
71.59
71.58
71.59
71.61
71.63
71.62
71.61
71.61
71.63
71.65
71.68
71.67
71.68
71.73
71.78
71.77
71.75
71.74
71.73
71.77
71.77
71.85
71.79
71.81
71.83
71.83
71.89
71.89
71.95
71.95
71.95
71.98
71.97
72.02
72.08
72.04
72.08
72.07
72.05
72.05
72.09
72.07
72.06
72.09
72.12
72.12
72.14
72.13
72.14
72.12
72.07
72.06
72.07
72.05
72.08
72.09
72.15
72.15
72.17
72.22
72.21
72.13
72.15
72.16
72.17
72.19
72.19
72.17
72.15
72.17
72.21
72.21
72.20
72.19
72.17
72.17
72.15
72.16
72.16
72.21
72.19
72.18
72.20
72.18
72.18
72.17
72.15
72.16
72.19
72.20
72.19
72.17
72.20
72.20
72.19
72.20
72.19
72.21
72.19
72.17
72.17
72.20
72.18
72.18
72.19
72.20
72.18
72.18
72.18
72.20
72.20
72.17
72.20
72.21
72.21
72.20
72.23
72.23
72.24
72.26
72.27
72.29
72.29
72.28
72.29
72.29
72.27
72.24
72.27
72.26
72.23
72.20
72.19
72.19
72.20
72.20
72.21
72.23
72.23
72.24
72.22
72.24
72.23
72.23
72.23
72.19
72.18
72.15
72.15
72.15
72.15
72.14
72.13
72.14
72.12
72.12
72.11
72.10
72.08
72.09
72.11
72.11
72.11
72.11
72.11
72.11
72.12
72.13
72.13
72.14
72.16
72.17
72.18
72.19
72.17
72.20
72.20
72.19
72.18
72.17
72.16
72.19
72.19
72.16
72.17
72.16
72.16
72.16
72.17
72.16
72.16
72.16
72.19
72.18
72.21
72.24
72.23
72.21
72.21
72.24
72.23
72.23
72.23
72.21
72.19
72.20
72.22
72.20
72.19
72.19
72.15
72.16
72.16
72.16
72.16
72.17
72.18
72.19
72.17
72.17
72.15
72.14
72.12
72.11
72.11
72.10
72.10
72.09
72.09
72.07
72.06
72.06
72.06
72.06
72.07
72.07
72.09
72.09
72.09
72.13
72.14
72.12
72.15
72.13
72.16
72.18
72.17
72.16
72.14
72.13
72.12
72.11
72.11
72.11
72.12
72.11
72.12
72.11
72.10
72.10
72.09
72.09
72.12
72.07
72.08
72.06
72.05
72.02
72.03
72.00
72.02
72.01
72.01
72.02
72.01
72.03
72.02
72.01
71.99
71.97
71.97
71.99
71.99
71.98
71.96
71.96
71.93
71.93
71.93
71.90
71.90
71.89
71.91
71.91
71.92
71.92
71.94
71.94
71.94
71.95
71.94
71.93
71.93
71.93
71.93
71.94
71.95
71.95
71.96
71.97
72.00
72.00
71.99
71.99
71.97
71.99
72.01
71.97
71.99
71.98
71.99
71.98
72.00
72.02
72.02
72.03
72.01
72.02
72.03
72.05
72.06
72.06
72.08
72.07
72.08
72.07
72.04
72.03
72.03
72.02
72.01
72.03
72.03
72.01
72.01
72.01
72.01
72.00
72.00
72.01
72.00
72.00
71.99
71.99
71.98
71.98
71.97
71.96
71.94
71.93
71.92
71.92
71.92
71.93
71.93
71.93
71.92
71.94
71.94
71.94
71.91
71.91
71.92
71.93
71.93
71.93
71.94
71.92
71.94
71.95
71.96
71.96
71.96
71.97
71.98
71.98
71.98
71.99
72.00
72.00
72.00
71.99
71.96
71.97
71.97
71.97
71.98
71.97
71.97
71.97
71.96
71.95
71.95
71.94
71.94
71.94
71.94
71.96
71.96
71.97
71.98
71.98
71.97
71.97
71.96
71.97
71.97
71.98
71.98
71.97
71.95
71.95
71.95
71.95
71.96
71.97
71.96
71.96
71.96
71.98
71.99
71.98
71.98
71.99
71.99
71.99
71.99
71.98
71.99
72.00
72.00
71.99
71.98
71.97
71.98
71.97
71.96
71.95
71.94
71.95
71.95
71.96
71.96
71.95
71.96
71.96
71.96
71.96
71.95
71.95
71.94
71.94
71.94
71.95
71.95
71.95
71.94
71.93
71.96
71.96
71.97
71.97
71.97
71.96
71.97
71.97
71.96
71.96
71.96
71.96
71.95
71.95
71.93
71.92
71.92
71.93
71.93
71.92
71.93
71.94
71.94
71.93
71.93
71.92
71.91
71.90
71.89
71.91
71.90
71.90
71.89
71.88
71.88
71.89
71.88
71.88
71.88
71.88
71.88
71.88
71.86
71.88
71.88
71.86
71.86
71.85
71.86
71.87
71.87
71.87
71.86
71.86
71.87
71.87
71.86
71.87
71.86
71.88
71.88
71.87
71.86
71.87
71.88
71.89
71.88
71.87
71.88
71.89
71.88
71.89
71.88
71.89
71.91
71.91
71.92
71.92
71.92
71.93
71.94
71.94
71.94
71.93
71.94
71.93
71.92
71.92
71.93
71.93
71.92
71.92
71.93
71.94
71.94
71.95
71.93
71.93
71.93
71.94
71.93
71.92
71.93
71.94
71.93
71.92
71.91
71.91
71.90
71.90
71.90
71.90
71.90
71.90
71.90
71.91
71.91
71.91
71.92
71.92
71.93
71.93
71.93
71.93
71.92
71.92
71.91
71.91
71.90
71.90
71.90
71.90
71.91
71.92
71.91
71.92
71.93
71.94
71.94
71.94
71.93
71.94
71.94
71.94
71.94
71.93
71.93
71.93
71.93
71.95
71.95
71.95
71.95
71.94
71.94
71.93
71.94
71.93
71.85
