87.50
80.47
82.29
81.25
81.25
82.03
81.70
81.64
81.42
81.25
80.97
81.38
80.77
80.58
81.25
80.86
80.79
80.90
81.00
81.33
81.47
81.46
81.52
81.71
81.56
81.61
81.60
81.70
81.36
81.09
80.85
81.01
81.25
81.11
80.98
80.82
80.83
80.67
80.65
80.55
80.53
80.84
81.07
81.14
81.25
81.15
80.88
80.86
80.68
80.84
80.79
80.77
80.72
80.67
80.60
80.50
80.43
80.36
80.32
80.26
80.12
80.12
80.06
80.03
80.10
80.23
80.25
80.19
80.21
80.09
80.04
79.90
79.71
79.77
79.71
79.79
79.87
79.69
79.53
79.49
79.49
79.50
79.44
79.33
79.30
79.34
79.27
79.24
79.30
79.20
79.21
79.14
79.17
79.07
79.08
79.07
79.11
79.13
79.14
79.17
79.19
79.18
79.16
79.13
79.14
79.22
79.22
79.30
79.34
79.33
79.25
79.30
79.31
79.28
79.21
79.24
79.19
79.14
79.11
79.17
79.21
79.14
79.14
79.16
79.15
79.06
79.07
79.04
79.00
78.97
78.97
78.92
78.85
78.81
78.83
78.83
78.84
78.87
78.84
78.83
78.85
78.87
78.84
78.80
78.80
78.82
78.73
78.73
78.73
78.67
78.67
78.65
78.69
78.64
78.64
78.64
78.62
78.62
78.64
78.65
78.65
78.65
78.63
78.62
78.61
78.61
78.65
78.67
78.69
78.71
78.68
78.72
78.71
78.74
78.77
78.76
78.74
78.75
78.74
78.70
78.66
78.68
78.68
78.66
78.67
78.64
78.61
78.65
78.66
78.66
78.67
78.68
78.66
78.66
78.63
78.66
78.66
78.65
78.64
78.64
78.65
78.66
78.67
78.66
78.68
78.63
78.63
78.63
78.64
78.62
78.64
78.68
78.68
78.65
78.66
78.64
78.59
78.56
78.57
78.57
78.54
78.57
78.59
78.62
78.61
78.60
78.63
78.61
78.61
78.61
78.63
78.60
78.60
78.57
78.56
78.60
78.59
78.59
78.60
78.59
78.62
78.61
78.62
78.61
78.61
78.61
78.62
78.62
78.61
78.61
78.57
78.57
78.56
78.60
78.58
78.59
78.61
78.60
78.61
78.63
78.60
78.55
78.53
78.53
78.54
78.56
78.55
78.56
78.56
78.59
78.57
78.58
78.61
78.60
78.60
78.58
78.61
78.64
78.63
78.68
78.66
78.64
78.57
78.60
78.61
78.61
78.60
78.60
78.62
78.63
78.63
78.62
78.62
78.60
78.58
78.56
78.56
78.55
78.55
78.54
78.56
78.56
78.54
78.56
78.56
78.55
78.56
78.58
78.61
78.59
78.57
78.57
78.57
78.58
78.59
78.62
78.63
78.60
78.61
78.60
78.59
78.60
78.57
78.56
78.55
78.54
78.55
78.54
78.55
78.55
78.55
78.55
78.53
78.54
78.55
78.58
78.59
78.61
78.64
78.65
78.64
78.64
78.65
78.66
78.65
78.67
78.67
78.67
78.68
78.68
78.69
78.69
78.67
78.66
78.64
78.65
78.65
78.66
78.65
78.65
78.64
78.62
78.64
78.65
78.66
78.68
78.68
78.66
78.66
78.67
78.64
78.63
78.64
78.65
78.64
78.65
78.66
78.64
78.62
78.63
78.64
78.64
78.63
78.63
78.63
78.63
78.61
78.61
78.60
78.61
78.62
78.62
78.61
78.62
78.62
78.61
78.61
78.62
78.62
78.63
78.63
78.63
78.65
78.66
78.67
78.67
78.67
78.66
78.66
78.66
78.66
78.65
78.63
78.64
78.63
78.63
78.64
78.65
78.64
78.64
78.64
78.65
78.67
78.67
78.68
78.67
78.65
78.67
78.67
78.66
78.66
78.67
78.66
78.67
78.67
78.67
78.66
78.65
78.63
78.63
78.64
78.61
78.61
78.60
78.59
78.59
78.59
78.59
78.59
78.59
78.61
78.63
78.62
78.63
78.62
78.61
78.61
78.61
78.60
78.60
78.60
78.60
78.60
78.59
78.58
78.59
78.57
78.56
78.56
78.57
78.58
78.58
78.59
78.59
78.59
78.58
78.56
78.57
78.60
78.60
78.61
78.60
78.60
78.62
78.61
78.61
78.62
78.62
78.60
78.60
78.62
78.63
78.62
78.62
78.63
78.63
78.62
78.63
78.62
78.62
78.63
78.63
78.63
78.64
78.64
78.65
78.66
78.65
78.65
78.65
78.66
78.66
78.64
78.65
78.65
78.66
78.67
78.69
78.70
78.68
78.69
78.70
78.70
78.72
78.72
78.72
78.73
78.72
78.70
78.70
78.70
78.69
78.69
78.68
78.68
78.68
78.67
78.69
78.70
78.69
78.71
78.72
78.74
78.73
78.72
78.70
78.70
78.71
78.71
78.71
78.71
78.72
78.72
78.72
78.72
78.73
78.74
78.75
78.75
78.75
78.75
78.75
78.76
78.76
78.77
78.77
78.75
78.76
78.77
78.79
78.79
78.80
78.81
78.81
78.80
78.79
78.80
78.78
78.81
78.81
78.81
78.80
78.79
78.79
78.78
78.78
78.77
78.78
78.78
78.79
78.79
78.79
78.79
78.80
78.80
78.81
78.81
78.82
78.84
78.82
78.81
78.81
78.81
78.82
78.81
78.82
78.79
78.81
78.81
78.80
78.80
78.80
78.79
78.80
78.81
78.81
78.82
78.83
78.85
78.86
78.87
78.86
78.86
78.86
78.87
78.86
78.87
78.87
78.87
78.87
78.87
78.87
78.88
78.87
78.86
78.87
78.87
78.87
78.88
78.87
78.88
78.88
78.89
78.89
78.88
78.88
78.88
78.87
78.89
78.88
78.87
78.88
78.89
78.88
78.88
78.89
78.87
78.87
78.88
78.88
78.86
78.86
78.87
78.88
78.88
78.88
78.89
78.90
78.90
78.91
78.90
78.90
78.91
78.91
78.90
78.90
78.91
78.92
78.93
78.93
78.91
78.91
78.91
78.91
78.92
78.91
78.92
78.93
78.93
78.94
78.92
78.92
78.91
78.92
78.92
78.92
78.92
78.91
78.92
78.92
78.91
78.90
78.90
78.90
78.91
78.91
78.91
78.92
78.92
78.92
78.92
78.92
78.92
78.92
78.91
78.90
78.92
78.91
78.90
78.89
78.89
78.88
78.88
78.88
78.88
78.88
78.88
78.89
78.90
78.90
78.91
78.91
78.92
78.92
78.91
78.90
78.90
78.90
78.91
78.92
78.92
78.92
78.92
78.93
78.92
78.90
78.88
78.88
78.88
78.89
78.89
78.88
78.87
78.87
78.87
78.87
78.88
78.86
78.87
78.88
78.87
78.88
78.87
78.87
78.88
78.88
78.87
78.87
78.87
78.86
78.87
78.87
78.87
78.86
78.86
78.85
78.86
78.86
78.87
78.87
78.87
78.79
