45.31
46.88
48.44
49.22
50.94
48.96
46.65
47.85
48.09
47.66
46.59
46.35
47.12
46.99
46.98
47.27
47.43
47.57
48.03
48.44
48.29
48.01
48.23
48.44
48.50
48.50
48.78
48.94
49.14
49.48
49.60
49.41
49.34
49.77
49.64
49.78
49.37
49.22
49.28
49.30
49.20
49.33
49.82
49.72
49.55
49.56
49.53
49.58
49.46
49.59
49.51
49.40
49.53
49.59
49.63
49.83
49.92
49.89
49.87
49.90
49.80
49.90
49.80
49.88
49.93
49.88
49.91
49.89
49.82
49.78
49.91
50.04
50.09
50.11
50.04
50.04
50.08
50.20
50.24
50.16
50.27
50.34
50.32
50.28
50.35
50.18
50.22
50.18
50.14
50.05
50.05
50.10
50.07
50.07
50.18
50.28
50.31
50.29
50.27
50.31
50.34
50.41
50.46
50.47
50.45
50.37
50.32
50.35
50.27
50.34
50.37
50.42
50.33
50.33
50.33
50.34
50.37
50.38
50.38
50.36
50.32
50.27
50.25
50.30
50.34
50.35
50.36
50.37
50.31
50.36
50.23
50.19
50.15
50.13
50.17
50.15
50.09
50.16
50.13
50.13
50.19
50.20
50.24
50.17
50.14
50.14
50.11
50.12
50.14
50.18
50.22
50.23
50.25
50.25
50.27
50.27
50.35
50.41
50.38
50.39
50.42
50.40
50.43
50.40
50.42
50.32
50.28
50.28
50.36
50.32
50.35
50.32
50.33
50.33
50.32
50.35
50.32
50.33
50.38
50.36
50.34
50.30
50.28
50.28
50.25
50.24
50.23
50.32
50.33
50.31
50.27
50.25
50.28
50.27
50.30
50.26
50.30
50.35
50.37
50.41
50.44
50.42
50.46
50.38
50.39
50.39
50.39
50.36
50.34
50.28
50.30
50.32
50.35
50.30
50.32
50.32
50.32
50.34
50.31
50.33
50.33
50.36
50.34
50.29
50.25
50.25
50.28
50.27
50.21
50.18
50.22
50.20
50.18
50.21
50.19
50.17
50.18
50.20
50.18
50.17
50.19
50.21
50.17
50.21
50.15
50.15
50.18
50.16
50.15
50.21
50.22
50.24
50.25
50.25
50.26
50.25
50.22
50.24
50.27
50.29
50.28
50.24
50.27
50.27
50.25
50.25
50.28
50.31
50.31
50.33
50.32
50.32
50.29
50.30
50.26
50.26
50.26
50.27
50.28
50.30
50.29
50.33
50.31
50.34
50.30
50.28
50.28
50.29
50.28
50.27
50.27
50.26
50.25
50.25
50.25
50.24
50.24
50.23
50.22
50.23
50.20
50.20
50.23
50.22
50.23
50.28
50.28
50.28
50.32
50.32
50.32
50.29
50.30
50.31
50.32
50.34
50.32
50.27
50.26
50.25
50.27
50.26
50.27
50.26
50.26
50.27
50.26
50.26
50.23
50.23
50.23
50.21
50.22
50.21
50.19
50.18
50.19
50.17
50.18
50.16
50.16
50.18
50.17
50.17
50.17
50.16
50.16
50.19
50.18
50.18
50.16
50.15
50.14
50.15
50.10
50.07
50.07
50.08
50.09
50.11
50.12
50.12
50.12
50.12
50.12
50.10
50.09
50.09
50.10
50.08
50.07
50.08
50.10
50.10
50.10
50.08
50.09
50.10
50.10
50.09
50.11
50.10
50.09
50.10
50.10
50.09
50.08
50.05
50.06
50.04
50.04
50.05
50.08
50.07
50.06
50.08
50.08
50.06
50.08
50.09
50.09
50.07
50.09
50.08
50.08
50.08
50.09
50.10
50.06
50.07
50.08
50.06
50.06
50.08
50.09
50.09
50.10
50.12
50.10
50.07
50.07
50.08
50.10
50.10
50.09
50.10
50.08
50.10
50.10
50.13
50.13
50.13
50.16
50.17
50.15
50.15
50.16
50.19
50.19
50.19
50.17
50.14
50.11
50.11
50.12
50.11
50.10
50.07
50.08
50.07
50.07
50.09
50.07
50.02
50.00
50.00
50.01
50.00
50.02
50.03
50.02
50.04
50.04
50.03
50.00
50.00
50.02
50.02
50.01
49.99
49.99
49.97
49.96
49.96
49.99
49.98
49.99
50.00
50.01
50.02
50.04
50.03
50.05
50.03
50.05
50.03
50.01
50.00
49.97
49.97
49.97
49.97
49.98
49.99
50.00
49.99
49.98
49.99
50.00
50.00
50.02
50.03
50.02
50.02
50.04
50.05
50.03
50.02
50.03
50.03
50.04
50.01
50.01
50.00
50.01
50.01
50.00
50.01
50.02
50.02
50.03
50.03
50.04
50.05
50.05
50.04
50.06
50.04
50.02
50.02
50.01
50.01
50.00
49.98
49.98
49.97
49.96
49.97
49.98
49.98
49.97
49.96
49.97
49.98
49.97
49.96
49.96
49.95
49.96
49.97
49.99
49.98
49.99
49.98
49.97
49.95
49.96
49.95
49.97
49.97
49.98
50.00
49.97
49.96
49.96
49.96
49.99
49.98
49.98
49.97
49.96
49.97
49.95
49.94
49.93
49.93
49.94
49.95
49.94
49.96
49.96
49.96
49.96
49.96
49.96
49.97
49.97
49.98
49.98
49.98
49.99
49.99
50.00
50.01
50.00
50.01
50.01
50.01
50.04
50.05
50.04
50.05
50.04
50.05
50.05
50.05
50.06
50.08
50.06
50.05
50.04
50.04
50.05
50.06
50.05
50.06
50.04
50.04
50.04
50.05
50.06
50.06
50.08
50.05
50.05
50.06
50.08
50.08
50.10
50.09
50.09
50.08
50.10
50.11
50.11
50.12
50.11
50.10
50.09
50.07
50.07
50.06
50.04
50.03
50.00
49.99
49.98
49.99
49.97
49.97
49.98
50.00
50.00
50.01
50.00
49.99
50.00
50.01
50.02
50.03
50.03
50.01
50.02
50.00
50.01
50.02
50.00
50.00
50.00
50.00
49.99
49.99
49.99
50.00
49.99
50.00
49.99
49.99
49.99
49.98
49.98
49.98
49.98
49.99
49.98
49.98
49.97
49.97
49.97
49.96
49.95
49.94
49.93
49.93
49.93
49.95
49.96
49.95
49.95
49.94
49.94
49.94
49.93
49.94
49.94
49.95
49.96
49.95
49.96
49.98
49.98
49.98
49.97
49.97
49.97
49.98
49.98
49.98
49.98
49.97
49.98
49.98
49.97
49.97
49.97
49.96
49.95
49.96
49.96
49.97
49.96
49.95
49.94
49.95
49.95
49.94
49.96
49.96
49.95
49.96
49.96
49.97
49.96
49.95
49.95
49.95
49.95
49.95
49.96
49.95
49.95
49.95
49.94
49.94
49.94
49.93
49.92
49.93
49.93
49.92
49.92
49.91
49.92
49.90
49.91
49.91
49.92
49.92
49.91
49.91
49.90
49.90
49.91
49.92
49.92
49.91
49.91
49.92
49.92
49.92
49.93
49.88
