81.25
83.59
83.33
83.59
82.19
82.55
80.80
81.05
81.08
81.41
80.97
80.73
80.65
81.14
81.46
81.45
80.97
80.64
80.92
80.00
79.54
79.05
78.87
79.10
79.19
79.45
79.40
79.30
79.42
79.43
79.33
79.44
79.40
79.41
79.42
79.60
79.69
79.61
79.81
79.96
80.03
79.99
80.16
80.29
80.31
80.20
80.22
80.08
80.20
80.38
80.45
80.38
80.40
80.21
80.23
80.22
80.24
80.31
80.27
80.44
80.43
80.44
80.46
80.54
80.55
80.61
80.60
80.56
80.59
80.49
80.41
80.49
80.44
80.45
80.58
80.45
80.42
80.39
80.40
80.27
80.19
80.30
80.35
80.32
80.33
80.25
80.19
80.15
80.16
80.14
80.10
80.01
79.99
80.00
79.98
79.98
79.99
80.02
80.05
80.08
80.11
80.10
80.05
80.06
80.07
80.07
80.11
80.15
80.17
80.16
80.15
80.15
80.12
80.06
80.11
80.11
80.15
80.06
80.04
80.13
80.06
80.05
80.09
80.08
80.11
80.10
80.11
80.07
80.05
80.07
80.05
80.07
80.06
80.07
80.06
80.03
80.09
80.10
80.15
80.08
80.09
80.08
80.14
80.13
80.12
80.15
80.11
80.10
80.08
80.14
80.11
80.05
80.03
80.02
80.05
80.05
80.10
80.05
80.05
80.07
80.06
80.05
79.98
79.99
79.99
80.00
80.03
80.05
80.03
79.99
80.00
80.02
80.01
80.02
80.04
80.08
80.07
80.06
80.07
80.08
80.02
80.03
79.96
79.93
79.96
79.98
79.98
79.95
79.99
80.01
80.01
80.03
80.04
80.04
80.02
80.00
80.00
80.03
80.03
79.98
80.01
80.04
80.04
80.03
80.05
80.05
80.03
80.03
80.04
80.03
80.03
80.02
80.02
80.05
80.07
80.06
80.08
80.09
80.09
80.09
80.07
80.03
80.03
80.02
80.04
80.03
80.05
80.05
80.06
80.05
80.03
80.04
80.01
79.97
79.98
80.01
80.00
80.02
80.03
80.03
80.06
80.06
80.07
80.08
80.10
80.09
80.09
80.07
80.06
80.06
80.05
80.07
80.04
80.03
80.03
79.99
79.98
79.95
79.96
79.95
79.94
79.92
79.93
79.94
79.97
79.98
79.99
79.98
79.98
79.99
80.00
79.99
80.01
80.00
80.02
80.04
80.07
80.10
80.11
80.13
80.14
80.16
80.19
80.17
80.19
80.17
80.17
80.19
80.22
80.21
80.22
80.20
80.22
80.22
80.22
80.23
80.24
80.24
80.27
80.27
80.25
80.27
80.27
80.28
80.28
80.30
80.26
80.28
80.26
80.25
80.26
80.26
80.24
80.24
80.25
80.28
80.30
80.31
80.30
80.28
80.29
80.29
80.30
80.32
80.34
80.34
80.32
80.31
80.32
80.34
80.33
80.35
80.34
80.34
80.32
80.34
80.36
80.36
80.33
80.35
80.34
80.35
80.35
80.36
80.34
80.32
80.33
80.33
80.34
80.34
80.33
80.33
80.33
80.34
80.33
80.32
80.33
80.33
80.33
80.33
80.34
80.32
80.31
80.32
80.32
80.31
80.31
80.31
80.34
80.35
80.36
80.36
80.36
80.36
80.35
80.35
80.34
80.33
80.33
80.33
80.32
80.31
80.31
80.32
80.30
80.32
80.33
80.33
80.31
80.33
80.32
80.31
80.32
80.30
80.31
80.31
80.30
80.32
80.31
80.31
80.30
80.31
80.32
80.34
80.34
80.33
80.29
80.27
80.27
80.28
80.27
80.28
80.25
80.25
80.23
80.24
80.24
80.25
80.26
80.27
80.26
80.24
80.22
80.21
80.22
80.22
80.22
80.24
80.23
80.22
80.22
80.25
80.24
80.23
80.23
80.22
80.22
80.20
80.18
80.20
80.20
80.22
80.22
80.22
80.20
80.21
80.23
80.24
80.23
80.22
80.21
80.20
80.18
80.18
80.17
80.17
80.17
80.17
80.15
80.16
80.16
80.15
80.14
80.14
80.16
80.17
80.19
80.18
80.19
80.19
80.19
80.20
80.21
80.22
80.21
80.22
80.21
80.20
80.19
80.19
80.18
80.19
80.20
80.18
80.16
80.17
80.18
80.19
80.19
80.18
80.17
80.17
80.18
80.18
80.19
80.19
80.18
80.18
80.18
80.18
80.18
80.18
80.17
80.19
80.19
80.19
80.19
80.18
80.16
80.16
80.14
80.14
80.14
80.15
80.15
80.15
80.14
80.14
80.13
80.15
80.13
80.13
80.13
80.12
80.12
80.13
80.12
80.10
80.10
80.11
80.10
80.09
80.08
80.09
80.11
80.11
80.11
80.12
80.13
80.14
80.15
80.15
80.15
80.16
80.16
80.17
80.16
80.16
80.16
80.14
80.15
80.14
80.14
80.14
80.15
80.16
80.15
80.15
80.15
80.13
80.13
80.13
80.12
80.11
80.10
80.10
80.10
80.10
80.10
80.12
80.12
80.12
80.11
80.11
80.11
80.10
80.10
80.11
80.12
80.11
80.13
80.13
80.11
80.12
80.12
80.12
80.12
80.13
80.13
80.14
80.15
80.15
80.15
80.17
80.16
80.16
80.17
80.17
80.17
80.17
80.17
80.18
80.18
80.17
80.17
80.17
80.18
80.18
80.18
80.18
80.20
80.19
80.20
80.20
80.21
80.19
80.20
80.21
80.21
80.20
80.19
80.18
80.19
80.20
80.19
80.21
80.21
80.20
80.21
80.22
80.23
80.24
80.23
80.23
80.22
80.22
80.22
80.23
80.23
80.23
80.24
80.24
80.23
80.23
80.21
80.21
80.21
80.21
80.20
80.22
80.23
80.23
80.23
80.23
80.22
80.22
80.22
80.22
80.23
80.23
80.23
80.21
80.22
80.21
80.21
80.21
80.21
80.23
80.22
80.21
80.22
80.22
80.22
80.23
80.23
80.24
80.25
80.25
80.24
80.24
80.24
80.24
80.24
80.24
80.24
80.25
80.24
80.24
80.25
80.25
80.25
80.25
80.25
80.25
80.26
80.25
80.25
80.27
80.26
80.26
80.27
80.26
80.27
80.28
80.28
80.27
80.28
80.28
80.27
80.27
80.27
80.27
80.26
80.27
80.27
80.27
80.25
80.26
80.27
80.26
80.26
80.27
80.26
80.26
80.27
80.26
80.26
80.26
80.26
80.27
80.28
80.28
80.29
80.28
80.28
80.28
80.28
80.27
80.28
80.28
80.28
80.28
80.29
80.30
80.29
80.28
80.29
80.29
80.28
80.29
80.29
80.29
80.30
80.30
80.30
80.31
80.31
80.33
80.33
80.33
80.33
80.33
80.34
80.34
80.34
80.34
80.35
80.35
80.35
80.34
80.34
80.36
80.35
80.34
80.35
80.34
80.35
80.36
80.36
80.35
80.36
80.28
