81.25
78.91
78.65
78.91
79.38
80.21
80.36
79.49
78.99
79.69
79.12
79.82
79.93
79.24
79.48
79.79
79.87
79.77
79.44
79.69
79.84
80.04
80.16
79.56
80.12
80.05
80.21
80.13
80.01
79.64
79.69
79.74
79.73
79.64
79.42
79.69
79.73
79.73
79.81
79.80
79.92
79.80
79.83
79.83
79.83
79.72
79.75
79.69
79.75
79.78
79.69
79.75
79.66
79.57
79.63
79.55
79.58
79.61
79.48
79.61
79.69
79.76
79.76
79.81
79.86
79.83
79.76
79.69
79.71
79.69
79.56
79.43
79.41
79.43
79.42
79.50
79.46
79.47
79.39
79.34
79.17
79.10
79.05
79.04
79.12
79.03
79.08
79.15
79.09
79.06
79.04
79.01
79.03
78.99
79.10
79.12
79.03
79.05
78.99
78.98
78.96
78.88
78.94
79.04
79.00
78.95
78.90
78.86
78.81
78.86
78.90
78.91
78.93
78.95
78.99
79.01
78.95
78.96
78.94
78.98
79.03
79.03
79.07
79.11
79.06
78.98
78.99
78.98
79.03
79.09
79.09
79.13
79.16
79.19
79.20
79.17
79.17
79.23
79.19
79.17
79.21
79.24
79.27
79.32
79.31
79.30
79.28
79.23
79.19
79.21
79.22
79.25
79.23
79.27
79.27
79.30
79.30
79.29
79.31
79.29
79.26
79.28
79.28
79.26
79.27
79.20
79.19
79.19
79.17
79.23
79.19
79.18
79.22
79.17
79.15
79.14
79.15
79.15
79.14
79.09
79.07
79.08
79.09
79.08
79.06
79.08
79.09
79.06
79.03
79.03
79.09
79.10
79.13
79.11
79.09
79.07
79.08
79.05
79.08
79.09
79.11
79.13
79.10
79.14
79.10
79.10
79.11
79.10
79.12
79.10
79.10
79.09
79.04
79.06
79.07
79.07
79.04
79.02
78.96
78.95
78.98
78.98
79.00
79.00
78.97
78.97
78.94
78.95
78.92
78.92
78.93
78.91
78.92
78.91
78.93
78.95
78.94
78.96
78.97
78.99
79.02
79.02
79.03
79.03
79.02
78.98
78.98
78.98
78.99
78.99
78.99
78.99
78.97
78.99
78.98
78.99
78.98
78.95
78.98
79.00
78.98
79.03
79.05
79.05
79.03
79.00
78.99
78.96
78.96
78.95
78.93
78.95
78.96
78.97
78.96
78.95
78.94
78.93
78.97
78.98
79.02
79.02
78.99
78.98
78.97
78.98
78.97
78.99
78.98
78.95
78.94
78.95
78.96
78.93
78.92
78.95
78.95
78.97
78.96
78.97
78.97
78.97
78.99
78.99
78.97
78.95
78.93
78.94
78.91
78.92
78.89
78.89
78.92
78.91
78.91
78.89
78.89
78.89
78.91
78.90
78.87
78.88
78.87
78.86
78.84
78.84
78.82
78.81
78.80
78.81
78.81
78.82
78.83
78.84
78.84
78.86
78.87
78.84
78.83
78.83
78.86
78.88
78.88
78.87
78.89
78.91
78.93
78.92
78.94
78.93
78.94
78.92
78.93
78.93
78.90
78.91
78.93
78.94
78.97
78.97
78.95
78.97
78.96
78.97
78.96
78.97
78.97
78.99
78.99
78.99
78.98
78.99
79.01
79.01
79.01
79.03
79.03
79.04
79.04
79.04
79.03
79.05
79.08
79.10
79.09
79.10
79.10
79.08
79.07
79.07
79.08
79.07
79.06
79.06
79.07
79.05
79.05
79.05
79.04
79.05
79.05
79.07
79.09
79.10
79.09
79.09
79.10
79.12
79.11
79.12
79.13
79.11
79.12
79.10
79.11
79.08
79.07
79.06
79.07
79.08
79.08
79.09
79.10
79.08
79.08
79.07
79.05
79.05
79.05
79.06
79.07
79.07
79.07
79.08
79.08
79.06
79.07
79.08
79.08
79.09
79.09
79.07
79.07
79.09
79.08
79.08
79.08
79.08
79.06
79.06
79.05
79.05
79.06
79.04
79.01
79.00
78.96
78.96
78.96
78.97
78.96
78.97
78.95
78.97
78.98
78.98
78.97
78.96
78.96
78.96
78.95
78.96
78.98
78.99
79.00
79.01
79.01
79.02
79.03
79.02
79.01
79.01
79.02
79.02
79.03
79.04
79.04
79.03
79.03
79.03
79.06
79.06
79.06
79.07
79.07
79.07
79.07
79.07
79.08
79.09
79.08
79.08
79.10
79.11
79.12
79.12
79.12
79.12
79.13
79.12
79.11
79.11
79.12
79.11
79.12
79.12
79.13
79.14
79.15
79.13
79.13
79.12
79.13
79.13
79.14
79.13
79.14
79.16
79.17
79.18
79.16
79.13
79.13
79.12
79.12
79.13
79.13
79.12
79.14
79.16
79.15
79.15
79.14
79.15
79.16
79.18
79.18
79.18
79.19
79.20
79.22
79.21
79.22
79.22
79.23
79.24
79.24
79.23
79.21
79.21
79.21
79.21
79.21
79.21
79.20
79.22
79.22
79.23
79.22
79.23
79.24
79.24
79.23
79.23
79.23
79.22
79.21
79.22
79.23
79.23
79.23
79.23
79.22
79.22
79.22
79.21
79.22
79.21
79.22
79.20
79.19
79.19
79.19
79.19
79.20
79.21
79.21
79.22
79.22
79.24
79.24
79.23
79.24
79.24
79.24
79.23
79.20
79.20
79.19
79.20
79.20
79.19
79.19
79.17
79.18
79.18
79.18
79.18
79.20
79.22
79.23
79.24
79.23
79.23
79.23
79.22
79.21
79.20
79.20
79.19
79.18
79.19
79.20
79.19
79.20
79.19
79.19
79.18
79.19
79.19
79.20
79.20
79.21
79.21
79.22
79.22
79.22
79.22
79.22
79.23
79.23
79.22
79.23
79.25
79.24
79.23
79.23
79.23
79.24
79.23
79.23
79.23
79.23
79.25
79.24
79.25
79.24
79.24
79.22
79.23
79.22
79.22
79.22
79.22
79.22
79.23
79.23
79.24
79.25
79.23
79.21
79.21
79.20
79.20
79.21
79.21
79.22
79.21
79.20
79.19
79.19
79.18
79.18
79.18
79.17
79.18
79.17
79.17
79.16
79.17
79.17
79.16
79.15
79.16
79.17
79.17
79.17
79.18
79.18
79.17
79.17
79.17
79.17
79.16
79.17
79.16
79.17
79.18
79.19
79.18
79.17
79.17
79.17
79.17
79.17
79.18
79.17
79.16
79.17
79.17
79.16
79.14
79.14
79.14
79.14
79.14
79.15
79.16
79.16
79.16
79.15
79.17
79.17
79.17
79.18
79.18
79.19
79.19
79.19
79.19
79.19
79.19
79.19
79.20
79.19
79.19
79.19
79.19
79.19
79.19
79.18
79.17
79.17
79.17
79.17
79.17
79.18
79.18
79.18
79.19
79.18
79.19
79.19
79.19
79.19
79.18
79.16
79.17
79.18
79.17
79.17
79.09
