76.56
78.12
77.08
77.34
76.56
76.82
76.34
76.37
77.26
77.66
77.70
77.99
77.64
78.24
78.54
78.61
78.77
78.82
79.03
79.14
79.46
79.62
79.21
79.43
79.31
79.63
79.46
79.41
79.74
79.64
79.69
79.54
79.50
79.50
79.60
79.38
79.22
79.11
79.13
79.14
79.04
79.02
79.00
78.94
79.03
79.04
79.16
79.17
79.11
79.12
79.26
79.24
79.13
79.08
79.23
79.10
79.08
79.07
78.92
78.91
78.92
78.78
78.82
78.91
78.99
78.98
79.01
79.00
79.01
79.02
79.09
79.12
79.26
79.31
79.31
79.24
79.28
79.33
79.33
79.24
79.34
79.38
79.41
79.35
79.41
79.38
79.54
79.53
79.55
79.51
79.52
79.50
79.49
79.49
79.47
79.44
79.43
79.43
79.51
79.61
79.55
79.63
79.63
79.57
79.58
79.57
79.60
79.63
79.60
79.57
79.56
79.48
79.51
79.50
79.48
79.43
79.38
79.37
79.35
79.26
79.27
79.25
79.18
79.20
79.14
79.14
79.17
79.17
79.19
79.19
79.23
79.19
79.18
79.19
79.21
79.16
79.21
79.22
79.18
79.15
79.21
79.24
79.25
79.30
79.29
79.26
79.23
79.20
79.26
79.26
79.21
79.24
79.23
79.21
79.23
79.24
79.25
79.25
79.22
79.25
79.24
79.18
79.18
79.21
79.20
79.19
79.23
79.23
79.27
79.25
79.25
79.29
79.30
79.33
79.30
79.31
79.29
79.31
79.33
79.31
79.30
79.27
79.23
79.25
79.21
79.20
79.14
79.14
79.12
79.12
79.14
79.15
79.21
79.24
79.20
79.21
79.22
79.17
79.16
79.17
79.18
79.18
79.16
79.14
79.17
79.19
79.19
79.21
79.25
79.23
79.24
79.28
79.29
79.29
79.28
79.24
79.23
79.24
79.22
79.18
79.14
79.15
79.17
79.18
79.18
79.16
79.16
79.17
79.20
79.18
79.16
79.16
79.19
79.20
79.18
79.18
79.18
79.18
79.18
79.15
79.15
79.15
79.15
79.16
79.18
79.19
79.20
79.22
79.17
79.19
79.18
79.18
79.17
79.16
79.19
79.19
79.21
79.19
79.20
79.21
79.19
79.19
79.19
79.20
79.20
79.22
79.22
79.22
79.23
79.23
79.22
79.20
79.19
79.20
79.16
79.14
79.13
79.09
79.07
79.06
79.04
79.05
79.04
79.07
79.07
79.08
79.10
79.12
79.10
79.07
79.09
79.09
79.10
79.07
79.04
79.08
79.05
79.05
79.05
79.06
79.07
79.06
79.07
79.09
79.09
79.10
79.11
79.10
79.10
79.09
79.09
79.08
79.10
79.12
79.11
79.09
79.06
79.08
79.09
79.07
79.06
79.06
79.04
79.04
79.01
79.01
78.99
79.00
79.00
79.02
79.04
79.04
79.04
79.07
79.04
79.05
79.06
79.04
79.03
79.03
79.00
79.00
79.01
79.05
79.04
79.06
79.10
79.10
79.11
79.14
79.15
79.15
79.13
79.14
79.13
79.12
79.10
79.10
79.10
79.11
79.08
79.11
79.09
79.10
79.09
79.06
79.07
79.06
79.04
79.04
79.05
79.04
79.02
79.00
79.00
78.98
78.98
78.97
78.97
78.99
79.00
79.01
79.02
79.01
79.00
79.02
79.03
79.03
79.04
79.05
79.05
79.07
79.05
79.07
79.08
79.09
79.08
79.04
79.04
79.03
79.01
79.00
79.00
79.01
79.02
79.00
78.98
78.99
79.00
78.99
78.98
78.98
78.97
78.98
78.98
78.97
78.99
79.00
79.01
79.01
78.99
79.00
78.99
78.98
78.99
78.97
78.98
78.99
78.99
78.99
78.97
78.97
78.96
78.95
78.94
78.93
78.93
78.92
78.91
78.92
78.92
78.93
78.94
78.92
78.94
78.94
78.95
78.95
78.95
78.95
78.95
78.95
78.95
78.95
78.95
78.96
78.98
78.98
79.00
79.00
79.00
79.00
78.99
79.01
79.00
79.01
79.00
78.98
78.97
78.96
78.94
78.93
78.93
78.91
78.91
78.91
78.91
78.91
78.90
78.90
78.90
78.91
78.90
78.91
78.93
78.93
78.94
78.94
78.96
78.95
78.96
78.96
78.95
78.94
78.94
78.94
78.94
78.93
78.94
78.96
78.95
78.96
78.95
78.95
78.94
78.97
78.97
78.96
78.96
78.95
78.94
78.94
78.94
78.95
78.96
78.96
78.97
78.97
78.98
78.97
78.98
79.00
79.00
78.97
78.96
78.96
78.97
78.96
78.97
78.97
78.96
78.97
78.98
78.99
78.99
78.98
79.00
78.99
78.99
79.00
79.00
79.02
79.01
79.01
79.00
79.01
79.01
79.01
79.03
79.03
79.01
79.01
79.02
79.03
79.03
79.03
79.01
79.03
79.03
79.03
79.02
79.04
79.04
79.03
79.03
79.02
79.01
79.01
79.02
79.01
79.01
79.02
79.01
79.00
79.00
79.01
79.02
79.03
79.04
79.04
79.03
79.02
79.03
79.02
79.03
79.02
79.02
79.02
79.03
79.03
79.03
79.03
79.03
79.01
79.01
78.99
78.99
79.01
79.01
79.01
79.02
79.01
79.00
79.00
79.01
79.00
79.01
79.01
79.02
79.01
79.01
79.02
79.03
79.03
79.04
79.04
79.04
79.03
79.02
79.01
79.01
79.02
79.00
79.00
79.00
79.02
79.01
79.01
79.02
79.02
79.03
79.02
79.02
79.01
79.01
79.02
79.02
79.02
79.02
79.03
79.03
79.04
79.04
79.03
79.02
79.01
79.00
79.01
79.01
79.00
79.00
79.01
79.01
79.00
79.00
78.99
78.98
78.97
78.99
78.99
79.00
79.01
79.01
79.02
79.00
79.00
79.00
79.00
78.99
79.00
78.99
78.99
78.99
78.99
78.99
79.00
79.00
79.01
79.00
78.99
78.99
78.98
78.97
78.97
78.96
78.97
78.97
78.98
78.99
79.00
79.01
79.00
79.00
79.01
79.00
79.01
79.00
79.00
78.99
78.99
79.00
79.00
79.00
79.01
79.00
78.99
79.01
79.01
79.00
79.00
79.01
79.02
79.02
79.02
79.01
79.00
79.00
79.00
78.99
78.99
78.99
78.99
78.99
78.99
78.99
78.98
78.98
78.98
78.98
78.99
78.98
78.99
78.97
78.97
78.97
78.97
78.96
78.96
78.97
78.96
78.95
78.95
78.94
78.95
78.96
78.96
78.96
78.96
78.97
78.97
78.98
78.97
78.98
78.98
78.98
79.00
79.00
79.00
79.01
79.02
79.02
79.02
79.01
79.01
79.01
79.00
79.01
79.01
78.99
78.99
78.99
79.00
79.00
78.99
78.98
78.98
78.98
78.97
78.98
78.99
78.99
78.92
