42.19
39.06
41.15
41.80
40.94
39.58
37.28
36.52
36.63
36.41
36.08
35.29
35.58
35.60
35.10
35.06
34.74
35.33
35.69
35.39
35.64
36.01
36.01
36.20
36.31
36.36
36.92
36.94
37.39
37.40
37.25
37.11
37.12
37.27
37.68
37.98
38.13
38.20
38.34
38.24
38.15
37.95
37.94
38.17
38.16
38.15
38.13
38.09
38.36
38.19
38.11
38.28
38.47
38.34
38.41
38.50
38.62
38.69
38.96
38.91
38.93
38.86
38.84
38.99
38.99
39.09
38.97
38.88
39.09
38.95
38.86
38.78
38.63
38.58
38.65
38.53
38.49
38.50
38.57
38.52
38.48
38.53
38.59
38.56
38.51
38.44
38.43
38.41
38.41
38.32
38.31
38.38
38.46
38.45
38.34
38.40
38.34
38.30
38.29
38.28
38.29
38.28
38.24
38.31
38.21
38.30
38.23
38.21
38.15
38.15
38.09
38.06
38.03
38.01
37.96
37.94
37.90
37.86
37.91
37.90
37.99
37.97
38.00
38.05
38.01
38.06
38.03
38.02
37.98
37.99
38.02
38.04
38.05
38.07
38.07
38.02
37.96
37.99
37.97
37.96
37.95
37.92
37.88
37.92
37.94
37.97
37.97
38.06
38.02
37.99
37.96
37.89
37.91
37.91
37.92
37.98
37.98
37.98
37.97
37.98
37.99
38.00
37.97
37.96
37.95
38.00
38.09
38.10
38.10
38.12
38.08
38.08
38.02
38.06
38.04
38.08
38.05
38.08
38.08
38.12
38.08
38.06
38.09
38.06
38.07
38.06
38.03
38.05
38.05
38.07
38.07
38.05
38.06
38.08
38.08
38.06
38.06
38.05
38.02
38.08
38.04
38.01
38.00
37.98
37.96
37.97
37.96
37.96
37.97
37.97
37.97
37.98
37.96
37.96
37.94
37.96
37.96
37.95
37.96
37.95
37.98
37.97
37.94
37.95
37.96
37.99
37.99
37.95
37.93
37.94
37.96
37.96
37.96
38.00
38.02
38.00
38.03
38.03
37.99
38.07
38.08
38.06
38.03
38.06
38.05
38.01
38.03
38.02
38.00
38.00
38.00
37.97
37.99
37.97
38.01
38.01
37.99
38.00
37.99
37.97
37.98
37.95
37.93
37.94
37.95
37.93
37.92
37.92
37.89
37.91
37.94
37.92
37.91
37.94
37.92
37.90
37.88
37.90
37.86
37.84
37.85
37.86
37.88
37.91
37.88
37.88
37.88
37.86
37.85
37.86
37.87
37.90
37.92
37.94
37.91
37.96
37.98
37.98
38.00
38.02
38.02
38.05
38.03
38.02
38.01
37.97
37.98
37.96
37.96
37.95
37.97
37.96
37.97
37.97
37.98
37.95
37.95
37.95
37.96
37.93
37.93
37.93
37.95
37.94
37.98
37.98
37.98
37.97
37.96
37.96
37.96
37.96
37.99
38.01
38.03
38.02
38.03
38.01
38.04
38.01
38.03
38.02
38.01
38.02
38.03
38.01
38.02
38.02
38.00
37.99
38.01
38.02
38.05
38.03
38.01
38.04
38.03
38.03
38.00
37.99
37.98
38.00
38.02
38.02
38.03
38.03
38.02
38.01
38.04
38.04
38.06
38.03
38.04
38.05
38.07
38.05
38.06
38.07
38.06
38.08
38.10
38.13
38.12
38.11
38.13
38.16
38.16
38.17
38.16
38.16
38.14
38.14
38.13
38.11
38.12
38.12
38.12
38.14
38.16
38.18
38.19
38.20
38.21
38.21
38.18
38.18
38.19
38.18
38.19
38.17
38.17
38.17
38.18
38.18
38.16
38.16
38.15
38.16
38.14
38.14
38.13
38.13
38.13
38.12
38.13
38.13
38.11
38.09
38.10
38.10
38.10
38.09
38.06
38.06
38.06
38.05
38.07
38.08
38.09
38.07
38.03
38.03
38.04
38.04
38.02
38.03
38.05
38.04
38.03
38.02
37.99
37.99
38.01
38.02
38.02
38.03
38.03
38.02
38.03
38.04
38.05
38.05
38.05
38.05
38.05
38.06
38.06
38.05
38.05
38.04
38.03
38.03
38.04
38.02
38.03
38.04
38.03
38.05
38.05
38.05
38.04
38.03
38.05
38.05
38.07
38.06
38.07
38.05
38.06
38.04
38.03
38.02
38.03
38.03
38.01
38.01
38.01
38.02
38.03
38.05
38.06
38.06
38.07
38.07
38.07
38.08
38.09
38.08
38.09
38.10
38.10
38.11
38.11
38.11
38.13
38.14
38.14
38.15
38.16
38.18
38.19
38.20
38.19
38.17
38.15
38.14
38.15
38.15
38.15
38.13
38.14
38.14
38.15
38.16
38.15
38.17
38.18
38.19
38.16
38.16
38.15
38.14
38.13
38.10
38.12
38.12
38.12
38.12
38.11
38.09
38.09
38.09
38.08
38.10
38.08
38.10
38.09
38.10
38.11
38.12
38.13
38.11
38.11
38.10
38.11
38.12
38.13
38.11
38.11
38.12
38.11
38.12
38.10
38.10
38.10
38.10
38.10
38.12
38.11
38.11
38.10
38.09
38.09
38.10
38.12
38.11
38.13
38.16
38.18
38.16
38.17
38.18
38.19
38.18
38.17
38.18
38.16
38.16
38.17
38.14
38.14
38.15
38.15
38.16
38.16
38.18
38.19
38.18
38.17
38.17
38.16
38.15
38.16
38.17
38.18
38.16
38.16
38.16
38.16
38.16
38.14
38.14
38.14
38.15
38.14
38.15
38.16
38.17
38.18
38.19
38.19
38.20
38.22
38.22
38.23
38.25
38.26
38.26
38.26
38.26
38.26
38.26
38.27
38.26
38.28
38.29
38.28
38.27
38.27
38.26
38.27
38.27
38.28
38.28
38.28
38.28
38.27
38.26
38.24
38.24
38.24
38.24
38.23
38.23
38.23
38.23
38.23
38.24
38.23
38.21
38.21
38.21
38.22
38.21
38.19
38.19
38.20
38.19
38.19
38.18
38.19
38.19
38.18
38.18
38.18
38.17
38.19
38.19
38.19
38.18
38.18
38.18
38.19
38.20
38.20
38.20
38.19
38.18
38.18
38.19
38.20
38.19
38.18
38.19
38.18
38.18
38.17
38.18
38.19
38.19
38.21
38.19
38.19
38.19
38.20
38.19
38.20
38.20
38.20
38.18
38.19
38.19
38.19
38.20
38.19
38.18
38.17
38.18
38.17
38.17
38.17
38.16
38.16
38.17
38.17
38.17
38.18
38.17
38.17
38.18
38.16
38.14
38.14
38.14
38.15
38.15
38.14
38.14
38.14
38.15
38.16
38.16
38.16
38.14
38.14
38.15
38.16
38.17
38.18
38.17
38.17
38.16
38.17
38.17
38.18
38.19
38.19
38.17
38.18
38.18
38.17
38.17
38.17
38.18
38.18
38.18
38.17
38.16
38.16
38.16
38.15
38.12
