81.25
78.12
79.17
79.30
80.00
80.21
79.69
80.08
80.21
80.47
79.97
79.95
80.41
80.58
80.52
80.96
80.61
80.82
80.67
80.16
79.99
79.90
80.16
80.14
80.00
80.11
80.15
80.19
80.01
80.00
80.04
79.83
79.73
79.50
79.20
79.30
79.18
79.32
79.41
79.57
79.50
79.58
79.61
79.65
79.65
79.72
79.65
79.56
79.50
79.50
79.50
79.69
79.54
79.60
79.57
79.55
79.55
79.61
79.74
79.74
79.76
79.71
79.81
79.74
79.66
79.73
79.78
79.83
79.78
79.82
79.86
79.95
79.90
79.94
79.94
79.95
79.89
79.91
79.92
79.94
79.92
79.99
80.06
80.13
80.13
80.16
80.10
80.18
80.20
80.23
80.24
80.26
80.31
80.25
80.25
80.21
80.11
80.09
80.08
80.08
80.06
80.07
80.11
80.06
80.10
80.10
80.02
79.96
79.99
79.97
79.94
79.95
79.98
79.95
79.89
79.97
79.98
80.05
80.03
80.08
80.11
80.07
80.18
80.25
80.27
80.30
80.27
80.21
80.23
80.19
80.25
80.26
80.26
80.24
80.23
80.14
80.16
80.22
80.20
80.19
80.22
80.19
80.10
80.09
80.14
80.17
80.19
80.18
80.20
80.20
80.18
80.14
80.11
80.13
80.15
80.11
80.11
80.10
80.13
80.10
80.05
80.01
80.03
79.99
80.02
80.03
80.04
80.01
79.97
80.02
80.00
80.03
80.05
80.04
80.06
80.07
80.09
80.07
80.08
80.08
80.07
80.04
80.04
80.04
80.06
80.07
80.11
80.11
80.15
80.12
80.17
80.18
80.22
80.24
80.21
80.21
80.23
80.22
80.21
80.23
80.21
80.18
80.15
80.12
80.14
80.13
80.19
80.17
80.13
80.08
80.09
80.09
80.10
80.03
80.04
80.02
80.05
80.04
80.06
80.09
80.10
80.10
80.09
80.09
80.12
80.11
80.13
80.10
80.11
80.12
80.08
80.08
80.08
80.07
80.06
80.03
80.04
80.04
80.02
80.00
79.97
79.97
79.99
79.98
79.96
79.96
79.95
79.98
79.94
79.97
79.99
79.99
80.00
80.03
80.02
80.05
80.08
80.08
80.08
80.08
80.10
80.09
80.09
80.09
80.08
80.09
80.11
80.11
80.07
80.08
80.11
80.13
80.14
80.14
80.15
80.15
80.16
80.17
80.16
80.15
80.15
80.16
80.16
80.18
80.20
80.22
80.23
80.23
80.20
80.20
80.19
80.18
80.19
80.18
80.19
80.19
80.18
80.18
80.14
80.13
80.12
80.10
80.11
80.09
80.09
80.10
80.08
80.08
80.11
80.11
80.12
80.10
80.09
80.11
80.09
80.07
80.07
80.06
80.05
80.07
80.08
80.07
80.06
80.06
80.07
80.09
80.10
80.11
80.10
80.11
80.12
80.12
80.11
80.13
80.15
80.13
80.15
80.17
80.17
80.18
80.18
80.16
80.17
80.15
80.16
80.16
80.17
80.16
80.16
80.18
80.18
80.18
80.19
80.20
80.21
80.21
80.20
80.19
80.18
80.18
80.18
80.16
80.20
80.17
80.17
80.17
80.19
80.20
80.20
80.19
80.20
80.19
80.20
80.22
80.20
80.20
80.20
80.20
80.22
80.21
80.22
80.24
80.24
80.25
80.28
80.27
80.26
80.27
80.27
80.29
80.30
80.31
80.31
80.29
80.32
80.32
80.34
80.34
80.35
80.37
80.37
80.35
80.35
80.35
80.33
80.33
80.32
80.33
80.34
80.32
80.31
80.32
80.32
80.33
80.34
80.35
80.34
80.33
80.34
80.35
80.32
80.33
80.35
80.36
80.35
80.34
80.35
80.37
80.35
80.35
80.33
80.33
80.34
80.34
80.36
80.36
80.37
80.37
80.34
80.33
80.33
80.32
80.32
80.31
80.31
80.31
80.31
80.32
80.31
80.31
80.30
80.31
80.30
80.30
80.28
80.28
80.27
80.27
80.27
80.28
80.28
80.29
80.28
80.30
80.30
80.29
80.28
80.27
80.27
80.28
80.28
80.29
80.29
80.28
80.30
80.28
80.28
80.27
80.26
80.26
80.27
80.27
80.28
80.29
80.29
80.29
80.31
80.31
80.30
80.30
80.30
80.32
80.32
80.31
80.30
80.30
80.29
80.31
80.30
80.32
80.33
80.35
80.35
80.35
80.35
80.35
80.33
80.32
80.32
80.33
80.33
80.33
80.33
80.35
80.35
80.36
80.37
80.37
80.36
80.34
80.34
80.33
80.34
80.34
80.36
80.35
80.35
80.36
80.36
80.35
80.35
80.34
80.34
80.35
80.35
80.35
80.35
80.36
80.36
80.35
80.35
80.35
80.36
80.35
80.36
80.36
80.34
80.35
80.35
80.36
80.35
80.36
80.36
80.36
80.36
80.36
80.36
80.36
80.36
80.35
80.35
80.35
80.34
80.35
80.35
80.34
80.34
80.35
80.35
80.34
80.34
80.34
80.34
80.35
80.36
80.37
80.38
80.38
80.37
80.38
80.37
80.37
80.38
80.38
80.38
80.38
80.39
80.39
80.39
80.39
80.41
80.42
80.41
80.43
80.43
80.42
80.42
80.42
80.41
80.42
80.42
80.42
80.43
80.43
80.44
80.44
80.44
80.44
80.44
80.45
80.44
80.45
80.44
80.43
80.42
80.42
80.42
80.41
80.41
80.43
80.43
80.44
80.43
80.42
80.41
80.42
80.42
80.43
80.45
80.44
80.44
80.44
80.44
80.43
80.44
80.44
80.43
80.43
80.43
80.42
80.41
80.41
80.41
80.40
80.40
80.42
80.42
80.42
80.42
80.44
80.44
80.43
80.42
80.42
80.44
80.44
80.43
80.42
80.43
80.42
80.42
80.42
80.42
80.42
80.42
80.41
80.41
80.41
80.40
80.41
80.41
80.41
80.40
80.40
80.40
80.40
80.41
80.40
80.39
80.39
80.39
80.38
80.36
80.37
80.36
80.35
80.34
80.33
80.33
80.32
80.31
80.30
80.31
80.31
80.31
80.30
80.30
80.29
80.28
80.29
80.28
80.28
80.29
80.28
80.27
80.27
80.26
80.27
80.28
80.27
80.28
80.27
80.26
80.27
80.27
80.28
80.28
80.28
80.29
80.28
80.27
80.27
80.27
80.27
80.27
80.25
80.25
80.25
80.25
80.25
80.24
80.24
80.25
80.24
80.24
80.24
80.25
80.23
80.22
80.24
80.24
80.24
80.24
80.25
80.25
80.25
80.25
80.26
80.26
80.26
80.27
80.28
80.27
80.27
80.27
80.27
80.28
80.28
80.28
80.28
80.28
80.29
80.29
80.28
80.28
80.28
80.28
80.29
80.30
80.29
80.29
80.29
80.29
80.29
80.30
80.30
80.30
80.30
80.30
80.31
80.32
80.24
