45.31
41.41
42.71
44.92
45.00
45.31
44.42
44.73
45.31
45.78
44.46
45.18
45.19
45.65
45.42
45.21
44.67
44.53
44.41
44.30
44.20
44.67
44.77
44.79
45.00
45.25
45.08
45.09
45.37
45.21
45.46
45.31
45.31
45.31
45.13
45.44
45.52
45.31
44.95
45.16
45.08
45.16
45.17
44.92
44.76
44.77
44.81
44.60
44.83
44.81
44.61
44.65
44.66
44.53
44.52
44.53
44.46
44.61
44.65
44.77
44.90
44.91
44.89
45.02
45.19
45.12
45.06
44.94
44.84
44.75
44.70
44.64
44.86
45.00
45.02
45.05
45.13
45.25
45.27
45.29
45.31
45.37
45.44
45.50
45.51
45.73
45.64
45.56
45.54
45.40
45.40
45.43
45.43
45.45
45.44
45.49
45.43
45.34
45.30
45.34
45.27
45.17
45.16
45.04
45.00
45.02
45.05
45.05
45.05
45.07
45.09
45.20
45.17
45.12
45.16
45.18
45.07
45.07
44.93
44.96
45.03
45.04
44.98
45.02
45.03
44.97
45.00
44.90
44.84
44.82
44.85
44.86
44.80
44.79
44.92
44.91
44.88
44.93
44.92
44.93
44.87
44.81
44.81
44.85
44.88
44.96
45.03
45.08
44.98
44.91
44.86
44.90
44.99
45.00
44.99
44.93
44.92
44.93
44.92
44.89
44.90
44.97
44.99
44.96
44.97
44.96
45.05
45.02
45.05
45.05
45.04
44.99
45.01
45.04
44.99
44.96
44.95
44.94
44.95
44.95
44.98
44.97
44.98
45.00
45.04
45.04
45.02
45.00
45.03
45.12
45.08
45.10
45.06
45.04
44.99
44.99
45.00
44.95
44.95
44.95
44.96
44.93
44.95
44.98
44.95
44.99
45.02
45.04
45.05
45.04
45.08
45.11
45.11
45.12
45.13
45.10
45.13
45.17
45.17
45.17
45.26
45.28
45.33
45.35
45.33
45.32
45.32
45.34
45.35
45.36
45.38
45.37
45.38
45.41
45.41
45.46
45.45
45.45
45.46
45.43
45.41
45.39
45.43
45.41
45.38
45.40
45.41
45.37
45.38
45.38
45.31
45.30
45.29
45.30
45.32
45.31
45.27
45.25
45.27
45.25
45.28
45.33
45.29
45.29
45.31
45.31
45.30
45.30
45.32
45.35
45.35
45.39
45.43
45.45
45.43
45.41
45.44
45.42
45.44
45.42
45.42
45.42
45.40
45.45
45.44
45.44
45.48
45.52
45.54
45.54
45.56
45.60
45.61
45.59
45.59
45.60
45.57
45.60
45.60
45.62
45.65
45.67
45.66
45.67
45.68
45.70
45.70
45.69
45.69
45.70
45.70
45.74
45.73
45.72
45.69
45.69
45.66
45.66
45.67
45.67
45.66
45.67
45.65
45.65
45.65
45.67
45.67
45.65
45.63
45.63
45.66
45.69
45.69
45.68
45.70
45.71
45.73
45.71
45.70
45.72
45.73
45.75
45.75
45.74
45.73
45.71
45.70
45.71
45.68
45.68
45.65
45.64
45.66
45.63
45.63
45.62
45.63
45.65
45.64
45.64
45.64
45.64
45.64
45.62
45.64
45.63
45.64
45.64
45.63
45.62
45.63
45.65
45.65
45.64
45.63
45.62
45.57
45.56
45.57
45.57
45.57
45.57
45.59
45.60
45.62
45.60
45.61
45.61
45.61
45.60
45.60
45.58
45.58
45.59
45.56
45.57
45.60
45.60
45.59
45.59
45.60
45.63
45.65
45.66
45.66
45.66
45.67
45.71
45.75
45.75
45.75
45.73
45.73
45.73
45.75
45.77
45.75
45.76
45.76
45.75
45.73
45.73
45.73
45.71
45.72
45.72
45.70
45.73
45.72
45.71
45.74
45.71
45.72
45.72
45.75
45.74
45.75
45.74
45.73
45.71
45.72
45.72
45.74
45.72
45.71
45.72
45.70
45.71
45.72
45.72
45.73
45.73
45.73
45.73
45.74
45.74
45.75
45.79
45.80
45.81
45.81
45.80
45.81
45.82
45.84
45.86
45.85
45.83
45.86
45.83
45.85
45.85
45.85
45.84
45.85
45.85
45.86
45.84
45.84
45.86
45.85
45.85
45.85
45.85
45.87
45.87
45.88
45.86
45.84
45.82
45.82
45.80
45.81
45.82
45.79
45.79
45.77
45.76
45.76
45.76
45.76
45.76
45.76
45.75
45.74
45.74
45.75
45.74
45.74
45.75
45.76
45.76
45.75
45.75
45.76
45.76
45.75
45.74
45.75
45.74
45.74
45.73
45.73
45.71
45.70
45.70
45.69
45.70
45.70
45.70
45.70
45.68
45.70
45.68
45.67
45.69
45.70
45.68
45.68
45.70
45.69
45.69
45.71
45.71
45.72
45.72
45.72
45.71
45.70
45.70
45.70
45.70
45.70
45.71
45.72
45.72
45.71
45.69
45.71
45.71
45.69
45.69
45.70
45.70
45.69
45.68
45.67
45.68
45.67
45.67
45.66
45.68
45.69
45.69
45.69
45.70
45.70
45.69
45.68
45.67
45.66
45.66
45.65
45.67
45.66
45.67
45.68
45.69
45.70
45.70
45.68
45.70
45.69
45.70
45.70
45.71
45.70
45.68
45.68
45.67
45.67
45.66
45.65
45.66
45.65
45.66
45.67
45.66
45.66
45.65
45.66
45.65
45.65
45.64
45.63
45.65
45.64
45.63
45.62
45.62
45.60
45.61
45.61
45.62
45.61
45.62
45.61
45.61
45.60
45.60
45.61
45.61
45.60
45.61
45.60
45.61
45.63
45.62
45.62
45.62
45.62
45.60
45.60
45.59
45.58
45.59
45.58
45.58
45.58
45.58
45.58
45.59
45.62
45.63
45.63
45.62
45.61
45.60
45.59
45.61
45.61
45.61
45.60
45.60
45.59
45.61
45.59
45.60
45.59
45.57
45.58
45.59
45.57
45.57
45.57
45.57
45.58
45.59
45.59
45.60
45.60
45.59
45.58
45.58
45.58
45.57
45.57
45.58
45.58
45.58
45.57
45.57
45.57
45.56
45.55
45.55
45.54
45.54
45.52
45.53
45.54
45.54
45.54
45.54
45.54
45.55
45.54
45.55
45.54
45.54
45.56
45.58
45.58
45.58
45.57
45.58
45.57
45.57
45.56
45.55
45.54
45.53
45.51
45.51
45.50
45.50
45.51
45.50
45.50
45.50
45.51
45.50
45.51
45.50
45.52
45.50
45.51
45.50
45.53
45.52
45.52
45.51
45.52
45.50
45.49
45.48
45.49
45.49
45.50
45.50
45.51
45.51
45.51
45.50
45.52
45.52
45.50
45.50
45.49
45.49
45.50
45.51
45.51
45.52
45.53
45.53
45.53
45.52
45.54
45.52
45.53
45.54
45.53
45.52
45.52
45.54
45.53
45.52
45.54
45.54
45.53
45.49
