6.25
9.38
8.85
9.38
10.00
9.64
9.38
9.96
10.59
10.78
10.80
10.94
10.94
10.83
10.94
11.23
11.03
11.20
11.35
11.48
11.16
11.22
11.21
11.52
11.31
11.54
11.63
11.72
11.53
11.46
11.69
11.87
11.79
11.81
11.83
11.85
11.70
11.60
11.70
11.72
11.66
11.79
11.77
11.83
11.84
11.82
11.77
11.72
11.61
11.59
11.73
11.81
11.82
11.86
11.90
11.83
11.76
11.85
11.94
11.93
11.86
11.82
11.86
11.91
11.92
11.88
11.94
11.88
11.93
11.94
11.88
11.87
11.90
11.89
11.77
11.76
11.79
11.76
11.87
12.01
11.94
11.95
11.99
11.96
11.97
12.01
11.94
11.95
11.90
11.93
11.95
11.97
12.01
12.10
12.09
12.04
11.98
11.97
11.96
11.95
11.97
12.03
11.97
11.97
12.04
11.98
12.00
11.96
11.97
11.93
11.97
11.97
11.96
11.94
11.94
11.92
11.93
11.93
11.91
11.94
11.93
11.92
12.00
12.00
11.99
11.94
11.93
11.93
11.91
11.94
11.86
11.84
11.88
11.86
11.81
11.82
11.79
11.78
11.79
11.82
11.80
11.78
11.83
11.82
11.84
11.83
11.81
11.82
11.89
11.89
11.89
11.89
11.90
11.88
11.89
11.87
11.87
11.88
11.93
11.92
11.89
11.85
11.90
11.88
11.92
11.91
11.90
11.90
11.93
11.94
11.95
11.95
12.00
12.01
12.01
12.01
12.00
11.97
11.96
11.98
11.96
11.96
11.98
11.95
11.99
11.98
11.99
11.99
12.00
11.97
11.96
11.93
11.94
11.93
11.92
11.91
11.87
11.85
11.93
11.91
11.92
11.93
11.94
11.92
11.96
11.95
11.92
11.92
11.90
11.91
11.93
11.94
11.94
11.97
11.95
11.98
11.99
11.98
11.99
12.02
12.01
11.99
12.00
11.98
11.99
12.00
12.01
12.03
12.04
12.06
12.04
12.02
12.01
11.99
11.98
12.00
12.00
11.99
11.99
11.98
11.96
11.99
11.98
12.01
12.02
12.00
11.98
11.98
11.97
11.96
11.98
11.99
11.98
11.95
11.94
11.94
11.95
11.95
11.96
11.95
11.93
11.95
11.95
11.93
11.92
11.96
11.96
11.96
11.94
11.95
11.98
11.99
12.00
11.99
11.96
11.96
11.96
11.97
11.95
11.94
11.93
11.93
11.92
11.89
11.88
11.88
11.90
11.92
11.91
11.92
11.93
11.94
11.95
11.97
11.99
12.04
12.06
12.08
12.08
12.07
12.08
12.08
12.09
12.07
12.07
12.07
12.05
12.06
12.06
12.04
12.03
12.05
12.05
12.04
12.03
12.02
12.01
12.00
12.00
12.00
11.99
12.00
12.01
11.99
12.00
12.00
12.00
12.00
12.00
11.99
11.99
11.99
11.98
12.00
11.99
11.99
11.98
12.00
11.98
11.99
11.98
12.00
12.01
12.00
11.99
11.99
12.01
12.01
11.99
11.99
11.99
11.99
11.97
11.97
11.99
11.99
12.00
12.01
12.03
12.04
12.04
12.04
12.04
12.05
12.05
12.07
12.07
12.05
12.06
12.07
12.07
12.10
12.09
12.12
12.10
12.12
12.11
12.12
12.13
12.13
12.13
12.13
12.14
12.14
12.14
12.14
12.14
12.13
12.13
12.12
12.13
12.13
12.14
12.13
12.13
12.12
12.11
12.11
12.11
12.12
12.13
12.14
12.14
12.12
12.11
12.11
12.09
12.12
12.11
12.10
12.09
12.08
12.08
12.06
12.07
12.06
12.05
12.06
12.06
12.04
12.04
12.04
12.04
12.05
12.04
12.03
12.03
12.01
12.02
12.01
12.03
12.02
12.01
12.01
12.00
12.01
11.99
11.98
12.00
12.01
12.00
11.99
11.99
11.97
11.97
11.96
11.96
11.96
11.96
11.95
11.96
11.96
11.97
11.96
11.95
11.94
11.95
11.95
11.95
11.96
11.94
11.94
11.93
11.94
11.94
11.93
11.92
11.92
11.91
11.90
11.89
11.90
11.90
11.88
11.89
11.89
11.89
11.89
11.89
11.89
11.90
11.91
11.90
11.89
11.89
11.89
11.87
11.86
11.86
11.86
11.86
11.85
11.85
11.85
11.85
11.87
11.86
11.86
11.86
11.85
11.85
11.86
11.84
11.85
11.85
11.84
11.84
11.83
11.82
11.82
11.82
11.83
11.83
11.84
11.85
11.84
11.84
11.85
11.85
11.84
11.84
11.84
11.83
11.84
11.83
11.83
11.83
11.82
11.83
11.82
11.81
11.81
11.81
11.81
11.81
11.81
11.80
11.81
11.80
11.81
11.82
11.82
11.82
11.81
11.82
11.81
11.81
11.81
11.80
11.79
11.80
11.80
11.80
11.80
11.80
11.80
11.80
11.79
11.80
11.81
11.80
11.82
11.83
11.83
11.83
11.84
11.82
11.82
11.82
11.82
11.82
11.83
11.82
11.82
11.83
11.82
11.83
11.83
11.83
11.83
11.83
11.83
11.83
11.83
11.83
11.83
11.84
11.84
11.84
11.84
11.84
11.84
11.85
11.86
11.85
11.83
11.84
11.84
11.84
11.84
11.85
11.85
11.85
11.84
11.83
11.83
11.83
11.84
11.84
11.85
11.84
11.84
11.84
11.84
11.83
11.84
11.83
11.83
11.83
11.82
11.83
11.84
11.84
11.83
11.83
11.83
11.83
11.82
11.81
11.81
11.81
11.80
11.80
11.81
11.81
11.80
11.80
11.80
11.80
11.81
11.82
11.82
11.82
11.81
11.82
11.83
11.85
11.83
11.85
11.85
11.85
11.85
11.85
11.85
11.84
11.84
11.84
11.84
11.84
11.84
11.85
11.86
11.85
11.85
11.85
11.86
11.85
11.85
11.85
11.85
11.85
11.85
11.86
11.86
11.85
11.84
11.85
11.86
11.85
11.85
11.85
11.85
11.85
11.86
11.85
11.85
11.85
11.84
11.85
11.85
11.86
11.86
11.86
11.85
11.85
11.85
11.85
11.85
11.84
11.84
11.83
11.84
11.84
11.83
11.83
11.82
11.82
11.82
11.81
11.81
11.82
11.82
11.82
11.84
11.83
11.83
11.82
11.83
11.83
11.83
11.83
11.82
11.81
11.82
11.83
11.83
11.84
11.83
11.83
11.84
11.83
11.82
11.82
11.81
11.81
11.80
11.80
11.80
11.79
11.79
11.80
11.80
11.81
11.81
11.81
11.80
11.80
11.80
11.79
11.79
11.78
11.78
11.78
11.78
11.78
11.78
11.79
11.79
11.79
11.79
11.79
11.79
11.79
11.78
11.79
11.80
11.80
11.80
11.80
11.80
11.79
11.79
11.79
11.79
11.79
11.79
11.79
11.79
11.79
11.78
11.78
11.77
