75.00
78.91
80.21
80.08
80.62
81.77
81.70
80.08
79.34
80.00
80.11
79.56
79.09
79.35
79.48
79.59
79.41
79.51
79.03
79.45
79.09
79.12
79.21
79.43
79.12
79.15
79.22
79.07
79.20
79.06
79.13
79.35
79.55
79.69
79.82
79.95
79.94
79.81
79.85
79.73
79.57
79.46
79.54
79.62
79.72
79.99
79.99
80.01
79.97
80.06
80.06
80.14
80.13
80.27
80.23
80.16
80.26
80.20
80.03
80.10
80.07
80.12
80.08
80.10
80.17
80.35
80.36
80.33
80.37
80.49
80.48
80.43
80.52
80.49
80.50
80.55
80.60
80.57
80.52
80.55
80.61
80.68
80.65
80.69
80.75
80.69
80.77
80.75
80.88
80.83
80.80
80.88
80.98
80.95
80.97
81.04
81.09
81.12
81.20
81.22
81.27
81.20
81.23
81.22
81.15
81.10
81.07
81.09
81.03
81.09
81.12
81.17
81.10
81.04
81.10
81.06
81.01
81.05
81.03
81.00
80.98
80.97
80.97
80.99
80.98
80.98
80.98
81.01
80.96
80.91
80.90
80.92
80.85
80.87
80.89
80.86
80.81
80.80
80.80
80.84
80.84
80.78
80.78
80.78
80.74
80.78
80.74
80.69
80.69
80.69
80.69
80.63
80.63
80.63
80.64
80.62
80.60
80.57
80.58
80.55
80.53
80.52
80.53
80.54
80.56
80.55
80.58
80.58
80.58
80.58
80.54
80.52
80.49
80.47
80.50
80.49
80.46
80.50
80.52
80.51
80.54
80.55
80.53
80.55
80.56
80.52
80.55
80.56
80.56
80.56
80.58
80.57
80.58
80.59
80.59
80.61
80.58
80.59
80.55
80.52
80.53
80.51
80.45
80.42
80.40
80.44
80.42
80.42
80.38
80.38
80.37
80.37
80.38
80.35
80.35
80.35
80.33
80.31
80.35
80.38
80.37
80.38
80.40
80.42
80.40
80.43
80.43
80.43
80.46
80.47
80.44
80.39
80.38
80.38
80.38
80.40
80.42
80.45
80.45
80.44
80.43
80.39
80.42
80.41
80.43
80.43
80.43
80.46
80.44
80.44
80.43
80.45
80.43
80.45
80.47
80.49
80.46
80.46
80.47
80.47
80.47
80.47
80.47
80.46
80.46
80.45
80.47
80.50
80.47
80.43
80.43
80.42
80.40
80.37
80.39
80.42
80.42
80.42
80.39
80.39
80.40
80.40
80.41
80.40
80.39
80.39
80.40
80.39
80.40
80.38
80.36
80.37
80.38
80.36
80.35
80.35
80.35
80.37
80.33
80.31
80.29
80.31
80.33
80.34
80.33
80.36
80.39
80.41
80.41
80.43
80.41
80.40
80.38
80.38
80.38
80.36
80.37
80.36
80.35
80.35
80.38
80.40
80.39
80.38
80.37
80.40
80.40
80.41
80.39
80.38
80.40
80.39
80.36
80.36
80.35
80.36
80.36
80.39
80.38
80.37
80.36
80.35
80.34
80.31
80.34
80.34
80.31
80.31
80.31
80.30
80.28
80.27
80.29
80.28
80.30
80.30
80.27
80.25
80.26
80.26
80.28
80.28
80.27
80.28
80.29
80.29
80.30
80.32
80.31
80.30
80.28
80.28
80.28
80.25
80.26
80.26
80.26
80.27
80.29
80.29
80.29
80.27
80.27
80.27
80.26
80.27
80.28
80.26
80.26
80.27
80.27
80.26
80.24
80.26
80.28
80.27
80.28
80.28
80.26
80.23
80.23
80.23
80.23
80.22
80.20
80.21
80.20
80.22
80.23
80.21
80.20
80.20
80.22
80.23
80.23
80.23
80.22
80.25
80.25
80.23
80.23
80.24
80.25
80.24
80.24
80.25
80.25
80.23
80.23
80.24
80.23
80.23
80.22
80.20
80.20
80.19
80.21
80.22
80.23
80.24
80.25
80.27
80.25
80.26
80.27
80.26
80.25
80.26
80.27
80.25
80.26
80.23
80.23
80.22
80.22
80.22
80.20
80.19
80.17
80.15
80.16
80.15
80.15
80.16
80.17
80.17
80.18
80.16
80.18
80.16
80.19
80.20
80.18
80.16
80.17
80.17
80.18
80.19
80.20
80.20
80.20
80.19
80.20
80.20
80.19
80.18
80.19
80.19
80.18
80.20
80.21
80.21
80.21
80.21
80.21
80.22
80.21
80.21
80.23
80.23
80.24
80.25
80.25
80.27
80.27
80.25
80.26
80.27
80.26
80.26
80.27
80.27
80.28
80.27
80.27
80.27
80.26
80.25
80.24
80.24
80.22
80.22
80.23
80.24
80.25
80.24
80.24
80.24
80.25
80.25
80.25
80.26
80.25
80.26
80.27
80.27
80.26
80.27
80.26
80.26
80.27
80.27
80.27
80.26
80.26
80.26
80.26
80.27
80.29
80.28
80.27
80.27
80.27
80.27
80.27
80.28
80.30
80.29
80.29
80.28
80.28
80.27
80.27
80.27
80.27
80.26
80.26
80.26
80.26
80.25
80.24
80.26
80.26
80.25
80.26
80.26
80.26
80.26
80.26
80.26
80.26
80.27
80.27
80.27
80.25
80.26
80.24
80.25
80.24
80.26
80.27
80.27
80.28
80.27
80.27
80.26
80.27
80.26
80.27
80.26
80.26
80.26
80.25
80.24
80.22
80.23
80.23
80.23
80.21
80.21
80.21
80.22
80.23
80.22
80.23
80.24
80.24
80.22
80.23
80.24
80.24
80.23
80.23
80.24
80.25
80.24
80.25
80.25
80.23
80.22
80.21
80.21
80.21
80.21
80.21
80.22
80.23
80.22
80.23
80.22
80.22
80.21
80.21
80.22
80.22
80.21
80.22
80.21
80.21
80.22
80.22
80.22
80.22
80.22
80.22
80.22
80.22
80.24
80.24
80.24
80.24
80.23
80.22
80.21
80.21
80.21
80.22
80.22
80.21
80.22
80.22
80.22
80.22
80.23
80.23
80.24
80.23
80.23
80.24
80.23
80.23
80.24
80.23
80.21
80.21
80.20
80.20
80.22
80.21
80.21
80.21
80.22
80.22
80.22
80.21
80.21
80.21
80.21
80.20
80.19
80.19
80.18
80.18
80.18
80.18
80.19
80.18
80.19
80.20
80.19
80.18
80.19
80.19
80.19
80.19
80.18
80.18
80.18
80.18
80.17
80.18
80.18
80.18
80.18
80.17
80.16
80.15
80.14
80.14
80.14
80.14
80.14
80.13
80.12
80.11
80.10
80.10
80.09
80.10
80.10
80.11
80.11
80.11
80.11
80.10
80.10
80.10
80.10
80.11
80.10
80.09
80.10
80.10
80.11
80.13
80.12
80.12
80.12
80.12
80.12
80.12
80.13
80.13
80.13
80.12
80.13
80.14
80.15
80.14
80.13
80.13
80.13
80.14
80.14
80.14
80.14
80.14
80.15
80.14
80.14
80.15
80.08
