71.88
75.00
76.56
78.12
78.44
78.39
79.46
80.08
79.51
79.84
79.26
79.17
78.97
78.79
78.33
78.32
78.22
78.30
77.96
78.59
78.42
78.55
79.01
78.84
78.56
78.31
78.36
78.29
78.45
78.54
78.58
78.81
78.98
78.81
78.57
78.69
78.46
78.62
78.61
78.91
78.66
78.76
78.85
78.66
78.78
78.70
78.76
78.84
78.73
78.84
78.98
78.94
78.98
78.94
78.86
78.99
78.89
78.99
78.84
78.80
78.89
78.91
78.84
78.81
78.75
78.65
78.68
78.70
78.67
78.73
78.72
78.71
78.68
78.74
78.79
78.89
78.88
78.97
78.98
78.85
78.76
78.75
78.73
78.66
78.58
78.54
78.61
78.59
78.63
78.63
78.71
78.70
78.75
78.79
78.70
78.66
78.70
78.73
78.82
78.77
78.79
78.80
78.76
78.61
78.54
78.51
78.58
78.53
78.53
78.54
78.49
78.46
78.46
78.44
78.44
78.39
78.33
78.35
78.30
78.36
78.42
78.37
78.30
78.35
78.34
78.34
78.32
78.33
78.32
78.33
78.34
78.29
78.35
78.28
78.30
78.33
78.35
78.37
78.36
78.37
78.36
78.40
78.44
78.50
78.44
78.50
78.48
78.51
78.45
78.48
78.50
78.51
78.50
78.48
78.48
78.48
78.47
78.47
78.55
78.56
78.48
78.45
78.43
78.45
78.47
78.48
78.47
78.50
78.50
78.49
78.49
78.50
78.51
78.57
78.54
78.52
78.51
78.49
78.51
78.51
78.55
78.53
78.55
78.58
78.59
78.55
78.50
78.50
78.49
78.52
78.54
78.51
78.50
78.50
78.52
78.53
78.51
78.50
78.50
78.50
78.54
78.55
78.54
78.55
78.60
78.58
78.59
78.61
78.59
78.58
78.58
78.54
78.46
78.45
78.46
78.47
78.47
78.48
78.51
78.54
78.53
78.53
78.54
78.51
78.50
78.53
78.48
78.49
78.46
78.44
78.40
78.37
78.38
78.38
78.38
78.38
78.39
78.41
78.40
78.44
78.46
78.47
78.50
78.49
78.48
78.47
78.47
78.47
78.46
78.44
78.47
78.48
78.51
78.55
78.57
78.58
78.62
78.63
78.63
78.62
78.59
78.58
78.61
78.62
78.61
78.58
78.59
78.59
78.58
78.56
78.57
78.57
78.54
78.51
78.49
78.48
78.50
78.50
78.48
78.47
78.48
78.50
78.51
78.52
78.54
78.54
78.56
78.56
78.54
78.55
78.55
78.55
78.54
78.54
78.54
78.53
78.54
78.57
78.56
78.51
78.51
78.51
78.51
78.53
78.55
78.54
78.56
78.53
78.53
78.54
78.54
78.54
78.54
78.56
78.54
78.52
78.50
78.50
78.49
78.49
78.52
78.52
78.54
78.55
78.56
78.58
78.58
78.56
78.57
78.56
78.57
78.59
78.62
78.63
78.63
78.62
78.64
78.64
78.64
78.64
78.62
78.62
78.62
78.58
78.60
78.60
78.58
78.57
78.57
78.56
78.55
78.56
78.55
78.58
78.57
78.58
78.56
78.58
78.59
78.60
78.59
78.59
78.61
78.63
78.63
78.64
78.64
78.65
78.65
78.65
78.64
78.62
78.63
78.63
78.62
78.64
78.64
78.64
78.66
78.63
78.63
78.64
78.63
78.62
78.62
78.64
78.63
78.64
78.62
78.63
78.63
78.63
78.63
78.63
78.64
78.64
78.64
78.61
78.61
78.63
78.64
78.61
78.61
78.59
78.57
78.55
78.54
78.52
78.53
78.54
78.52
78.53
78.54
78.51
78.50
78.53
78.51
78.53
78.52
78.52
78.51
78.51
78.50
78.50
78.50
78.50
78.49
78.48
78.46
78.45
78.45
78.43
78.43
78.42
78.42
78.42
78.43
78.42
78.43
78.43
78.44
78.44
78.43
78.42
78.43
78.42
78.44
78.44
78.44
78.45
78.44
78.44
78.43
78.41
78.41
78.42
78.44
78.44
78.43
78.45
78.45
78.43
78.42
78.40
78.41
78.41
78.39
78.39
78.38
78.39
78.39
78.40
78.38
78.38
78.37
78.36
78.37
78.37
78.38
78.38
78.40
78.41
78.41
78.41
78.41
78.43
78.43
78.43
78.43
78.43
78.44
78.43
78.44
78.44
78.45
78.46
78.46
78.45
78.45
78.44
78.43
78.42
78.42
78.43
78.43
78.41
78.43
78.43
78.43
78.40
78.41
78.41
78.40
78.40
78.42
78.43
78.43
78.44
78.45
78.46
78.44
78.44
78.44
78.43
78.43
78.44
78.44
78.43
78.42
78.43
78.44
78.45
78.45
78.45
78.44
78.46
78.45
78.45
78.46
78.44
78.45
78.44
78.43
78.44
78.43
78.44
78.44
78.45
78.46
78.45
78.44
78.44
78.44
78.44
78.44
78.44
78.44
78.42
78.43
78.43
78.44
78.43
78.41
78.40
78.41
78.40
78.41
78.40
78.38
78.38
78.39
78.40
78.39
78.38
78.37
78.38
78.38
78.38
78.39
78.38
78.36
78.35
78.36
78.37
78.36
78.35
78.34
78.33
78.34
78.34
78.34
78.33
78.34
78.33
78.34
78.35
78.35
78.34
78.33
78.33
78.33
78.34
78.34
78.32
78.32
78.32
78.31
78.32
78.32
78.30
78.30
78.31
78.32
78.32
78.32
78.30
78.31
78.30
78.31
78.31
78.30
78.31
78.31
78.30
78.31
78.30
78.29
78.29
78.29
78.29
78.30
78.29
78.29
78.29
78.29
78.27
78.29
78.29
78.28
78.27
78.28
78.27
78.28
78.27
78.28
78.28
78.28
78.29
78.27
78.26
78.27
78.26
78.27
78.27
78.27
78.27
78.26
78.27
78.28
78.28
78.28
78.28
78.29
78.31
78.32
78.32
78.31
78.32
78.32
78.33
78.33
78.32
78.33
78.33
78.35
78.34
78.34
78.35
78.35
78.35
78.35
78.35
78.35
78.35
78.35
78.36
78.35
78.35
78.35
78.35
78.36
78.36
78.36
78.37
78.37
78.37
78.36
78.36
78.36
78.35
78.34
78.34
78.33
78.32
78.32
78.32
78.32
78.32
78.31
78.32
78.31
78.32
78.32
78.32
78.32
78.33
78.33
78.33
78.33
78.34
78.33
78.33
78.33
78.33
78.32
78.32
78.32
78.32
78.32
78.32
78.32
78.32
78.32
78.31
78.31
78.32
78.33
78.34
78.34
78.34
78.34
78.34
78.35
78.34
78.35
78.35
78.34
78.35
78.35
78.35
78.36
78.36
78.37
78.37
78.38
78.37
78.38
78.36
78.37
78.38
78.38
78.38
78.38
78.38
78.38
78.38
78.38
78.38
78.37
78.37
78.38
78.39
78.41
78.41
78.41
78.40
78.40
78.40
78.40
78.41
78.41
78.33
