81.25
78.91
79.69
78.52
80.00
79.43
78.79
79.30
78.65
79.38
79.12
79.30
79.69
80.13
80.42
79.88
80.33
79.77
79.77
80.08
79.69
79.90
79.96
79.56
79.62
79.93
79.69
79.85
79.63
79.48
79.54
79.79
79.73
79.78
79.82
79.90
79.86
79.65
79.65
79.88
79.69
79.39
79.47
79.62
79.51
79.42
79.42
79.33
79.27
79.25
79.14
79.18
79.13
79.14
79.20
79.24
79.25
79.07
78.97
79.06
79.15
79.11
79.07
79.10
79.06
79.19
79.24
79.37
79.37
79.35
79.27
79.21
79.30
79.24
79.27
79.28
79.16
79.17
79.23
79.28
79.28
79.29
79.22
79.17
79.15
79.20
79.29
79.30
79.30
79.36
79.29
79.47
79.50
79.52
79.54
79.59
79.66
79.64
79.58
79.52
79.58
79.61
79.63
79.67
79.72
79.78
79.80
79.88
79.93
79.94
79.97
80.04
80.07
80.14
80.11
80.09
80.03
80.08
79.96
79.99
79.93
79.93
79.97
79.99
80.00
79.99
80.03
80.09
80.11
80.11
80.05
80.10
80.05
80.03
79.99
80.02
80.10
80.04
80.02
80.00
79.98
80.02
80.02
80.00
80.03
80.03
80.00
80.05
80.08
80.07
80.04
80.02
80.00
80.03
79.99
79.98
79.98
79.99
80.02
80.01
79.95
79.92
79.88
79.87
79.85
79.84
79.85
79.79
79.82
79.78
79.78
79.78
79.79
79.81
79.84
79.83
79.83
79.89
79.86
79.85
79.83
79.88
79.91
79.92
79.97
79.97
79.87
79.87
79.89
79.87
79.88
79.89
79.89
79.91
79.91
79.93
79.95
79.95
79.97
79.98
79.98
79.98
80.00
79.99
79.98
79.98
80.00
80.00
79.99
80.01
80.01
80.03
80.05
80.10
80.13
80.10
80.12
80.12
80.13
80.13
80.13
80.17
80.12
80.12
80.13
80.14
80.14
80.15
80.14
80.13
80.13
80.14
80.16
80.15
80.14
80.12
80.12
80.10
80.11
80.08
80.10
80.12
80.14
80.16
80.20
80.21
80.21
80.20
80.18
80.14
80.14
80.11
80.11
80.12
80.12
80.11
80.09
80.10
80.09
80.10
80.05
80.05
80.04
80.04
80.06
80.08
80.07
80.04
80.02
80.05
80.00
80.00
80.03
80.05
80.03
80.04
80.03
80.05
80.06
80.04
80.04
80.04
80.04
80.01
80.02
80.01
80.01
80.03
80.04
80.03
80.06
80.08
80.09
80.11
80.09
80.08
80.06
80.09
80.05
80.06
80.06
80.08
80.03
80.03
80.00
80.03
80.02
80.04
80.06
80.04
80.03
80.03
80.01
80.03
80.01
80.03
80.05
80.06
80.05
80.08
80.07
80.04
80.03
80.04
80.02
80.02
80.01
80.01
80.02
80.02
80.03
80.01
80.02
80.02
80.03
80.04
80.04
80.04
80.02
79.99
79.98
79.99
80.01
80.03
80.02
80.00
79.99
79.97
79.97
79.98
79.96
79.95
79.95
79.94
79.94
79.94
79.96
79.94
79.94
79.95
79.93
79.92
79.92
79.92
79.93
79.91
79.90
79.88
79.87
79.87
79.88
79.86
79.86
79.87
79.88
79.89
79.84
79.84
79.83
79.84
79.82
79.83
79.83
79.84
79.85
79.86
79.88
79.88
79.85
79.86
79.86
79.86
79.86
79.87
79.87
79.88
79.89
79.89
79.90
79.93
79.91
79.92
79.89
79.89
79.90
79.92
79.91
79.94
79.94
79.95
79.96
79.96
79.95
79.95
79.94
79.94
79.93
79.94
79.94
79.94
79.93
79.92
79.92
79.91
79.93
79.92
79.93
79.93
79.92
79.92
79.92
79.93
79.92
79.93
79.93
79.94
79.93
79.94
79.94
79.95
79.97
79.96
79.97
79.97
79.95
79.96
79.96
79.95
79.92
79.92
79.93
79.91
79.92
79.91
79.90
79.92
79.90
79.91
79.91
79.92
79.91
79.94
79.93
79.93
79.92
79.93
79.92
79.92
79.91
79.91
79.90
79.90
79.89
79.88
79.88
79.87
79.85
79.83
79.85
79.85
79.86
79.86
79.87
79.87
79.89
79.88
79.88
79.87
79.89
79.90
79.89
79.90
79.90
79.89
79.89
79.89
79.88
79.89
79.89
79.89
79.89
79.88
79.88
79.88
79.89
79.89
79.90
79.90
79.91
79.92
79.93
79.94
79.95
79.94
79.94
79.94
79.95
79.96
79.96
79.95
79.96
79.97
79.97
79.97
79.95
79.95
79.95
79.95
79.95
79.95
79.94
79.94
79.95
79.94
79.94
79.94
79.93
79.94
79.95
79.93
79.92
79.94
79.96
79.95
79.94
79.94
79.93
79.91
79.92
79.93
79.91
79.92
79.92
79.93
79.94
79.94
79.95
79.94
79.94
79.93
79.92
79.93
79.93
79.93
79.93
79.94
79.95
79.94
79.95
79.95
79.93
79.92
79.92
79.92
79.93
79.95
79.94
79.95
79.97
79.97
79.98
79.97
79.97
79.97
79.97
79.96
79.96
79.95
79.96
79.94
79.94
79.93
79.94
79.95
79.96
79.95
79.94
79.95
79.95
79.95
79.95
79.93
79.93
79.93
79.93
79.93
79.91
79.92
79.92
79.92
79.92
79.92
79.91
79.90
79.91
79.91
79.92
79.92
79.94
79.95
79.94
79.93
79.91
79.91
79.90
79.90
79.92
79.91
79.91
79.91
79.92
79.92
79.93
79.94
79.93
79.94
79.93
79.94
79.95
79.95
79.94
79.95
79.94
79.92
79.93
79.92
79.92
79.92
79.92
79.92
79.92
79.92
79.93
79.93
79.93
79.93
79.92
79.91
79.92
79.92
79.91
79.91
79.92
79.91
79.92
79.92
79.93
79.94
79.93
79.93
79.94
79.95
79.93
79.93
79.95
79.95
79.95
79.94
79.94
79.94
79.93
79.92
79.92
79.91
79.91
79.92
79.92
79.91
79.90
79.91
79.91
79.92
79.90
79.90
79.91
79.91
79.91
79.90
79.91
79.91
79.92
79.93
79.94
79.94
79.93
79.94
79.94
79.95
79.95
79.94
79.95
79.95
79.96
79.96
79.95
79.95
79.94
79.94
79.94
79.93
79.92
79.91
79.92
79.92
79.93
79.92
79.91
79.90
79.89
79.90
79.89
79.88
79.87
79.86
79.86
79.86
79.87
79.85
79.86
79.85
79.86
79.85
79.85
79.85
79.85
79.86
79.85
79.86
79.86
79.86
79.86
79.87
79.86
79.87
79.87
79.87
79.87
79.86
79.86
79.87
79.86
79.86
79.85
79.83
79.84
79.84
79.84
79.85
79.84
79.83
79.83
79.83
79.84
79.84
79.84
79.84
79.84
79.84
79.84
79.83
79.82
79.74
