57.81
55.47
56.77
60.16
62.19
61.72
62.72
62.11
61.98
62.03
61.79
61.20
61.06
61.38
62.19
62.01
62.13
62.33
62.50
62.11
62.43
62.71
62.84
62.89
63.13
63.34
63.37
63.67
63.74
63.70
63.66
63.53
63.54
63.79
63.93
64.11
64.10
63.82
63.94
63.91
63.99
64.14
64.17
64.06
64.20
64.23
64.23
64.23
64.13
64.16
64.19
64.00
64.09
64.15
64.15
63.98
64.12
64.30
64.25
64.22
64.19
64.16
64.21
64.31
64.23
64.16
64.16
64.27
64.27
64.26
64.33
64.28
64.28
64.27
64.29
64.31
64.29
64.28
64.14
64.10
64.04
64.02
64.08
64.12
64.28
64.34
64.44
64.35
64.43
64.53
64.59
64.62
64.68
64.61
64.59
64.50
64.51
64.52
64.50
64.47
64.48
64.43
64.37
64.33
64.43
64.39
64.34
64.35
64.42
64.43
64.44
64.43
64.41
64.38
64.33
64.40
64.46
64.41
64.42
64.34
64.33
64.32
64.32
64.38
64.43
64.53
64.51
64.54
64.51
64.47
64.54
64.60
64.59
64.58
64.58
64.57
64.61
64.58
64.60
64.56
64.52
64.51
64.54
64.57
64.57
64.60
64.64
64.61
64.62
64.67
64.61
64.68
64.64
64.69
64.63
64.64
64.66
64.66
64.67
64.59
64.61
64.57
64.64
64.64
64.65
64.66
64.71
64.69
64.75
64.74
64.69
64.68
64.74
64.78
64.75
64.69
64.69
64.67
64.67
64.62
64.60
64.59
64.69
64.74
64.76
64.77
64.76
64.73
64.75
64.77
64.69
64.71
64.73
64.76
64.75
64.75
64.74
64.76
64.71
64.77
64.71
64.70
64.62
64.64
64.68
64.62
64.59
64.66
64.62
64.59
64.62
64.67
64.69
64.67
64.67
64.70
64.70
64.71
64.70
64.68
64.73
64.70
64.66
64.64
64.65
64.66
64.64
64.65
64.68
64.66
64.67
64.64
64.65
64.66
64.65
64.66
64.64
64.64
64.68
64.72
64.72
64.73
64.74
64.79
64.76
64.76
64.76
64.75
64.73
64.76
64.72
64.71
64.72
64.74
64.72
64.73
64.73
64.74
64.73
64.71
64.70
64.74
64.75
64.75
64.75
64.73
64.76
64.76
64.75
64.76
64.75
64.75
64.76
64.78
64.77
64.77
64.76
64.71
64.68
64.69
64.71
64.73
64.77
64.74
64.71
64.72
64.74
64.72
64.71
64.70
64.72
64.74
64.77
64.75
64.76
64.75
64.77
64.82
64.84
64.84
64.85
64.87
64.88
64.86
64.88
64.87
64.86
64.85
64.84
64.85
64.86
64.84
64.86
64.87
64.89
64.85
64.85
64.85
64.82
64.80
64.78
64.78
64.77
64.75
64.71
64.72
64.72
64.78
64.78
64.79
64.79
64.79
64.80
64.77
64.79
64.79
64.81
64.80
64.80
64.81
64.80
64.80
64.81
64.80
64.79
64.80
64.80
64.81
64.83
64.82
64.83
64.84
64.83
64.84
64.82
64.82
64.81
64.80
64.82
64.81
64.83
64.85
64.81
64.76
64.76
64.75
64.75
64.75
64.73
64.75
64.75
64.75
64.74
64.76
64.75
64.74
64.75
64.75
64.74
64.70
64.67
64.66
64.68
64.70
64.69
64.67
64.66
64.62
64.62
64.60
64.60
64.61
64.61
64.60
64.60
64.59
64.56
64.60
64.61
64.61
64.59
64.60
64.61
64.57
64.58
64.60
64.60
64.60
64.60
64.60
64.62
64.60
64.60
64.62
64.63
64.64
64.62
64.64
64.63
64.62
64.64
64.64
64.63
64.63
64.64
64.67
64.65
64.63
64.62
64.62
64.61
64.60
64.56
64.57
64.56
64.58
64.55
64.57
64.55
64.55
64.53
64.52
64.51
64.51
64.51
64.52
64.53
64.52
64.51
64.51
64.51
64.51
64.48
64.47
64.47
64.46
64.48
64.48
64.50
64.47
64.46
64.45
64.47
64.45
64.45
64.46
64.47
64.48
64.49
64.50
64.49
64.48
64.48
64.47
64.44
64.47
64.49
64.48
64.47
64.48
64.47
64.46
64.46
64.44
64.43
64.40
64.38
64.41
64.42
64.43
64.44
64.42
64.42
64.42
64.43
64.42
64.43
64.41
64.40
64.41
64.41
64.40
64.40
64.41
64.42
64.41
64.41
64.42
64.43
64.42
64.42
64.41
64.40
64.40
64.40
64.40
64.39
64.40
64.38
64.38
64.38
64.36
64.36
64.37
64.37
64.37
64.37
64.35
64.34
64.33
64.35
64.34
64.34
64.34
64.35
64.36
64.36
64.36
64.37
64.37
64.39
64.38
64.38
64.38
64.39
64.39
64.39
64.40
64.40
64.41
64.39
64.39
64.40
64.39
64.39
64.39
64.40
64.40
64.40
64.39
64.38
64.38
64.38
64.38
64.36
64.37
64.37
64.37
64.36
64.35
64.36
64.36
64.35
64.36
64.37
64.38
64.38
64.39
64.39
64.41
64.42
64.41
64.39
64.38
64.37
64.36
64.36
64.34
64.34
64.34
64.33
64.34
64.35
64.35
64.36
64.36
64.37
64.37
64.37
64.34
64.35
64.34
64.34
64.35
64.33
64.34
64.34
64.35
64.34
64.35
64.36
64.35
64.34
64.34
64.37
64.37
64.37
64.36
64.36
64.36
64.36
64.37
64.37
64.38
64.36
64.36
64.35
64.35
64.34
64.34
64.33
64.33
64.32
64.33
64.31
64.31
64.29
64.30
64.30
64.29
64.28
64.27
64.27
64.28
64.28
64.28
64.28
64.26
64.26
64.27
64.27
64.27
64.24
64.26
64.26
64.25
64.26
64.27
64.27
64.27
64.28
64.29
64.30
64.31
64.30
64.30
64.28
64.28
64.27
64.28
64.28
64.28
64.29
64.29
64.31
64.31
64.30
64.30
64.29
64.28
64.28
64.28
64.28
64.28
64.29
64.27
64.26
64.27
64.28
64.28
64.27
64.26
64.27
64.26
64.27
64.26
64.27
64.28
64.26
64.27
64.28
64.28
64.30
64.30
64.31
64.30
64.31
64.28
64.29
64.30
64.30
64.31
64.30
64.29
64.28
64.27
64.29
64.30
64.31
64.30
64.29
64.31
64.30
64.30
64.30
64.29
64.30
64.29
64.28
64.26
64.27
64.27
64.25
64.25
64.24
64.25
64.25
64.24
64.23
64.22
64.22
64.22
64.23
64.24
64.24
64.25
64.26
64.28
64.29
64.29
64.28
64.28
64.27
64.27
64.28
64.28
64.28
64.28
64.27
64.26
64.26
64.24
64.23
64.24
64.25
64.25
64.24
64.23
64.22
64.21
64.20
64.20
64.21
64.21
64.20
64.19
64.20
64.19
64.19
64.20
64.20
64.13
