79.69
75.78
76.56
76.56
78.12
78.91
79.69
79.49
78.99
79.06
79.40
79.82
79.81
80.13
80.21
80.08
80.33
80.56
80.26
79.92
79.91
79.83
80.03
79.82
79.75
79.45
79.28
79.07
79.26
79.17
79.13
79.15
78.84
78.95
79.29
79.38
79.43
79.32
79.49
79.49
79.69
79.54
79.65
79.55
79.51
79.38
79.26
79.36
79.46
79.41
79.26
79.27
79.13
79.17
79.06
79.10
79.00
78.88
79.03
78.98
78.97
78.96
78.92
78.91
78.92
78.91
78.94
79.00
78.99
78.82
78.81
78.65
78.72
78.86
78.77
78.78
78.86
78.93
79.05
79.02
79.07
79.04
79.14
79.13
79.10
79.16
79.18
79.23
79.23
79.29
79.21
79.21
79.20
79.24
79.19
79.20
79.24
79.29
79.21
79.27
79.30
79.40
79.37
79.43
79.38
79.35
79.45
79.40
79.39
79.40
79.42
79.35
79.36
79.34
79.31
79.27
79.23
79.21
79.20
79.23
79.25
79.29
79.23
79.26
79.22
79.20
79.16
79.15
79.11
79.11
79.11
79.08
79.10
79.10
79.05
78.98
79.01
79.02
79.06
79.10
79.09
79.07
79.08
79.10
79.13
79.11
79.15
79.17
79.17
79.21
79.26
79.20
79.19
79.22
79.25
79.22
79.21
79.23
79.30
79.30
79.27
79.29
79.26
79.30
79.26
79.25
79.28
79.26
79.27
79.32
79.37
79.37
79.34
79.35
79.38
79.39
79.46
79.48
79.50
79.50
79.52
79.52
79.51
79.54
79.57
79.53
79.58
79.56
79.50
79.47
79.49
79.50
79.53
79.55
79.58
79.62
79.60
79.60
79.61
79.62
79.65
79.66
79.67
79.65
79.65
79.64
79.63
79.63
79.64
79.70
79.67
79.67
79.69
79.71
79.70
79.65
79.64
79.67
79.67
79.64
79.62
79.64
79.67
79.71
79.72
79.74
79.74
79.74
79.76
79.76
79.72
79.72
79.77
79.79
79.81
79.81
79.79
79.79
79.76
79.77
79.76
79.77
79.80
79.79
79.78
79.79
79.79
79.83
79.86
79.86
79.88
79.88
79.89
79.88
79.85
79.88
79.86
79.88
79.86
79.88
79.89
79.87
79.85
79.87
79.86
79.86
79.86
79.87
79.90
79.88
79.89
79.88
79.89
79.90
79.93
79.94
79.94
79.92
79.92
79.92
79.92
79.94
79.94
79.95
79.95
79.94
79.95
79.96
79.98
79.99
80.00
80.00
80.01
80.03
80.02
80.05
80.05
80.06
80.07
80.06
80.06
80.07
80.05
80.08
80.06
80.05
80.04
80.06
80.07
80.06
80.05
80.05
80.06
80.07
80.04
79.99
79.99
80.01
80.01
80.01
80.01
80.00
80.00
79.99
80.00
80.00
79.98
79.98
79.98
80.01
79.98
79.99
79.99
80.01
80.01
80.03
80.01
80.00
80.00
80.02
80.00
80.01
80.00
80.01
80.01
80.00
80.00
80.02
80.04
80.03
80.04
80.05
80.06
80.06
80.07
80.05
80.06
80.05
80.06
80.05
80.05
80.06
80.04
80.05
80.05
80.05
80.04
80.04
80.04
80.03
80.05
80.04
80.04
80.04
80.04
80.04
80.05
80.03
80.04
80.05
80.07
80.09
80.10
80.10
80.09
80.10
80.09
80.11
80.09
80.10
80.08
80.11
80.10
80.11
80.08
80.09
80.09
80.09
80.08
80.08
80.08
80.08
80.08
80.08
80.08
80.08
80.08
80.07
80.07
80.07
80.06
80.07
80.07
80.05
80.02
80.00
80.04
80.04
80.02
80.01
80.00
79.99
79.99
80.00
80.01
79.98
79.99
79.99
79.99
80.00
80.01
80.00
80.01
79.99
80.00
80.01
80.02
80.03
80.03
80.02
80.02
80.01
80.01
80.00
80.02
80.02
80.03
80.04
80.05
80.06
80.05
80.05
80.06
80.05
80.04
80.06
80.08
80.09
80.08
80.07
80.09
80.09
80.08
80.09
80.09
80.07
80.08
80.07
80.07
80.06
80.06
80.06
80.06
80.06
80.06
80.05
80.06
80.05
80.07
80.09
80.09
80.10
80.11
80.12
80.15
80.14
80.12
80.13
80.13
80.13
80.11
80.11
80.11
80.12
80.12
80.12
80.12
80.11
80.11
80.13
80.12
80.10
80.10
80.11
80.11
80.11
80.11
80.12
80.11
80.13
80.12
80.12
80.14
80.15
80.14
80.17
80.19
80.18
80.17
80.17
80.17
80.16
80.16
80.16
80.15
80.16
80.16
80.17
80.17
80.17
80.17
80.18
80.16
80.16
80.14
80.14
80.14
80.14
80.15
80.14
80.15
80.16
80.17
80.18
80.19
80.19
80.18
80.17
80.17
80.19
80.17
80.17
80.15
80.14
80.15
80.16
80.16
80.17
80.16
80.17
80.19
80.20
80.22
80.22
80.22
80.21
80.22
80.20
80.19
80.19
80.19
80.19
80.19
80.20
80.20
80.19
80.20
80.22
80.22
80.21
80.20
80.21
80.21
80.21
80.21
80.22
80.23
80.23
80.24
80.25
80.25
80.24
80.25
80.26
80.27
80.29
80.29
80.28
80.29
80.29
80.29
80.31
80.30
80.30
80.29
80.30
80.31
80.30
80.30
80.30
80.30
80.31
80.30
80.30
80.30
80.30
80.30
80.29
80.29
80.28
80.29
80.30
80.28
80.27
80.26
80.27
80.27
80.27
80.27
80.27
80.26
80.26
80.26
80.27
80.28
80.28
80.30
80.30
80.30
80.29
80.30
80.32
80.31
80.29
80.29
80.29
80.28
80.28
80.28
80.29
80.29
80.30
80.29
80.28
80.28
80.28
80.28
80.28
80.28
80.28
80.27
80.27
80.26
80.25
80.25
80.26
80.25
80.25
80.25
80.25
80.26
80.25
80.25
80.24
80.24
80.24
80.24
80.24
80.24
80.25
80.26
80.26
80.26
80.27
80.26
80.27
80.27
80.28
80.28
80.28
80.28
80.28
80.29
80.29
80.29
80.29
80.29
80.30
80.30
80.30
80.30
80.30
80.30
80.29
80.30
80.31
80.32
80.33
80.30
80.30
80.30
80.31
80.31
80.31
80.29
80.28
80.29
80.29
80.29
80.28
80.29
80.28
80.28
80.27
80.26
80.26
80.27
80.26
80.25
80.25
80.25
80.25
80.25
80.26
80.25
80.26
80.26
80.25
80.25
80.26
80.26
80.26
80.27
80.27
80.28
80.28
80.29
80.29
80.29
80.29
80.28
80.28
80.28
80.28
80.29
80.30
80.29
80.30
80.29
80.29
80.30
80.30
80.31
80.32
80.33
80.32
80.32
80.32
80.32
80.32
80.33
80.34
80.33
80.32
80.32
80.32
80.30
80.31
80.31
80.32
80.32
80.25
