84.38
82.03
82.29
82.81
83.12
81.77
81.92
82.23
81.42
81.09
80.40
79.56
78.37
78.01
78.12
77.93
77.76
78.04
78.21
78.28
78.05
77.91
78.12
78.32
78.12
78.31
78.24
78.52
78.56
78.91
78.68
78.56
78.74
78.86
78.84
78.91
78.84
79.07
79.09
79.10
78.96
78.94
79.03
79.05
79.17
79.18
79.26
79.17
79.27
79.31
79.41
79.45
79.54
79.57
79.63
79.63
79.63
79.66
79.58
79.71
79.64
79.64
79.69
79.64
79.69
79.62
79.59
79.69
79.85
79.78
79.89
79.93
79.90
79.94
80.04
80.06
80.17
80.15
80.12
80.08
80.05
80.07
80.01
79.97
80.04
80.07
80.06
80.10
80.06
80.12
80.13
80.13
80.04
80.15
80.23
80.27
80.30
80.29
80.24
80.27
80.31
80.33
80.32
80.21
80.22
80.29
80.29
80.16
80.22
80.18
80.24
80.25
80.25
80.26
80.27
80.28
80.22
80.23
80.28
80.27
80.31
80.33
80.25
80.23
80.20
80.07
80.06
80.02
80.00
79.90
79.90
79.91
79.91
79.91
79.90
79.87
79.87
79.87
79.86
79.82
79.84
79.83
79.79
79.79
79.72
79.73
79.71
79.68
79.71
79.77
79.79
79.80
79.78
79.79
79.82
79.84
79.84
79.83
79.79
79.79
79.80
79.77
79.75
79.76
79.77
79.74
79.69
79.68
79.70
79.72
79.73
79.71
79.71
79.70
79.71
79.72
79.72
79.71
79.73
79.78
79.80
79.85
79.90
79.93
79.91
79.86
79.86
79.90
79.94
79.93
79.92
79.98
79.98
79.99
80.00
80.01
80.01
80.01
80.00
80.00
79.99
80.03
79.97
79.97
79.97
79.93
79.96
79.97
79.95
79.91
79.90
79.87
79.86
79.86
79.87
79.88
79.87
79.92
79.93
79.93
79.93
79.92
79.90
79.90
79.91
79.94
79.93
79.92
79.91
79.93
79.95
79.89
79.90
79.87
79.87
79.92
79.90
79.88
79.88
79.88
79.84
79.82
79.85
79.85
79.87
79.89
79.89
79.86
79.86
79.88
79.90
79.89
79.88
79.89
79.88
79.87
79.91
79.88
79.86
79.88
79.90
79.88
79.92
79.94
79.94
79.94
79.95
79.97
79.97
79.95
79.95
79.96
79.98
79.96
79.96
79.96
79.96
79.96
79.97
79.96
79.96
79.97
79.91
79.92
79.93
79.90
79.92
79.92
79.89
79.89
79.89
79.86
79.85
79.86
79.86
79.86
79.85
79.85
79.84
79.86
79.88
79.89
79.88
79.86
79.85
79.87
79.88
79.90
79.88
79.87
79.85
79.84
79.84
79.83
79.84
79.82
79.84
79.85
79.85
79.84
79.84
79.84
79.84
79.83
79.83
79.84
79.83
79.84
79.84
79.87
79.86
79.86
79.83
79.85
79.84
79.84
79.85
79.85
79.84
79.83
79.83
79.80
79.80
79.83
79.84
79.82
79.82
79.84
79.84
79.82
79.83
79.86
79.87
79.87
79.88
79.89
79.91
79.90
79.93
79.92
79.90
79.92
79.93
79.94
79.92
79.93
79.90
79.91
79.90
79.89
79.89
79.90
79.91
79.91
79.90
79.90
79.89
79.91
79.90
79.91
79.92
79.92
79.91
79.92
79.90
79.91
79.90
79.88
79.88
79.91
79.91
79.88
79.88
79.89
79.90
79.90
79.90
79.91
79.91
79.91
79.89
79.89
79.89
79.90
79.89
79.90
79.91
79.92
79.91
79.92
79.92
79.92
79.91
79.90
79.89
79.89
79.91
79.92
79.91
79.90
79.90
79.91
79.92
79.91
79.89
79.89
79.89
79.90
79.89
79.88
79.88
79.89
79.90
79.90
79.89
79.87
79.87
79.88
79.87
79.89
79.91
79.91
79.91
79.90
79.88
79.87
79.89
79.89
79.89
79.88
79.87
79.88
79.88
79.89
79.87
79.88
79.88
79.88
79.87
79.89
79.90
79.87
79.88
79.87
79.88
79.87
79.85
79.87
79.86
79.85
79.84
79.83
79.84
79.84
79.85
79.85
79.84
79.84
79.82
79.83
79.84
79.83
79.84
79.84
79.85
79.84
79.84
79.82
79.82
79.83
79.83
79.83
79.82
79.81
79.81
79.83
79.83
79.83
79.85
79.84
79.85
79.86
79.86
79.86
79.87
79.86
79.87
79.88
79.90
79.91
79.91
79.91
79.89
79.89
79.89
79.90
79.89
79.88
79.88
79.87
79.88
79.88
79.90
79.91
79.92
79.92
79.92
79.92
79.91
79.92
79.92
79.91
79.91
79.91
79.90
79.90
79.91
79.93
79.94
79.95
79.94
79.95
79.96
79.95
79.95
79.95
79.96
79.96
79.96
79.95
79.93
79.93
79.92
79.94
79.93
79.92
79.94
79.94
79.93
79.94
79.94
79.94
79.92
79.94
79.95
79.95
79.95
79.95
79.94
79.94
79.93
79.91
79.91
79.92
79.92
79.93
79.94
79.94
79.94
79.95
79.96
79.96
79.97
79.97
79.97
79.97
79.97
79.97
79.97
79.96
79.97
79.98
79.97
79.97
79.97
79.97
79.97
79.96
79.96
79.96
79.97
79.97
79.98
79.96
79.97
79.98
79.98
79.98
79.98
79.98
79.99
79.98
79.98
79.99
79.98
79.99
79.99
79.98
79.97
79.98
79.98
79.98
79.98
79.98
79.98
79.97
79.98
79.98
79.98
79.99
79.99
80.00
80.00
80.01
80.00
80.00
80.01
80.01
80.02
80.01
80.01
80.00
79.99
79.99
79.98
79.98
79.97
79.97
79.97
79.98
79.99
79.99
79.99
79.98
79.99
79.98
79.98
79.98
79.98
79.99
80.00
79.99
80.00
80.00
80.00
80.00
79.99
79.99
80.00
80.00
79.99
79.99
79.99
79.98
79.98
79.99
79.99
79.98
79.99
79.97
79.97
79.98
79.99
79.99
80.00
80.01
80.00
79.99
80.00
79.99
79.98
79.97
79.99
79.98
79.98
79.97
79.97
79.98
79.99
80.00
80.01
80.02
80.03
80.03
80.03
80.02
80.02
80.03
80.03
80.02
80.03
80.03
80.04
80.03
80.04
80.03
80.04
80.04
80.05
80.05
80.05
80.06
80.05
80.05
80.06
80.06
80.06
80.06
80.06
80.06
80.06
80.07
80.06
80.05
80.05
80.04
80.05
80.05
80.05
80.04
80.05
80.05
80.04
80.05
80.04
80.05
80.06
80.06
80.05
80.05
80.05
80.06
80.06
80.06
80.05
80.05
80.06
80.07
80.08
80.08
80.09
80.08
80.07
80.07
80.07
80.06
80.06
80.06
80.06
80.06
80.06
80.06
80.07
80.06
80.06
80.06
80.06
80.07
80.07
80.07
80.07
79.99
