81.25
80.47
80.21
80.86
80.31
80.73
79.46
79.10
78.65
79.38
79.69
79.17
79.33
79.69
78.96
79.59
79.60
79.51
79.52
79.14
78.87
78.84
79.01
79.10
79.12
79.15
79.40
79.30
79.63
79.84
79.74
79.64
79.83
79.60
79.42
79.43
79.48
79.48
79.33
79.06
78.96
78.98
79.11
79.15
79.13
79.38
79.49
79.52
79.66
79.59
79.41
79.48
79.39
79.37
79.46
79.35
79.44
79.50
79.50
79.58
79.61
79.59
79.51
79.49
79.54
79.57
79.59
79.64
79.69
79.75
79.80
79.77
79.67
79.67
79.60
79.71
79.67
79.73
79.71
79.51
79.53
79.52
79.63
79.45
79.43
79.41
79.44
79.33
79.39
79.27
79.19
79.14
79.12
79.22
79.28
79.33
79.37
79.30
79.25
79.30
79.35
79.37
79.37
79.31
79.33
79.27
79.29
79.33
79.34
79.39
79.46
79.49
79.42
79.44
79.43
79.46
79.49
79.57
79.54
79.57
79.58
79.52
79.43
79.40
79.36
79.39
79.34
79.27
79.25
79.22
79.26
79.29
79.34
79.21
79.26
79.26
79.23
79.22
79.26
79.30
79.29
79.28
79.29
79.21
79.19
79.21
79.24
79.19
79.22
79.24
79.26
79.27
79.24
79.24
79.27
79.28
79.28
79.30
79.26
79.24
79.26
79.27
79.31
79.28
79.30
79.32
79.37
79.36
79.35
79.34
79.31
79.36
79.40
79.36
79.34
79.33
79.33
79.34
79.33
79.30
79.30
79.26
79.24
79.26
79.21
79.27
79.24
79.24
79.24
79.25
79.28
79.22
79.20
79.16
79.21
79.26
79.31
79.35
79.37
79.37
79.38
79.37
79.35
79.27
79.27
79.21
79.16
79.18
79.21
79.22
79.24
79.23
79.23
79.22
79.18
79.16
79.17
79.16
79.15
79.16
79.17
79.15
79.13
79.12
79.13
79.13
79.14
79.10
79.06
79.06
79.04
79.04
79.06
79.01
79.04
79.01
79.02
78.99
78.99
79.02
79.01
79.02
79.02
79.02
78.99
79.00
78.97
78.96
78.95
78.96
78.97
78.97
78.95
78.94
78.96
78.92
78.88
78.90
78.92
78.89
78.91
78.90
78.89
78.88
78.87
78.89
78.88
78.88
78.87
78.89
78.87
78.87
78.87
78.85
78.85
78.82
78.83
78.80
78.82
78.82
78.81
78.81
78.79
78.78
78.80
78.79
78.81
78.81
78.77
78.77
78.78
78.82
78.82
78.84
78.84
78.82
78.81
78.81
78.83
78.83
78.83
78.81
78.79
78.78
78.77
78.75
78.73
78.70
78.72
78.69
78.69
78.69
78.69
78.66
78.65
78.65
78.64
78.64
78.62
78.63
78.62
78.62
78.63
78.65
78.64
78.65
78.66
78.68
78.66
78.66
78.65
78.64
78.61
78.63
78.64
78.67
78.68
78.70
78.70
78.70
78.71
78.70
78.71
78.72
78.72
78.72
78.70
78.68
78.70
78.70
78.69
78.70
78.70
78.65
78.67
78.66
78.65
78.66
78.66
78.65
78.64
78.65
78.63
78.63
78.63
78.63
78.62
78.63
78.65
78.64
78.65
78.67
78.67
78.64
78.65
78.65
78.68
78.68
78.71
78.70
78.68
78.69
78.69
78.68
78.67
78.67
78.67
78.64
78.66
78.66
78.65
78.64
78.66
78.67
78.66
78.66
78.64
78.64
78.63
78.64
78.63
78.65
78.65
78.64
78.65
78.66
78.64
78.63
78.65
78.66
78.68
78.67
78.68
78.69
78.66
78.67
78.67
78.67
78.68
78.67
78.67
78.67
78.68
78.68
78.68
78.70
78.70
78.67
78.69
78.69
78.68
78.67
78.66
78.64
78.64
78.63
78.63
78.61
78.60
78.59
78.60
78.61
78.61
78.61
78.59
78.57
78.59
78.61
78.59
78.60
78.59
78.57
78.57
78.57
78.56
78.54
78.54
78.53
78.53
78.54
78.53
78.54
78.53
78.54
78.55
78.55
78.54
78.53
78.54
78.54
78.56
78.57
78.56
78.58
78.60
78.60
78.59
78.61
78.59
78.58
78.58
78.57
78.56
78.55
78.56
78.57
78.57
78.57
78.56
78.55
78.53
78.52
78.52
78.52
78.53
78.53
78.55
78.56
78.56
78.56
78.54
78.55
78.54
78.53
78.51
78.51
78.52
78.51
78.51
78.52
78.50
78.49
78.48
78.49
78.51
78.52
78.50
78.51
78.50
78.52
78.50
78.49
78.49
78.50
78.50
78.51
78.50
78.50
78.51
78.49
78.50
78.49
78.49
78.49
78.48
78.49
78.48
78.49
78.48
78.48
78.49
78.48
78.47
78.47
78.47
78.46
78.46
78.47
78.46
78.46
78.45
78.44
78.45
78.46
78.47
78.46
78.45
78.44
78.46
78.44
78.45
78.45
78.46
78.47
78.46
78.47
78.46
78.46
78.44
78.44
78.46
78.46
78.47
78.47
78.47
78.46
78.47
78.47
78.49
78.49
78.49
78.50
78.50
78.51
78.49
78.49
78.50
78.50
78.51
78.51
78.52
78.50
78.51
78.51
78.52
78.53
78.53
78.53
78.52
78.53
78.51
78.52
78.52
78.53
78.52
78.52
78.52
78.54
78.54
78.54
78.55
78.55
78.55
78.56
78.57
78.56
78.57
78.55
78.55
78.56
78.57
78.56
78.54
78.55
78.55
78.56
78.57
78.57
78.57
78.56
78.57
78.58
78.59
78.58
78.60
78.58
78.59
78.59
78.59
78.59
78.58
78.57
78.57
78.57
78.58
78.57
78.57
78.57
78.56
78.56
78.56
78.56
78.54
78.54
78.54
78.54
78.54
78.52
78.51
78.52
78.52
78.52
78.52
78.52
78.52
78.52
78.52
78.52
78.53
78.53
78.53
78.53
78.53
78.53
78.54
78.54
78.52
78.53
78.51
78.52
78.52
78.52
78.52
78.51
78.51
78.51
78.52
78.53
78.54
78.55
78.53
78.54
78.55
78.55
78.55
78.54
78.54
78.54
78.54
78.53
78.53
78.54
78.53
78.53
78.53
78.54
78.54
78.55
78.55
78.56
78.56
78.56
78.56
78.56
78.57
78.57
78.58
78.58
78.59
78.60
78.60
78.59
78.59
78.58
78.59
78.56
78.55
78.56
78.57
78.57
78.58
78.59
78.58
78.57
78.58
78.58
78.59
78.60
78.60
78.60
78.60
78.59
78.59
78.59
78.60
78.60
78.61
78.61
78.60
78.60
78.60
78.59
78.59
78.59
78.58
78.58
78.58
78.58
78.58
78.57
78.57
78.57
78.58
78.59
78.60
78.60
78.59
78.58
78.57
78.58
78.57
78.58
78.59
78.59
78.58
78.58
78.58
78.58
78.58
78.58
78.58
78.51
