73.44
79.69
78.65
79.30
79.69
79.69
79.02
78.12
78.12
78.44
78.55
78.65
78.73
79.46
79.90
79.79
79.78
80.12
80.02
80.47
80.51
80.40
79.96
79.75
79.75
79.93
79.98
79.58
79.36
79.22
79.13
79.10
79.07
79.14
79.29
79.25
79.14
79.24
79.45
79.57
79.50
79.69
79.65
79.62
79.58
79.48
79.59
79.82
79.85
79.59
79.56
79.66
79.75
79.69
79.72
79.77
79.85
79.82
79.85
79.79
79.84
79.89
79.84
79.74
79.54
79.47
79.50
79.55
79.57
79.69
79.78
79.82
79.79
79.77
79.79
79.69
79.79
79.81
79.73
79.82
79.92
79.95
79.97
79.99
80.00
80.00
79.90
79.85
79.85
79.93
79.89
79.91
79.92
79.94
79.88
79.88
79.86
79.85
79.81
79.81
79.78
79.75
79.63
79.67
79.63
79.61
79.63
79.64
79.64
79.63
79.59
79.51
79.52
79.54
79.51
79.49
79.53
79.54
79.62
79.67
79.69
79.66
79.64
79.62
79.65
79.64
79.66
79.71
79.71
79.77
79.77
79.82
79.82
79.87
79.90
79.89
79.96
79.97
79.93
79.91
79.94
80.00
79.95
79.93
79.90
79.92
79.91
80.01
80.01
80.05
80.08
80.06
80.03
80.08
80.06
80.06
80.07
80.08
80.02
80.07
80.10
80.08
80.09
80.13
80.09
80.11
80.16
80.17
80.20
80.24
80.24
80.23
80.22
80.21
80.24
80.19
80.20
80.22
80.26
80.29
80.27
80.19
80.15
80.14
80.14
80.12
80.12
80.15
80.14
80.16
80.21
80.22
80.21
80.15
80.17
80.15
80.17
80.15
80.11
80.09
80.11
80.11
80.10
80.13
80.11
80.12
80.10
80.07
80.07
80.07
80.05
80.09
80.09
80.08
80.07
80.06
80.05
80.03
80.03
80.03
80.04
80.05
80.08
80.12
80.10
80.12
80.14
80.15
80.11
80.12
80.13
80.10
80.03
79.99
79.97
79.98
80.00
79.98
79.99
79.99
80.01
79.99
79.98
79.99
79.98
80.02
80.02
80.03
80.01
79.99
80.00
80.00
80.01
80.00
79.99
79.97
79.97
79.97
79.93
79.90
79.93
79.92
79.93
79.91
79.91
79.92
79.93
79.93
79.93
79.95
79.96
79.96
79.95
79.93
79.93
79.94
79.94
79.97
79.98
79.96
79.98
79.99
79.98
79.95
79.96
79.97
79.97
79.93
79.91
79.89
79.91
79.92
79.93
79.93
79.95
79.95
79.98
79.97
79.96
79.97
79.99
79.99
79.97
79.96
79.99
79.98
79.97
80.01
80.02
80.02
80.03
80.04
80.06
80.07
80.06
80.05
80.05
80.06
80.07
80.08
80.06
80.06
80.06
80.06
80.07
80.07
80.07
80.04
80.02
80.02
80.01
79.98
79.99
79.99
80.00
79.97
79.97
79.98
79.98
79.96
79.96
79.97
79.98
79.99
79.99
79.99
79.98
79.99
80.01
80.04
80.03
80.02
80.01
80.01
80.00
80.00
79.99
79.98
79.97
79.95
79.93
79.91
79.90
79.88
79.89
79.90
79.90
79.90
79.91
79.92
79.93
79.94
79.96
79.98
79.98
79.98
79.97
79.98
80.00
80.00
80.00
80.00
80.00
80.01
80.01
80.02
80.03
80.01
80.00
79.98
79.99
80.00
80.00
80.00
80.01
80.02
80.03
79.99
79.97
79.97
79.96
79.97
79.96
79.96
79.96
79.93
79.93
79.92
79.92
79.91
79.92
79.92
79.91
79.91
79.91
79.90
79.92
79.91
79.91
79.93
79.93
79.93
79.94
79.95
79.96
79.97
79.98
80.00
79.98
79.97
79.94
79.94
79.94
79.95
79.97
79.97
79.96
79.95
79.97
79.96
79.96
79.96
79.96
79.95
79.95
79.93
79.95
79.96
79.93
79.93
79.92
79.93
79.93
79.92
79.92
79.93
79.92
79.92
79.92
79.89
79.89
79.90
79.91
79.91
79.90
79.90
79.91
79.91
79.92
79.91
79.92
79.93
79.94
79.95
79.95
79.94
79.96
79.95
79.93
79.90
79.88
79.89
79.88
79.88
79.88
79.88
79.87
79.86
79.88
79.88
79.88
79.87
79.88
79.88
79.86
79.87
79.88
79.88
79.88
79.88
79.88
79.89
79.88
79.89
79.90
79.88
79.88
79.88
79.88
79.88
79.86
79.86
79.86
79.86
79.86
79.87
79.86
79.86
79.87
79.86
79.87
79.89
79.89
79.89
79.90
79.91
79.92
79.93
79.94
79.93
79.95
79.96
79.94
79.95
79.94
79.96
79.96
79.96
79.96
79.97
79.95
79.96
79.94
79.95
79.94
79.92
79.93
79.91
79.90
79.90
79.89
79.89
79.88
79.87
79.88
79.88
79.87
79.87
79.87
79.87
79.86
79.87
79.87
79.89
79.89
79.89
79.88
79.88
79.88
79.87
79.88
79.88
79.88
79.89
79.89
79.89
79.90
79.90
79.89
79.88
79.88
79.87
79.87
79.89
79.90
79.91
79.91
79.91
79.91
79.91
79.92
79.92
79.91
79.91
79.91
79.92
79.92
79.91
79.91
79.92
79.92
79.93
79.94
79.95
79.94
79.94
79.92
79.92
79.93
79.93
79.94
79.94
79.93
79.94
79.95
79.96
79.95
79.96
79.95
79.95
79.96
79.96
79.96
79.95
79.95
79.95
79.95
79.94
79.93
79.93
79.92
79.93
79.94
79.93
79.91
79.91
79.92
79.93
79.92
79.91
79.92
79.92
79.93
79.94
79.94
79.94
79.93
79.92
79.91
79.89
79.89
79.90
79.88
79.88
79.87
79.88
79.88
79.87
79.86
79.85
79.86
79.86
79.85
79.84
79.84
79.84
79.83
79.84
79.85
79.85
79.85
79.84
79.84
79.84
79.84
79.85
79.84
79.83
79.82
79.83
79.83
79.83
79.82
79.81
79.82
79.81
79.80
79.79
79.79
79.77
79.78
79.78
79.77
79.77
79.77
79.77
79.76
79.77
79.77
79.77
79.77
79.77
79.77
79.77
79.76
79.77
79.77
79.77
79.77
79.78
79.77
79.78
79.76
79.74
79.76
79.76
79.76
79.74
79.75
79.75
79.76
79.76
79.76
79.77
79.77
79.76
79.77
79.76
79.76
79.76
79.76
79.75
79.75
79.75
79.75
79.74
79.74
79.74
79.75
79.75
79.73
79.72
79.72
79.72
79.71
79.70
79.70
79.71
79.70
79.70
79.71
79.71
79.72
79.73
79.73
79.72
79.72
79.73
79.73
79.73
79.73
79.74
79.75
79.76
79.76
79.77
79.77
79.76
79.75
79.73
79.72
79.72
79.72
79.72
79.73
79.72
79.72
79.73
79.72
79.71
79.70
79.63
