67.19
74.22
76.04
72.27
71.56
71.09
69.87
67.97
69.10
68.59
68.18
67.32
66.95
67.63
67.19
67.29
67.46
67.88
68.01
67.89
68.15
68.25
68.07
68.23
68.06
67.97
68.11
68.25
68.16
68.44
68.70
68.75
68.99
69.21
69.11
69.36
69.17
68.91
68.91
68.87
68.83
68.86
68.75
68.61
68.61
68.58
68.62
68.42
68.43
68.59
68.75
68.93
68.72
68.84
68.95
69.00
69.05
69.05
69.12
69.06
69.08
69.15
69.00
68.99
68.94
68.84
68.84
69.03
68.98
68.97
69.01
68.97
69.03
69.00
69.00
68.94
68.91
68.95
68.95
68.85
68.89
68.92
68.92
69.07
69.12
69.11
69.22
69.23
69.26
69.20
69.20
69.21
69.22
69.13
69.13
69.17
69.25
69.32
69.24
69.25
69.21
69.24
69.31
69.29
69.30
69.34
69.23
69.14
69.21
69.20
69.23
69.27
69.22
69.27
69.29
69.21
69.19
69.23
69.26
69.21
69.18
69.26
69.30
69.33
69.27
69.25
69.32
69.34
69.28
69.23
69.19
69.22
69.22
69.17
69.19
69.18
69.16
69.19
69.15
69.24
69.22
69.21
69.22
69.26
69.27
69.25
69.28
69.32
69.35
69.34
69.39
69.40
69.42
69.39
69.41
69.37
69.35
69.37
69.41
69.39
69.41
69.41
69.42
69.42
69.45
69.46
69.40
69.38
69.35
69.40
69.39
69.49
69.52
69.53
69.53
69.53
69.52
69.49
69.50
69.50
69.58
69.58
69.58
69.54
69.54
69.51
69.55
69.52
69.56
69.60
69.63
69.59
69.61
69.61
69.57
69.56
69.49
69.40
69.34
69.34
69.38
69.38
69.39
69.37
69.34
69.33
69.32
69.28
69.30
69.32
69.33
69.27
69.29
69.26
69.32
69.30
69.28
69.33
69.31
69.30
69.24
69.21
69.19
69.21
69.20
69.22
69.25
69.20
69.19
69.17
69.14
69.12
69.14
69.13
69.15
69.20
69.22
69.20
69.19
69.17
69.18
69.16
69.19
69.19
69.20
69.23
69.23
69.23
69.22
69.25
69.25
69.23
69.18
69.16
69.16
69.12
69.11
69.08
69.02
69.04
69.03
69.06
69.03
69.06
69.08
69.07
69.07
69.05
69.06
69.06
69.07
69.07
69.04
69.03
69.04
69.05
69.02
69.05
69.08
69.07
69.12
69.09
69.10
69.11
69.12
69.09
69.09
69.05
69.04
69.01
68.99
68.98
69.02
69.00
69.03
69.01
69.03
69.04
69.06
69.05
69.06
69.06
69.02
69.02
69.03
69.04
69.01
69.01
69.05
69.03
69.04
69.06
69.03
69.02
69.00
69.00
69.03
69.05
69.05
69.05
69.03
69.05
69.07
69.10
69.08
69.06
69.07
69.04
69.07
69.03
69.04
69.04
69.06
69.07
69.05
69.06
69.03
69.03
69.03
69.05
69.06
69.06
69.08
69.07
69.05
69.03
69.05
69.05
69.06
69.02
69.02
69.00
69.01
69.00
68.98
68.99
68.98
68.96
68.96
68.97
68.96
68.98
68.99
68.97
68.99
68.98
68.97
68.95
68.96
68.96
68.95
68.95
68.94
68.93
68.96
68.97
68.94
68.94
68.93
68.96
68.95
68.95
68.96
68.96
68.97
69.00
68.98
69.02
69.02
69.02
69.03
69.01
69.02
69.02
69.02
69.00
69.04
69.04
69.02
69.01
69.01
69.02
69.01
69.02
69.00
69.00
69.01
69.03
69.06
69.05
69.07
69.05
69.06
69.08
69.09
69.07
69.08
69.07
69.06
69.09
69.07
69.08
69.07
69.07
69.07
69.06
69.06
69.07
69.09
69.08
69.09
69.09
69.10
69.09
69.10
69.12
69.13
69.13
69.15
69.14
69.15
69.15
69.13
69.14
69.13
69.13
69.14
69.14
69.15
69.16
69.19
69.18
69.18
69.17
69.17
69.17
69.15
69.15
69.14
69.15
69.13
69.14
69.13
69.13
69.15
69.14
69.13
69.14
69.15
69.15
69.18
69.19
69.17
69.19
69.19
69.18
69.17
69.18
69.18
69.19
69.17
69.18
69.20
69.20
69.19
69.18
69.19
69.19
69.20
69.18
69.18
69.19
69.19
69.17
69.17
69.18
69.19
69.19
69.21
69.21
69.21
69.21
69.22
69.21
69.22
69.22
69.23
69.24
69.24
69.26
69.25
69.25
69.27
69.26
69.27
69.26
69.28
69.28
69.28
69.28
69.28
69.28
69.29
69.32
69.30
69.29
69.27
69.28
69.29
69.28
69.30
69.30
69.30
69.29
69.30
69.29
69.29
69.29
69.27
69.28
69.27
69.27
69.28
69.27
69.26
69.27
69.26
69.27
69.26
69.26
69.25
69.25
69.25
69.24
69.22
69.21
69.20
69.20
69.21
69.22
69.21
69.19
69.19
69.18
69.19
69.18
69.17
69.16
69.17
69.17
69.16
69.17
69.17
69.16
69.17
69.15
69.15
69.16
69.15
69.16
69.17
69.18
69.19
69.19
69.20
69.17
69.17
69.18
69.17
69.16
69.17
69.17
69.18
69.18
69.16
69.18
69.19
69.19
69.18
69.17
69.17
69.17
69.16
69.17
69.18
69.18
69.20
69.20
69.20
69.19
69.18
69.19
69.19
69.19
69.19
69.21
69.22
69.20
69.19
69.19
69.21
69.22
69.21
69.22
69.22
69.22
69.22
69.22
69.22
69.22
69.22
69.19
69.17
69.17
69.16
69.16
69.16
69.14
69.13
69.12
69.12
69.13
69.14
69.14
69.15
69.15
69.15
69.16
69.17
69.18
69.19
69.20
69.20
69.21
69.23
69.23
69.25
69.25
69.25
69.25
69.25
69.25
69.26
69.27
69.27
69.25
69.26
69.25
69.25
69.26
69.25
69.24
69.24
69.25
69.24
69.23
69.23
69.23
69.23
69.22
69.22
69.22
69.22
69.22
69.21
69.21
69.22
69.22
69.20
69.20
69.20
69.18
69.18
69.18
69.18
69.16
69.16
69.16
69.15
69.15
69.15
69.15
69.15
69.16
69.16
69.17
69.17
69.16
69.16
69.17
69.15
69.15
69.14
69.16
69.16
69.17
69.18
69.19
69.19
69.19
69.19
69.20
69.21
69.21
69.19
69.20
69.20
69.20
69.21
69.20
69.19
69.19
69.19
69.20
69.20
69.20
69.19
69.20
69.19
69.19
69.19
69.18
69.18
69.19
69.19
69.19
69.18
69.18
69.19
69.20
69.20
69.19
69.20
69.19
69.19
69.19
69.19
69.17
69.16
69.16
69.17
69.17
69.18
69.17
69.18
69.19
69.19
69.18
69.20
69.19
69.19
69.18
69.17
69.17
69.18
69.18
69.19
69.19
69.19
69.19
69.19
69.13
