75.00
77.34
79.17
78.52
78.75
78.12
78.79
78.71
78.47
78.28
78.41
78.91
79.09
79.24
78.65
78.61
78.77
78.91
79.03
78.98
79.46
79.83
79.96
79.88
79.75
79.45
79.51
79.69
79.58
79.90
79.94
80.03
79.88
80.01
80.09
79.90
79.98
79.93
80.21
80.12
80.14
80.13
80.16
80.26
80.17
80.30
80.22
80.11
80.20
80.25
80.18
79.99
79.98
79.80
79.77
79.77
79.96
79.96
79.90
79.90
79.94
80.04
80.16
80.10
80.14
80.21
80.20
80.15
80.05
80.04
80.04
80.08
80.09
80.13
80.04
79.91
79.99
80.07
80.02
80.06
80.07
80.22
80.21
80.25
80.37
80.36
80.42
80.47
80.55
80.54
80.53
80.57
80.61
80.63
80.62
80.50
80.49
80.44
80.37
80.39
80.43
80.41
80.40
80.41
80.46
80.42
80.45
80.41
80.39
80.28
80.26
80.23
80.28
80.21
80.22
80.25
80.32
80.36
80.30
80.34
80.31
80.23
80.17
80.14
80.14
80.13
80.09
80.13
80.11
80.14
80.19
80.21
80.17
80.17
80.17
80.15
80.17
80.16
80.20
80.19
80.25
80.28
80.27
80.25
80.26
80.24
80.29
80.35
80.40
80.36
80.38
80.44
80.38
80.41
80.43
80.46
80.47
80.41
80.43
80.44
80.40
80.38
80.42
80.45
80.40
80.35
80.34
80.37
80.38
80.38
80.35
80.31
80.30
80.33
80.31
80.32
80.30
80.28
80.29
80.28
80.25
80.25
80.19
80.19
80.16
80.16
80.16
80.18
80.18
80.21
80.23
80.20
80.17
80.20
80.14
80.14
80.16
80.18
80.16
80.14
80.11
80.12
80.13
80.13
80.17
80.12
80.12
80.13
80.16
80.19
80.23
80.23
80.25
80.26
80.24
80.22
80.24
80.30
80.27
80.28
80.27
80.29
80.27
80.25
80.28
80.28
80.27
80.24
80.25
80.26
80.25
80.25
80.25
80.24
80.21
80.20
80.21
80.21
80.24
80.22
80.23
80.20
80.23
80.24
80.22
80.20
80.19
80.21
80.20
80.22
80.25
80.25
80.27
80.28
80.28
80.30
80.32
80.31
80.33
80.32
80.28
80.24
80.23
80.21
80.24
80.22
80.22
80.22
80.23
80.25
80.24
80.27
80.27
80.25
80.25
80.24
80.20
80.18
80.15
80.15
80.15
80.16
80.16
80.13
80.12
80.09
80.08
80.07
80.10
80.10
80.07
80.08
80.06
80.05
80.04
80.00
79.99
80.01
80.00
79.98
79.98
80.00
80.00
80.02
80.02
80.00
80.03
80.03
80.03
80.02
80.01
80.03
80.04
80.06
80.06
80.07
80.06
80.07
80.03
80.03
80.02
80.03
80.03
80.04
80.02
80.02
80.02
80.02
80.03
80.03
80.06
80.08
80.07
80.04
80.02
80.01
79.99
79.99
80.01
80.02
80.03
80.03
80.05
80.03
80.03
80.02
80.04
80.04
80.04
80.05
80.07
80.03
80.04
80.04
80.03
80.03
80.03
80.03
80.03
80.02
80.01
80.01
80.01
80.00
80.01
80.00
80.01
80.01
80.01
80.03
80.04
80.02
80.01
80.03
80.01
80.00
80.01
79.99
79.99
79.99
79.99
80.01
80.00
80.01
80.03
80.03
80.03
80.03
80.02
80.02
80.02
80.05
80.04
80.03
80.03
80.05
80.05
80.05
80.06
80.05
80.05
80.06
80.06
80.04
80.05
80.04
80.06
80.03
80.05
80.05
80.04
80.04
80.05
80.06
80.06
80.08
80.08
80.09
80.10
80.09
80.10
80.10
80.10
80.09
80.10
80.10
80.10
80.08
80.06
80.08
80.06
80.06
80.08
80.08
80.09
80.10
80.10
80.11
80.13
80.13
80.13
80.14
80.14
80.14
80.14
80.14
80.15
80.15
80.14
80.14
80.14
80.15
80.14
80.15
80.14
80.14
80.13
80.13
80.13
80.15
80.13
80.14
80.14
80.16
80.15
80.15
80.17
80.18
80.18
80.20
80.20
80.19
80.18
80.19
80.18
80.20
80.21
80.21
80.21
80.22
80.22
80.22
80.23
80.24
80.25
80.25
80.24
80.25
80.25
80.27
80.27
80.28
80.27
80.27
80.27
80.29
80.28
80.29
80.29
80.28
80.28
80.27
80.25
80.24
80.24
80.25
80.24
80.25
80.24
80.25
80.23
80.23
80.24
80.25
80.25
80.26
80.26
80.28
80.27
80.28
80.26
80.26
80.25
80.25
80.25
80.25
80.27
80.26
80.26
80.27
80.27
80.26
80.27
80.27
80.26
80.25
80.25
80.26
80.26
80.24
80.23
80.23
80.21
80.21
80.22
80.22
80.22
80.22
80.22
80.22
80.21
80.21
80.20
80.21
80.20
80.18
80.18
80.19
80.19
80.19
80.19
80.19
80.19
80.18
80.17
80.17
80.17
80.17
80.17
80.17
80.18
80.18
80.18
80.19
80.21
80.21
80.22
80.22
80.23
80.24
80.23
80.22
80.21
80.21
80.21
80.22
80.21
80.19
80.19
80.18
80.18
80.17
80.18
80.19
80.19
80.20
80.19
80.19
80.20
80.19
80.18
80.18
80.19
80.19
80.18
80.19
80.18
80.18
80.18
80.18
80.19
80.19
80.19
80.19
80.19
80.18
80.18
80.19
80.19
80.19
80.19
80.19
80.20
80.20
80.20
80.19
80.19
80.18
80.18
80.18
80.18
80.17
80.18
80.18
80.18
80.19
80.19
80.19
80.18
80.17
80.17
80.17
80.17
80.18
80.19
80.17
80.17
80.18
80.19
80.19
80.20
80.21
80.22
80.22
80.22
80.22
80.22
80.20
80.21
80.21
80.19
80.20
80.20
80.20
80.19
80.20
80.19
80.18
80.18
80.18
80.18
80.18
80.17
80.18
80.17
80.17
80.15
80.15
80.14
80.15
80.16
80.16
80.16
80.16
80.16
80.15
80.15
80.15
80.15
80.15
80.14
80.13
80.14
80.15
80.16
80.16
80.16
80.17
80.16
80.15
80.15
80.14
80.15
80.15
80.16
80.16
80.16
80.16
80.17
80.17
80.18
80.19
80.18
80.18
80.17
80.17
80.18
80.19
80.20
80.20
80.21
80.20
80.20
80.20
80.19
80.18
80.18
80.18
80.18
80.18
80.19
80.19
80.21
80.21
80.22
80.22
80.22
80.22
80.23
80.23
80.22
80.23
80.24
80.24
80.24
80.24
80.24
80.24
80.24
80.24
80.22
80.22
80.23
80.24
80.24
80.24
80.23
80.22
80.22
80.22
80.22
80.21
80.22
80.21
80.22
80.21
80.21
80.21
80.21
80.21
80.21
80.22
80.22
80.22
80.23
80.23
80.23
80.22
80.23
80.24
80.24
80.17
