53.12
48.44
49.48
50.00
48.75
47.66
45.76
46.29
45.66
45.47
45.88
44.66
44.95
45.09
44.58
44.63
44.39
44.44
44.33
44.45
44.79
44.39
44.43
44.34
44.50
44.41
44.33
44.48
44.72
44.84
45.31
44.97
44.98
45.08
44.87
44.79
44.55
44.53
44.59
44.80
45.01
44.90
44.88
44.85
44.97
45.04
44.71
44.56
44.58
44.38
44.49
44.23
44.19
44.04
44.15
44.14
44.13
44.21
44.28
44.24
44.26
44.48
44.62
44.58
44.57
44.46
44.47
44.35
44.50
44.64
44.48
44.53
44.39
44.40
44.40
44.43
44.54
44.63
44.64
44.55
44.56
44.61
44.73
44.70
44.80
44.84
44.83
44.80
44.91
44.91
44.88
44.82
44.89
44.86
44.80
44.76
44.75
44.74
44.70
44.66
44.65
44.55
44.51
44.58
44.63
44.66
44.70
44.68
44.68
44.72
44.61
44.63
44.59
44.57
44.55
44.56
44.50
44.44
44.39
44.34
44.31
44.28
44.28
44.25
44.30
44.31
44.35
44.32
44.32
44.25
44.31
44.29
44.36
44.38
44.41
44.49
44.49
44.52
44.50
44.46
44.47
44.40
44.37
44.34
44.34
44.45
44.45
44.50
44.47
44.52
44.47
44.51
44.59
44.59
44.55
44.57
44.58
44.56
44.60
44.56
44.60
44.60
44.59
44.62
44.64
44.58
44.67
44.67
44.68
44.71
44.68
44.64
44.61
44.63
44.62
44.55
44.52
44.47
44.47
44.53
44.52
44.51
44.52
44.52
44.54
44.55
44.59
44.66
44.67
44.64
44.63
44.64
44.63
44.64
44.66
44.67
44.66
44.63
44.61
44.59
44.60
44.61
44.63
44.62
44.58
44.61
44.63
44.63
44.65
44.67
44.64
44.62
44.61
44.60
44.60
44.59
44.63
44.62
44.61
44.63
44.58
44.62
44.65
44.64
44.67
44.67
44.66
44.62
44.64
44.65
44.64
44.61
44.61
44.64
44.61
44.66
44.67
44.66
44.68
44.69
44.72
44.71
44.71
44.70
44.71
44.75
44.77
44.76
44.75
44.72
44.70
44.69
44.67
44.69
44.72
44.73
44.73
44.77
44.79
44.76
44.83
44.84
44.84
44.81
44.79
44.75
44.77
44.75
44.73
44.72
44.71
44.75
44.75
44.73
44.70
44.72
44.75
44.77
44.78
44.80
44.83
44.84
44.87
44.84
44.87
44.90
44.88
44.91
44.90
44.89
44.90
44.92
44.94
44.92
44.90
44.90
44.93
44.92
44.93
44.91
44.96
44.93
44.96
44.96
45.00
45.01
44.99
44.95
44.99
44.98
44.99
44.96
44.91
44.87
44.86
44.89
44.91
44.91
44.91
44.94
44.92
44.93
44.95
44.94
44.93
44.93
44.91
44.89
44.92
44.89
44.91
44.89
44.90
44.90
44.93
44.92
44.93
44.93
44.93
44.95
44.95
44.93
44.96
44.98
44.98
44.96
44.95
44.94
44.91
44.91
44.89
44.86
44.83
44.81
44.80
44.78
44.79
44.77
44.77
44.76
44.74
44.75
44.75
44.74
44.73
44.71
44.72
44.71
44.74
44.75
44.74
44.76
44.76
44.76
44.77
44.75
44.73
44.74
44.74
44.77
44.78
44.76
44.76
44.75
44.74
44.75
44.74
44.71
44.69
44.67
44.67
44.63
44.65
44.64
44.63
44.63
44.64
44.64
44.65
44.67
44.68
44.68
44.68
44.67
44.65
44.66
44.63
44.61
44.59
44.60
44.60
44.60
44.59
44.60
44.62
44.63
44.62
44.61
44.60
44.58
44.57
44.59
44.58
44.60
44.60
44.58
44.59
44.59
44.59
44.57
44.60
44.59
44.58
44.58
44.60
44.60
44.59
44.61
44.60
44.59
44.63
44.63
44.60
44.61
44.61
44.62
44.60
44.60
44.62
44.66
44.65
44.63
44.65
44.67
44.68
44.68
44.68
44.70
44.68
44.66
44.64
44.64
44.65
44.63
44.64
44.66
44.66
44.65
44.66
44.65
44.67
44.68
44.68
44.69
44.69
44.72
44.71
44.71
44.72
44.74
44.71
44.71
44.73
44.72
44.73
44.73
44.73
44.72
44.70
44.73
44.74
44.75
44.73
44.75
44.73
44.73
44.73
44.74
44.74
44.74
44.74
44.74
44.75
44.76
44.79
44.79
44.78
44.77
44.76
44.75
44.74
44.74
44.74
44.73
44.73
44.73
44.76
44.77
44.76
44.76
44.76
44.78
44.76
44.74
44.74
44.74
44.77
44.79
44.79
44.81
44.80
44.80
44.81
44.82
44.81
44.81
44.82
44.80
44.82
44.81
44.78
44.76
44.75
44.76
44.76
44.75
44.75
44.75
44.74
44.75
44.73
44.75
44.74
44.75
44.73
44.74
44.71
44.72
44.72
44.70
44.70
44.71
44.73
44.72
44.72
44.71
44.70
44.69
44.68
44.67
44.66
44.65
44.64
44.63
44.63
44.65
44.65
44.65
44.67
44.65
44.67
44.65
44.66
44.67
44.68
44.68
44.67
44.68
44.68
44.69
44.70
44.71
44.72
44.72
44.73
44.72
44.72
44.71
44.70
44.71
44.72
44.71
44.71
44.71
44.72
44.71
44.72
44.73
44.73
44.74
44.74
44.73
44.73
44.72
44.72
44.72
44.72
44.72
44.72
44.73
44.73
44.75
44.76
44.76
44.79
44.80
44.77
44.76
44.76
44.77
44.75
44.76
44.76
44.77
44.76
44.77
44.76
44.74
44.75
44.73
44.73
44.71
44.73
44.73
44.73
44.73
44.73
44.74
44.74
44.75
44.74
44.75
44.75
44.73
44.73
44.75
44.74
44.74
44.75
44.75
44.73
44.73
44.74
44.73
44.73
44.75
44.75
44.75
44.75
44.75
44.75
44.74
44.75
44.73
44.74
44.73
44.73
44.74
44.75
44.76
44.78
44.77
44.77
44.76
44.77
44.79
44.79
44.79
44.79
44.80
44.82
44.82
44.81
44.81
44.80
44.80
44.80
44.80
44.80
44.79
44.79
44.78
44.79
44.79
44.79
44.79
44.78
44.78
44.78
44.79
44.80
44.80
44.80
44.79
44.77
44.77
44.77
44.77
44.76
44.77
44.77
44.76
44.75
44.76
44.77
44.77
44.77
44.79
44.79
44.80
44.79
44.79
44.80
44.79
44.80
44.78
44.78
44.80
44.82
44.81
44.81
44.80
44.80
44.81
44.80
44.80
44.80
44.81
44.80
44.82
44.83
44.84
44.85
44.85
44.86
44.84
44.84
44.84
44.84
44.84
44.83
44.82
44.81
44.82
44.81
44.80
44.81
44.80
44.81
44.80
44.80
44.79
44.79
44.77
44.78
44.78
44.79
44.78
44.80
44.79
44.80
44.76
