75.00
76.56
78.12
76.95
79.69
79.69
78.79
77.93
78.82
79.06
78.84
78.91
79.21
79.58
79.58
79.98
80.33
80.38
80.26
80.47
80.73
80.89
80.71
80.73
80.62
80.83
80.96
81.31
81.25
80.99
80.90
80.66
80.54
80.42
80.27
80.43
80.45
80.72
80.97
80.74
80.79
80.84
80.78
80.82
80.76
80.77
80.75
80.70
80.45
80.50
80.48
80.59
80.60
80.50
80.45
80.58
80.65
80.71
80.72
80.83
80.76
80.77
80.93
80.86
80.87
80.82
80.81
80.77
80.73
80.74
80.70
80.62
80.67
80.68
80.62
80.51
80.42
80.37
80.36
80.18
80.23
80.24
80.12
80.12
80.15
80.07
79.99
80.01
79.95
79.90
79.95
79.89
79.94
80.04
80.05
80.06
80.12
80.09
80.07
80.08
80.07
80.10
80.11
80.15
80.13
80.13
80.11
80.15
80.20
80.20
80.18
80.19
80.19
80.15
80.15
80.20
80.17
80.16
80.17
80.13
80.11
80.16
80.22
80.18
80.15
80.18
80.23
80.29
80.31
80.28
80.33
80.35
80.32
80.31
80.27
80.26
80.23
80.20
80.22
80.19
80.23
80.26
80.28
80.32
80.24
80.20
80.22
80.23
80.18
80.17
80.22
80.19
80.20
80.18
80.21
80.26
80.24
80.20
80.20
80.21
80.21
80.19
80.15
80.21
80.22
80.26
80.25
80.26
80.23
80.23
80.21
80.21
80.17
80.16
80.19
80.21
80.24
80.24
80.20
80.18
80.15
80.20
80.24
80.25
80.22
80.23
80.26
80.20
80.23
80.25
80.24
80.18
80.21
80.17
80.17
80.21
80.18
80.18
80.14
80.16
80.17
80.17
80.16
80.16
80.16
80.17
80.16
80.15
80.17
80.16
80.16
80.19
80.20
80.17
80.18
80.18
80.18
80.15
80.17
80.13
80.15
80.18
80.20
80.20
80.22
80.19
80.22
80.25
80.25
80.27
80.26
80.27
80.30
80.28
80.29
80.30
80.33
80.33
80.30
80.31
80.29
80.28
80.28
80.29
80.29
80.28
80.31
80.32
80.30
80.28
80.29
80.30
80.32
80.36
80.36
80.37
80.36
80.34
80.35
80.34
80.35
80.34
80.34
80.36
80.34
80.36
80.33
80.35
80.36
80.38
80.37
80.35
80.34
80.37
80.39
80.41
80.40
80.41
80.42
80.40
80.42
80.40
80.39
80.42
80.40
80.45
80.46
80.49
80.50
80.51
80.51
80.51
80.54
80.54
80.52
80.55
80.55
80.53
80.54
80.53
80.50
80.49
80.48
80.47
80.48
80.49
80.51
80.49
80.48
80.47
80.45
80.46
80.45
80.46
80.45
80.47
80.49
80.48
80.46
80.47
80.46
80.45
80.45
80.44
80.45
80.44
80.45
80.46
80.44
80.45
80.47
80.48
80.46
80.45
80.44
80.44
80.47
80.48
80.48
80.49
80.49
80.50
80.48
80.50
80.52
80.49
80.49
80.46
80.45
80.43
80.41
80.43
80.44
80.44
80.42
80.42
80.41
80.43
80.43
80.44
80.44
80.43
80.42
80.39
80.41
80.42
80.41
80.43
80.42
80.43
80.41
80.41
80.42
80.40
80.38
80.38
80.39
80.36
80.36
80.35
80.36
80.37
80.36
80.36
80.36
80.38
80.36
80.34
80.35
80.36
80.37
80.38
80.38
80.39
80.39
80.41
80.40
80.41
80.42
80.43
80.43
80.43
80.42
80.44
80.44
80.45
80.47
80.47
80.45
80.44
80.42
80.42
80.39
80.39
80.39
80.38
80.38
80.39
80.40
80.40
80.41
80.41
80.41
80.42
80.43
80.43
80.45
80.45
80.45
80.44
80.46
80.43
80.44
80.44
80.44
80.43
80.43
80.44
80.43
80.43
80.43
80.43
80.42
80.41
80.40
80.40
80.39
80.40
80.40
80.41
80.40
80.41
80.41
80.39
80.39
80.39
80.39
80.39
80.40
80.37
80.36
80.37
80.35
80.35
80.35
80.36
80.38
80.39
80.39
80.38
80.38
80.40
80.40
80.40
80.39
80.38
80.38
80.37
80.37
80.35
80.34
80.34
80.35
80.36
80.37
80.38
80.37
80.39
80.38
80.38
80.38
80.39
80.38
80.39
80.38
80.39
80.38
80.35
80.34
80.33
80.33
80.33
80.32
80.33
80.32
80.33
80.30
80.30
80.30
80.30
80.30
80.28
80.26
80.27
80.28
80.29
80.29
80.29
80.30
80.30
80.29
80.30
80.32
80.33
80.32
80.31
80.29
80.31
80.31
80.31
80.31
80.30
80.31
80.29
80.27
80.26
80.28
80.26
80.26
80.27
80.27
80.28
80.29
80.30
80.31
80.32
80.32
80.32
80.30
80.30
80.29
80.28
80.28
80.28
80.28
80.28
80.29
80.28
80.29
80.28
80.28
80.30
80.30
80.29
80.30
80.28
80.29
80.30
80.29
80.28
80.28
80.27
80.27
80.26
80.25
80.25
80.24
80.23
80.24
80.25
80.26
80.26
80.28
80.28
80.28
80.27
80.28
80.28
80.29
80.29
80.28
80.29
80.29
80.28
80.27
80.27
80.26
80.25
80.25
80.25
80.24
80.24
80.25
80.24
80.23
80.22
80.22
80.21
80.20
80.20
80.20
80.19
80.18
80.17
80.17
80.16
80.16
80.16
80.16
80.16
80.17
80.17
80.18
80.18
80.18
80.18
80.18
80.17
80.18
80.17
80.17
80.17
80.18
80.18
80.19
80.19
80.18
80.18
80.19
80.20
80.18
80.19
80.19
80.18
80.17
80.17
80.18
80.18
80.19
80.19
80.18
80.18
80.19
80.20
80.21
80.20
80.21
80.21
80.20
80.19
80.20
80.21
80.22
80.23
80.23
80.25
80.25
80.24
80.24
80.22
80.21
80.22
80.24
80.24
80.23
80.23
80.23
80.23
80.23
80.24
80.25
80.25
80.25
80.24
80.24
80.23
80.22
80.23
80.23
80.22
80.23
80.23
80.23
80.23
80.23
80.24
80.25
80.26
80.25
80.24
80.24
80.24
80.25
80.23
80.24
80.24
80.24
80.24
80.25
80.26
80.26
80.28
80.28
80.28
80.27
80.28
80.29
80.29
80.28
80.29
80.29
80.29
80.29
80.30
80.30
80.30
80.30
80.29
80.29
80.30
80.29
80.29
80.30
80.30
80.30
80.30
80.30
80.31
80.31
80.31
80.31
80.31
80.32
80.32
80.31
80.30
80.30
80.30
80.31
80.31
80.31
80.30
80.30
80.31
80.30
80.31
80.32
80.31
80.31
80.31
80.31
80.30
80.30
80.31
80.30
80.31
80.31
80.30
80.31
80.30
80.31
80.31
80.31
80.30
80.30
80.30
80.30
80.30
80.30
80.30
80.32
80.24
