70.31
66.41
66.67
66.80
67.50
68.75
67.86
68.36
68.06
67.50
67.76
67.58
67.19
67.75
67.92
68.55
68.38
68.40
68.17
68.44
68.45
68.61
68.48
68.42
68.44
68.27
68.17
68.19
68.16
68.28
68.40
68.16
68.42
68.84
68.84
68.66
68.79
68.75
68.87
68.75
68.52
68.08
68.17
68.39
68.58
68.48
68.55
68.75
68.75
68.56
68.78
68.69
68.60
68.69
68.72
68.69
68.53
68.56
68.70
68.78
68.88
68.70
68.80
68.97
69.06
68.84
68.89
68.84
68.84
68.75
68.66
68.60
68.62
68.71
68.67
68.79
68.79
68.75
68.65
68.65
68.60
68.71
68.77
68.90
68.88
69.00
68.98
68.96
68.89
68.82
68.84
68.68
68.78
68.85
68.80
68.78
68.73
68.69
68.66
68.69
68.66
68.72
68.69
68.73
68.84
68.87
68.76
68.78
68.81
68.81
68.89
68.89
68.93
68.90
68.95
68.97
69.07
69.05
69.08
69.09
69.12
69.12
69.02
68.99
68.99
68.97
68.97
68.88
68.85
68.87
68.91
68.90
68.91
68.98
68.97
68.95
68.94
68.89
68.84
68.82
68.87
68.89
68.96
68.93
68.93
68.89
68.88
68.87
68.88
68.84
68.87
68.87
68.87
68.85
68.81
68.83
68.88
68.90
68.93
68.97
68.97
68.97
68.96
68.94
68.92
68.89
68.84
68.86
68.93
68.92
68.94
68.96
68.95
68.98
68.96
69.01
68.98
68.95
68.96
68.91
68.89
68.88
68.86
68.84
68.85
68.78
68.75
68.77
68.74
68.73
68.74
68.74
68.69
68.70
68.73
68.70
68.73
68.77
68.77
68.72
68.71
68.71
68.70
68.66
68.59
68.58
68.59
68.57
68.51
68.53
68.51
68.50
68.46
68.44
68.46
68.51
68.51
68.46
68.48
68.52
68.56
68.61
68.55
68.54
68.55
68.53
68.56
68.56
68.49
68.44
68.43
68.47
68.49
68.48
68.47
68.48
68.51
68.49
68.46
68.48
68.50
68.49
68.48
68.48
68.49
68.47
68.50
68.54
68.56
68.55
68.58
68.59
68.59
68.56
68.57
68.57
68.63
68.60
68.61
68.60
68.62
68.62
68.64
68.67
68.66
68.65
68.66
68.65
68.64
68.66
68.66
68.63
68.62
68.62
68.62
68.61
68.61
68.56
68.57
68.59
68.58
68.57
68.60
68.56
68.52
68.53
68.54
68.58
68.59
68.56
68.55
68.57
68.60
68.56
68.55
68.58
68.61
68.62
68.64
68.62
68.61
68.57
68.60
68.56
68.57
68.57
68.61
68.65
68.66
68.66
68.63
68.63
68.66
68.63
68.65
68.66
68.65
68.63
68.60
68.60
68.58
68.56
68.54
68.53
68.56
68.55
68.56
68.58
68.56
68.57
68.56
68.61
68.60
68.58
68.59
68.61
68.60
68.59
68.60
68.58
68.57
68.57
68.56
68.56
68.59
68.59
68.61
68.59
68.58
68.59
68.58
68.60
68.63
68.61
68.59
68.58
68.57
68.56
68.57
68.57
68.54
68.54
68.57
68.57
68.56
68.55
68.52
68.52
68.53
68.51
68.53
68.52
68.52
68.51
68.52
68.51
68.48
68.48
68.49
68.49
68.48
68.48
68.48
68.46
68.46
68.47
68.46
68.46
68.47
68.51
68.49
68.49
68.52
68.50
68.53
68.52
68.52
68.51
68.52
68.53
68.54
68.56
68.55
68.53
68.54
68.54
68.56
68.56
68.56
68.56
68.54
68.54
68.53
68.53
68.51
68.53
68.52
68.50
68.51
68.50
68.50
68.51
68.48
68.46
68.47
68.50
68.49
68.48
68.48
68.47
68.49
68.48
68.49
68.48
68.49
68.50
68.51
68.50
68.50
68.50
68.52
68.52
68.49
68.49
68.49
68.47
68.46
68.46
68.46
68.47
68.46
68.45
68.46
68.45
68.47
68.46
68.47
68.47
68.48
68.48
68.50
68.50
68.48
68.48
68.48
68.49
68.48
68.49
68.48
68.49
68.49
68.49
68.49
68.47
68.47
68.48
68.48
68.48
68.48
68.48
68.46
68.48
68.47
68.45
68.46
68.48
68.45
68.45
68.43
68.44
68.46
68.46
68.45
68.43
68.45
68.44
68.44
68.45
68.46
68.48
68.47
68.44
68.43
68.40
68.39
68.38
68.36
68.36
68.35
68.37
68.35
68.37
68.38
68.38
68.37
68.37
68.36
68.36
68.36
68.38
68.38
68.38
68.38
68.38
68.37
68.36
68.38
68.37
68.36
68.35
68.35
68.34
68.36
68.37
68.38
68.38
68.39
68.39
68.37
68.36
68.37
68.36
68.37
68.35
68.34
68.35
68.36
68.36
68.35
68.36
68.36
68.35
68.35
68.34
68.34
68.33
68.34
68.33
68.34
68.36
68.36
68.37
68.36
68.36
68.38
68.39
68.38
68.37
68.37
68.40
68.41
68.41
68.41
68.41
68.39
68.38
68.38
68.37
68.36
68.36
68.36
68.37
68.38
68.37
68.35
68.37
68.36
68.36
68.37
68.37
68.36
68.36
68.37
68.35
68.33
68.34
68.33
68.32
68.34
68.33
68.31
68.33
68.32
68.32
68.32
68.31
68.30
68.30
68.28
68.29
68.29
68.30
68.30
68.30
68.29
68.30
68.30
68.30
68.31
68.30
68.30
68.31
68.30
68.28
68.29
68.31
68.32
68.33
68.34
68.32
68.31
68.31
68.31
68.30
68.30
68.30
68.29
68.27
68.28
68.28
68.30
68.30
68.31
68.29
68.28
68.29
68.28
68.28
68.29
68.29
68.29
68.28
68.27
68.27
68.27
68.28
68.28
68.28
68.27
68.27
68.26
68.25
68.25
68.26
68.26
68.26
68.26
68.28
68.28
68.27
68.28
68.27
68.28
68.29
68.29
68.30
68.31
68.30
68.31
68.30
68.30
68.30
68.29
68.29
68.30
68.28
68.27
68.26
68.27
68.27
68.29
68.29
68.28
68.27
68.28
68.28
68.27
68.27
68.28
68.27
68.27
68.27
68.26
68.26
68.25
68.25
68.26
68.26
68.27
68.27
68.27
68.25
68.25
68.25
68.26
68.27
68.26
68.26
68.27
68.27
68.26
68.25
68.27
68.26
68.27
68.28
68.29
68.28
68.26
68.25
68.26
68.25
68.26
68.25
68.26
68.24
68.24
68.23
68.22
68.22
68.21
68.23
68.22
68.22
68.21
68.21
68.21
68.21
68.21
68.21
68.22
68.23
68.24
68.24
68.24
68.25
68.24
68.25
68.25
68.25
68.24
68.25
68.25
68.26
68.25
68.26
68.27
68.27
68.27
68.28
68.27
68.28
68.28
68.27
68.25
68.26
68.27
68.25
68.26
68.26
68.26
68.19
