78.12
76.56
77.08
76.56
76.56
77.86
78.35
78.32
78.47
77.97
77.84
78.52
78.61
78.79
78.23
77.83
78.12
78.56
78.78
79.22
79.17
79.26
79.42
79.23
79.31
79.45
79.46
80.02
80.17
80.16
80.09
79.93
80.02
80.19
80.49
80.43
80.62
80.80
80.81
80.82
80.75
80.95
81.00
81.04
81.18
81.35
81.28
81.28
81.25
81.06
81.22
81.31
81.31
81.45
81.48
81.42
81.44
81.47
81.38
81.30
81.28
81.12
81.25
81.27
81.27
81.30
81.27
81.34
81.32
81.29
81.38
81.38
81.36
81.36
81.23
81.25
81.15
81.21
81.23
81.17
81.17
81.10
81.01
80.92
80.86
80.85
80.68
80.65
80.55
80.54
80.55
80.49
80.46
80.50
80.59
80.55
80.54
80.60
80.57
80.50
80.52
80.42
80.49
80.48
80.60
80.63
80.64
80.63
80.53
80.48
80.49
80.48
80.50
80.52
80.49
80.43
80.40
80.38
80.38
80.44
80.38
80.42
80.42
80.46
80.46
80.39
80.36
80.38
80.32
80.35
80.36
80.35
80.37
80.35
80.41
80.45
80.44
80.43
80.45
80.44
80.41
80.44
80.41
80.44
80.38
80.44
80.43
80.41
80.39
80.43
80.42
80.40
80.38
80.38
80.33
80.29
80.28
80.26
80.27
80.25
80.28
80.27
80.31
80.34
80.29
80.34
80.38
80.38
80.38
80.37
80.36
80.37
80.40
80.36
80.35
80.34
80.30
80.24
80.25
80.27
80.25
80.27
80.29
80.25
80.25
80.22
80.23
80.25
80.29
80.30
80.30
80.31
80.34
80.36
80.36
80.37
80.39
80.37
80.37
80.39
80.39
80.38
80.37
80.38
80.38
80.38
80.40
80.42
80.42
80.36
80.40
80.40
80.37
80.37
80.35
80.32
80.36
80.35
80.35
80.37
80.37
80.39
80.42
80.45
80.48
80.47
80.49
80.48
80.50
80.50
80.53
80.50
80.51
80.49
80.51
80.50
80.49
80.48
80.47
80.49
80.47
80.44
80.41
80.44
80.43
80.44
80.48
80.45
80.44
80.46
80.47
80.46
80.47
80.48
80.49
80.48
80.49
80.48
80.50
80.49
80.53
80.55
80.58
80.58
80.60
80.59
80.59
80.56
80.52
80.53
80.54
80.55
80.54
80.55
80.57
80.58
80.60
80.62
80.62
80.63
80.61
80.60
80.58
80.57
80.57
80.55
80.53
80.53
80.53
80.50
80.51
80.51
80.52
80.52
80.53
80.55
80.58
80.57
80.54
80.54
80.55
80.55
80.56
80.59
80.60
80.60
80.60
80.61
80.60
80.61
80.60
80.63
80.62
80.60
80.62
80.61
80.63
80.65
80.65
80.65
80.64
80.65
80.66
80.66
80.68
80.70
80.70
80.68
80.65
80.64
80.66
80.66
80.63
80.64
80.64
80.64
80.64
80.64
80.61
80.61
80.61
80.61
80.59
80.58
80.57
80.58
80.57
80.55
80.56
80.55
80.56
80.58
80.58
80.59
80.59
80.59
80.61
80.61
80.61
80.59
80.60
80.58
80.57
80.58
80.59
80.59
80.59
80.60
80.58
80.59
80.60
80.61
80.61
80.60
80.60
80.60
80.63
80.63
80.60
80.60
80.61
80.60
80.60
80.58
80.58
80.58
80.56
80.56
80.56
80.57
80.55
80.57
80.57
80.55
80.54
80.53
80.51
80.52
80.52
80.52
80.53
80.52
80.51
80.50
80.49
80.49
80.50
80.49
80.50
80.50
80.49
80.50
80.52
80.51
80.53
80.53
80.55
80.53
80.53
80.52
80.53
80.55
80.55
80.54
80.54
80.52
80.51
80.52
80.52
80.53
80.53
80.52
80.52
80.54
80.55
80.54
80.53
80.52
80.52
80.51
80.52
80.50
80.50
80.49
80.50
80.49
80.49
80.47
80.46
80.45
80.44
80.44
80.42
80.42
80.42
80.39
80.40
80.41
80.41
80.42
80.44
80.43
80.44
80.45
80.44
80.45
80.45
80.45
80.46
80.45
80.43
80.42
80.42
80.42
80.41
80.41
80.43
80.44
80.43
80.43
80.43
80.45
80.44
80.44
80.44
80.41
80.42
80.41
80.41
80.40
80.39
80.39
80.39
80.40
80.39
80.40
80.40
80.41
80.41
80.42
80.42
80.43
80.42
80.43
80.43
80.43
80.42
80.41
80.40
80.39
80.38
80.36
80.36
80.36
80.36
80.36
80.36
80.36
80.37
80.35
80.34
80.34
80.34
80.35
80.35
80.34
80.33
80.34
80.34
80.33
80.32
80.33
80.33
80.33
80.34
80.34
80.34
80.34
80.35
80.35
80.37
80.38
80.39
80.39
80.39
80.40
80.40
80.39
80.37
80.37
80.37
80.36
80.35
80.34
80.34
80.35
80.35
80.36
80.38
80.39
80.39
80.40
80.40
80.40
80.39
80.40
80.39
80.39
80.39
80.39
80.39
80.40
80.41
80.41
80.41
80.40
80.39
80.39
80.39
80.40
80.39
80.40
80.40
80.39
80.38
80.36
80.34
80.34
80.35
80.34
80.35
80.35
80.34
80.34
80.33
80.33
80.34
80.33
80.33
80.33
80.34
80.33
80.34
80.33
80.32
80.32
80.32
80.33
80.32
80.32
80.32
80.32
80.32
80.32
80.32
80.32
80.31
80.30
80.32
80.32
80.32
80.32
80.33
80.32
80.32
80.33
80.33
80.32
80.31
80.30
80.28
80.28
80.28
80.30
80.30
80.30
80.29
80.29
80.29
80.28
80.28
80.27
80.29
80.28
80.29
80.28
80.28
80.29
80.28
80.28
80.28
80.27
80.26
80.27
80.27
80.27
80.28
80.29
80.30
80.29
80.29
80.28
80.29
80.28
80.29
80.29
80.29
80.28
80.28
80.28
80.27
80.27
80.27
80.26
80.27
80.27
80.28
80.28
80.28
80.29
80.29
80.30
80.30
80.31
80.30
80.32
80.32
80.31
80.32
80.33
80.32
80.32
80.33
80.32
80.33
80.33
80.32
80.31
80.32
80.34
80.35
80.34
80.35
80.35
80.36
80.37
80.37
80.37
80.38
80.38
80.38
80.39
80.37
80.37
80.38
80.37
80.37
80.36
80.36
80.36
80.36
80.36
80.36
80.36
80.36
80.36
80.36
80.37
80.35
80.36
80.37
80.36
80.36
80.36
80.36
80.35
80.34
80.35
80.35
80.34
80.35
80.35
80.36
80.37
80.36
80.36
80.37
80.35
80.36
80.37
80.36
80.36
80.36
80.36
80.36
80.35
80.35
80.36
80.36
80.36
80.37
80.37
80.37
80.37
80.37
80.37
80.36
80.37
80.35
80.36
80.36
80.36
80.35
80.35
80.35
80.34
80.34
80.35
80.34
80.34
80.34
80.26
