87.50
84.38
83.33
82.81
82.50
82.29
82.37
81.64
81.77
81.41
81.39
81.25
81.49
81.03
80.52
80.27
80.24
80.12
80.35
80.08
80.13
80.47
80.71
80.86
80.75
80.65
81.02
80.86
81.09
81.04
81.15
81.20
81.16
81.16
81.03
80.99
81.04
81.13
81.17
81.17
81.17
81.18
81.29
81.43
81.28
81.32
81.28
81.22
81.22
81.25
81.31
81.25
81.13
81.11
81.14
81.05
81.11
81.09
81.01
80.96
80.97
81.02
80.88
80.81
80.75
80.73
80.74
80.77
80.64
80.67
80.59
80.62
80.65
80.62
80.62
80.59
80.66
80.63
80.64
80.61
80.56
80.56
80.61
80.54
80.46
80.51
80.46
80.50
80.50
80.47
80.36
80.33
80.39
80.37
80.46
80.49
80.56
80.48
80.51
80.59
80.54
80.56
80.63
80.56
80.62
80.56
80.53
80.45
80.39
80.36
80.32
80.34
80.39
80.35
80.23
80.23
80.21
80.28
80.32
80.26
80.24
80.23
80.26
80.25
80.31
80.32
80.33
80.32
80.24
80.18
80.25
80.24
80.24
80.19
80.21
80.25
80.23
80.23
80.22
80.18
80.10
80.13
80.09
80.12
80.13
80.16
80.17
80.16
80.13
80.16
80.15
80.17
80.23
80.24
80.26
80.26
80.31
80.30
80.32
80.31
80.36
80.37
80.39
80.37
80.41
80.36
80.27
80.24
80.24
80.21
80.22
80.21
80.17
80.16
80.21
80.20
80.23
80.22
80.18
80.17
80.20
80.19
80.21
80.21
80.19
80.18
80.19
80.13
80.11
80.08
80.06
80.09
80.12
80.15
80.18
80.18
80.19
80.15
80.17
80.20
80.23
80.27
80.23
80.22
80.23
80.17
80.18
80.20
80.23
80.23
80.24
80.25
80.25
80.28
80.24
80.22
80.21
80.20
80.19
80.18
80.18
80.18
80.20
80.22
80.22
80.21
80.23
80.23
80.21
80.16
80.20
80.19
80.20
80.23
80.26
80.30
80.30
80.31
80.33
80.30
80.31
80.32
80.27
80.21
80.25
80.25
80.27
80.25
80.24
80.23
80.22
80.22
80.24
80.25
80.26
80.25
80.27
80.27
80.29
80.30
80.31
80.35
80.33
80.35
80.32
80.34
80.31
80.29
80.28
80.28
80.31
80.31
80.30
80.30
80.31
80.29
80.27
80.26
80.24
80.21
80.19
80.20
80.20
80.18
80.16
80.16
80.18
80.13
80.11
80.10
80.09
80.10
80.11
80.08
80.11
80.10
80.09
80.09
80.10
80.10
80.11
80.11
80.11
80.09
80.11
80.10
80.10
80.11
80.09
80.09
80.06
80.09
80.09
80.08
80.08
80.07
80.06
80.06
80.02
80.02
80.03
80.03
80.03
80.04
80.03
80.04
80.05
80.04
80.03
80.03
80.03
80.04
80.04
80.04
80.06
80.09
80.09
80.09
80.08
80.06
80.08
80.08
80.10
80.11
80.11
80.13
80.13
80.13
80.11
80.12
80.12
80.10
80.12
80.09
80.10
80.10
80.10
80.09
80.11
80.13
80.14
80.13
80.14
80.14
80.14
80.15
80.17
80.17
80.15
80.15
80.15
80.15
80.16
80.14
80.14
80.13
80.13
80.13
80.11
80.13
80.12
80.10
80.12
80.11
80.10
80.10
80.10
80.09
80.06
80.05
80.06
80.05
80.07
80.06
80.06
80.07
80.07
80.06
80.08
80.09
80.10
80.10
80.11
80.12
80.12
80.13
80.13
80.14
80.14
80.15
80.15
80.16
80.16
80.16
80.15
80.15
80.16
80.15
80.16
80.16
80.16
80.18
80.15
80.17
80.18
80.19
80.18
80.19
80.19
80.17
80.17
80.18
80.19
80.20
80.20
80.20
80.20
80.19
80.20
80.21
80.22
80.23
80.24
80.24
80.24
80.24
80.24
80.24
80.23
80.24
80.25
80.23
80.23
80.23
80.23
80.24
80.23
80.24
80.23
80.22
80.23
80.23
80.24
80.22
80.21
80.22
80.24
80.24
80.24
80.25
80.24
80.25
80.24
80.24
80.25
80.26
80.27
80.27
80.27
80.26
80.26
80.26
80.25
80.25
80.24
80.23
80.24
80.24
80.23
80.22
80.23
80.24
80.24
80.24
80.23
80.24
80.24
80.25
80.25
80.26
80.26
80.25
80.23
80.23
80.23
80.23
80.24
80.24
80.26
80.24
80.23
80.24
80.25
80.25
80.23
80.22
80.21
80.21
80.19
80.17
80.18
80.20
80.21
80.20
80.20
80.18
80.16
80.16
80.16
80.17
80.16
80.18
80.17
80.18
80.17
80.18
80.18
80.17
80.15
80.16
80.16
80.17
80.18
80.18
80.16
80.17
80.18
80.18
80.19
80.18
80.18
80.18
80.18
80.18
80.19
80.19
80.20
80.21
80.20
80.21
80.21
80.19
80.18
80.18
80.19
80.21
80.21
80.21
80.21
80.20
80.20
80.22
80.22
80.22
80.22
80.23
80.23
80.24
80.24
80.23
80.23
80.24
80.24
80.25
80.25
80.25
80.25
80.24
80.25
80.24
80.23
80.24
80.24
80.26
80.25
80.25
80.24
80.23
80.23
80.23
80.23
80.23
80.23
80.24
80.23
80.23
80.23
80.23
80.24
80.23
80.23
80.22
80.24
80.23
80.24
80.24
80.23
80.23
80.23
80.22
80.22
80.22
80.21
80.22
80.24
80.23
80.22
80.23
80.23
80.23
80.22
80.20
80.21
80.21
80.20
80.19
80.19
80.18
80.17
80.19
80.18
80.18
80.18
80.19
80.18
80.18
80.17
80.17
80.18
80.17
80.17
80.17
80.16
80.16
80.16
80.16
80.15
80.16
80.16
80.16
80.16
80.16
80.16
80.15
80.15
80.14
80.15
80.15
80.15
80.14
80.14
80.14
80.14
80.14
80.14
80.15
80.14
80.15
80.15
80.15
80.15
80.15
80.17
80.17
80.17
80.16
80.17
80.18
80.18
80.19
80.19
80.19
80.20
80.20
80.19
80.20
80.19
80.20
80.20
80.19
80.20
80.20
80.20
80.19
80.19
80.20
80.19
80.19
80.19
80.20
80.20
80.20
80.21
80.21
80.21
80.22
80.21
80.21
80.21
80.22
80.23
80.23
80.22
80.21
80.22
80.21
80.21
80.22
80.22
80.22
80.21
80.22
80.22
80.22
80.22
80.22
80.22
80.22
80.23
80.23
80.24
80.24
80.26
80.26
80.26
80.26
80.27
80.28
80.29
80.29
80.29
80.29
80.29
80.29
80.30
80.31
80.31
80.30
80.30
80.30
80.30
80.30
80.30
80.29
80.29
80.28
80.28
80.27
80.27
80.27
80.25
80.25
80.26
80.26
80.27
80.27
80.27
80.26
80.25
80.26
80.27
80.19
