4.69
2.34
1.56
1.56
1.56
1.56
1.34
1.17
1.04
1.25
1.28
1.17
1.08
1.00
1.25
1.37
1.56
1.48
1.56
1.48
1.49
1.49
1.43
1.50
1.44
1.44
1.45
1.40
1.40
1.41
1.46
1.46
1.61
1.61
1.56
1.56
1.52
1.52
1.52
1.60
1.68
1.64
1.60
1.63
1.67
1.63
1.60
1.63
1.66
1.72
1.69
1.71
1.68
1.68
1.68
1.67
1.70
1.78
1.75
1.72
1.72
1.74
1.74
1.76
1.75
1.75
1.73
1.72
1.72
1.74
1.76
1.78
1.80
1.77
1.77
1.75
1.77
1.76
1.80
1.84
1.83
1.83
1.83
1.82
1.86
1.85
1.85
1.83
1.88
1.86
1.84
1.83
1.83
1.85
1.83
1.82
1.84
1.83
1.83
1.83
1.83
1.82
1.84
1.86
1.85
1.84
1.85
1.88
1.89
1.88
1.86
1.87
1.85
1.86
1.85
1.86
1.87
1.89
1.89
1.91
1.94
1.93
1.96
1.97
1.96
1.95
1.94
1.94
1.93
1.92
1.91
1.93
1.94
1.95
1.93
1.95
1.97
1.97
1.96
1.94
1.93
1.96
1.96
1.94
1.94
1.95
1.95
1.95
1.94
1.96
1.96
1.95
1.95
1.95
1.98
2.00
2.01
2.01
2.01
2.05
2.08
2.07
2.06
2.06
2.06
2.07
2.06
2.06
2.07
2.08
2.08
2.08
2.09
2.07
2.06
2.07
2.07
2.06
2.06
2.05
2.05
2.04
2.06
2.06
2.06
2.06
2.06
2.04
2.06
2.06
2.05
2.06
2.06
2.09
2.08
2.09
2.09
2.08
2.09
2.11
2.12
2.12
2.11
2.11
2.10
2.10
2.10
2.10
2.09
2.11
2.13
2.12
2.11
2.11
2.12
2.13
2.12
2.12
2.12
2.12
2.11
2.10
2.12
2.11
2.10
2.10
2.10
2.10
2.10
2.11
2.11
2.12
2.13
2.12
2.11
2.12
2.11
2.10
2.09
2.09
2.08
2.07
2.06
2.06
2.05
2.05
2.04
2.05
2.05
2.05
2.05
2.07
2.07
2.08
2.08
2.08
2.07
2.08
2.11
2.12
2.11
2.12
2.12
2.13
2.13
2.13
2.12
2.13
2.13
2.14
2.14
2.14
2.14
2.14
2.14
2.13
2.13
2.13
2.14
2.13
2.14
2.13
2.14
2.13
2.13
2.14
2.13
2.13
2.15
2.15
2.14
2.15
2.15
2.15
2.15
2.15
2.15
2.15
2.15
2.14
2.14
2.14
2.13
2.14
2.13
2.12
2.12
2.13
2.13
2.14
2.14
2.14
2.14
2.13
2.13
2.13
2.12
2.11
2.13
2.12
2.13
2.12
2.12
2.11
2.11
2.11
2.11
2.11
2.11
2.11
2.11
2.11
2.12
2.12
2.12
2.11
2.12
2.12
2.11
2.10
2.10
2.10
2.10
2.10
2.11
2.11
2.11
2.10
2.10
2.10
2.10
2.10
2.09
2.09
2.08
2.08
2.08
2.08
2.08
2.09
2.09
2.08
2.09
2.09
2.08
2.08
2.09
2.10
2.09
2.09
2.09
2.08
2.08
2.08
2.08
2.08
2.08
2.08
2.08
2.09
2.08
2.08
2.08
2.07
2.08
2.08
2.08
2.07
2.08
2.09
2.09
2.08
2.09
2.09
2.09
2.10
2.11
2.10
2.10
2.10
2.10
2.10
2.10
2.10
2.09
2.09
2.09
2.09
2.09
2.09
2.09
2.09
2.09
2.09
2.10
2.10
2.10
2.10
2.11
2.11
2.11
2.10
2.11
2.11
2.11
2.11
2.10
2.10
2.10
2.10
2.10
2.09
2.09
2.09
2.09
2.09
2.10
2.10
2.10
2.10
2.10
2.10
2.10
2.10
2.10
2.10
2.09
2.10
2.10
2.10
2.10
2.10
2.10
2.10
2.10
2.10
2.10
2.10
2.10
2.11
2.11
2.11
2.11
2.11
2.11
2.11
2.11
2.11
2.12
2.12
2.12
2.12
2.12
2.12
2.12
2.13
2.12
2.14
2.14
2.15
2.14
2.14
2.13
2.13
2.13
2.13
2.13
2.12
2.12
2.12
2.12
2.12
2.11
2.11
2.11
2.10
2.11
2.11
2.10
2.11
2.11
2.11
2.11
2.11
2.11
2.11
2.10
2.11
2.11
2.11
2.11
2.11
2.11
2.12
2.12
2.12
2.12
2.14
2.13
2.13
2.13
2.13
2.13
2.13
2.12
2.13
2.13
2.13
2.14
2.14
2.14
2.14
2.14
2.15
2.15
2.15
2.14
2.15
2.14
2.14
2.15
2.15
2.15
2.15
2.16
2.16
2.16
2.16
2.16
2.16
2.17
2.17
2.17
2.18
2.18
2.18
2.19
2.19
2.19
2.19
2.19
2.18
2.18
2.18
2.18
2.18
2.19
2.18
2.18
2.18
2.18
2.18
2.18
2.17
2.17
2.17
2.17
2.17
2.17
2.18
2.18
2.18
2.18
2.18
2.18
2.19
2.19
2.19
2.19
2.18
2.19
2.20
2.19
2.19
2.20
2.20
2.19
2.19
2.19
2.19
2.19
2.20
2.19
2.19
2.20
2.20
2.19
2.19
2.19
2.19
2.19
2.19
2.19
2.19
2.19
2.19
2.19
2.19
2.18
2.19
2.19
2.19
2.19
2.19
2.18
2.18
2.19
2.18
2.19
2.19
2.19
2.19
2.19
2.19
2.19
2.19
2.19
2.19
2.20
2.20
2.20
2.21
2.20
2.20
2.20
2.19
2.19
2.19
2.20
2.19
2.19
2.19
2.19
2.19
2.19
2.19
2.19
2.20
2.20
2.20
2.19
2.19
2.19
2.19
2.19
2.19
2.19
2.19
2.19
2.19
2.19
2.19
2.19
2.19
2.19
2.19
2.19
2.19
2.19
2.19
2.19
2.19
2.19
2.20
2.20
2.20
2.20
2.20
2.20
2.20
2.20
2.20
2.20
2.21
2.20
2.20
2.20
2.20
2.20
2.20
2.20
2.21
2.20
2.20
2.20
2.20
2.20
2.20
2.20
2.20
2.20
2.20
2.20
2.19
2.19
2.19
2.19
2.19
2.19
2.19
2.19
2.19
2.18
2.18
2.18
2.18
2.18
2.18
2.18
2.18
2.18
2.18
2.18
2.18
2.19
2.18
2.19
2.19
2.19
2.19
2.19
2.19
2.19
2.20
2.19
2.19
2.19
2.19
2.19
2.19
2.19
2.20
2.20
2.20
2.20
2.20
2.20
2.20
2.20
2.20
2.19
2.19
2.19
2.19
2.19
2.19
2.19
2.19
2.19
2.19
2.19
2.19
2.20
2.19
2.20
2.20
2.20
2.20
2.19
2.20
2.19
2.19
