78.12
78.91
79.69
81.64
81.25
81.77
81.70
82.23
81.94
81.88
81.96
81.90
81.85
82.25
82.19
81.84
82.17
81.77
81.99
82.03
81.77
81.96
81.86
81.90
81.94
82.03
82.12
82.09
82.22
82.19
82.26
82.23
82.05
81.89
81.92
81.60
81.50
81.33
81.37
81.29
81.14
80.99
80.81
80.72
80.76
80.77
80.75
80.63
80.84
80.84
80.79
80.77
80.90
80.99
80.99
80.78
80.81
80.82
80.85
80.81
80.94
80.77
80.73
80.74
80.72
80.75
80.76
80.77
80.71
80.85
80.79
80.84
80.84
80.89
80.90
80.94
81.03
81.03
80.95
80.76
80.61
80.56
80.67
80.69
80.72
80.72
80.69
80.68
80.67
80.69
80.68
80.59
80.54
80.50
80.58
80.58
80.65
80.66
80.60
80.56
80.63
80.62
80.60
80.50
80.45
80.47
80.43
80.41
80.46
80.51
80.52
80.55
80.49
80.54
80.49
80.43
80.46
80.51
80.54
80.53
80.54
80.56
80.58
80.51
80.49
80.46
80.47
80.46
80.41
80.42
80.42
80.41
80.40
80.43
80.42
80.40
80.44
80.45
80.47
80.50
80.49
80.47
80.40
80.43
80.45
80.46
80.51
80.51
80.51
80.51
80.50
80.54
80.54
80.53
80.56
80.50
80.46
80.48
80.51
80.52
80.54
80.52
80.56
80.55
80.60
80.61
80.63
80.60
80.55
80.55
80.54
80.51
80.49
80.49
80.47
80.48
80.40
80.38
80.39
80.38
80.40
80.35
80.31
80.33
80.36
80.37
80.37
80.39
80.40
80.44
80.42
80.43
80.46
80.43
80.43
80.41
80.37
80.37
80.35
80.39
80.41
80.43
80.37
80.37
80.36
80.39
80.41
80.39
80.35
80.31
80.32
80.33
80.33
80.34
80.33
80.30
80.30
80.34
80.32
80.31
80.32
80.30
80.30
80.32
80.33
80.32
80.31
80.32
80.34
80.29
80.31
80.33
80.32
80.30
80.27
80.27
80.32
80.33
80.30
80.29
80.30
80.28
80.22
80.25
80.24
80.25
80.24
80.24
80.21
80.24
80.28
80.25
80.24
80.25
80.23
80.27
80.28
80.29
80.30
80.28
80.27
80.28
80.25
80.27
80.26
80.27
80.27
80.25
80.26
80.28
80.28
80.25
80.26
80.25
80.26
80.26
80.28
80.25
80.26
80.27
80.27
80.29
80.28
80.27
80.27
80.29
80.29
80.29
80.31
80.34
80.37
80.39
80.41
80.42
80.41
80.46
80.47
80.43
80.44
80.43
80.45
80.47
80.46
80.48
80.47
80.48
80.51
80.50
80.50
80.45
80.46
80.46
80.48
80.47
80.49
80.48
80.50
80.49
80.48
80.45
80.42
80.42
80.40
80.40
80.40
80.40
80.41
80.43
80.41
80.42
80.41
80.39
80.41
80.43
80.42
80.44
80.39
80.39
80.38
80.36
80.37
80.35
80.34
80.33
80.31
80.32
80.28
80.24
80.23
80.23
80.25
80.26
80.26
80.26
80.25
80.26
80.28
80.27
80.26
80.27
80.26
80.24
80.25
80.24
80.25
80.27
80.30
80.28
80.27
80.27
80.27
80.28
80.29
80.28
80.29
80.28
80.28
80.27
80.25
80.26
80.27
80.28
80.28
80.29
80.28
80.28
80.28
80.28
80.28
80.27
80.27
80.27
80.26
80.26
80.26
80.27
80.27
80.28
80.29
80.30
80.31
80.31
80.31
80.31
80.29
80.27
80.26
80.25
80.25
80.25
80.27
80.28
80.27
80.29
80.28
80.27
80.27
80.28
80.28
80.28
80.29
80.30
80.28
80.26
80.27
80.26
80.27
80.25
80.22
80.23
80.25
80.25
80.25
80.25
80.26
80.27
80.27
80.25
80.26
80.24
80.24
80.26
80.26
80.24
80.24
80.23
80.25
80.27
80.25
80.24
80.24
80.24
80.23
80.23
80.22
80.22
80.23
80.23
80.23
80.23
80.23
80.24
80.23
80.24
80.24
80.22
80.22
80.22
80.22
80.22
80.22
80.21
80.20
80.21
80.21
80.21
80.20
80.21
80.22
80.22
80.23
80.21
80.21
80.19
80.19
80.21
80.22
80.22
80.22
80.23
80.23
80.22
80.23
80.24
80.23
80.24
80.25
80.25
80.24
80.24
80.24
80.25
80.27
80.27
80.28
80.28
80.29
80.31
80.32
80.31
80.31
80.32
80.31
80.32
80.32
80.32
80.31
80.30
80.28
80.28
80.27
80.27
80.28
80.27
80.28
80.27
80.26
80.27
80.27
80.24
80.22
80.20
80.20
80.21
80.18
80.19
80.18
80.19
80.18
80.19
80.19
80.19
80.20
80.16
80.15
80.15
80.14
80.15
80.15
80.16
80.16
80.18
80.17
80.14
80.15
80.17
80.16
80.17
80.15
80.15
80.14
80.14
80.13
80.13
80.13
80.12
80.13
80.13
80.12
80.13
80.13
80.13
80.12
80.12
80.13
80.14
80.14
80.15
80.16
80.15
80.14
80.16
80.16
80.16
80.15
80.15
80.16
80.16
80.14
80.14
80.14
80.14
80.15
80.15
80.15
80.15
80.15
80.16
80.16
80.17
80.18
80.18
80.16
80.17
80.17
80.17
80.17
80.16
80.16
80.17
80.16
80.16
80.16
80.17
80.17
80.17
80.19
80.19
80.18
80.19
80.19
80.18
80.17
80.18
80.19
80.20
80.20
80.20
80.20
80.19
80.19
80.19
80.20
80.18
80.18
80.18
80.19
80.19
80.19
80.19
80.19
80.19
80.18
80.15
80.15
80.16
80.15
80.15
80.15
80.15
80.15
80.16
80.16
80.16
80.17
80.17
80.18
80.18
80.19
80.20
80.20
80.20
80.21
80.20
80.19
80.19
80.19
80.19
80.19
80.18
80.19
80.19
80.19
80.20
80.19
80.18
80.19
80.18
80.17
80.17
80.17
80.18
80.19
80.20
80.20
80.20
80.20
80.20
80.20
80.19
80.20
80.20
80.19
80.20
80.20
80.21
80.21
80.21
80.21
80.21
80.20
80.21
80.22
80.22
80.22
80.23
80.24
80.24
80.23
80.22
80.22
80.21
80.21
80.22
80.23
80.22
80.22
80.22
80.22
80.22
80.24
80.24
80.24
80.23
80.22
80.21
80.22
80.22
80.22
80.23
80.23
80.23
80.21
80.22
80.23
80.23
80.22
80.23
80.22
80.22
80.23
80.22
80.21
80.20
80.20
80.20
80.20
80.21
80.19
80.19
80.19
80.18
80.19
80.18
80.18
80.19
80.19
80.19
80.19
80.19
80.18
80.18
80.19
80.18
80.18
80.19
80.19
80.20
80.20
80.21
80.22
80.23
80.24
80.25
80.25
80.26
80.25
80.25
80.26
80.26
80.26
80.19
