1.56
1.56
2.08
1.95
1.88
1.82
2.23
2.15
2.26
2.19
2.13
2.21
2.28
2.23
2.08
1.95
2.02
2.00
2.14
2.19
2.08
1.99
1.97
2.02
2.00
1.98
2.08
2.18
2.16
2.14
2.27
2.39
2.46
2.39
2.41
2.39
2.32
2.30
2.36
2.38
2.44
2.57
2.65
2.66
2.60
2.55
2.53
2.47
2.42
2.41
2.42
2.40
2.39
2.37
2.33
2.34
2.36
2.40
2.44
2.42
2.38
2.34
2.38
2.34
2.33
2.32
2.31
2.30
2.33
2.30
2.31
2.37
2.42
2.41
2.40
2.41
2.44
2.40
2.41
2.46
2.45
2.44
2.43
2.44
2.43
2.43
2.41
2.40
2.42
2.43
2.44
2.43
2.44
2.46
2.47
2.44
2.43
2.46
2.48
2.48
2.46
2.45
2.46
2.49
2.49
2.46
2.45
2.50
2.51
2.54
2.55
2.53
2.52
2.51
2.50
2.49
2.50
2.50
2.48
2.49
2.48
2.47
2.48
2.47
2.45
2.46
2.46
2.44
2.45
2.44
2.46
2.45
2.49
2.51
2.50
2.49
2.47
2.48
2.48
2.50
2.50
2.53
2.55
2.53
2.52
2.54
2.54
2.54
2.54
2.54
2.55
2.56
2.55
2.56
2.57
2.58
2.58
2.58
2.58
2.59
2.57
2.57
2.57
2.60
2.61
2.63
2.63
2.61
2.62
2.62
2.61
2.62
2.61
2.60
2.58
2.58
2.59
2.59
2.58
2.59
2.58
2.58
2.56
2.57
2.58
2.58
2.58
2.58
2.57
2.56
2.58
2.57
2.57
2.57
2.56
2.57
2.56
2.56
2.54
2.54
2.54
2.55
2.55
2.55
2.55
2.57
2.56
2.55
2.54
2.54
2.56
2.55
2.57
2.56
2.55
2.55
2.54
2.54
2.54
2.54
2.54
2.55
2.56
2.57
2.58
2.56
2.55
2.57
2.57
2.57
2.56
2.57
2.56
2.56
2.57
2.56
2.58
2.60
2.60
2.60
2.59
2.59
2.59
2.60
2.61
2.61
2.63
2.61
2.62
2.61
2.61
2.63
2.63
2.63
2.63
2.64
2.64
2.66
2.65
2.65
2.65
2.65
2.65
2.65
2.65
2.64
2.63
2.65
2.64
2.65
2.65
2.64
2.65
2.65
2.66
2.67
2.68
2.68
2.68
2.68
2.69
2.69
2.68
2.67
2.67
2.66
2.66
2.65
2.64
2.66
2.65
2.66
2.67
2.66
2.65
2.65
2.66
2.66
2.65
2.67
2.66
2.65
2.65
2.65
2.66
2.67
2.66
2.66
2.65
2.64
2.65
2.66
2.66
2.66
2.65
2.65
2.65
2.65
2.65
2.65
2.64
2.65
2.65
2.64
2.64
2.64
2.63
2.64
2.64
2.64
2.63
2.63
2.63
2.62
2.63
2.62
2.61
2.62
2.62
2.63
2.62
2.62
2.63
2.62
2.62
2.62
2.62
2.62
2.61
2.61
2.61
2.60
2.59
2.60
2.61
2.61
2.60
2.60
2.59
2.59
2.58
2.58
2.57
2.57
2.56
2.57
2.58
2.57
2.57
2.57
2.56
2.56
2.56
2.55
2.55
2.55
2.56
2.55
2.56
2.55
2.55
2.55
2.55
2.55
2.54
2.54
2.54
2.54
2.55
2.54
2.55
2.55
2.54
2.54
2.55
2.56
2.55
2.55
2.55
2.55
2.55
2.55
2.56
2.55
2.55
2.55
2.55
2.55
2.55
2.54
2.55
2.54
2.54
2.54
2.53
2.54
2.54
2.53
2.54
2.54
2.54
2.54
2.55
2.56
2.57
2.56
2.55
2.56
2.55
2.55
2.54
2.55
2.54
2.54
2.54
2.54
2.55
2.55
2.54
2.54
2.54
2.55
2.55
2.55
2.55
2.56
2.56
2.56
2.56
2.56
2.56
2.57
2.57
2.56
2.57
2.57
2.58
2.58
2.58
2.58
2.59
2.59
2.58
2.59
2.59
2.60
2.60
2.60
2.61
2.61
2.61
2.61
2.62
2.62
2.61
2.62
2.61
2.62
2.62
2.62
2.62
2.62
2.61
2.61
2.61
2.61
2.61
2.61
2.62
2.63
2.63
2.64
2.64
2.64
2.65
2.65
2.65
2.65
2.65
2.64
2.65
2.65
2.65
2.65
2.64
2.64
2.64
2.64
2.64
2.64
2.64
2.65
2.64
2.65
2.65
2.64
2.64
2.64
2.64
2.64
2.64
2.64
2.64
2.64
2.64
2.64
2.64
2.64
2.64
2.63
2.64
2.64
2.64
2.63
2.63
2.64
2.64
2.64
2.64
2.64
2.64
2.63
2.63
2.63
2.63
2.63
2.64
2.63
2.63
2.63
2.63
2.63
2.63
2.64
2.64
2.64
2.63
2.63
2.63
2.63
2.63
2.63
2.63
2.64
2.63
2.63
2.63
2.63
2.63
2.63
2.63
2.63
2.63
2.63
2.63
2.64
2.64
2.64
2.64
2.64
2.64
2.64
2.65
2.65
2.66
2.66
2.66
2.66
2.66
2.66
2.66
2.66
2.66
2.65
2.66
2.66
2.66
2.66
2.66
2.66
2.65
2.65
2.65
2.65
2.65
2.66
2.66
2.66
2.66
2.66
2.66
2.66
2.66
2.66
2.66
2.66
2.66
2.66
2.66
2.66
2.65
2.65
2.65
2.65
2.65
2.66
2.66
2.66
2.66
2.66
2.67
2.67
2.67
2.67
2.67
2.67
2.67
2.67
2.68
2.67
2.67
2.67
2.67
2.67
2.67
2.67
2.67
2.67
2.67
2.66
2.67
2.67
2.68
2.68
2.67
2.68
2.68
2.68
2.68
2.68
2.68
2.68
2.68
2.68
2.67
2.68
2.68
2.68
2.68
2.69
2.69
2.69
2.68
2.68
2.69
2.68
2.68
2.68
2.68
2.67
2.68
2.68
2.68
2.68
2.68
2.68
2.67
2.68
2.68
2.68
2.68
2.68
2.68
2.68
2.68
2.68
2.68
2.68
2.67
2.68
2.68
2.68
2.68
2.68
2.68
2.68
2.69
2.69
2.68
2.68
2.68
2.68
2.68
2.68
2.68
2.68
2.68
2.67
2.68
2.68
2.68
2.67
2.67
2.67
2.67
2.67
2.67
2.67
2.67
2.68
2.68
2.68
2.68
2.67
2.67
2.67
2.67
2.67
2.67
2.67
2.67
2.67
2.67
2.67
2.67
2.67
2.67
2.66
2.67
2.67
2.67
2.67
2.67
2.68
2.67
2.67
2.67
2.67
2.66
2.66
2.67
2.66
2.67
2.68
2.68
2.68
2.68
2.68
2.68
2.68
2.68
2.69
2.69
2.68
2.68
2.68
2.68
2.68
2.68
2.68
2.68
2.68
