6.25
7.81
5.73
6.25
5.31
5.47
5.36
5.27
5.90
6.25
6.25
6.25
6.37
6.36
6.46
6.64
6.89
6.94
6.99
6.95
6.99
6.89
7.00
6.90
6.75
6.91
7.00
6.98
6.95
7.08
7.11
7.08
7.20
7.08
6.96
7.16
7.09
7.03
7.01
7.03
7.01
7.03
7.09
7.21
7.26
7.27
7.28
7.26
7.33
7.37
7.35
7.33
7.28
7.26
7.22
7.42
7.46
7.49
7.47
7.50
7.61
7.61
7.64
7.64
7.67
7.65
7.72
7.72
7.77
7.79
7.72
7.70
7.75
7.75
7.73
7.65
7.67
7.67
7.59
7.64
7.58
7.66
7.74
7.70
7.76
7.69
7.65
7.62
7.57
7.55
7.55
7.63
7.66
7.61
7.65
7.63
7.68
7.64
7.69
7.67
7.67
7.64
7.65
7.65
7.63
7.61
7.58
7.54
7.57
7.59
7.56
7.53
7.55
7.51
7.50
7.54
7.51
7.48
7.51
7.51
7.50
7.48
7.46
7.45
7.40
7.43
7.41
7.42
7.42
7.40
7.37
7.37
7.39
7.36
7.35
7.34
7.33
7.31
7.31
7.29
7.27
7.26
7.24
7.24
7.27
7.26
7.26
7.22
7.23
7.21
7.19
7.25
7.25
7.21
7.21
7.20
7.24
7.21
7.19
7.20
7.19
7.21
7.22
7.21
7.23
7.25
7.21
7.24
7.22
7.23
7.20
7.19
7.17
7.20
7.18
7.17
7.17
7.16
7.17
7.20
7.19
7.22
7.23
7.22
7.21
7.20
7.21
7.21
7.23
7.26
7.26
7.26
7.27
7.27
7.28
7.28
7.31
7.31
7.33
7.34
7.32
7.35
7.32
7.31
7.34
7.36
7.35
7.34
7.36
7.40
7.43
7.41
7.38
7.40
7.38
7.39
7.39
7.40
7.40
7.40
7.42
7.42
7.42
7.44
7.43
7.43
7.42
7.42
7.42
7.43
7.45
7.46
7.49
7.49
7.47
7.45
7.44
7.42
7.43
7.43
7.42
7.44
7.45
7.43
7.42
7.42
7.41
7.40
7.40
7.40
7.38
7.39
7.40
7.41
7.41
7.41
7.41
7.41
7.41
7.40
7.39
7.40
7.39
7.39
7.38
7.37
7.36
7.36
7.37
7.35
7.36
7.37
7.35
7.35
7.34
7.35
7.33
7.37
7.36
7.35
7.33
7.33
7.33
7.33
7.34
7.34
7.34
7.35
7.34
7.35
7.37
7.38
7.41
7.41
7.41
7.42
7.40
7.39
7.38
7.38
7.40
7.39
7.38
7.38
7.38
7.36
7.35
7.36
7.36
7.36
7.36
7.36
7.35
7.34
7.36
7.35
7.35
7.35
7.34
7.35
7.35
7.34
7.35
7.35
7.38
7.37
7.37
7.38
7.39
7.38
7.37
7.37
7.39
7.40
7.39
7.38
7.38
7.36
7.37
7.36
7.38
7.36
7.35
7.35
7.36
7.37
7.35
7.35
7.36
7.35
7.38
7.39
7.37
7.37
7.39
7.40
7.41
7.42
7.43
7.42
7.42
7.42
7.40
7.41
7.41
7.41
7.41
7.40
7.41
7.41
7.43
7.44
7.42
7.43
7.43
7.43
7.43
7.43
7.43
7.45
7.45
7.45
7.45
7.44
7.44
7.44
7.47
7.47
7.46
7.46
7.47
7.46
7.46
7.45
7.46
7.46
7.48
7.48
7.49
7.48
7.47
7.46
7.46
7.46
7.46
7.45
7.45
7.46
7.46
7.45
7.46
7.45
7.44
7.44
7.45
7.45
7.46
7.45
7.44
7.43
7.45
7.43
7.43
7.43
7.42
7.44
7.44
7.45
7.44
7.44
7.45
7.45
7.45
7.45
7.45
7.44
7.45
7.45
7.46
7.48
7.47
7.46
7.47
7.49
7.48
7.49
7.50
7.49
7.48
7.47
7.47
7.47
7.46
7.45
7.45
7.44
7.44
7.45
7.43
7.44
7.44
7.44
7.44
7.46
7.46
7.47
7.47
7.48
7.48
7.48
7.47
7.47
7.48
7.48
7.49
7.48
7.50
7.50
7.50
7.50
7.51
7.50
7.49
7.48
7.48
7.47
7.48
7.48
7.47
7.47
7.48
7.47
7.47
7.46
7.47
7.47
7.48
7.49
7.48
7.47
7.47
7.46
7.46
7.47
7.46
7.45
7.45
7.45
7.45
7.44
7.45
7.44
7.43
7.43
7.44
7.43
7.44
7.44
7.45
7.45
7.46
7.46
7.45
7.44
7.44
7.44
7.44
7.44
7.44
7.43
7.43
7.43
7.43
7.43
7.42
7.42
7.42
7.42
7.42
7.42
7.43
7.43
7.44
7.44
7.44
7.43
7.42
7.41
7.41
7.42
7.42
7.43
7.42
7.41
7.41
7.40
7.39
7.40
7.39
7.38
7.38
7.38
7.38
7.37
7.37
7.38
7.39
7.38
7.38
7.38
7.37
7.37
7.37
7.37
7.37
7.37
7.36
7.36
7.37
7.36
7.36
7.36
7.36
7.37
7.38
7.37
7.36
7.36
7.37
7.38
7.38
7.37
7.37
7.37
7.36
7.37
7.37
7.37
7.37
7.38
7.39
7.40
7.41
7.41
7.41
7.41
7.41
7.41
7.41
7.41
7.41
7.41
7.40
7.41
7.41
7.41
7.40
7.41
7.40
7.39
7.40
7.41
7.40
7.40
7.40
7.41
7.41
7.40
7.39
7.40
7.40
7.41
7.41
7.41
7.40
7.40
7.42
7.42
7.42
7.42
7.42
7.42
7.42
7.42
7.42
7.42
7.42
7.41
7.41
7.41
7.41
7.41
7.42
7.42
7.42
7.42
7.42
7.41
7.41
7.42
7.42
7.42
7.41
7.41
7.42
7.41
7.43
7.44
7.44
7.44
7.44
7.43
7.42
7.42
7.42
7.42
7.42
7.42
7.42
7.41
7.41
7.41
7.40
7.40
7.40
7.41
7.42
7.41
7.42
7.42
7.42
7.42
7.41
7.41
7.41
7.41
7.41
7.41
7.41
7.41
7.42
7.42
7.42
7.42
7.43
7.42
7.42
7.42
7.42
7.42
7.42
7.42
7.41
7.41
7.41
7.40
7.42
7.41
7.41
7.41
7.41
7.41
7.41
7.40
7.41
7.41
7.41
7.41
7.42
7.41
7.41
7.42
7.42
7.41
7.41
7.41
7.41
7.40
7.40
7.40
7.40
7.40
7.40
7.39
7.40
7.39
7.40
7.40
7.40
7.41
7.40
7.40
7.40
7.40
7.40
7.40
7.39
7.39
7.40
7.40
7.40
7.40
7.41
7.40
7.40
7.40
7.39
7.40
7.40
7.40
7.41
7.41
7.41
7.41
7.41
7.41
7.42
7.42
7.41
7.42
7.41
7.41
