76.56
78.12
78.12
78.91
77.19
77.60
75.89
76.76
76.56
76.88
77.27
77.60
77.28
77.57
76.88
76.37
76.84
76.56
76.64
76.80
76.64
76.70
76.56
76.24
76.12
75.96
76.04
76.12
76.24
76.30
76.31
76.12
76.14
76.19
76.34
76.17
76.48
76.69
76.60
76.60
76.71
76.71
76.67
76.63
76.63
76.66
76.63
76.63
76.75
76.69
76.59
76.56
76.77
76.77
76.88
76.79
76.86
76.80
76.85
76.93
76.90
76.97
76.86
76.90
76.92
76.85
76.89
76.93
76.92
76.88
76.72
76.78
76.80
76.86
76.98
76.99
76.95
77.00
76.94
76.99
76.87
76.83
76.66
76.66
76.80
76.76
76.74
76.74
76.79
76.65
76.60
76.48
76.50
76.45
76.35
76.30
76.30
76.42
76.39
76.33
76.41
76.30
76.32
76.31
76.40
76.42
76.42
76.40
76.42
76.41
76.35
76.42
76.44
76.44
76.45
76.45
76.44
76.52
76.50
76.46
76.45
76.45
76.46
76.39
76.33
76.31
76.32
76.29
76.26
76.25
76.25
76.25
76.23
76.31
76.34
76.34
76.35
76.35
76.41
76.42
76.43
76.45
76.48
76.46
76.48
76.51
76.55
76.55
76.48
76.49
76.54
76.58
76.63
76.62
76.60
76.64
76.66
76.68
76.68
76.64
76.62
76.59
76.60
76.54
76.53
76.52
76.46
76.42
76.41
76.50
76.52
76.48
76.47
76.50
76.50
76.55
76.55
76.56
76.56
76.53
76.55
76.56
76.54
76.51
76.56
76.56
76.58
76.54
76.52
76.50
76.52
76.55
76.56
76.60
76.58
76.55
76.55
76.60
76.63
76.69
76.69
76.69
76.72
76.75
76.71
76.71
76.72
76.69
76.63
76.59
76.58
76.59
76.59
76.58
76.60
76.57
76.55
76.51
76.50
76.51
76.57
76.53
76.55
76.56
76.56
76.56
76.55
76.54
76.56
76.53
76.53
76.55
76.55
76.55
76.58
76.57
76.56
76.60
76.56
76.56
76.60
76.59
76.59
76.61
76.66
76.66
76.68
76.64
76.66
76.66
76.67
76.67
76.69
76.67
76.66
76.67
76.68
76.68
76.66
76.66
76.66
76.65
76.63
76.63
76.63
76.62
76.64
76.63
76.66
76.66
76.68
76.68
76.63
76.59
76.61
76.58
76.60
76.61
76.58
76.60
76.61
76.63
76.65
76.64
76.66
76.69
76.68
76.68
76.66
76.64
76.63
76.65
76.64
76.64
76.63
76.63
76.60
76.62
76.64
76.65
76.64
76.65
76.66
76.66
76.66
76.68
76.66
76.65
76.65
76.63
76.62
76.64
76.65
76.65
76.64
76.65
76.67
76.67
76.68
76.68
76.69
76.70
76.69
76.70
76.73
76.73
76.74
76.74
76.75
76.70
76.70
76.69
76.68
76.68
76.69
76.68
76.70
76.71
76.72
76.70
76.70
76.70
76.67
76.68
76.70
76.72
76.70
76.71
76.68
76.67
76.67
76.66
76.66
76.65
76.62
76.61
76.61
76.63
76.61
76.62
76.62
76.61
76.64
76.63
76.61
76.62
76.59
76.56
76.58
76.57
76.57
76.58
76.58
76.56
76.57
76.57
76.57
76.55
76.57
76.55
76.57
76.56
76.55
76.57
76.56
76.58
76.59
76.58
76.59
76.59
76.58
76.59
76.57
76.56
76.58
76.60
76.57
76.57
76.57
76.57
76.59
76.58
76.58
76.57
76.56
76.55
76.55
76.54
76.54
76.55
76.56
76.57
76.59
76.59
76.59
76.59
76.59
76.58
76.58
76.58
76.56
76.56
76.56
76.56
76.57
76.55
76.56
76.53
76.53
76.53
76.53
76.51
76.49
76.50
76.51
76.51
76.49
76.48
76.46
76.46
76.46
76.47
76.44
76.44
76.43
76.43
76.42
76.42
76.45
76.47
76.47
76.46
76.45
76.45
76.45
76.44
76.46
76.46
76.47
76.47
76.46
76.46
76.46
76.46
76.46
76.45
76.46
76.44
76.42
76.43
76.42
76.42
76.42
76.43
76.43
76.41
76.39
76.39
76.40
76.41
76.41
76.38
76.39
76.38
76.37
76.37
76.34
76.34
76.33
76.33
76.35
76.36
76.37
76.38
76.40
76.40
76.41
76.43
76.42
76.42
76.43
76.44
76.44
76.42
76.43
76.42
76.42
76.44
76.44
76.44
76.43
76.43
76.40
76.40
76.38
76.38
76.38
76.39
76.41
76.42
76.42
76.41
76.40
76.40
76.40
76.39
76.38
76.40
76.40
76.40
76.40
76.40
76.42
76.42
76.43
76.43
76.46
76.45
76.44
76.43
76.43
76.42
76.44
76.44
76.46
76.47
76.47
76.46
76.45
76.43
76.42
76.42
76.42
76.42
76.40
76.42
76.41
76.43
76.41
76.41
76.41
76.39
76.40
76.42
76.41
76.41
76.42
76.41
76.42
76.40
76.39
76.40
76.39
76.38
76.39
76.38
76.37
76.37
76.36
76.37
76.37
76.36
76.34
76.35
76.34
76.35
76.36
76.37
76.37
76.38
76.38
76.39
76.39
76.38
76.40
76.40
76.39
76.39
76.39
76.40
76.40
76.40
76.40
76.39
76.39
76.39
76.39
76.38
76.37
76.35
76.35
76.35
76.33
76.33
76.34
76.33
76.32
76.33
76.33
76.33
76.34
76.34
76.34
76.36
76.35
76.35
76.35
76.35
76.37
76.35
76.33
76.33
76.32
76.34
76.35
76.34
76.34
76.34
76.35
76.36
76.36
76.35
76.35
76.36
76.36
76.38
76.39
76.40
76.40
76.42
76.43
76.45
76.43
76.43
76.42
76.41
76.41
76.41
76.40
76.40
76.39
76.39
76.38
76.37
76.37
76.36
76.36
76.38
76.39
76.38
76.37
76.37
76.37
76.38
76.39
76.39
76.40
76.40
76.40
76.40
76.40
76.40
76.39
76.40
76.39
76.40
76.40
76.40
76.41
76.41
76.40
76.40
76.39
76.39
76.40
76.41
76.42
76.42
76.43
76.43
76.41
76.40
76.40
76.40
76.40
76.39
76.39
76.39
76.38
76.40
76.39
76.40
76.41
76.41
76.42
76.42
76.42
76.42
76.42
76.42
76.40
76.41
76.40
76.40
76.39
76.39
76.39
76.39
76.39
76.39
76.39
76.38
76.38
76.40
76.39
76.40
76.40
76.41
76.41
76.41
76.41
76.42
76.41
76.42
76.42
76.42
76.41
76.40
76.39
76.39
76.39
76.39
76.39
76.39
76.39
76.39
76.37
76.36
76.37
76.37
76.37
76.38
76.39
76.38
76.39
76.41
76.41
76.41
76.41
76.41
76.42
76.42
76.43
76.43
76.43
76.42
76.43
76.43
76.44
76.44
76.44
76.36
