87.50
79.69
77.60
80.47
80.62
80.47
80.13
80.86
80.56
80.31
80.82
81.38
81.25
81.58
81.88
82.03
81.53
81.34
81.66
81.17
80.80
80.61
80.37
79.95
80.06
80.29
80.44
80.58
80.60
80.73
80.95
80.86
80.68
80.56
80.58
80.64
80.91
80.76
80.77
80.98
80.83
80.77
80.81
80.97
81.11
81.15
81.08
80.92
80.96
80.75
80.61
80.50
80.45
80.53
80.31
80.36
80.32
80.33
80.35
80.34
80.33
80.27
80.33
80.15
80.07
80.11
80.08
80.17
80.12
79.84
79.73
79.75
79.77
79.77
79.75
79.65
79.55
79.59
79.63
79.73
79.76
79.67
79.69
79.71
79.71
79.74
79.62
79.63
79.67
79.67
79.64
79.60
79.55
79.55
79.59
79.65
79.67
79.61
79.64
79.70
79.72
79.75
79.76
79.79
79.90
79.83
79.72
79.75
79.83
79.86
79.91
79.90
79.95
79.91
79.86
79.86
79.86
79.95
79.96
79.96
79.98
80.03
80.07
80.05
80.03
79.91
79.91
79.93
79.94
79.81
79.78
79.79
79.79
79.78
79.80
79.74
79.80
79.82
79.82
79.84
79.85
79.83
79.80
79.80
79.84
79.84
79.86
79.82
79.83
79.80
79.78
79.77
79.82
79.76
79.71
79.72
79.74
79.73
79.74
79.74
79.70
79.73
79.75
79.78
79.79
79.75
79.73
79.77
79.76
79.74
79.78
79.74
79.73
79.71
79.75
79.77
79.75
79.72
79.71
79.70
79.67
79.67
79.70
79.67
79.66
79.65
79.65
79.63
79.65
79.65
79.60
79.63
79.63
79.65
79.61
79.62
79.64
79.63
79.64
79.66
79.59
79.56
79.56
79.55
79.54
79.55
79.54
79.55
79.55
79.52
79.52
79.53
79.53
79.50
79.48
79.52
79.51
79.49
79.52
79.55
79.58
79.60
79.59
79.61
79.65
79.61
79.59
79.58
79.56
79.59
79.59
79.55
79.51
79.50
79.47
79.48
79.50
79.48
79.47
79.46
79.46
79.46
79.46
79.46
79.47
79.48
79.51
79.53
79.50
79.51
79.51
79.54
79.56
79.58
79.58
79.55
79.56
79.54
79.57
79.60
79.62
79.64
79.62
79.61
79.63
79.62
79.65
79.66
79.66
79.66
79.69
79.72
79.73
79.72
79.72
79.74
79.73
79.74
79.77
79.79
79.77
79.80
79.81
79.81
79.82
79.82
79.81
79.80
79.80
79.78
79.78
79.75
79.75
79.76
79.76
79.76
79.78
79.78
79.80
79.82
79.81
79.81
79.81
79.82
79.78
79.77
79.75
79.74
79.74
79.72
79.71
79.73
79.69
79.69
79.71
79.70
79.69
79.66
79.68
79.66
79.65
79.66
79.66
79.64
79.62
79.63
79.65
79.66
79.67
79.67
79.68
79.69
79.68
79.67
79.68
79.69
79.68
79.70
79.68
79.65
79.62
79.61
79.61
79.58
79.59
79.60
79.62
79.65
79.64
79.68
79.67
79.68
79.67
79.67
79.71
79.74
79.73
79.73
79.73
79.72
79.74
79.76
79.74
79.76
79.78
79.78
79.78
79.78
79.79
79.81
79.81
79.81
79.84
79.85
79.85
79.85
79.88
79.88
79.90
79.89
79.89
79.90
79.91
79.88
79.88
79.88
79.87
79.86
79.84
79.83
79.84
79.83
79.83
79.84
79.84
79.85
79.86
79.87
79.86
79.85
79.84
79.83
79.83
79.84
79.85
79.84
79.84
79.83
79.82
79.82
79.82
79.83
79.84
79.86
79.87
79.88
79.86
79.85
79.86
79.86
79.85
79.85
79.85
79.83
79.83
79.83
79.84
79.84
79.85
79.85
79.87
79.87
79.86
79.87
79.87
79.85
79.86
79.86
79.87
79.87
79.87
79.87
79.90
79.90
79.91
79.90
79.88
79.88
79.89
79.91
79.92
79.91
79.92
79.92
79.91
79.91
79.91
79.91
79.90
79.90
79.91
79.90
79.88
79.88
79.89
79.91
79.90
79.91
79.88
79.88
79.89
79.89
79.90
79.88
79.87
79.88
79.89
79.90
79.91
79.90
79.91
79.89
79.89
79.91
79.93
79.93
79.93
79.93
79.92
79.92
79.90
79.89
79.90
79.91
79.91
79.91
79.90
79.91
79.91
79.92
79.92
79.93
79.93
79.92
79.91
79.92
79.92
79.92
79.90
79.89
79.89
79.90
79.90
79.89
79.89
79.88
79.88
79.89
79.90
79.88
79.89
79.89
79.89
79.90
79.89
79.90
79.90
79.92
79.92
79.93
79.93
79.93
79.93
79.94
79.93
79.92
79.94
79.93
79.93
79.94
79.94
79.93
79.92
79.94
79.94
79.94
79.96
79.96
79.98
79.97
79.98
80.00
80.00
80.00
80.01
79.99
79.98
79.98
79.97
79.97
79.98
79.99
80.00
79.99
79.98
79.97
79.97
79.97
79.96
79.96
79.96
79.95
79.94
79.95
79.96
79.96
79.97
79.97
79.98
79.98
79.99
79.99
80.00
79.99
79.98
79.99
79.99
79.99
79.97
79.96
79.97
79.97
79.98
79.98
79.97
79.97
79.98
79.98
80.01
80.02
80.02
80.01
80.02
80.01
80.01
80.00
79.99
80.00
80.01
80.01
80.01
80.01
80.01
80.02
80.02
80.02
80.01
80.01
80.00
80.00
80.00
80.00
80.00
80.01
80.01
80.03
80.02
80.01
80.01
80.02
80.01
79.99
79.99
79.99
79.99
79.98
79.97
79.98
79.98
79.98
79.99
79.98
79.98
79.97
79.96
79.96
79.96
79.95
79.96
79.95
79.96
79.97
79.96
79.96
79.97
79.97
79.95
79.95
79.95
79.96
79.96
79.96
79.94
79.95
79.96
79.96
79.97
79.97
79.97
79.96
79.96
79.96
79.96
79.96
79.95
79.96
79.94
79.94
79.95
79.94
79.94
79.93
79.93
79.93
79.93
79.94
79.94
79.94
79.94
79.94
79.94
79.93
79.93
79.94
79.93
79.94
79.93
79.95
79.94
79.95
79.94
79.94
79.93
79.94
79.93
79.93
79.92
79.91
79.92
79.91
79.93
79.93
79.94
79.94
79.95
79.95
79.96
79.96
79.95
79.96
79.96
79.96
79.97
79.97
79.97
79.97
79.97
79.98
79.98
79.98
79.98
79.98
79.98
79.98
79.98
79.98
79.98
79.98
79.98
79.98
79.98
79.99
79.99
80.00
80.01
80.01
80.00
80.00
80.01
80.01
80.02
80.03
80.03
80.04
80.04
80.04
80.05
80.06
80.06
80.06
80.06
80.07
80.07
80.07
80.08
80.07
80.08
80.08
80.09
80.09
80.09
80.09
80.09
80.09
80.09
80.10
80.10
80.10
80.09
80.08
80.09
80.02
