78.12
78.91
76.56
75.39
75.00
74.22
75.45
76.37
76.39
76.56
75.85
76.17
75.84
76.34
76.67
76.76
76.38
76.30
76.48
76.02
76.64
76.70
76.90
77.28
77.19
77.58
77.26
77.29
77.10
77.14
77.02
76.71
77.04
76.98
77.10
77.17
77.32
77.18
77.40
77.50
77.55
77.53
77.47
77.49
77.50
77.41
77.36
77.38
77.46
77.28
77.24
77.10
77.06
77.14
77.16
77.15
77.17
77.13
77.15
77.14
77.20
77.24
77.31
77.29
77.33
77.27
77.26
77.16
77.20
77.21
77.33
77.37
77.29
77.32
77.29
77.34
77.39
77.46
77.53
77.40
77.37
77.31
77.28
77.33
77.37
77.22
77.28
77.36
77.32
77.41
77.42
77.43
77.50
77.48
77.52
77.49
77.53
77.55
77.56
77.55
77.52
77.51
77.49
77.46
77.49
77.43
77.41
77.43
77.47
77.53
77.55
77.50
77.45
77.37
77.38
77.40
77.32
77.38
77.38
77.40
77.26
77.29
77.25
77.24
77.19
77.23
77.23
77.23
77.14
77.18
77.17
77.15
77.08
77.13
77.13
77.17
77.16
77.15
77.11
77.21
77.21
77.24
77.33
77.32
77.30
77.33
77.33
77.31
77.36
77.33
77.26
77.22
77.24
77.28
77.30
77.29
77.29
77.33
77.28
77.28
77.27
77.30
77.32
77.32
77.35
77.42
77.39
77.42
77.37
77.42
77.38
77.41
77.38
77.39
77.40
77.41
77.44
77.46
77.51
77.49
77.49
77.49
77.46
77.45
77.47
77.42
77.43
77.49
77.55
77.54
77.53
77.56
77.56
77.56
77.56
77.57
77.57
77.52
77.53
77.55
77.57
77.61
77.66
77.67
77.71
77.72
77.73
77.73
77.76
77.76
77.70
77.75
77.74
77.76
77.74
77.79
77.84
77.82
77.77
77.78
77.79
77.77
77.77
77.76
77.75
77.75
77.71
77.75
77.70
77.70
77.69
77.71
77.71
77.74
77.74
77.74
77.76
77.76
77.75
77.75
77.77
77.78
77.77
77.77
77.81
77.81
77.82
77.82
77.82
77.85
77.83
77.86
77.86
77.87
77.90
77.90
77.88
77.86
77.87
77.87
77.88
77.90
77.92
77.91
77.88
77.90
77.91
77.89
77.90
77.92
77.89
77.92
77.92
77.94
77.93
77.94
77.96
77.96
77.95
77.95
77.95
77.95
77.95
77.95
77.97
77.97
77.96
77.96
77.96
77.95
77.96
77.96
77.98
77.98
77.97
77.97
77.98
77.97
77.98
77.96
77.97
77.96
77.95
77.98
78.01
78.04
78.03
78.04
78.06
78.09
78.06
78.09
78.08
78.05
78.03
78.02
78.00
78.02
78.02
78.02
78.03
78.04
78.04
78.02
78.02
78.00
77.96
77.97
77.97
77.97
77.98
77.97
77.96
77.95
77.97
77.97
77.97
77.97
77.98
77.98
78.00
77.99
77.98
77.99
78.01
78.01
77.99
77.98
77.96
77.96
77.95
77.96
77.94
77.92
77.90
77.87
77.89
77.88
77.87
77.87
77.89
77.90
77.90
77.91
77.92
77.90
77.90
77.92
77.90
77.87
77.88
77.89
77.87
77.87
77.87
77.89
77.89
77.91
77.90
77.90
77.90
77.89
77.88
77.89
77.89
77.89
77.88
77.89
77.88
77.88
77.89
77.87
77.88
77.87
77.86
77.87
77.88
77.87
77.89
77.89
77.89
77.89
77.89
77.90
77.90
77.89
77.88
77.85
77.83
77.85
77.83
77.84
77.85
77.86
77.85
77.86
77.86
77.84
77.83
77.82
77.80
77.82
77.81
77.82
77.84
77.82
77.82
77.82
77.82
77.83
77.82
77.85
77.86
77.85
77.81
77.81
77.80
77.80
77.81
77.81
77.81
77.82
77.84
77.85
77.89
77.87
77.86
77.87
77.85
77.84
77.83
77.82
77.82
77.83
77.82
77.83
77.83
77.83
77.82
77.80
77.79
77.78
77.79
77.78
77.79
77.79
77.80
77.81
77.79
77.80
77.79
77.77
77.77
77.78
77.76
77.78
77.77
77.77
77.78
77.77
77.76
77.77
77.76
77.77
77.76
77.76
77.77
77.79
77.80
77.81
77.81
77.81
77.80
77.79
77.81
77.80
77.82
77.83
77.83
77.83
77.85
77.84
77.85
77.85
77.84
77.86
77.85
77.86
77.85
77.87
77.85
77.84
77.86
77.86
77.85
77.86
77.86
77.85
77.86
77.87
77.87
77.87
77.87
77.87
77.87
77.87
77.87
77.86
77.85
77.86
77.86
77.85
77.85
77.84
77.82
77.82
77.82
77.81
77.82
77.82
77.82
77.81
77.81
77.81
77.80
77.80
77.79
77.77
77.77
77.78
77.78
77.78
77.78
77.78
77.77
77.78
77.77
77.78
77.78
77.78
77.78
77.79
77.78
77.77
77.78
77.78
77.78
77.78
77.78
77.79
77.78
77.80
77.78
77.79
77.79
77.79
77.79
77.79
77.78
77.79
77.80
77.80
77.80
77.79
77.78
77.78
77.78
77.77
77.79
77.78
77.77
77.76
77.77
77.75
77.76
77.76
77.77
77.78
77.79
77.80
77.78
77.80
77.79
77.79
77.79
77.79
77.80
77.80
77.80
77.80
77.80
77.80
77.80
77.80
77.80
77.80
77.80
77.79
77.78
77.80
77.79
77.80
77.81
77.83
77.84
77.83
77.83
77.83
77.83
77.84
77.85
77.84
77.84
77.86
77.85
77.85
77.85
77.87
77.86
77.86
77.86
77.86
77.86
77.87
77.87
77.86
77.86
77.87
77.87
77.86
77.85
77.84
77.83
77.84
77.85
77.84
77.84
77.83
77.82
77.82
77.83
77.83
77.83
77.82
77.83
77.84
77.85
77.85
77.85
77.84
77.84
77.85
77.84
77.84
77.84
77.85
77.84
77.85
77.85
77.86
77.86
77.87
77.87
77.87
77.87
77.87
77.85
77.85
77.85
77.85
77.86
77.86
77.85
77.85
77.86
77.86
77.87
77.87
77.87
77.87
77.87
77.86
77.86
77.85
77.83
77.84
77.85
77.84
77.83
77.83
77.82
77.82
77.81
77.81
77.81
77.81
77.81
77.81
77.81
77.81
77.81
77.81
77.81
77.81
77.81
77.82
77.82
77.82
77.82
77.83
77.84
77.84
77.84
77.82
77.84
77.84
77.84
77.84
77.84
77.85
77.84
77.84
77.84
77.84
77.85
77.84
77.84
77.84
77.85
77.85
77.85
77.85
77.84
77.84
77.84
77.85
77.85
77.85
77.85
77.85
77.85
77.85
77.84
77.85
77.84
77.84
77.84
77.85
77.86
77.86
77.87
77.87
77.86
77.86
77.86
77.85
77.85
77.85
77.85
77.86
77.85
77.77
