79.69
78.12
76.56
76.17
76.56
77.34
77.46
76.95
77.60
77.34
77.70
77.86
78.00
78.01
78.12
78.71
79.32
79.43
79.77
79.53
79.39
79.47
79.62
79.43
79.44
79.39
79.40
78.96
78.83
79.06
79.03
79.30
79.45
79.32
79.38
79.43
79.39
79.52
79.41
79.34
79.34
79.28
79.25
79.26
79.27
79.45
79.36
79.46
79.43
79.38
79.44
79.51
79.51
79.48
79.60
79.55
79.47
79.50
79.53
79.48
79.38
79.33
79.32
79.35
79.33
79.36
79.41
79.46
79.51
79.51
79.58
79.56
79.54
79.52
79.56
79.58
79.67
79.79
79.89
79.73
79.69
79.69
79.69
79.67
79.71
79.63
79.63
79.69
79.78
79.79
79.79
79.76
79.75
79.82
79.77
79.87
79.85
79.78
79.78
79.80
79.75
79.72
79.78
79.76
79.73
79.76
79.79
79.82
79.87
79.87
79.88
79.91
80.02
80.03
80.04
80.08
80.05
80.02
79.98
79.96
79.97
79.96
80.04
80.07
80.04
80.05
80.02
80.03
80.08
80.02
80.00
80.03
80.05
80.00
80.01
80.03
80.05
80.07
80.04
80.00
79.99
79.96
79.91
79.89
79.91
79.92
79.89
79.86
79.83
79.88
79.92
79.89
79.89
79.91
79.96
79.99
80.01
80.02
79.97
79.98
79.99
79.93
79.97
79.95
79.94
79.95
79.99
80.02
80.00
80.01
80.03
80.01
80.00
80.00
80.04
80.08
80.12
80.06
80.10
80.09
80.10
80.13
80.11
80.09
80.11
80.11
80.07
80.10
80.09
80.10
80.15
80.17
80.17
80.18
80.18
80.17
80.16
80.15
80.16
80.12
80.11
80.10
80.06
80.03
80.05
80.07
80.05
80.01
80.01
79.94
79.94
79.95
79.99
80.01
80.01
80.03
80.04
80.06
80.04
80.00
80.01
80.01
80.00
80.03
80.03
80.05
80.05
80.06
80.10
80.09
80.08
80.08
80.08
80.09
80.10
80.10
80.12
80.12
80.16
80.17
80.20
80.18
80.20
80.23
80.24
80.27
80.26
80.26
80.26
80.28
80.31
80.30
80.32
80.30
80.30
80.29
80.33
80.32
80.33
80.32
80.33
80.32
80.34
80.33
80.34
80.35
80.31
80.32
80.33
80.31
80.34
80.29
80.29
80.27
80.28
80.24
80.22
80.21
80.20
80.21
80.22
80.20
80.17
80.18
80.19
80.22
80.20
80.21
80.20
80.17
80.20
80.19
80.17
80.14
80.14
80.15
80.15
80.14
80.16
80.15
80.15
80.14
80.15
80.16
80.17
80.14
80.15
80.13
80.14
80.11
80.11
80.09
80.06
80.06
80.05
80.04
80.03
80.01
80.03
80.06
80.06
80.04
80.05
80.06
80.06
80.06
80.06
80.05
80.04
80.02
80.02
80.00
80.00
79.99
80.00
80.00
79.98
80.00
79.97
79.96
79.98
79.98
79.98
79.96
79.96
79.96
79.95
79.95
79.97
79.97
79.97
79.98
79.98
79.98
79.99
79.97
79.98
79.95
79.96
79.95
79.94
79.95
79.95
79.95
79.95
79.97
79.99
79.99
80.00
79.98
79.99
80.01
80.01
80.02
80.03
80.02
80.01
79.99
79.98
79.98
79.97
79.98
80.00
80.01
80.02
80.03
80.05
80.05
80.03
80.02
80.02
80.02
80.03
80.04
80.03
80.04
80.05
80.04
80.04
80.04
80.05
80.03
80.04
80.04
80.04
80.05
80.04
80.03
80.02
80.04
80.05
80.06
80.07
80.10
80.11
80.11
80.10
80.08
80.08
80.06
80.06
80.07
80.09
80.10
80.11
80.09
80.11
80.11
80.11
80.11
80.11
80.11
80.09
80.09
80.10
80.10
80.11
80.10
80.09
80.09
80.11
80.10
80.09
80.10
80.09
80.09
80.11
80.10
80.11
80.12
80.11
80.11
80.11
80.10
80.09
80.10
80.10
80.08
80.10
80.09
80.09
80.10
80.11
80.11
80.11
80.11
80.11
80.12
80.13
80.12
80.12
80.12
80.13
80.14
80.14
80.12
80.12
80.13
80.14
80.14
80.15
80.16
80.17
80.17
80.17
80.18
80.17
80.17
80.15
80.15
80.15
80.14
80.15
80.13
80.13
80.13
80.12
80.12
80.13
80.13
80.13
80.15
80.15
80.16
80.16
80.16
80.15
80.15
80.15
80.14
80.14
80.13
80.12
80.11
80.13
80.15
80.14
80.14
80.12
80.12
80.12
80.12
80.12
80.10
80.10
80.10
80.11
80.10
80.11
80.11
80.11
80.11
80.12
80.11
80.10
80.09
80.10
80.10
80.10
80.12
80.11
80.11
80.10
80.09
80.11
80.10
80.09
80.10
80.09
80.10
80.10
80.10
80.11
80.09
80.10
80.10
80.09
80.10
80.10
80.11
80.10
80.10
80.10
80.11
80.12
80.13
80.13
80.13
80.14
80.13
80.14
80.14
80.15
80.13
80.14
80.15
80.15
80.14
80.13
80.13
80.13
80.13
80.13
80.14
80.15
80.15
80.15
80.14
80.14
80.14
80.15
80.15
80.16
80.13
80.12
80.11
80.11
80.12
80.13
80.13
80.13
80.12
80.12
80.11
80.11
80.10
80.10
80.11
80.11
80.11
80.10
80.11
80.11
80.12
80.13
80.13
80.12
80.12
80.13
80.11
80.11
80.11
80.11
80.10
80.11
80.10
80.10
80.10
80.08
80.10
80.11
80.11
80.11
80.11
80.12
80.14
80.16
80.15
80.16
80.15
80.15
80.15
80.16
80.16
80.16
80.15
80.16
80.15
80.15
80.15
80.15
80.15
80.15
80.14
80.15
80.15
80.13
80.12
80.12
80.13
80.12
80.10
80.10
80.11
80.11
80.12
80.12
80.13
80.13
80.14
80.14
80.13
80.13
80.13
80.13
80.12
80.13
80.14
80.13
80.14
80.15
80.15
80.14
80.13
80.14
80.14
80.14
80.13
80.13
80.13
80.13
80.14
80.14
80.15
80.16
80.16
80.17
80.17
80.18
80.17
80.17
80.16
80.16
80.16
80.16
80.16
80.16
80.15
80.15
80.15
80.15
80.15
80.15
80.16
80.16
80.16
80.16
80.16
80.16
80.16
80.16
80.16
80.17
80.18
80.19
80.19
80.20
80.19
80.19
80.20
80.22
80.21
80.21
80.20
80.20
80.21
80.21
80.22
80.22
80.22
80.23
80.23
80.23
80.23
80.24
80.24
80.25
80.24
80.25
80.24
80.25
80.24
80.23
80.24
80.24
80.24
80.24
80.24
80.24
80.25
80.25
80.25
80.24
80.25
80.26
80.26
80.27
80.27
80.27
80.27
80.27
80.26
80.27
80.27
80.27
80.27
80.26
80.27
80.27
80.27
80.28
80.20
