76.56
74.22
73.96
74.22
74.06
73.44
73.21
72.66
73.44
74.06
73.15
73.70
73.68
73.55
73.65
73.54
73.35
73.18
73.19
73.36
72.84
73.15
73.30
73.44
73.81
73.92
73.73
73.60
73.65
73.85
73.94
74.02
73.58
73.90
74.06
73.87
73.82
73.81
73.68
73.67
73.74
73.77
73.80
73.90
73.65
73.81
73.97
73.70
73.47
73.50
73.53
73.41
73.50
73.50
73.27
73.19
73.11
73.25
73.23
73.44
73.39
73.36
73.29
73.29
73.41
73.37
73.53
73.51
73.57
73.53
73.44
73.59
73.50
73.48
73.40
73.44
73.48
73.30
73.18
73.18
73.24
73.21
73.19
73.18
73.29
73.18
73.13
73.12
73.12
73.23
73.21
73.27
73.25
73.25
73.14
73.19
73.10
73.12
73.11
73.06
73.04
73.07
73.10
73.14
73.07
73.05
73.09
73.06
73.06
73.04
72.97
72.94
72.95
72.89
72.89
72.87
72.84
72.87
72.86
72.83
72.80
72.84
72.85
72.78
72.79
72.87
72.82
72.79
72.80
72.80
72.82
72.82
72.79
72.71
72.73
72.71
72.72
72.74
72.76
72.78
72.77
72.80
72.84
72.86
72.88
72.87
72.87
72.87
72.89
72.92
72.92
72.93
72.86
72.89
72.84
72.86
72.80
72.84
72.83
72.79
72.80
72.73
72.69
72.63
72.57
72.52
72.50
72.51
72.50
72.52
72.51
72.49
72.53
72.53
72.55
72.56
72.54
72.48
72.50
72.58
72.57
72.59
72.61
72.65
72.64
72.61
72.59
72.66
72.67
72.74
72.70
72.75
72.76
72.81
72.79
72.73
72.71
72.69
72.68
72.68
72.69
72.71
72.71
72.67
72.63
72.62
72.59
72.60
72.57
72.54
72.56
72.56
72.58
72.61
72.63
72.64
72.62
72.61
72.65
72.62
72.60
72.51
72.53
72.54
72.56
72.56
72.57
72.57
72.54
72.53
72.48
72.47
72.48
72.49
72.52
72.48
72.49
72.51
72.46
72.45
72.45
72.44
72.42
72.41
72.39
72.39
72.44
72.44
72.46
72.48
72.52
72.58
72.60
72.61
72.60
72.61
72.60
72.64
72.64
72.67
72.68
72.66
72.66
72.66
72.63
72.62
72.59
72.56
72.56
72.56
72.58
72.59
72.60
72.59
72.58
72.59
72.58
72.57
72.54
72.56
72.56
72.56
72.54
72.54
72.52
72.55
72.52
72.52
72.50
72.51
72.50
72.47
72.48
72.49
72.51
72.50
72.54
72.56
72.51
72.49
72.51
72.51
72.52
72.51
72.56
72.55
72.59
72.60
72.58
72.58
72.56
72.56
72.54
72.55
72.53
72.55
72.57
72.59
72.60
72.62
72.61
72.60
72.59
72.61
72.60
72.60
72.57
72.58
72.59
72.58
72.60
72.60
72.63
72.67
72.66
72.64
72.63
72.64
72.64
72.62
72.65
72.65
72.66
72.66
72.68
72.68
72.66
72.66
72.64
72.65
72.67
72.66
72.66
72.66
72.65
72.67
72.65
72.65
72.66
72.66
72.64
72.66
72.65
72.66
72.65
72.63
72.58
72.60
72.60
72.61
72.59
72.60
72.60
72.57
72.58
72.59
72.61
72.61
72.59
72.56
72.58
72.56
72.56
72.55
72.54
72.57
72.59
72.58
72.56
72.54
72.54
72.53
72.54
72.54
72.52
72.53
72.50
72.51
72.52
72.53
72.52
72.54
72.52
72.52
72.52
72.54
72.54
72.53
72.56
72.55
72.56
72.56
72.56
72.57
72.56
72.54
72.52
72.51
72.50
72.49
72.48
72.49
72.48
72.48
72.47
72.46
72.48
72.46
72.46
72.46
72.44
72.44
72.45
72.44
72.43
72.41
72.43
72.44
72.42
72.40
72.40
72.41
72.41
72.41
72.41
72.41
72.39
72.38
72.36
72.36
72.34
72.35
72.36
72.36
72.38
72.38
72.37
72.38
72.39
72.40
72.41
72.40
72.39
72.41
72.42
72.43
72.43
72.43
72.42
72.43
72.43
72.42
72.43
72.43
72.45
72.46
72.46
72.48
72.46
72.48
72.49
72.49
72.50
72.50
72.47
72.49
72.51
72.50
72.52
72.53
72.53
72.55
72.53
72.53
72.56
72.57
72.57
72.57
72.58
72.60
72.60
72.60
72.60
72.59
72.61
72.61
72.63
72.63
72.62
72.65
72.65
72.66
72.67
72.68
72.69
72.68
72.68
72.67
72.68
72.66
72.68
72.67
72.67
72.65
72.63
72.62
72.63
72.62
72.61
72.61
72.61
72.61
72.61
72.60
72.60
72.59
72.58
72.59
72.58
72.58
72.57
72.58
72.57
72.58
72.59
72.60
72.61
72.60
72.61
72.61
72.62
72.61
72.61
72.61
72.61
72.61
72.61
72.61
72.61
72.62
72.62
72.63
72.64
72.66
72.66
72.66
72.67
72.68
72.66
72.66
72.65
72.66
72.66
72.67
72.65
72.65
72.65
72.66
72.67
72.66
72.64
72.64
72.64
72.62
72.62
72.62
72.63
72.63
72.63
72.64
72.62
72.61
72.60
72.61
72.59
72.57
72.58
72.56
72.57
72.55
72.55
72.55
72.57
72.57
72.56
72.56
72.58
72.56
72.55
72.56
72.57
72.57
72.58
72.59
72.59
72.58
72.57
72.56
72.57
72.57
72.57
72.58
72.56
72.57
72.57
72.57
72.57
72.57
72.58
72.59
72.61
72.60
72.61
72.60
72.60
72.59
72.61
72.62
72.61
72.63
72.61
72.61
72.61
72.61
72.60
72.60
72.60
72.60
72.60
72.60
72.59
72.57
72.58
72.58
72.58
72.57
72.56
72.56
72.56
72.55
72.57
72.57
72.58
72.59
72.60
72.61
72.63
72.63
72.62
72.60
72.60
72.58
72.58
72.58
72.58
72.58
72.58
72.57
72.57
72.56
72.57
72.58
72.57
72.57
72.57
72.57
72.58
72.58
72.58
72.59
72.59
72.60
72.60
72.59
72.60
72.60
72.60
72.60
72.61
72.62
72.61
72.61
72.62
72.62
72.61
72.60
72.60
72.60
72.60
72.61
72.60
72.60
72.60
72.62
72.62
72.62
72.62
72.61
72.62
72.62
72.63
72.64
72.64
72.63
72.64
72.64
72.63
72.63
72.64
72.64
72.66
72.66
72.65
72.65
72.63
72.64
72.65
72.65
72.66
72.65
72.64
72.65
72.65
72.66
72.66
72.66
72.67
72.66
72.66
72.67
72.68
72.69
72.70
72.70
72.70
72.72
72.70
72.72
72.73
72.72
72.73
72.74
72.75
72.76
72.75
72.75
72.76
72.76
72.76
72.75
72.74
72.75
72.75
72.76
72.77
72.77
72.78
72.78
72.78
72.78
72.78
72.71
