71.88
78.12
79.69
80.08
79.69
80.99
81.70
82.42
82.29
82.50
82.10
81.12
80.89
80.80
81.35
81.25
80.97
80.90
81.17
81.17
81.47
81.39
81.05
81.05
81.12
80.89
80.84
80.97
80.87
80.94
81.20
81.05
81.11
81.11
81.12
81.08
81.33
81.04
80.93
81.05
80.79
80.62
80.67
80.68
80.80
80.74
80.62
80.60
80.52
80.50
80.58
80.56
80.48
80.50
80.51
80.52
80.54
80.41
80.35
80.42
80.51
80.42
80.41
80.44
80.38
80.30
80.29
80.31
80.23
80.29
80.35
80.21
79.99
79.96
80.02
79.95
79.99
79.99
80.02
79.98
79.96
79.92
79.88
79.91
79.87
79.85
79.81
79.76
79.79
79.86
79.89
79.82
79.69
79.72
79.72
79.70
79.74
79.77
79.80
79.73
79.78
79.72
79.66
79.70
79.66
79.73
79.72
79.70
79.79
79.79
79.81
79.80
79.70
79.76
79.73
79.73
79.70
79.67
79.66
79.69
79.71
79.74
79.76
79.79
79.79
79.77
79.70
79.74
79.77
79.71
79.69
79.68
79.68
79.73
79.70
79.70
79.68
79.69
79.65
79.68
79.61
79.54
79.59
79.57
79.59
79.56
79.59
79.54
79.49
79.49
79.43
79.43
79.43
79.43
79.46
79.48
79.51
79.52
79.57
79.60
79.58
79.63
79.65
79.69
79.71
79.73
79.76
79.80
79.82
79.86
79.89
79.88
79.89
79.80
79.78
79.73
79.71
79.71
79.73
79.73
79.71
79.75
79.77
79.81
79.82
79.78
79.82
79.80
79.86
79.88
79.88
79.88
79.83
79.80
79.84
79.79
79.78
79.79
79.82
79.84
79.89
79.91
79.94
79.94
79.98
80.01
80.03
80.02
80.05
80.04
80.07
80.05
80.05
80.08
80.09
80.06
80.09
80.11
80.12
80.13
80.14
80.11
80.06
80.06
80.03
80.06
80.06
80.08
80.10
80.10
80.07
80.06
80.07
80.07
80.08
80.06
80.04
80.03
80.06
80.07
80.06
80.07
80.06
80.07
80.06
80.04
80.02
80.00
80.00
79.99
79.96
79.95
79.95
79.95
79.91
79.93
79.93
79.92
79.98
79.97
79.99
80.00
80.01
80.02
80.02
80.02
80.03
80.05
80.03
80.03
80.06
80.07
80.06
80.08
80.09
80.08
80.07
80.05
80.08
80.08
80.08
80.08
80.11
80.09
80.07
80.05
80.06
80.08
80.08
80.08
80.07
80.09
80.10
80.09
80.11
80.07
80.06
80.05
80.04
80.04
80.03
80.08
80.07
80.06
80.08
80.08
80.07
80.08
80.08
80.08
80.10
80.10
80.10
80.11
80.07
80.08
80.07
80.05
80.06
80.03
80.03
80.05
80.08
80.11
80.11
80.12
80.12
80.12
80.11
80.09
80.09
80.07
80.10
80.10
80.12
80.10
80.10
80.11
80.11
80.11
80.12
80.10
80.11
80.09
80.10
80.10
80.08
80.07
80.05
80.04
80.07
80.04
80.05
80.04
80.04
80.04
80.04
80.06
80.08
80.07
80.07
80.07
80.07
80.07
80.08
80.07
80.09
80.10
80.11
80.13
80.11
80.11
80.11
80.13
80.14
80.14
80.14
80.14
80.15
80.13
80.13
80.15
80.16
80.17
80.17
80.17
80.18
80.18
80.17
80.17
80.16
80.15
80.14
80.12
80.13
80.11
80.11
80.11
80.12
80.12
80.14
80.13
80.13
80.13
80.11
80.11
80.14
80.15
80.14
80.14
80.14
80.14
80.12
80.12
80.10
80.09
80.09
80.10
80.11
80.10
80.10
80.12
80.12
80.10
80.11
80.11
80.12
80.10
80.10
80.09
80.10
80.10
80.09
80.08
80.09
80.11
80.11
80.09
80.08
80.09
80.11
80.10
80.11
80.12
80.11
80.11
80.11
80.10
80.09
80.09
80.10
80.10
80.08
80.09
80.10
80.11
80.12
80.12
80.13
80.12
80.12
80.12
80.11
80.12
80.11
80.13
80.13
80.13
80.12
80.12
80.12
80.14
80.15
80.15
80.14
80.12
80.13
80.14
80.13
80.13
80.14
80.16
80.16
80.17
80.16
80.16
80.16
80.16
80.17
80.17
80.17
80.17
80.18
80.17
80.15
80.16
80.17
80.16
80.16
80.18
80.18
80.18
80.19
80.18
80.19
80.18
80.18
80.19
80.19
80.19
80.19
80.19
80.18
80.16
80.14
80.14
80.13
80.12
80.13
80.14
80.11
80.11
80.12
80.13
80.14
80.13
80.12
80.12
80.13
80.13
80.13
80.11
80.09
80.07
80.07
80.08
80.09
80.08
80.08
80.10
80.10
80.11
80.11
80.13
80.13
80.13
80.15
80.13
80.14
80.14
80.15
80.16
80.16
80.16
80.16
80.15
80.14
80.14
80.14
80.15
80.15
80.15
80.14
80.13
80.15
80.15
80.15
80.13
80.15
80.14
80.16
80.16
80.15
80.14
80.14
80.13
80.14
80.14
80.14
80.13
80.13
80.13
80.12
80.12
80.11
80.11
80.12
80.11
80.12
80.11
80.10
80.10
80.08
80.09
80.09
80.09
80.10
80.10
80.10
80.11
80.12
80.10
80.10
80.09
80.09
80.08
80.08
80.07
80.07
80.07
80.08
80.08
80.09
80.09
80.09
80.10
80.10
80.09
80.11
80.11
80.10
80.11
80.10
80.10
80.10
80.10
80.09
80.09
80.09
80.10
80.11
80.12
80.11
80.12
80.13
80.13
80.13
80.13
80.14
80.14
80.13
80.13
80.13
80.12
80.11
80.12
80.12
80.10
80.10
80.08
80.08
80.08
80.08
80.08
80.08
80.08
80.09
80.08
80.09
80.10
80.10
80.10
80.10
80.11
80.12
80.13
80.15
80.15
80.17
80.16
80.16
80.16
80.16
80.18
80.17
80.17
80.17
80.18
80.17
80.18
80.18
80.19
80.19
80.19
80.18
80.19
80.19
80.19
80.17
80.17
80.16
80.15
80.16
80.16
80.15
80.15
80.15
80.16
80.15
80.15
80.16
80.17
80.16
80.16
80.16
80.16
80.16
80.16
80.15
80.15
80.14
80.14
80.14
80.13
80.13
80.13
80.13
80.13
80.13
80.14
80.15
80.15
80.15
80.16
80.16
80.16
80.16
80.16
80.16
80.16
80.16
80.16
80.16
80.15
80.14
80.14
80.15
80.14
80.14
80.14
80.14
80.13
80.13
80.13
80.12
80.11
80.11
80.11
80.10
80.10
80.10
80.10
80.11
80.11
80.12
80.10
80.11
80.11
80.10
80.10
80.10
80.11
80.10
80.09
80.10
80.10
80.10
80.09
80.09
80.09
80.08
80.09
80.09
80.10
80.10
80.10
80.11
80.11
80.11
80.09
80.10
80.02
