64.06
74.22
74.48
74.22
74.38
73.18
74.33
75.39
74.83
74.53
74.72
74.09
73.56
73.33
73.54
73.73
73.99
74.48
74.67
74.61
74.55
74.22
74.25
74.54
74.56
74.40
74.25
74.22
73.87
74.11
74.04
73.93
74.01
74.22
74.20
74.26
74.24
74.30
74.48
74.30
74.35
74.44
74.60
74.54
74.37
74.49
74.57
74.58
74.55
74.69
74.54
74.58
74.53
74.57
74.57
74.44
74.45
74.33
74.05
73.91
73.87
73.84
73.76
73.71
73.65
73.53
73.60
73.55
73.53
73.64
73.79
73.94
73.93
74.09
74.06
73.99
73.90
73.90
73.87
73.93
73.86
73.97
74.00
74.07
74.04
74.11
74.10
74.11
73.98
74.05
74.09
74.12
74.14
74.10
74.01
74.02
74.11
74.12
74.13
74.27
74.23
74.28
74.32
74.37
74.26
74.25
74.30
74.28
74.40
74.33
74.28
74.27
74.28
74.26
74.24
74.29
74.25
74.36
74.37
74.35
74.37
74.37
74.40
74.41
74.36
74.38
74.43
74.44
74.44
74.47
74.48
74.38
74.37
74.35
74.31
74.32
74.32
74.29
74.35
74.34
74.41
74.41
74.43
74.48
74.46
74.49
74.54
74.54
74.58
74.59
74.60
74.64
74.67
74.61
74.68
74.69
74.70
74.68
74.67
74.66
74.64
74.65
74.65
74.69
74.63
74.67
74.72
74.69
74.71
74.69
74.70
74.62
74.58
74.60
74.63
74.68
74.71
74.72
74.69
74.65
74.65
74.61
74.64
74.65
74.68
74.62
74.62
74.61
74.64
74.61
74.62
74.63
74.65
74.66
74.62
74.63
74.60
74.60
74.60
74.52
74.50
74.50
74.49
74.47
74.45
74.47
74.48
74.50
74.50
74.48
74.50
74.50
74.48
74.44
74.45
74.44
74.47
74.52
74.52
74.54
74.55
74.59
74.57
74.57
74.56
74.57
74.61
74.62
74.63
74.65
74.61
74.60
74.61
74.56
74.59
74.62
74.63
74.66
74.65
74.68
74.64
74.63
74.65
74.63
74.59
74.57
74.60
74.57
74.55
74.52
74.56
74.52
74.51
74.50
74.52
74.49
74.46
74.47
74.46
74.47
74.42
74.42
74.39
74.37
74.39
74.41
74.42
74.42
74.43
74.44
74.44
74.45
74.44
74.45
74.44
74.47
74.48
74.48
74.48
74.44
74.45
74.43
74.42
74.43
74.40
74.40
74.37
74.38
74.37
74.37
74.36
74.33
74.34
74.35
74.35
74.33
74.37
74.36
74.33
74.31
74.31
74.33
74.32
74.32
74.36
74.39
74.38
74.38
74.36
74.32
74.32
74.32
74.34
74.34
74.33
74.34
74.33
74.36
74.33
74.36
74.37
74.36
74.32
74.30
74.30
74.27
74.28
74.28
74.30
74.31
74.32
74.35
74.35
74.30
74.29
74.30
74.28
74.30
74.30
74.32
74.32
74.34
74.33
74.32
74.34
74.33
74.35
74.33
74.32
74.32
74.29
74.30
74.28
74.29
74.30
74.29
74.31
74.30
74.31
74.32
74.31
74.30
74.30
74.29
74.27
74.25
74.26
74.22
74.20
74.22
74.23
74.24
74.23
74.23
74.24
74.25
74.25
74.26
74.28
74.27
74.26
74.28
74.30
74.30
74.27
74.28
74.30
74.28
74.26
74.29
74.29
74.28
74.26
74.27
74.29
74.31
74.32
74.31
74.31
74.28
74.29
74.30
74.31
74.30
74.31
74.31
74.32
74.33
74.34
74.35
74.36
74.35
74.36
74.35
74.33
74.31
74.32
74.32
74.34
74.35
74.36
74.37
74.38
74.37
74.36
74.37
74.37
74.38
74.37
74.37
74.35
74.35
74.34
74.35
74.34
74.34
74.35
74.35
74.34
74.33
74.33
74.32
74.32
74.32
74.32
74.33
74.32
74.32
74.32
74.32
74.31
74.29
74.30
74.30
74.30
74.31
74.31
74.33
74.33
74.33
74.35
74.34
74.34
74.34
74.33
74.31
74.33
74.31
74.32
74.31
74.32
74.33
74.33
74.34
74.33
74.31
74.29
74.30
74.30
74.31
74.33
74.33
74.33
74.33
74.30
74.30
74.32
74.31
74.31
74.30
74.30
74.32
74.32
74.32
74.30
74.31
74.31
74.31
74.31
74.31
74.31
74.31
74.30
74.29
74.32
74.31
74.31
74.31
74.31
74.31
74.32
74.33
74.32
74.32
74.31
74.32
74.33
74.33
74.33
74.34
74.33
74.32
74.33
74.34
74.35
74.35
74.36
74.36
74.34
74.32
74.33
74.32
74.32
74.31
74.30
74.31
74.29
74.29
74.30
74.29
74.28
74.29
74.27
74.28
74.27
74.28
74.29
74.28
74.29
74.30
74.30
74.30
74.30
74.28
74.28
74.28
74.28
74.29
74.27
74.28
74.29
74.29
74.29
74.27
74.27
74.28
74.27
74.27
74.27
74.28
74.26
74.25
74.25
74.24
74.25
74.24
74.25
74.25
74.26
74.27
74.26
74.26
74.26
74.26
74.25
74.23
74.23
74.23
74.22
74.22
74.23
74.22
74.23
74.23
74.23
74.23
74.24
74.23
74.24
74.23
74.23
74.23
74.22
74.22
74.22
74.22
74.23
74.23
74.23
74.23
74.23
74.22
74.23
74.23
74.23
74.23
74.24
74.24
74.26
74.24
74.22
74.23
74.23
74.23
74.25
74.25
74.25
74.26
74.25
74.25
74.25
74.27
74.27
74.29
74.31
74.30
74.29
74.28
74.28
74.28
74.30
74.31
74.29
74.29
74.26
74.27
74.27
74.27
74.28
74.28
74.29
74.29
74.31
74.31
74.30
74.30
74.29
74.29
74.30
74.30
74.30
74.29
74.29
74.30
74.30
74.31
74.30
74.31
74.32
74.31
74.32
74.31
74.31
74.31
74.31
74.30
74.30
74.31
74.31
74.32
74.32
74.33
74.33
74.33
74.33
74.31
74.33
74.32
74.32
74.31
74.29
74.30
74.32
74.31
74.29
74.27
74.27
74.27
74.27
74.27
74.28
74.28
74.28
74.26
74.26
74.26
74.26
74.25
74.25
74.26
74.26
74.25
74.25
74.23
74.24
74.24
74.25
74.24
74.24
74.25
74.25
74.25
74.25
74.24
74.24
74.23
74.24
74.25
74.24
74.24
74.24
74.24
74.25
74.26
74.26
74.27
74.26
74.25
74.24
74.24
74.24
74.23
74.23
74.22
74.24
74.24
74.25
74.25
74.23
74.21
74.21
74.21
74.22
74.23
74.22
74.22
74.23
74.24
74.25
74.24
74.24
74.24
74.24
74.24
74.24
74.24
74.24
74.23
74.22
74.23
74.22
74.23
74.22
74.23
74.23
74.23
74.24
74.25
74.25
74.26
74.27
74.19
