81.25
76.56
77.60
79.69
81.25
81.77
82.37
82.03
81.60
81.88
81.11
81.64
81.97
81.47
81.67
81.05
80.88
80.64
80.51
80.39
80.06
80.33
79.96
80.21
80.44
80.35
80.56
80.58
80.71
80.78
80.85
80.96
80.82
80.84
80.62
80.60
80.36
80.55
80.57
80.47
80.53
80.47
80.38
80.33
80.31
80.13
80.15
80.21
80.17
80.22
80.36
80.26
80.31
80.18
80.20
80.25
80.32
80.47
80.51
80.55
80.53
80.44
80.43
80.52
80.53
80.42
80.60
80.65
80.75
80.80
80.92
81.01
81.01
80.98
81.00
81.11
81.15
81.13
81.21
81.23
81.19
81.25
81.27
81.27
81.25
81.16
81.18
81.25
81.20
81.18
81.15
81.15
81.15
81.20
81.27
81.20
81.15
81.14
81.14
81.16
81.08
81.07
81.02
81.07
81.06
81.09
81.07
81.05
81.06
81.08
81.05
80.98
80.97
81.00
80.90
80.87
80.89
80.93
80.91
80.95
80.94
80.99
81.03
81.02
81.01
81.03
81.02
80.91
80.90
80.90
80.89
80.94
80.96
81.02
81.03
81.03
81.04
81.01
80.98
80.97
80.98
80.95
81.01
81.01
80.97
80.98
80.98
80.95
80.84
80.85
80.87
80.86
80.87
80.81
80.85
80.85
80.87
80.86
80.89
80.84
80.87
80.84
80.86
80.84
80.85
80.84
80.85
80.89
80.94
80.95
80.96
80.96
80.95
80.94
80.88
80.88
80.90
80.92
80.87
80.85
80.86
80.89
80.87
80.89
80.88
80.85
80.88
80.90
80.92
80.91
80.94
80.89
80.87
80.84
80.83
80.84
80.85
80.88
80.91
80.89
80.87
80.86
80.85
80.84
80.85
80.84
80.85
80.84
80.88
80.87
80.85
80.87
80.85
80.86
80.87
80.82
80.85
80.84
80.82
80.85
80.85
80.93
80.93
80.88
80.84
80.86
80.84
80.85
80.85
80.86
80.88
80.88
80.86
80.86
80.87
80.83
80.81
80.82
80.83
80.80
80.74
80.74
80.75
80.77
80.76
80.78
80.78
80.75
80.77
80.79
80.79
80.81
80.80
80.81
80.79
80.77
80.80
80.77
80.78
80.78
80.78
80.82
80.82
80.84
80.86
80.86
80.85
80.87
80.87
80.84
80.83
80.84
80.84
80.85
80.81
80.83
80.82
80.85
80.84
80.82
80.84
80.83
80.82
80.82
80.83
80.82
80.81
80.83
80.81
80.82
80.81
80.75
80.74
80.74
80.75
80.76
80.77
80.76
80.74
80.74
80.75
80.75
80.74
80.73
80.72
80.74
80.72
80.71
80.72
80.73
80.73
80.75
80.76
80.76
80.76
80.72
80.71
80.67
80.68
80.67
80.68
80.66
80.67
80.70
80.69
80.69
80.70
80.69
80.70
80.68
80.68
80.67
80.64
80.65
80.65
80.63
80.62
80.64
80.65
80.65
80.65
80.67
80.67
80.67
80.68
80.68
80.66
80.68
80.68
80.68
80.69
80.71
80.71
80.70
80.67
80.64
80.65
80.65
80.65
80.64
80.66
80.67
80.67
80.67
80.65
80.67
80.68
80.67
80.67
80.69
80.70
80.70
80.71
80.72
80.70
80.70
80.72
80.71
80.71
80.72
80.74
80.72
80.71
80.71
80.72
80.70
80.72
80.71
80.71
80.72
80.72
80.72
80.71
80.70
80.71
80.71
80.70
80.69
80.69
80.71
80.69
80.70
80.70
80.69
80.70
80.70
80.70
80.69
80.70
80.70
80.71
80.71
80.73
80.73
80.75
80.75
80.76
80.74
80.74
80.75
80.75
80.75
80.75
80.74
80.72
80.73
80.72
80.71
80.69
80.68
80.69
80.68
80.69
80.69
80.69
80.69
80.69
80.69
80.70
80.69
80.68
80.67
80.65
80.66
80.67
80.66
80.67
80.66
80.66
80.66
80.66
80.65
80.64
80.63
80.65
80.65
80.66
80.66
80.65
80.64
80.64
80.65
80.66
80.65
80.65
80.65
80.64
80.62
80.62
80.61
80.62
80.63
80.62
80.61
80.58
80.60
80.59
80.57
80.57
80.57
80.56
80.57
80.58
80.59
80.60
80.62
80.61
80.60
80.59
80.56
80.56
80.56
80.57
80.57
80.57
80.57
80.57
80.58
80.58
80.57
80.55
80.56
80.54
80.55
80.53
80.52
80.52
80.52
80.54
80.53
80.52
80.51
80.51
80.51
80.51
80.50
80.50
80.51
80.52
80.53
80.52
80.52
80.52
80.52
80.52
80.53
80.52
80.53
80.53
80.52
80.53
80.52
80.51
80.50
80.50
80.49
80.48
80.48
80.48
80.48
80.47
80.47
80.47
80.48
80.46
80.44
80.44
80.45
80.45
80.45
80.45
80.44
80.46
80.45
80.46
80.47
80.46
80.47
80.48
80.46
80.47
80.46
80.46
80.46
80.46
80.44
80.46
80.47
80.45
80.44
80.44
80.43
80.44
80.46
80.46
80.46
80.46
80.46
80.45
80.44
80.44
80.43
80.44
80.46
80.46
80.47
80.46
80.47
80.47
80.48
80.47
80.48
80.47
80.48
80.48
80.48
80.47
80.47
80.46
80.45
80.45
80.46
80.46
80.44
80.44
80.44
80.44
80.45
80.46
80.46
80.45
80.45
80.44
80.44
80.44
80.43
80.43
80.43
80.43
80.44
80.46
80.47
80.47
80.48
80.47
80.47
80.46
80.47
80.46
80.47
80.46
80.46
80.46
80.46
80.48
80.47
80.48
80.47
80.47
80.47
80.47
80.46
80.46
80.47
80.47
80.47
80.47
80.46
80.47
80.45
80.45
80.45
80.45
80.44
80.45
80.45
80.45
80.45
80.45
80.44
80.43
80.45
80.45
80.45
80.45
80.46
80.47
80.47
80.45
80.45
80.45
80.45
80.46
80.46
80.47
80.45
80.46
80.45
80.44
80.44
80.44
80.45
80.45
80.46
80.46
80.46
80.45
80.45
80.45
80.45
80.44
80.42
80.42
80.43
80.42
80.42
80.42
80.42
80.42
80.43
80.44
80.45
80.45
80.45
80.45
80.45
80.45
80.46
80.47
80.48
80.48
80.48
80.48
80.48
80.46
80.46
80.47
80.44
80.44
80.43
80.42
80.42
80.41
80.41
80.40
80.38
80.39
80.38
80.39
80.38
80.38
80.39
80.38
80.37
80.37
80.37
80.37
80.36
80.36
80.35
80.35
80.36
80.36
80.35
80.35
80.36
80.35
80.36
80.35
80.34
80.34
80.34
80.34
80.34
80.35
80.35
80.36
80.35
80.35
80.36
80.35
80.34
80.34
80.34
80.35
80.35
80.35
80.36
80.36
80.35
80.35
80.35
80.34
80.33
80.34
80.34
80.35
80.35
80.35
80.34
80.32
80.24
