75.00
75.00
76.56
78.91
78.75
79.69
78.35
78.52
78.65
79.22
79.97
79.69
79.33
79.46
79.69
79.59
79.96
79.95
80.43
80.39
80.80
80.82
81.05
81.05
81.12
80.95
80.73
80.47
80.33
80.26
80.29
80.03
80.07
80.10
80.13
79.95
80.15
80.22
80.33
80.12
80.07
79.99
79.98
79.97
79.90
80.03
79.85
79.92
79.91
79.97
80.06
79.99
80.07
80.12
80.14
80.22
80.37
80.25
80.24
80.31
80.35
80.27
80.26
80.35
80.31
80.30
80.34
80.33
80.30
80.33
80.41
80.45
80.48
80.43
80.50
80.51
80.54
80.65
80.76
80.78
80.81
80.70
80.67
80.67
80.62
80.69
80.80
80.84
80.78
80.73
80.72
80.71
80.76
80.83
80.81
80.91
80.82
80.77
80.87
80.80
80.75
80.82
80.84
80.83
80.85
80.73
80.68
80.61
80.65
80.68
80.64
80.69
80.68
80.69
80.73
80.75
80.74
80.75
80.71
80.69
80.71
80.67
80.70
80.63
80.62
80.56
80.54
80.52
80.51
80.53
80.58
80.56
80.55
80.55
80.50
80.51
80.52
80.54
80.52
80.55
80.55
80.58
80.55
80.56
80.59
80.65
80.68
80.67
80.68
80.73
80.74
80.77
80.75
80.74
80.67
80.66
80.70
80.71
80.62
80.61
80.60
80.60
80.60
80.57
80.53
80.52
80.53
80.52
80.53
80.59
80.61
80.61
80.64
80.62
80.67
80.59
80.66
80.67
80.67
80.66
80.63
80.62
80.63
80.58
80.56
80.56
80.60
80.62
80.56
80.58
80.55
80.56
80.51
80.54
80.53
80.55
80.54
80.54
80.54
80.51
80.49
80.45
80.46
80.50
80.48
80.48
80.51
80.51
80.52
80.57
80.61
80.61
80.61
80.59
80.56
80.56
80.54
80.53
80.52
80.55
80.56
80.53
80.53
80.52
80.50
80.47
80.49
80.46
80.46
80.46
80.48
80.50
80.50
80.50
80.50
80.52
80.51
80.50
80.50
80.51
80.55
80.57
80.58
80.60
80.58
80.60
80.60
80.62
80.61
80.63
80.66
80.67
80.66
80.68
80.65
80.66
80.66
80.65
80.65
80.66
80.63
80.65
80.64
80.64
80.62
80.62
80.60
80.62
80.61
80.59
80.52
80.50
80.47
80.45
80.45
80.47
80.48
80.50
80.48
80.49
80.49
80.50
80.47
80.47
80.46
80.50
80.51
80.52
80.55
80.55
80.55
80.54
80.55
80.55
80.55
80.53
80.55
80.55
80.55
80.54
80.54
80.54
80.52
80.51
80.50
80.52
80.52
80.50
80.47
80.47
80.48
80.47
80.47
80.46
80.47
80.50
80.49
80.50
80.51
80.54
80.56
80.56
80.52
80.50
80.49
80.47
80.49
80.49
80.46
80.45
80.43
80.43
80.41
80.40
80.40
80.39
80.37
80.39
80.40
80.40
80.40
80.41
80.39
80.37
80.36
80.34
80.33
80.33
80.34
80.34
80.33
80.32
80.30
80.31
80.29
80.30
80.30
80.29
80.31
80.32
80.31
80.31
80.32
80.33
80.35
80.34
80.33
80.33
80.32
80.31
80.29
80.28
80.29
80.28
80.28
80.27
80.28
80.27
80.28
80.29
80.31
80.32
80.33
80.33
80.32
80.33
80.33
80.34
80.32
80.30
80.30
80.31
80.30
80.30
80.30
80.28
80.30
80.30
80.28
80.28
80.29
80.30
80.30
80.28
80.27
80.29
80.29
80.30
80.31
80.31
80.34
80.34
80.33
80.34
80.34
80.32
80.32
80.32
80.29
80.29
80.30
80.31
80.28
80.28
80.29
80.29
80.31
80.29
80.28
80.28
80.28
80.27
80.26
80.26
80.26
80.26
80.26
80.25
80.25
80.25
80.25
80.24
80.26
80.26
80.27
80.28
80.29
80.29
80.29
80.29
80.30
80.30
80.30
80.28
80.27
80.27
80.28
80.29
80.28
80.27
80.26
80.25
80.25
80.25
80.26
80.24
80.26
80.27
80.26
80.25
80.24
80.26
80.24
80.23
80.24
80.26
80.26
80.25
80.24
80.24
80.25
80.25
80.25
80.24
80.24
80.23
80.25
80.25
80.25
80.25
80.23
80.22
80.23
80.22
80.22
80.21
80.22
80.24
80.24
80.24
80.25
80.26
80.26
80.26
80.27
80.27
80.27
80.28
80.28
80.28
80.27
80.28
80.28
80.29
80.30
80.31
80.31
80.32
80.34
80.32
80.31
80.31
80.30
80.31
80.32
80.32
80.33
80.33
80.34
80.34
80.33
80.32
80.31
80.30
80.30
80.31
80.31
80.31
80.31
80.32
80.32
80.33
80.31
80.30
80.30
80.29
80.29
80.30
80.30
80.30
80.29
80.30
80.31
80.30
80.30
80.28
80.29
80.28
80.27
80.28
80.27
80.27
80.28
80.28
80.29
80.29
80.29
80.30
80.28
80.28
80.28
80.29
80.30
80.30
80.29
80.29
80.29
80.29
80.28
80.25
80.25
80.25
80.26
80.27
80.29
80.29
80.30
80.30
80.29
80.28
80.29
80.30
80.29
80.28
80.29
80.30
80.28
80.28
80.28
80.28
80.29
80.28
80.29
80.29
80.28
80.27
80.27
80.28
80.29
80.30
80.29
80.29
80.29
80.29
80.29
80.30
80.29
80.30
80.31
80.31
80.30
80.31
80.30
80.30
80.30
80.30
80.30
80.29
80.30
80.30
80.31
80.31
80.31
80.30
80.29
80.29
80.26
80.27
80.28
80.28
80.26
80.24
80.23
80.24
80.24
80.24
80.24
80.25
80.26
80.26
80.27
80.27
80.28
80.28
80.28
80.27
80.27
80.28
80.27
80.27
80.27
80.28
80.27
80.26
80.27
80.28
80.28
80.28
80.26
80.25
80.24
80.25
80.25
80.25
80.25
80.24
80.24
80.25
80.25
80.25
80.25
80.24
80.24
80.24
80.23
80.24
80.23
80.22
80.23
80.24
80.24
80.24
80.24
80.25
80.25
80.24
80.24
80.22
80.22
80.23
80.22
80.23
80.23
80.23
80.23
80.24
80.24
80.24
80.24
80.24
80.23
80.23
80.23
80.23
80.25
80.24
80.26
80.26
80.26
80.25
80.25
80.25
80.25
80.26
80.25
80.28
80.27
80.27
80.26
80.27
80.26
80.25
80.25
80.26
80.25
80.24
80.25
80.25
80.25
80.24
80.25
80.25
80.26
80.26
80.25
80.24
80.23
80.23
80.21
80.22
80.22
80.24
80.23
80.22
80.22
80.22
80.21
80.22
80.23
80.23
80.24
80.24
80.25
80.25
80.25
80.25
80.25
80.26
80.25
80.24
80.24
80.23
80.23
80.23
80.23
80.23
80.22
80.23
80.23
80.25
80.25
80.18
