81.25
76.56
77.60
76.56
75.94
76.30
77.23
76.37
75.87
75.62
75.00
75.26
74.64
74.78
74.79
74.80
74.54
74.74
75.08
75.00
75.15
75.57
75.48
75.39
75.69
75.18
75.23
75.45
75.59
75.99
75.96
75.73
75.66
75.60
75.40
75.48
75.59
75.86
75.88
75.86
75.76
75.63
75.55
75.53
75.66
75.65
75.60
75.55
75.48
75.31
75.31
75.27
75.27
75.32
75.34
75.31
75.33
75.32
75.34
75.21
75.31
75.35
75.17
75.07
75.00
74.86
74.86
74.89
74.89
74.91
74.89
74.89
74.74
74.58
74.62
74.59
74.74
74.64
74.64
74.63
74.50
74.49
74.51
74.53
74.58
74.51
74.43
74.40
74.42
74.44
74.35
74.39
74.40
74.42
74.36
74.38
74.36
74.33
74.32
74.30
74.33
74.43
74.42
74.44
74.36
74.35
74.33
74.32
74.31
74.28
74.32
74.32
74.36
74.33
74.23
74.21
74.17
74.15
74.19
74.11
74.10
74.13
74.19
74.21
74.26
74.27
74.27
74.26
74.29
74.34
74.40
74.33
74.33
74.38
74.43
74.39
74.40
74.40
74.44
74.41
74.43
74.43
74.39
74.36
74.36
74.42
74.42
74.36
74.37
74.37
74.35
74.37
74.37
74.39
74.45
74.46
74.44
74.40
74.46
74.40
74.41
74.37
74.43
74.47
74.50
74.52
74.52
74.55
74.61
74.57
74.54
74.56
74.58
74.57
74.53
74.56
74.54
74.60
74.55
74.54
74.53
74.54
74.56
74.55
74.55
74.60
74.59
74.62
74.64
74.64
74.62
74.63
74.61
74.60
74.63
74.62
74.57
74.53
74.59
74.59
74.61
74.61
74.63
74.60
74.60
74.62
74.65
74.68
74.68
74.67
74.68
74.70
74.74
74.75
74.76
74.78
74.79
74.78
74.76
74.75
74.78
74.77
74.80
74.80
74.76
74.75
74.79
74.77
74.76
74.76
74.76
74.74
74.72
74.70
74.71
74.71
74.67
74.68
74.69
74.70
74.73
74.72
74.76
74.77
74.80
74.82
74.81
74.82
74.83
74.86
74.88
74.88
74.88
74.92
74.93
74.92
74.91
74.89
74.90
74.86
74.87
74.85
74.86
74.83
74.81
74.83
74.82
74.84
74.81
74.84
74.84
74.83
74.84
74.86
74.86
74.86
74.86
74.86
74.85
74.84
74.85
74.86
74.85
74.85
74.83
74.85
74.83
74.83
74.83
74.83
74.82
74.81
74.79
74.79
74.80
74.78
74.78
74.81
74.80
74.81
74.81
74.79
74.78
74.76
74.78
74.77
74.76
74.76
74.77
74.75
74.75
74.76
74.78
74.78
74.78
74.80
74.78
74.80
74.81
74.80
74.83
74.84
74.85
74.83
74.85
74.85
74.87
74.86
74.88
74.90
74.91
74.93
74.91
74.88
74.87
74.88
74.86
74.89
74.88
74.89
74.91
74.94
74.93
74.90
74.89
74.89
74.89
74.87
74.88
74.91
74.92
74.92
74.92
74.90
74.89
74.89
74.91
74.91
74.90
74.91
74.91
74.92
74.93
74.94
74.93
74.94
74.94
74.94
74.94
74.95
74.94
74.92
74.94
74.92
74.92
74.93
74.93
74.89
74.86
74.86
74.84
74.83
74.82
74.83
74.79
74.78
74.75
74.76
74.78
74.76
74.76
74.75
74.75
74.76
74.75
74.77
74.77
74.78
74.80
74.80
74.80
74.82
74.82
74.81
74.79
74.79
74.81
74.81
74.83
74.83
74.81
74.80
74.81
74.80
74.79
74.79
74.79
74.79
74.79
74.77
74.77
74.75
74.77
74.75
74.76
74.77
74.78
74.78
74.75
74.75
74.73
74.73
74.72
74.73
74.74
74.73
74.71
74.71
74.71
74.70
74.72
74.73
74.73
74.72
74.72
74.71
74.69
74.68
74.67
74.66
74.65
74.65
74.65
74.67
74.68
74.68
74.66
74.66
74.66
74.67
74.67
74.66
74.67
74.67
74.66
74.68
74.69
74.69
74.69
74.67
74.66
74.66
74.65
74.66
74.66
74.67
74.68
74.69
74.70
74.70
74.70
74.71
74.70
74.70
74.70
74.68
74.66
74.65
74.63
74.63
74.62
74.63
74.62
74.63
74.62
74.64
74.65
74.65
74.66
74.65
74.66
74.64
74.63
74.65
74.64
74.66
74.65
74.64
74.63
74.64
74.63
74.64
74.64
74.64
74.64
74.65
74.64
74.64
74.64
74.64
74.62
74.62
74.61
74.61
74.63
74.63
74.63
74.61
74.60
74.60
74.58
74.58
74.59
74.59
74.59
74.60
74.60
74.59
74.58
74.58
74.59
74.58
74.57
74.58
74.59
74.59
74.60
74.62
74.61
74.60
74.60
74.61
74.60
74.61
74.61
74.62
74.61
74.62
74.61
74.62
74.62
74.60
74.60
74.60
74.60
74.59
74.59
74.61
74.62
74.61
74.61
74.62
74.62
74.63
74.64
74.65
74.64
74.64
74.64
74.63
74.64
74.63
74.61
74.62
74.63
74.63
74.63
74.62
74.62
74.62
74.63
74.63
74.62
74.63
74.64
74.65
74.65
74.65
74.64
74.65
74.63
74.65
74.64
74.63
74.63
74.63
74.63
74.62
74.64
74.64
74.63
74.64
74.64
74.63
74.63
74.63
74.64
74.64
74.63
74.63
74.64
74.63
74.63
74.63
74.63
74.64
74.64
74.65
74.66
74.68
74.67
74.66
74.67
74.66
74.65
74.66
74.65
74.65
74.65
74.66
74.66
74.66
74.66
74.67
74.69
74.67
74.67
74.68
74.70
74.70
74.69
74.70
74.71
74.70
74.69
74.70
74.71
74.72
74.72
74.72
74.72
74.71
74.71
74.72
74.72
74.71
74.73
74.73
74.72
74.72
74.70
74.69
74.67
74.69
74.68
74.69
74.67
74.68
74.66
74.66
74.65
74.64
74.65
74.65
74.65
74.66
74.65
74.65
74.65
74.65
74.67
74.66
74.66
74.65
74.65
74.64
74.64
74.64
74.65
74.64
74.64
74.65
74.66
74.66
74.66
74.65
74.65
74.65
74.65
74.64
74.63
74.63
74.63
74.63
74.63
74.62
74.63
74.63
74.65
74.63
74.63
74.64
74.63
74.62
74.62
74.61
74.60
74.59
74.58
74.59
74.58
74.57
74.56
74.56
74.54
74.55
74.55
74.57
74.58
74.59
74.58
74.59
74.59
74.60
74.58
74.58
74.58
74.57
74.56
74.57
74.58
74.57
74.57
74.57
74.56
74.56
74.57
74.57
74.57
74.58
74.59
74.58
74.58
74.58
74.58
74.59
74.58
74.58
74.59
74.59
74.60
74.60
74.60
74.60
74.62
74.62
74.61
74.63
74.62
74.60
74.61
74.54
