76.56
78.12
75.00
78.52
77.81
78.12
78.35
78.52
78.65
78.44
78.12
78.26
78.73
79.13
78.75
78.71
79.23
79.17
79.36
79.14
79.02
78.48
78.53
78.65
78.25
78.19
78.01
77.96
77.96
78.23
78.12
78.12
77.75
78.12
78.12
78.17
78.12
78.17
78.04
77.85
77.71
77.64
77.54
77.45
77.43
77.41
77.46
77.57
77.49
77.56
77.63
77.76
77.54
77.49
77.53
77.59
77.69
77.67
77.62
77.79
77.79
77.92
77.80
77.83
77.81
77.84
77.92
77.96
77.92
77.88
77.77
77.86
77.87
77.87
77.73
77.82
77.86
77.78
77.81
77.81
77.74
77.76
77.69
77.72
77.76
77.71
77.82
77.89
77.97
77.97
77.92
77.90
77.89
77.88
77.85
77.80
77.84
77.77
77.75
77.70
77.63
77.57
77.62
77.67
77.72
77.74
77.70
77.79
77.75
77.83
77.84
77.89
77.88
77.92
77.87
77.90
77.88
77.87
77.90
77.85
77.88
77.91
77.85
77.89
77.95
78.03
78.06
78.13
78.06
78.04
77.97
77.94
77.95
77.97
78.01
77.99
77.98
77.96
78.02
78.07
78.13
78.10
78.10
78.10
78.09
78.07
78.14
78.14
78.18
78.24
78.16
78.10
78.09
78.03
78.01
78.03
78.03
78.00
77.99
78.00
78.00
78.04
78.05
78.08
78.10
78.06
78.08
78.08
78.07
78.07
78.05
78.02
78.04
78.03
78.01
78.01
78.03
78.05
78.03
78.05
78.08
78.13
78.14
78.10
78.13
78.17
78.18
78.17
78.16
78.14
78.14
78.17
78.20
78.20
78.21
78.19
78.22
78.22
78.21
78.20
78.14
78.13
78.13
78.18
78.17
78.19
78.18
78.13
78.14
78.11
78.11
78.15
78.16
78.17
78.17
78.16
78.19
78.22
78.15
78.13
78.13
78.13
78.15
78.13
78.14
78.15
78.15
78.16
78.16
78.15
78.11
78.11
78.10
78.15
78.16
78.13
78.13
78.08
78.11
78.11
78.09
78.08
78.09
78.09
78.09
78.07
78.04
78.04
78.00
77.96
77.91
77.86
77.87
77.89
77.88
77.92
77.92
77.93
77.96
77.97
77.98
77.96
77.96
77.97
78.00
77.98
77.93
77.93
77.94
77.93
77.95
77.94
77.92
77.91
77.91
77.92
77.92
77.89
77.87
77.86
77.85
77.86
77.89
77.92
77.94
77.97
77.96
77.97
77.98
78.00
78.02
77.99
77.99
77.98
78.01
78.01
78.00
78.02
78.03
78.04
78.02
78.03
78.01
78.01
78.02
78.03
77.99
78.00
77.95
77.93
77.94
77.97
77.96
77.94
77.96
77.96
77.96
77.97
77.96
77.92
77.93
77.93
77.94
77.96
77.98
77.98
77.98
77.97
77.99
77.99
77.99
78.04
78.02
78.03
78.05
78.06
78.08
78.06
78.08
78.07
78.05
78.02
78.02
78.03
78.05
78.05
78.04
78.03
78.01
78.01
78.03
78.05
78.07
78.06
78.05
78.03
78.02
78.05
78.03
78.05
78.03
78.05
78.03
78.03
78.03
78.04
78.07
78.08
78.07
78.08
78.09
78.10
78.08
78.08
78.05
78.04
78.04
78.01
78.02
78.02
78.03
78.01
78.03
78.03
78.03
78.04
78.05
78.03
78.04
78.06
78.05
78.05
78.05
78.06
78.07
78.04
78.03
78.03
78.03
78.02
78.03
78.00
78.01
78.01
78.01
78.00
77.97
78.00
78.01
78.03
78.03
78.05
78.03
78.03
78.03
78.02
78.04
78.05
78.05
78.06
78.06
78.05
78.07
78.08
78.07
78.08
78.07
78.06
78.07
78.06
78.07
78.07
78.06
78.07
78.06
78.07
78.07
78.08
78.06
78.08
78.06
78.06
78.06
78.08
78.07
78.07
78.09
78.07
78.09
78.09
78.08
78.09
78.07
78.09
78.09
78.08
78.09
78.08
78.09
78.09
78.09
78.07
78.08
78.07
78.06
78.05
78.02
78.00
78.03
78.03
78.04
78.04
78.02
78.03
78.02
78.03
78.02
78.02
78.02
78.01
78.01
78.02
78.01
78.01
78.00
78.02
78.02
78.04
78.04
78.06
78.08
78.08
78.07
78.08
78.07
78.08
78.09
78.08
78.06
78.07
78.06
78.06
78.04
78.05
78.04
78.06
78.06
78.05
78.05
78.04
78.03
78.02
78.02
78.00
78.00
77.99
77.99
77.97
77.97
77.97
77.96
77.98
77.99
77.99
77.97
77.97
77.96
77.97
77.95
77.96
77.96
77.97
77.97
77.98
77.98
77.99
78.00
78.00
78.01
78.02
78.01
78.01
78.02
78.03
78.04
78.03
78.05
78.05
78.05
78.03
78.02
78.03
78.03
78.04
78.05
78.04
78.04
78.04
78.04
78.04
78.02
78.02
78.02
78.01
78.03
78.01
78.01
78.01
78.02
78.01
78.01
78.02
78.01
78.01
78.00
78.00
77.99
77.99
77.99
77.97
77.96
77.96
77.95
77.96
77.94
77.93
77.94
77.93
77.94
77.94
77.94
77.94
77.95
77.95
77.96
77.98
77.98
77.98
77.97
77.98
77.97
77.97
77.96
77.96
77.96
77.96
77.97
77.97
77.97
77.97
77.96
77.97
77.98
77.97
77.97
77.99
78.00
77.99
77.99
77.99
77.98
77.98
77.97
77.98
77.96
77.95
77.97
77.98
77.98
77.99
77.98
77.98
77.97
77.98
77.99
77.98
77.98
77.99
77.99
78.00
78.00
78.01
78.02
78.02
78.01
78.00
77.99
77.99
77.99
78.00
78.00
78.00
78.00
77.99
78.00
77.98
77.98
77.98
77.96
77.97
77.96
77.96
77.96
77.97
77.96
77.95
77.95
77.94
77.95
77.95
77.96
77.97
77.98
77.97
77.98
77.99
78.00
78.01
78.01
78.00
78.00
78.00
78.00
78.01
78.00
77.99
77.99
77.99
78.00
78.00
77.99
77.99
78.00
78.00
78.00
77.99
77.98
77.97
77.97
77.97
77.97
77.98
77.99
77.99
77.99
78.01
78.01
78.01
78.01
78.00
78.00
77.99
77.99
77.98
77.97
77.98
77.99
77.99
77.97
77.98
77.98
77.98
77.98
77.97
77.97
77.97
77.96
77.96
77.97
77.97
77.98
77.97
77.97
77.97
77.98
77.98
77.98
77.99
77.98
77.98
77.98
77.99
77.99
77.98
77.98
77.98
77.98
77.99
77.99
77.99
77.99
77.99
77.99
78.00
78.01
78.01
78.00
78.00
78.00
77.99
78.00
78.00
77.99
78.00
78.00
78.00
78.01
77.99
77.99
78.00
77.99
77.98
77.99
77.99
77.99
77.99
78.00
78.00
78.01
78.01
78.02
77.95
