65.62
67.19
66.67
64.06
64.69
63.80
64.73
65.82
66.67
67.03
66.76
67.84
68.03
68.42
68.12
68.55
68.11
67.36
67.19
66.88
66.67
66.97
67.05
66.73
66.69
66.53
66.61
66.69
66.76
66.72
66.99
67.14
67.14
67.00
67.28
67.32
67.19
67.27
67.27
67.42
67.42
67.34
67.44
67.29
67.33
67.15
67.25
67.25
67.12
67.22
67.16
67.31
67.19
67.33
67.22
67.24
67.30
67.32
67.37
67.45
67.49
67.64
67.61
67.60
67.55
67.68
67.65
67.62
67.66
67.59
67.63
67.58
67.57
67.65
67.65
67.74
67.84
67.77
67.80
67.75
67.79
67.85
67.85
67.82
67.72
67.75
67.69
67.63
67.57
67.47
67.50
67.48
67.39
67.35
67.38
67.40
67.41
67.38
67.36
67.52
67.48
67.60
67.58
67.64
67.63
67.69
67.68
67.64
67.56
67.57
67.60
67.65
67.55
67.57
67.53
67.61
67.64
67.60
67.57
67.54
67.47
67.43
67.43
67.41
67.47
67.55
67.50
67.53
67.47
67.43
67.40
67.37
67.45
67.40
67.43
67.44
67.40
67.44
67.49
67.46
67.51
67.47
67.52
67.47
67.44
67.38
67.41
67.42
67.43
67.42
67.45
67.47
67.47
67.53
67.54
67.58
67.60
67.59
67.52
67.48
67.44
67.41
67.38
67.42
67.41
67.37
67.37
67.36
67.42
67.42
67.43
67.43
67.45
67.45
67.38
67.41
67.41
67.39
67.41
67.43
67.43
67.42
67.41
67.41
67.46
67.41
67.45
67.49
67.53
67.47
67.42
67.42
67.40
67.43
67.41
67.36
67.39
67.36
67.37
67.40
67.39
67.41
67.38
67.32
67.32
67.30
67.32
67.31
67.30
67.31
67.32
67.36
67.33
67.32
67.30
67.30
67.30
67.32
67.33
67.37
67.34
67.31
67.35
67.37
67.35
67.38
67.35
67.39
67.34
67.34
67.39
67.41
67.42
67.41
67.45
67.46
67.49
67.52
67.48
67.52
67.54
67.54
67.55
67.57
67.56
67.63
67.60
67.64
67.65
67.67
67.63
67.66
67.65
67.63
67.67
67.69
67.63
67.68
67.68
67.64
67.61
67.60
67.61
67.58
67.54
67.55
67.54
67.51
67.54
67.53
67.54
67.53
67.54
67.54
67.52
67.52
67.53
67.50
67.49
67.47
67.48
67.46
67.45
67.44
67.41
67.42
67.43
67.42
67.40
67.39
67.40
67.41
67.41
67.42
67.42
67.45
67.48
67.48
67.45
67.47
67.48
67.47
67.48
67.45
67.42
67.39
67.37
67.37
67.36
67.38
67.37
67.39
67.41
67.44
67.40
67.39
67.38
67.38
67.37
67.37
67.37
67.37
67.36
67.37
67.38
67.35
67.37
67.36
67.41
67.41
67.44
67.46
67.47
67.51
67.53
67.55
67.57
67.57
67.57
67.57
67.59
67.61
67.61
67.57
67.58
67.60
67.59
67.59
67.57
67.57
67.57
67.54
67.55
67.54
67.54
67.53
67.53
67.52
67.51
67.50
67.52
67.52
67.49
67.49
67.50
67.51
67.51
67.48
67.47
67.48
67.45
67.47
67.45
67.48
67.47
67.48
67.47
67.46
67.48
67.49
67.50
67.52
67.50
67.53
67.52
67.50
67.49
67.47
67.48
67.50
67.49
67.49
67.52
67.52
67.52
67.52
67.53
67.51
67.50
67.48
67.46
67.46
67.47
67.47
67.48
67.48
67.48
67.50
67.50
67.52
67.54
67.56
67.57
67.58
67.55
67.56
67.57
67.60
67.60
67.60
67.59
67.59
67.56
67.53
67.54
67.55
67.53
67.52
67.52
67.51
67.50
67.52
67.52
67.53
67.54
67.54
67.55
67.55
67.58
67.59
67.59
67.59
67.61
67.60
67.60
67.59
67.58
67.56
67.57
67.55
67.55
67.56
67.55
67.57
67.58
67.58
67.58
67.60
67.59
67.60
67.61
67.62
67.65
67.65
67.63
67.61
67.61
67.61
67.64
67.65
67.66
67.67
67.68
67.66
67.64
67.64
67.63
67.64
67.64
67.66
67.67
67.66
67.65
67.64
67.64
67.65
67.65
67.65
67.66
67.67
67.66
67.65
67.66
67.66
67.66
67.67
67.67
67.67
67.64
67.63
67.63
67.62
67.60
67.60
67.59
67.59
67.59
67.58
67.60
67.59
67.57
67.58
67.55
67.55
67.55
67.55
67.52
67.53
67.54
67.54
67.57
67.57
67.58
67.58
67.57
67.58
67.57
67.55
67.54
67.54
67.56
67.57
67.58
67.59
67.58
67.59
67.58
67.58
67.60
67.60
67.61
67.63
67.62
67.60
67.58
67.58
67.58
67.58
67.58
67.58
67.60
67.61
67.62
67.62
67.62
67.62
67.63
67.62
67.63
67.63
67.64
67.64
67.65
67.63
67.64
67.63
67.64
67.65
67.66
67.67
67.68
67.66
67.66
67.64
67.65
67.65
67.65
67.64
67.64
67.63
67.64
67.64
67.64
67.65
67.64
67.64
67.63
67.63
67.63
67.63
67.65
67.63
67.64
67.65
67.65
67.64
67.63
67.62
67.64
67.64
67.63
67.61
67.61
67.61
67.62
67.63
67.63
67.63
67.63
67.64
67.64
67.64
67.63
67.63
67.64
67.64
67.65
67.65
67.65
67.66
67.68
67.66
67.65
67.66
67.65
67.65
67.66
67.66
67.65
67.65
67.64
67.63
67.63
67.64
67.63
67.63
67.63
67.63
67.63
67.64
67.65
67.65
67.65
67.67
67.68
67.67
67.66
67.66
67.66
67.65
67.67
67.69
67.67
67.66
67.66
67.64
67.65
67.66
67.67
67.67
67.67
67.67
67.67
67.68
67.68
67.69
67.68
67.68
67.68
67.68
67.68
67.69
67.69
67.69
67.68
67.68
67.68
67.69
67.69
67.70
67.70
67.71
67.70
67.69
67.68
67.68
67.69
67.68
67.69
67.70
67.69
67.68
67.68
67.68
67.68
67.69
67.69
67.68
67.67
67.66
67.67
67.67
67.67
67.67
67.68
67.68
67.68
67.68
67.68
67.69
67.69
67.69
67.69
67.69
67.69
67.69
67.70
67.71
67.71
67.71
67.70
67.71
67.71
67.71
67.72
67.71
67.71
67.71
67.73
67.73
67.74
67.75
67.74
67.75
67.74
67.73
67.74
67.74
67.74
67.74
67.74
67.74
67.74
67.75
67.75
67.76
67.76
67.76
67.77
67.77
67.76
67.76
67.76
67.76
67.76
67.77
67.78
67.78
67.79
67.78
67.78
67.80
67.81
67.79
67.81
67.82
67.82
67.82
67.81
67.81
67.81
67.81
67.82
67.82
67.80
67.81
67.81
67.81
67.82
67.81
67.81
67.74
