73.44
77.34
77.08
77.34
77.50
78.91
79.02
79.69
78.82
79.38
79.69
80.08
79.33
78.91
79.79
80.18
80.70
80.82
81.00
81.17
81.40
81.25
81.45
81.38
81.56
81.61
81.31
81.14
81.09
80.83
80.75
80.62
80.82
81.02
81.16
81.21
80.95
80.67
80.57
80.62
80.60
80.58
80.41
80.29
80.38
80.16
80.15
80.24
80.29
80.38
80.24
80.32
80.31
80.41
80.51
80.66
80.67
80.74
80.72
80.78
80.71
80.85
81.00
81.08
81.06
81.11
81.09
80.93
80.80
80.69
80.66
80.53
80.48
80.55
80.56
80.55
80.54
80.47
80.38
80.43
80.40
80.54
80.55
80.58
80.66
80.65
80.68
80.65
80.64
80.66
80.61
80.57
80.58
80.60
80.62
80.66
80.65
80.66
80.74
80.62
80.60
80.59
80.66
80.63
80.60
80.60
80.62
80.61
80.48
80.48
80.53
80.54
80.54
80.59
80.58
80.56
80.60
80.53
80.48
80.44
80.38
80.40
80.37
80.39
80.40
80.43
80.45
80.43
80.40
80.37
80.37
80.41
80.37
80.39
80.38
80.37
80.35
80.31
80.33
80.33
80.34
80.38
80.39
80.41
80.41
80.43
80.42
80.45
80.36
80.36
80.35
80.34
80.35
80.31
80.27
80.27
80.22
80.22
80.21
80.19
80.17
80.15
80.19
80.19
80.18
80.21
80.19
80.23
80.26
80.27
80.24
80.24
80.22
80.22
80.26
80.26
80.25
80.27
80.28
80.30
80.32
80.29
80.28
80.24
80.24
80.26
80.29
80.29
80.28
80.28
80.28
80.22
80.21
80.17
80.17
80.16
80.12
80.11
80.13
80.16
80.15
80.13
80.09
80.10
80.08
80.09
80.06
80.05
80.08
80.04
80.04
80.03
80.03
80.05
80.08
80.07
80.06
80.03
80.04
80.09
80.10
80.12
80.11
80.11
80.13
80.16
80.16
80.15
80.14
80.16
80.15
80.18
80.20
80.19
80.19
80.16
80.17
80.15
80.11
80.13
80.13
80.13
80.14
80.14
80.14
80.13
80.15
80.13
80.10
80.12
80.12
80.10
80.08
80.05
80.02
80.03
80.03
80.03
80.05
80.05
80.06
80.06
80.07
80.07
80.07
80.08
80.09
80.08
80.09
80.09
80.08
80.08
80.11
80.13
80.16
80.16
80.14
80.14
80.16
80.16
80.17
80.18
80.17
80.18
80.19
80.17
80.18
80.18
80.20
80.19
80.19
80.15
80.17
80.18
80.17
80.12
80.12
80.12
80.14
80.15
80.14
80.13
80.13
80.12
80.12
80.12
80.15
80.15
80.14
80.16
80.17
80.17
80.15
80.14
80.13
80.12
80.12
80.15
80.16
80.13
80.15
80.15
80.16
80.16
80.15
80.18
80.19
80.21
80.22
80.21
80.20
80.21
80.19
80.19
80.19
80.16
80.16
80.17
80.15
80.18
80.19
80.19
80.19
80.19
80.18
80.19
80.21
80.19
80.19
80.19
80.18
80.19
80.20
80.20
80.19
80.20
80.19
80.22
80.21
80.18
80.19
80.19
80.19
80.20
80.20
80.20
80.22
80.20
80.19
80.20
80.22
80.23
80.21
80.22
80.24
80.25
80.23
80.24
80.26
80.25
80.26
80.25
80.25
80.24
80.25
80.25
80.23
80.20
80.22
80.20
80.20
80.21
80.20
80.20
80.20
80.18
80.18
80.17
80.17
80.17
80.16
80.16
80.16
80.15
80.17
80.15
80.14
80.16
80.15
80.15
80.16
80.15
80.16
80.17
80.18
80.17
80.18
80.17
80.17
80.17
80.18
80.17
80.16
80.15
80.17
80.18
80.17
80.17
80.16
80.19
80.18
80.21
80.20
80.17
80.18
80.18
80.20
80.20
80.20
80.20
80.18
80.18
80.16
80.17
80.18
80.18
80.18
80.19
80.17
80.19
80.19
80.19
80.20
80.20
80.19
80.19
80.20
80.22
80.23
80.22
80.23
80.23
80.24
80.25
80.23
80.23
80.23
80.21
80.21
80.21
80.21
80.21
80.16
80.16
80.14
80.13
80.12
80.14
80.15
80.15
80.16
80.15
80.16
80.16
80.16
80.16
80.14
80.13
80.13
80.14
80.12
80.13
80.13
80.14
80.15
80.16
80.17
80.16
80.16
80.14
80.17
80.17
80.16
80.18
80.18
80.18
80.18
80.18
80.18
80.18
80.16
80.17
80.17
80.17
80.18
80.18
80.18
80.18
80.18
80.18
80.16
80.15
80.16
80.15
80.15
80.17
80.18
80.18
80.18
80.18
80.18
80.17
80.17
80.18
80.19
80.18
80.20
80.20
80.21
80.20
80.19
80.20
80.21
80.22
80.23
80.23
80.24
80.23
80.23
80.23
80.23
80.23
80.22
80.21
80.21
80.20
80.21
80.22
80.22
80.22
80.20
80.21
80.21
80.22
80.23
80.23
80.23
80.24
80.22
80.23
80.23
80.22
80.23
80.24
80.24
80.24
80.25
80.25
80.25
80.25
80.25
80.26
80.25
80.25
80.25
80.24
80.25
80.26
80.25
80.25
80.25
80.24
80.23
80.23
80.23
80.22
80.21
80.22
80.21
80.20
80.20
80.20
80.20
80.20
80.20
80.19
80.19
80.19
80.19
80.19
80.17
80.18
80.19
80.19
80.20
80.19
80.19
80.19
80.18
80.19
80.19
80.20
80.18
80.19
80.18
80.20
80.20
80.21
80.21
80.21
80.21
80.21
80.21
80.21
80.21
80.21
80.21
80.23
80.22
80.22
80.21
80.20
80.21
80.21
80.21
80.22
80.23
80.23
80.24
80.25
80.24
80.25
80.25
80.24
80.26
80.26
80.27
80.28
80.28
80.28
80.29
80.29
80.28
80.29
80.29
80.29
80.30
80.29
80.29
80.28
80.27
80.27
80.27
80.28
80.27
80.27
80.27
80.27
80.28
80.29
80.30
80.31
80.30
80.30
80.30
80.30
80.30
80.30
80.30
80.29
80.30
80.31
80.32
80.32
80.33
80.33
80.33
80.34
80.33
80.33
80.32
80.32
80.33
80.32
80.33
80.33
80.33
80.32
80.33
80.33
80.33
80.34
80.35
80.35
80.33
80.33
80.33
80.33
80.32
80.31
80.32
80.32
80.32
80.33
80.34
80.34
80.33
80.34
80.34
80.34
80.35
80.35
80.35
80.35
80.35
80.35
80.36
80.35
80.35
80.33
80.33
80.33
80.33
80.33
80.33
80.33
80.33
80.33
80.33
80.32
80.31
80.31
80.32
80.32
80.33
80.32
80.31
80.31
80.31
80.31
80.32
80.31
80.30
80.31
80.31
80.30
80.31
80.31
80.32
80.31
80.30
80.30
80.29
80.29
80.29
80.29
80.28
80.28
80.27
80.27
80.27
80.19
