78.12
81.25
76.56
75.78
76.56
76.82
77.90
78.71
79.69
80.16
79.69
79.30
79.57
79.02
78.54
78.32
78.58
78.47
78.45
78.36
78.72
79.26
79.21
79.49
79.44
79.39
79.46
79.63
79.53
79.11
79.08
79.20
79.21
78.95
79.11
79.25
79.39
79.44
79.53
79.41
79.19
79.35
79.36
79.30
79.27
79.21
79.32
79.30
79.08
79.19
78.92
78.94
78.86
78.96
78.89
79.05
79.03
79.04
78.97
79.09
79.25
79.16
79.14
79.10
79.04
79.02
78.96
79.07
79.10
79.15
79.12
79.08
79.22
79.29
79.29
79.21
79.18
79.11
79.05
79.12
79.15
79.04
78.92
79.04
79.04
78.98
78.97
79.01
79.02
79.05
79.09
79.06
79.10
79.11
79.11
79.15
79.08
79.03
79.07
79.08
79.07
79.03
79.05
79.16
79.18
79.19
79.25
79.20
79.21
79.20
79.22
79.24
79.18
79.18
79.20
79.19
79.25
79.16
79.14
79.15
79.25
79.25
79.22
79.25
79.34
79.39
79.38
79.43
79.45
79.48
79.50
79.52
79.51
79.51
79.47
79.50
79.52
79.45
79.41
79.39
79.39
79.46
79.46
79.45
79.43
79.47
79.51
79.50
79.51
79.48
79.46
79.44
79.46
79.41
79.40
79.41
79.35
79.39
79.37
79.32
79.33
79.33
79.29
79.31
79.33
79.25
79.29
79.29
79.32
79.37
79.36
79.33
79.35
79.36
79.35
79.34
79.32
79.35
79.41
79.42
79.42
79.40
79.37
79.39
79.36
79.36
79.40
79.40
79.40
79.43
79.47
79.47
79.41
79.40
79.46
79.43
79.39
79.40
79.40
79.42
79.42
79.43
79.45
79.43
79.44
79.44
79.39
79.43
79.43
79.44
79.44
79.47
79.47
79.48
79.40
79.41
79.41
79.44
79.42
79.42
79.40
79.40
79.42
79.41
79.43
79.43
79.41
79.42
79.43
79.40
79.44
79.43
79.49
79.47
79.47
79.49
79.46
79.43
79.44
79.43
79.43
79.40
79.35
79.34
79.36
79.36
79.36
79.37
79.36
79.37
79.41
79.39
79.38
79.38
79.38
79.36
79.35
79.33
79.29
79.30
79.29
79.26
79.27
79.24
79.25
79.22
79.21
79.23
79.22
79.25
79.27
79.29
79.28
79.28
79.28
79.27
79.26
79.25
79.26
79.26
79.25
79.24
79.24
79.23
79.25
79.26
79.26
79.26
79.27
79.30
79.29
79.28
79.34
79.36
79.37
79.37
79.34
79.31
79.31
79.28
79.26
79.28
79.25
79.27
79.26
79.24
79.24
79.25
79.23
79.22
79.24
79.26
79.28
79.27
79.27
79.28
79.29
79.29
79.27
79.28
79.29
79.28
79.27
79.24
79.21
79.23
79.22
79.20
79.18
79.18
79.18
79.16
79.17
79.19
79.19
79.18
79.17
79.17
79.19
79.19
79.20
79.16
79.16
79.18
79.16
79.15
79.17
79.18
79.18
79.17
79.14
79.15
79.14
79.15
79.16
79.17
79.18
79.18
79.19
79.17
79.16
79.18
79.19
79.20
79.17
79.19
79.19
79.18
79.18
79.18
79.17
79.19
79.20
79.19
79.21
79.20
79.19
79.20
79.22
79.23
79.24
79.25
79.24
79.26
79.27
79.29
79.29
79.29
79.30
79.29
79.31
79.30
79.29
79.28
79.30
79.30
79.31
79.30
79.30
79.30
79.29
79.30
79.29
79.27
79.28
79.26
79.26
79.25
79.24
79.22
79.22
79.22
79.23
79.23
79.22
79.21
79.22
79.21
79.22
79.23
79.24
79.23
79.23
79.23
79.24
79.24
79.20
79.20
79.19
79.19
79.19
79.18
79.19
79.21
79.18
79.18
79.19
79.18
79.18
79.18
79.19
79.19
79.18
79.18
79.19
79.16
79.16
79.16
79.13
79.12
79.13
79.11
79.11
79.11
79.10
79.10
79.10
79.09
79.08
79.07
79.07
79.08
79.08
79.08
79.07
79.08
79.06
79.07
79.05
79.05
79.06
79.07
79.07
79.05
79.06
79.04
79.03
79.03
79.04
79.03
79.04
79.00
79.00
79.00
79.01
79.00
79.01
79.01
78.99
79.00
79.00
79.01
79.02
79.01
79.02
79.03
79.03
79.03
79.03
79.02
79.01
79.02
79.02
79.03
79.03
79.02
79.01
79.02
79.00
79.01
79.03
79.03
79.02
79.03
79.00
78.98
78.98
78.96
78.96
78.95
78.96
78.95
78.93
78.94
78.94
78.95
78.94
78.95
78.93
78.94
78.94
78.94
78.93
78.94
78.94
78.94
78.95
78.94
78.94
78.94
78.94
78.95
78.95
78.95
78.95
78.95
78.96
78.97
78.97
78.98
78.98
78.99
79.00
79.00
79.01
79.00
79.00
79.00
79.00
79.00
78.99
78.99
78.98
78.98
78.98
78.98
78.97
78.97
78.97
78.97
78.96
78.96
78.96
78.97
78.98
78.97
78.98
78.99
78.97
78.98
78.98
78.98
78.99
78.98
78.97
78.98
78.98
78.97
78.97
78.95
78.96
78.97
78.98
78.97
78.97
78.98
78.96
78.96
78.95
78.96
78.95
78.96
78.97
78.97
78.97
78.97
78.97
78.98
78.99
79.01
79.01
79.01
79.00
79.01
79.00
79.01
79.01
79.00
79.00
79.01
79.02
79.01
79.02
79.01
79.00
79.02
79.02
79.02
79.02
79.02
79.01
79.01
79.01
79.01
79.02
79.01
79.02
79.01
79.00
79.00
78.99
78.99
78.98
78.97
78.98
78.98
78.98
78.99
78.99
78.99
78.97
78.97
78.98
78.98
78.98
78.99
78.98
78.99
78.99
78.99
78.99
78.99
78.99
78.98
78.98
78.98
78.96
78.95
78.95
78.96
78.96
78.96
78.95
78.96
78.95
78.95
78.94
78.93
78.93
78.92
78.92
78.90
78.91
78.92
78.93
78.93
78.92
78.91
78.91
78.92
78.91
78.92
78.91
78.92
78.91
78.90
78.90
78.90
78.89
78.89
78.90
78.90
78.90
78.90
78.91
78.89
78.89
78.89
78.90
78.90
78.90
78.92
78.93
78.93
78.92
78.91
78.91
78.91
78.91
78.91
78.92
78.90
78.89
78.88
78.88
78.89
78.88
78.88
78.88
78.88
78.89
78.88
78.88
78.88
78.89
78.89
78.90
78.90
78.90
78.90
78.90
78.91
78.91
78.91
78.90
78.89
78.89
78.89
78.89
78.87
78.86
78.86
78.86
78.86
78.87
78.87
78.86
78.86
78.87
78.87
78.87
78.88
78.90
78.90
78.90
78.89
78.89
78.89
78.90
78.91
78.90
78.90
78.90
78.91
78.91
78.92
78.92
78.92
78.92
78.91
78.92
78.85
