4.69
4.69
5.21
4.30
3.75
3.12
3.12
3.32
2.95
2.97
2.98
2.73
2.76
2.57
2.50
2.44
2.48
2.34
2.22
2.34
2.23
2.27
2.24
2.15
2.19
2.16
2.14
2.06
2.10
2.14
2.12
2.20
2.27
2.25
2.23
2.26
2.24
2.22
2.32
2.30
2.29
2.27
2.29
2.24
2.22
2.21
2.19
2.21
2.17
2.19
2.21
2.19
2.24
2.29
2.27
2.43
2.44
2.48
2.52
2.50
2.48
2.49
2.46
2.44
2.43
2.39
2.43
2.39
2.38
2.34
2.42
2.43
2.42
2.39
2.42
2.43
2.41
2.42
2.39
2.38
2.37
2.36
2.39
2.40
2.43
2.43
2.46
2.43
2.42
2.41
2.39
2.41
2.42
2.41
2.42
2.41
2.42
2.39
2.37
2.34
2.32
2.31
2.31
2.33
2.34
2.31
2.29
2.29
2.28
2.27
2.29
2.29
2.28
2.29
2.27
2.29
2.28
2.26
2.27
2.25
2.27
2.25
2.26
2.26
2.25
2.28
2.28
2.31
2.30
2.28
2.27
2.28
2.33
2.32
2.35
2.34
2.34
2.32
2.30
2.32
2.30
2.33
2.33
2.34
2.34
2.33
2.34
2.33
2.35
2.35
2.35
2.34
2.34
2.35
2.36
2.36
2.35
2.34
2.35
2.36
2.35
2.35
2.37
2.35
2.34
2.34
2.34
2.35
2.35
2.37
2.39
2.39
2.39
2.40
2.39
2.40
2.38
2.37
2.37
2.36
2.38
2.38
2.37
2.38
2.37
2.37
2.36
2.35
2.36
2.38
2.37
2.36
2.35
2.35
2.35
2.35
2.36
2.37
2.37
2.37
2.37
2.37
2.37
2.37
2.37
2.37
2.36
2.37
2.41
2.40
2.40
2.40
2.40
2.39
2.39
2.38
2.40
2.39
2.38
2.39
2.38
2.40
2.41
2.41
2.40
2.40
2.40
2.39
2.39
2.40
2.40
2.40
2.39
2.40
2.39
2.40
2.41
2.41
2.41
2.40
2.41
2.40
2.40
2.40
2.42
2.41
2.42
2.42
2.42
2.41
2.40
2.41
2.40
2.40
2.40
2.40
2.40
2.40
2.39
2.39
2.39
2.39
2.39
2.39
2.41
2.40
2.39
2.40
2.40
2.42
2.42
2.41
2.40
2.41
2.41
2.40
2.41
2.41
2.42
2.42
2.41
2.41
2.40
2.39
2.39
2.40
2.41
2.40
2.40
2.40
2.39
2.40
2.40
2.39
2.39
2.41
2.40
2.40
2.40
2.40
2.40
2.40
2.41
2.41
2.41
2.43
2.43
2.43
2.43
2.43
2.43
2.42
2.42
2.41
2.42
2.41
2.41
2.40
2.40
2.40
2.39
2.40
2.40
2.39
2.39
2.39
2.39
2.39
2.38
2.37
2.37
2.38
2.38
2.38
2.37
2.38
2.37
2.39
2.38
2.39
2.38
2.38
2.37
2.37
2.37
2.37
2.36
2.36
2.35
2.35
2.35
2.34
2.34
2.33
2.34
2.33
2.33
2.33
2.33
2.33
2.34
2.34
2.34
2.34
2.33
2.33
2.33
2.34
2.33
2.33
2.32
2.31
2.32
2.32
2.32
2.32
2.32
2.31
2.32
2.31
2.32
2.32
2.32
2.32
2.31
2.30
2.30
2.31
2.31
2.30
2.30
2.30
2.30
2.30
2.31
2.31
2.31
2.31
2.31
2.30
2.30
2.30
2.30
2.29
2.29
2.29
2.30
2.31
2.31
2.31
2.31
2.31
2.31
2.31
2.31
2.31
2.30
2.30
2.30
2.29
2.30
2.30
2.29
2.29
2.29
2.29
2.29
2.29
2.28
2.27
2.27
2.27
2.27
2.27
2.26
2.26
2.27
2.27
2.26
2.27
2.27
2.27
2.27
2.28
2.28
2.28
2.28
2.28
2.29
2.30
2.29
2.28
2.28
2.28
2.28
2.28
2.28
2.28
2.27
2.27
2.27
2.27
2.27
2.27
2.27
2.28
2.28
2.27
2.28
2.27
2.28
2.27
2.27
2.27
2.27
2.27
2.27
2.27
2.26
2.26
2.25
2.26
2.25
2.26
2.26
2.26
2.26
2.26
2.26
2.25
2.25
2.25
2.25
2.24
2.25
2.25
2.25
2.25
2.25
2.24
2.25
2.25
2.25
2.25
2.25
2.24
2.24
2.24
2.24
2.25
2.25
2.25
2.25
2.25
2.25
2.26
2.25
2.25
2.25
2.25
2.25
2.25
2.25
2.25
2.26
2.25
2.25
2.25
2.25
2.25
2.25
2.26
2.25
2.26
2.25
2.26
2.25
2.25
2.26
2.25
2.26
2.26
2.26
2.25
2.25
2.26
2.26
2.26
2.27
2.26
2.26
2.26
2.26
2.26
2.27
2.27
2.28
2.28
2.28
2.28
2.28
2.28
2.28
2.28
2.28
2.28
2.28
2.29
2.29
2.29
2.29
2.28
2.28
2.28
2.28
2.28
2.28
2.28
2.28
2.28
2.28
2.28
2.28
2.27
2.27
2.28
2.27
2.27
2.28
2.28
2.27
2.28
2.28
2.28
2.27
2.28
2.27
2.28
2.28
2.27
2.27
2.28
2.27
2.27
2.27
2.27
2.27
2.26
2.27
2.27
2.26
2.26
2.26
2.26
2.26
2.25
2.25
2.25
2.25
2.25
2.24
2.24
2.24
2.25
2.24
2.24
2.24
2.24
2.24
2.24
2.24
2.23
2.23
2.23
2.23
2.23
2.23
2.23
2.23
2.23
2.23
2.24
2.24
2.24
2.24
2.24
2.23
2.23
2.23
2.23
2.23
2.23
2.23
2.24
2.24
2.24
2.24
2.24
2.24
2.23
2.23
2.23
2.23
2.24
2.24
2.24
2.24
2.25
2.25
2.26
2.25
2.25
2.25
2.26
2.26
2.26
2.27
2.27
2.27
2.27
2.27
2.27
2.27
2.27
2.27
2.27
2.27
2.27
2.27
2.27
2.27
2.26
2.26
2.26
2.26
2.26
2.25
2.25
2.25
2.25
2.25
2.24
2.24
2.24
2.24
2.24
2.24
2.24
2.23
2.24
2.24
2.24
2.24
2.25
2.24
2.24
2.24
2.24
2.24
2.25
2.25
2.25
2.25
2.25
2.25
2.25
2.25
2.25
2.25
2.25
2.24
2.24
2.24
2.24
2.24
2.24
2.24
2.24
2.23
2.23
2.23
2.23
2.24
2.24
2.23
2.23
2.24
2.24
2.24
2.24
2.25
2.25
2.26
2.25
2.25
2.25
2.25
2.25
2.25
2.26
2.25
2.26
2.26
2.26
2.26
2.26
2.27
2.27
2.28
2.27
2.27
2.27
2.28
2.28
2.28
2.28
2.29
2.28
2.29
2.29
2.29
2.29
