76.56
78.91
78.65
80.08
78.75
80.73
81.70
81.64
81.25
81.41
81.11
80.73
80.53
80.13
80.21
80.37
80.51
80.99
81.00
80.62
80.73
80.33
80.43
80.27
80.50
80.35
80.21
80.25
80.44
80.31
80.54
80.66
80.78
80.61
80.76
80.51
80.49
80.35
80.53
80.59
80.49
80.39
80.49
80.58
80.42
80.50
80.62
80.73
80.58
80.66
80.73
80.74
80.81
80.73
80.88
80.78
80.89
81.01
80.99
80.81
80.84
80.87
80.93
80.98
80.91
81.06
81.09
81.11
81.09
81.03
80.96
80.99
80.99
80.95
81.00
80.92
80.84
80.87
80.81
80.88
80.84
80.81
80.76
80.75
80.77
80.85
80.84
80.74
80.72
80.68
80.65
80.62
80.56
80.60
80.58
80.55
80.51
80.52
80.45
80.42
80.38
80.38
80.31
80.35
80.36
80.34
80.30
80.35
80.32
80.30
80.19
80.19
80.23
80.21
80.23
80.21
80.21
80.20
80.13
80.13
80.10
80.11
80.12
80.15
80.15
80.13
80.11
80.10
80.16
80.07
80.08
80.00
79.97
80.01
80.03
80.00
80.00
79.97
79.95
79.88
79.93
79.87
79.93
79.90
79.92
79.90
79.91
79.91
79.88
79.92
79.90
79.88
79.87
79.89
79.91
79.86
79.85
79.85
79.83
79.81
79.75
79.76
79.77
79.79
79.73
79.69
79.72
79.76
79.75
79.78
79.81
79.76
79.76
79.73
79.71
79.72
79.71
79.72
79.77
79.76
79.77
79.78
79.81
79.81
79.76
79.74
79.75
79.76
79.76
79.79
79.77
79.77
79.77
79.74
79.67
79.66
79.66
79.67
79.69
79.68
79.69
79.72
79.76
79.73
79.73
79.75
79.75
79.72
79.72
79.72
79.72
79.72
79.73
79.69
79.69
79.69
79.67
79.70
79.72
79.74
79.74
79.73
79.70
79.69
79.69
79.68
79.64
79.68
79.67
79.69
79.67
79.65
79.65
79.64
79.64
79.64
79.65
79.65
79.67
79.69
79.71
79.72
79.72
79.74
79.74
79.74
79.74
79.74
79.78
79.78
79.78
79.79
79.76
79.77
79.79
79.79
79.74
79.76
79.78
79.74
79.74
79.69
79.69
79.70
79.69
79.69
79.70
79.70
79.70
79.73
79.72
79.73
79.73
79.74
79.77
79.73
79.68
79.65
79.65
79.63
79.64
79.66
79.62
79.63
79.63
79.63
79.62
79.62
79.63
79.64
79.63
79.64
79.64
79.65
79.67
79.65
79.64
79.63
79.64
79.62
79.58
79.59
79.57
79.58
79.58
79.58
79.59
79.58
79.60
79.60
79.61
79.61
79.62
79.61
79.63
79.65
79.67
79.67
79.66
79.68
79.69
79.68
79.69
79.70
79.73
79.75
79.77
79.77
79.73
79.73
79.74
79.75
79.73
79.71
79.71
79.69
79.66
79.66
79.67
79.66
79.62
79.62
79.62
79.65
79.63
79.63
79.61
79.64
79.64
79.64
79.65
79.64
79.66
79.67
79.67
79.69
79.71
79.70
79.73
79.74
79.76
79.76
79.77
79.80
79.80
79.82
79.84
79.84
79.85
79.86
79.88
79.85
79.84
79.85
79.87
79.85
79.84
79.84
79.85
79.86
79.85
79.85
79.86
79.83
79.85
79.86
79.88
79.89
79.90
79.88
79.88
79.87
79.88
79.90
79.90
79.90
79.88
79.90
79.89
79.88
79.88
79.88
79.90
79.91
79.92
79.93
79.94
79.96
79.95
79.95
79.96
79.95
79.96
79.97
79.98
80.00
80.01
79.99
79.98
79.98
80.00
79.99
79.98
80.00
80.01
80.00
79.98
79.98
79.96
79.96
79.96
79.96
79.97
79.95
79.96
79.97
79.98
79.98
79.99
79.97
79.98
79.96
79.94
79.94
79.92
79.93
79.94
79.95
79.95
79.94
79.94
79.93
79.94
79.94
79.94
79.94
79.93
79.94
79.93
79.93
79.95
79.94
79.95
79.96
79.94
79.94
79.94
79.91
79.90
79.93
79.94
79.95
79.93
79.93
79.94
79.93
79.94
79.94
79.94
79.93
79.92
79.92
79.91
79.90
79.90
79.89
79.87
79.87
79.87
79.86
79.85
79.86
79.86
79.88
79.87
79.89
79.88
79.88
79.87
79.87
79.86
79.85
79.85
79.86
79.85
79.85
79.84
79.86
79.87
79.87
79.89
79.89
79.90
79.91
79.90
79.91
79.91
79.91
79.92
79.90
79.91
79.92
79.91
79.92
79.93
79.93
79.93
79.93
79.94
79.94
79.94
79.95
79.97
79.95
79.95
79.96
79.96
79.97
79.95
79.95
79.95
79.95
79.94
79.95
79.95
79.95
79.94
79.97
79.98
79.97
79.97
79.97
79.96
79.97
79.96
79.96
79.98
79.97
79.98
79.97
79.97
79.99
79.99
79.99
79.99
79.99
79.99
79.98
79.98
79.97
79.97
79.96
79.96
79.94
79.95
79.96
79.96
79.95
79.95
79.96
79.95
79.94
79.93
79.93
79.93
79.92
79.92
79.93
79.94
79.93
79.92
79.93
79.93
79.92
79.91
79.91
79.91
79.91
79.92
79.93
79.93
79.91
79.92
79.93
79.93
79.94
79.93
79.94
79.94
79.94
79.94
79.95
79.94
79.94
79.95
79.95
79.96
79.96
79.96
79.97
79.98
79.99
80.00
80.00
80.01
79.99
79.98
80.00
80.01
80.02
80.03
80.02
80.02
80.00
80.00
80.00
79.99
79.98
79.98
79.98
79.99
79.99
79.99
79.99
79.99
79.99
79.99
79.98
79.98
79.97
79.97
79.98
79.97
79.97
79.98
79.97
79.98
79.98
79.98
79.99
79.99
79.99
79.98
79.97
79.98
79.98
79.99
79.98
79.99
79.97
79.98
79.99
79.99
79.99
80.00
79.99
79.99
79.98
79.98
79.98
79.98
79.98
79.97
79.97
79.98
79.97
79.97
79.96
79.96
79.95
79.96
79.96
79.95
79.95
79.95
79.95
79.96
79.96
79.96
79.98
79.97
79.97
79.97
79.98
79.98
79.99
79.99
79.99
80.00
80.00
80.00
80.01
80.00
80.00
80.01
80.02
80.02
80.02
80.04
80.05
80.04
80.04
80.03
80.03
80.03
80.04
80.05
80.05
80.03
80.04
80.04
80.04
80.05
80.04
80.05
80.05
80.06
80.07
80.07
80.07
80.08
80.07
80.08
80.08
80.08
80.08
80.08
80.07
80.06
80.06
80.06
80.05
80.05
80.05
80.06
80.06
80.06
80.05
80.05
80.05
80.05
80.05
80.05
80.03
80.03
80.03
80.03
80.03
80.03
80.03
80.03
80.02
80.02
80.02
80.01
80.03
80.03
80.03
80.03
80.03
80.04
79.96
