81.25
82.81
83.33
81.25
80.94
80.73
80.58
81.25
81.60
81.25
80.68
80.60
80.41
80.69
80.62
80.57
80.70
80.64
80.59
80.55
80.65
80.18
80.10
79.75
79.56
79.69
79.80
79.91
80.01
79.84
79.84
79.83
80.02
80.15
80.13
79.95
79.90
79.85
80.09
80.23
80.30
80.25
80.01
80.01
80.03
80.13
80.05
80.08
80.17
80.22
80.36
80.26
80.19
80.27
80.37
80.16
80.15
80.17
80.08
80.18
79.97
79.96
79.96
79.98
80.02
79.92
80.04
80.03
80.05
80.04
80.06
80.03
80.07
80.17
80.21
80.14
80.09
80.05
80.08
80.08
80.11
80.14
80.12
80.10
80.20
80.14
80.19
80.10
80.18
80.14
80.19
80.16
80.21
80.19
80.26
80.34
80.35
80.39
80.49
80.52
80.57
80.55
80.60
80.57
80.60
80.45
80.55
80.51
80.46
80.50
80.42
80.40
80.37
80.41
80.39
80.37
80.41
80.42
80.38
80.38
80.40
80.44
80.51
80.44
80.45
80.43
80.36
80.38
80.37
80.43
80.44
80.42
80.38
80.36
80.32
80.30
80.27
80.25
80.23
80.18
80.18
80.14
80.15
80.19
80.22
80.20
80.18
80.14
80.19
80.21
80.28
80.26
80.26
80.28
80.24
80.24
80.30
80.27
80.26
80.24
80.23
80.20
80.21
80.17
80.13
80.15
80.17
80.16
80.13
80.13
80.09
80.09
80.08
80.09
80.12
80.09
80.07
80.08
80.05
80.03
80.06
80.04
80.00
80.01
80.01
80.00
80.00
80.03
80.08
80.09
80.10
80.13
80.11
80.15
80.12
80.11
80.12
80.11
80.09
80.11
80.10
80.14
80.10
80.08
80.06
80.06
80.06
80.04
80.06
80.07
80.07
80.11
80.09
80.12
80.13
80.11
80.08
80.08
80.09
80.09
80.10
80.12
80.14
80.13
80.11
80.10
80.11
80.09
80.10
80.07
80.07
80.07
80.06
80.07
80.10
80.09
80.13
80.11
80.11
80.12
80.13
80.16
80.18
80.19
80.16
80.17
80.17
80.17
80.17
80.21
80.21
80.24
80.23
80.20
80.20
80.21
80.19
80.18
80.21
80.20
80.17
80.19
80.19
80.17
80.17
80.18
80.21
80.21
80.22
80.21
80.23
80.23
80.25
80.23
80.19
80.22
80.21
80.20
80.21
80.21
80.24
80.27
80.27
80.28
80.27
80.28
80.30
80.31
80.32
80.31
80.31
80.31
80.32
80.34
80.34
80.32
80.35
80.37
80.38
80.39
80.38
80.37
80.35
80.35
80.33
80.31
80.29
80.28
80.28
80.29
80.27
80.29
80.31
80.33
80.31
80.31
80.35
80.35
80.35
80.34
80.35
80.36
80.37
80.38
80.40
80.40
80.42
80.40
80.41
80.42
80.41
80.40
80.41
80.40
80.42
80.42
80.42
80.41
80.42
80.44
80.44
80.43
80.41
80.41
80.39
80.37
80.39
80.39
80.38
80.40
80.40
80.41
80.40
80.39
80.36
80.38
80.39
80.39
80.38
80.38
80.40
80.37
80.38
80.37
80.38
80.40
80.40
80.41
80.39
80.41
80.40
80.40
80.40
80.41
80.41
80.41
80.42
80.41
80.40
80.40
80.41
80.42
80.43
80.42
80.43
80.43
80.43
80.43
80.41
80.39
80.40
80.40
80.39
80.40
80.39
80.38
80.40
80.41
80.41
80.40
80.40
80.39
80.39
80.37
80.37
80.38
80.38
80.39
80.40
80.39
80.40
80.41
80.40
80.39
80.38
80.38
80.38
80.38
80.38
80.39
80.38
80.38
80.35
80.36
80.33
80.31
80.31
80.32
80.31
80.30
80.30
80.31
80.32
80.31
80.29
80.30
80.30
80.30
80.30
80.29
80.28
80.29
80.27
80.29
80.30
80.29
80.27
80.25
80.24
80.24
80.23
80.23
80.23
80.23
80.25
80.25
80.22
80.24
80.25
80.23
80.24
80.24
80.24
80.24
80.26
80.25
80.26
80.24
80.25
80.27
80.28
80.28
80.28
80.27
80.26
80.26
80.25
80.26
80.26
80.25
80.26
80.25
80.25
80.25
80.25
80.24
80.23
80.24
80.23
80.24
80.25
80.25
80.26
80.27
80.27
80.25
80.24
80.24
80.23
80.23
80.23
80.22
80.22
80.22
80.20
80.19
80.19
80.18
80.18
80.17
80.17
80.18
80.20
80.20
80.20
80.19
80.20
80.19
80.18
80.18
80.19
80.18
80.19
80.19
80.18
80.20
80.21
80.20
80.19
80.17
80.17
80.16
80.17
80.18
80.19
80.18
80.16
80.15
80.16
80.15
80.15
80.16
80.15
80.14
80.15
80.15
80.16
80.17
80.17
80.16
80.16
80.16
80.17
80.18
80.15
80.16
80.15
80.16
80.17
80.17
80.18
80.18
80.18
80.18
80.17
80.16
80.16
80.15
80.16
80.15
80.16
80.15
80.15
80.14
80.14
80.14
80.15
80.14
80.15
80.15
80.16
80.16
80.17
80.17
80.17
80.17
80.16
80.16
80.15
80.16
80.16
80.17
80.18
80.18
80.19
80.18
80.17
80.18
80.18
80.18
80.18
80.20
80.20
80.19
80.19
80.19
80.19
80.20
80.19
80.18
80.18
80.18
80.17
80.17
80.16
80.15
80.15
80.16
80.17
80.17
80.17
80.16
80.16
80.15
80.14
80.15
80.15
80.15
80.16
80.14
80.13
80.13
80.11
80.10
80.12
80.11
80.11
80.12
80.13
80.13
80.12
80.12
80.12
80.10
80.11
80.13
80.13
80.14
80.14
80.13
80.13
80.14
80.15
80.15
80.16
80.15
80.15
80.14
80.14
80.15
80.14
80.15
80.16
80.17
80.17
80.17
80.17
80.17
80.16
80.17
80.16
80.16
80.15
80.16
80.17
80.15
80.16
80.16
80.16
80.16
80.16
80.16
80.16
80.16
80.16
80.16
80.16
80.15
80.14
80.13
80.14
80.13
80.13
80.13
80.14
80.14
80.14
80.14
80.14
80.13
80.12
80.13
80.13
80.14
80.13
80.13
80.14
80.15
80.15
80.16
80.17
80.17
80.18
80.17
80.18
80.20
80.19
80.18
80.19
80.19
80.18
80.18
80.18
80.17
80.16
80.16
80.16
80.15
80.15
80.15
80.16
80.15
80.16
80.17
80.18
80.18
80.18
80.18
80.18
80.18
80.19
80.19
80.18
80.19
80.18
80.19
80.20
80.19
80.19
80.19
80.20
80.19
80.19
80.20
80.21
80.20
80.21
80.20
80.19
80.18
80.18
80.18
80.17
80.18
80.17
80.17
80.18
80.18
80.19
80.18
80.19
80.19
80.20
80.19
80.19
80.18
80.18
80.19
80.19
80.20
80.20
80.12
