48.44
51.56
50.52
53.12
54.06
53.12
52.46
52.34
52.43
52.03
51.28
50.65
51.08
51.45
51.77
51.46
51.84
51.56
51.07
51.17
51.49
51.28
51.43
51.76
51.56
51.62
51.74
51.73
51.72
51.56
51.92
51.66
51.70
51.84
51.70
51.78
52.07
52.06
52.16
52.03
52.02
51.90
51.60
51.35
51.42
51.32
51.36
51.53
51.40
51.38
51.50
51.41
51.59
51.82
51.93
51.95
52.08
52.29
52.33
52.34
52.25
52.29
52.18
52.03
52.09
52.11
52.15
52.18
52.13
52.10
52.05
52.02
51.86
51.92
52.02
52.04
52.07
52.00
51.92
51.91
51.93
52.00
52.00
52.03
51.99
51.89
51.90
51.94
51.98
52.07
52.09
52.17
52.13
52.18
52.29
52.29
52.29
52.22
52.27
52.22
52.09
52.04
51.97
52.00
52.02
51.96
52.02
52.05
51.96
52.05
52.03
52.01
52.00
52.11
52.08
52.10
52.11
52.13
52.15
52.19
52.23
52.29
52.32
52.38
52.42
52.38
52.37
52.37
52.36
52.37
52.28
52.32
52.31
52.30
52.27
52.26
52.25
52.21
52.18
52.23
52.29
52.23
52.28
52.28
52.28
52.33
52.26
52.20
52.15
52.15
52.17
52.18
52.24
52.25
52.20
52.27
52.23
52.26
52.28
52.22
52.26
52.23
52.20
52.14
52.10
52.09
52.05
52.02
52.04
52.01
51.95
51.92
51.91
51.90
51.96
52.03
52.01
51.99
51.96
52.01
52.00
51.96
51.94
51.95
52.03
52.07
52.06
52.07
52.06
51.98
51.97
51.93
51.96
51.97
52.00
52.03
52.02
52.04
52.04
52.04
52.01
52.03
52.01
51.99
51.95
51.95
51.96
51.98
52.04
52.02
52.04
52.06
52.03
52.03
52.03
51.98
52.01
52.05
52.08
52.02
52.00
52.02
52.03
52.02
52.03
51.99
51.96
51.98
52.01
51.98
51.97
51.93
51.96
51.96
51.93
51.89
51.89
51.84
51.85
51.86
51.83
51.83
51.84
51.81
51.79
51.77
51.75
51.73
51.76
51.76
51.77
51.76
51.82
51.84
51.81
51.84
51.82
51.79
51.77
51.77
51.75
51.75
51.73
51.73
51.72
51.74
51.72
51.69
51.71
51.75
51.71
51.69
51.67
51.68
51.69
51.67
51.68
51.64
51.61
51.60
51.55
51.57
51.55
51.51
51.49
51.48
51.47
51.46
51.43
51.44
51.44
51.46
51.45
51.50
51.46
51.45
51.45
51.44
51.41
51.38
51.41
51.39
51.40
51.40
51.39
51.37
51.39
51.35
51.36
51.35
51.34
51.33
51.34
51.39
51.41
51.44
51.44
51.42
51.41
51.38
51.35
51.37
51.38
51.39
51.39
51.39
51.37
51.38
51.38
51.42
51.45
51.44
51.46
51.46
51.46
51.46
51.44
51.45
51.44
51.47
51.46
51.47
51.48
51.51
51.50
51.49
51.50
51.47
51.46
51.47
51.45
51.46
51.48
51.48
51.50
51.51
51.53
51.51
51.51
51.50
51.52
51.50
51.52
51.51
51.49
51.48
51.49
51.50
51.53
51.52
51.54
51.53
51.57
51.56
51.56
51.55
51.52
51.50
51.49
51.51
51.52
51.52
51.51
51.51
51.51
51.48
51.51
51.49
51.51
51.47
51.48
51.47
51.48
51.46
51.45
51.45
51.45
51.46
51.46
51.46
51.45
51.44
51.46
51.45
51.47
51.47
51.46
51.43
51.44
51.46
51.46
51.46
51.46
51.43
51.42
51.40
51.42
51.40
51.39
51.39
51.40
51.38
51.38
51.39
51.37
51.35
51.36
51.37
51.35
51.34
51.37
51.35
51.37
51.41
51.40
51.40
51.41
51.39
51.38
51.39
51.37
51.37
51.36
51.35
51.33
51.32
51.30
51.30
51.32
51.32
51.31
51.30
51.30
51.26
51.28
51.26
51.26
51.28
51.28
51.29
51.30
51.31
51.31
51.29
51.29
51.27
51.30
51.30
51.30
51.29
51.27
51.28
51.28
51.28
51.26
51.26
51.26
51.24
51.22
51.21
51.21
51.21
51.22
51.22
51.20
51.22
51.21
51.21
51.21
51.22
51.21
51.21
51.19
51.18
51.18
51.16
51.15
51.15
51.17
51.16
51.17
51.18
51.18
51.17
51.17
51.16
51.14
51.14
51.12
51.14
51.16
51.16
51.16
51.16
51.17
51.17
51.14
51.14
51.15
51.16
51.15
51.14
51.14
51.14
51.16
51.16
51.15
51.11
51.11
51.12
51.11
51.11
51.11
51.10
51.08
51.08
51.07
51.06
51.06
51.06
51.05
51.04
51.04
51.04
51.03
51.04
51.04
51.04
51.04
51.04
51.04
51.04
51.05
51.04
51.02
51.03
51.03
51.03
51.04
51.03
51.01
51.01
51.02
51.01
51.01
51.00
51.00
51.01
51.01
51.00
51.01
51.01
51.01
51.00
51.01
51.03
51.04
51.02
51.03
51.02
51.02
51.02
51.03
51.02
51.03
51.05
51.06
51.06
51.08
51.07
51.07
51.06
51.06
51.07
51.06
51.05
51.04
51.04
51.04
51.04
51.03
51.00
51.01
51.00
51.01
51.01
51.01
51.01
51.01
51.01
51.01
51.01
51.00
50.98
50.99
50.99
50.99
50.98
50.99
51.00
50.99
51.01
51.00
51.01
51.03
51.03
51.03
51.03
51.02
51.03
51.03
51.03
51.03
51.03
51.04
51.04
51.05
51.06
51.05
51.05
51.06
51.07
51.07
51.07
51.08
51.07
51.06
51.06
51.06
51.07
51.06
51.06
51.06
51.06
51.06
51.06
51.07
51.08
51.09
51.09
51.12
51.10
51.11
51.10
51.11
51.10
51.12
51.12
51.13
51.12
51.13
51.14
51.14
51.15
51.15
51.15
51.16
51.14
51.14
51.14
51.14
51.13
51.12
51.12
51.13
51.12
51.11
51.12
51.12
51.12
51.11
51.11
51.10
51.10
51.11
51.10
51.09
51.08
51.08
51.08
51.06
51.05
51.04
51.04
51.04
51.04
51.02
51.01
51.00
51.00
51.00
51.00
51.00
50.99
51.00
51.01
51.01
51.01
51.02
51.02
51.02
51.01
51.03
51.03
51.03
51.03
51.03
51.03
51.04
51.04
51.04
51.06
51.06
51.07
51.06
51.06
51.04
51.02
51.03
51.03
51.03
51.03
51.03
51.04
51.04
51.05
51.05
51.05
51.05
51.05
51.05
51.06
51.03
51.03
51.02
51.03
51.02
51.04
51.03
51.03
51.02
51.02
51.03
51.04
51.04
51.03
51.03
51.02
51.02
51.01
51.01
51.01
51.02
51.02
51.01
51.03
51.04
51.04
51.04
51.04
51.04
50.99
