79.69
80.47
80.21
81.25
82.19
82.81
82.81
82.03
82.47
82.19
82.67
82.81
82.45
81.92
82.08
81.84
81.53
81.86
81.83
81.95
81.99
81.82
82.00
81.84
81.62
81.73
81.83
81.70
82.06
82.03
82.01
82.23
81.96
81.89
81.56
81.42
81.33
81.33
81.25
81.17
81.21
81.32
81.36
81.39
81.11
80.94
81.05
80.92
80.90
80.91
80.91
80.89
80.90
80.90
80.85
80.86
80.89
80.93
80.85
80.91
80.84
80.85
80.70
80.69
80.79
80.63
80.48
80.45
80.53
80.58
80.61
80.60
80.57
80.62
80.60
80.51
80.50
80.59
80.58
80.57
80.59
80.60
80.61
80.54
80.53
80.54
80.59
80.56
80.53
80.43
80.44
80.37
80.36
80.37
80.33
80.34
80.30
80.21
80.19
80.14
80.17
80.18
80.17
80.08
80.07
80.00
79.98
80.03
80.12
80.17
80.22
80.26
80.27
80.26
80.31
80.33
80.29
80.31
80.37
80.38
80.45
80.46
80.49
80.43
80.46
80.53
80.54
80.52
80.51
80.46
80.42
80.45
80.43
80.38
80.31
80.33
80.30
80.32
80.32
80.30
80.26
80.25
80.22
80.24
80.30
80.29
80.29
80.30
80.32
80.28
80.24
80.23
80.28
80.32
80.31
80.31
80.37
80.35
80.34
80.37
80.38
80.35
80.33
80.34
80.36
80.39
80.38
80.43
80.38
80.35
80.32
80.38
80.37
80.41
80.44
80.43
80.39
80.40
80.45
80.43
80.41
80.37
80.39
80.36
80.35
80.34
80.34
80.39
80.40
80.41
80.40
80.40
80.42
80.42
80.44
80.40
80.39
80.39
80.38
80.35
80.36
80.35
80.39
80.38
80.37
80.38
80.40
80.36
80.32
80.31
80.27
80.26
80.27
80.28
80.29
80.34
80.35
80.35
80.35
80.33
80.36
80.36
80.34
80.32
80.33
80.32
80.35
80.34
80.31
80.35
80.32
80.34
80.32
80.34
80.33
80.30
80.29
80.32
80.32
80.35
80.36
80.35
80.33
80.33
80.33
80.32
80.33
80.29
80.30
80.28
80.28
80.30
80.32
80.32
80.25
80.26
80.27
80.27
80.26
80.28
80.32
80.34
80.33
80.34
80.29
80.28
80.31
80.29
80.30
80.30
80.27
80.28
80.29
80.30
80.31
80.34
80.33
80.35
80.34
80.36
80.40
80.41
80.41
80.45
80.47
80.47
80.49
80.49
80.49
80.51
80.51
80.53
80.52
80.52
80.49
80.53
80.56
80.57
80.58
80.57
80.58
80.58
80.58
80.60
80.60
80.61
80.61
80.63
80.62
80.62
80.61
80.62
80.61
80.60
80.59
80.58
80.57
80.58
80.57
80.57
80.56
80.56
80.53
80.52
80.51
80.53
80.53
80.54
80.53
80.54
80.56
80.56
80.54
80.52
80.50
80.50
80.45
80.41
80.42
80.45
80.45
80.45
80.44
80.43
80.43
80.44
80.43
80.41
80.38
80.36
80.38
80.39
80.41
80.42
80.40
80.41
80.39
80.41
80.40
80.41
80.43
80.41
80.41
80.39
80.39
80.39
80.40
80.40
80.39
80.37
80.38
80.38
80.38
80.39
80.38
80.36
80.38
80.38
80.39
80.38
80.38
80.37
80.36
80.37
80.38
80.36
80.37
80.36
80.35
80.36
80.36
80.37
80.38
80.38
80.40
80.39
80.39
80.40
80.41
80.42
80.44
80.43
80.44
80.43
80.44
80.45
80.46
80.45
80.48
80.48
80.49
80.49
80.48
80.48
80.49
80.50
80.47
80.46
80.47
80.49
80.49
80.50
80.51
80.49
80.49
80.49
80.49
80.51
80.52
80.52
80.51
80.51
80.51
80.50
80.51
80.51
80.51
80.51
80.51
80.53
80.53
80.54
80.56
80.55
80.50
80.51
80.50
80.49
80.47
80.48
80.48
80.49
80.48
80.48
80.48
80.48
80.47
80.47
80.48
80.49
80.48
80.49
80.49
80.48
80.50
80.47
80.46
80.48
80.48
80.48
80.48
80.49
80.51
80.51
80.50
80.50
80.51
80.50
80.50
80.49
80.49
80.49
80.50
80.48
80.47
80.46
80.46
80.46
80.44
80.43
80.43
80.44
80.44
80.45
80.42
80.42
80.43
80.44
80.43
80.44
80.44
80.44
80.45
80.46
80.47
80.49
80.48
80.48
80.50
80.48
80.49
80.49
80.50
80.50
80.51
80.51
80.51
80.51
80.51
80.50
80.52
80.51
80.50
80.50
80.51
80.52
80.52
80.52
80.52
80.53
80.53
80.54
80.56
80.55
80.54
80.53
80.53
80.55
80.54
80.53
80.55
80.54
80.55
80.56
80.54
80.54
80.55
80.54
80.53
80.53
80.55
80.53
80.54
80.54
80.53
80.53
80.53
80.53
80.53
80.54
80.54
80.54
80.55
80.55
80.55
80.55
80.55
80.55
80.55
80.53
80.55
80.55
80.53
80.53
80.53
80.54
80.54
80.54
80.54
80.54
80.54
80.53
80.53
80.51
80.51
80.50
80.48
80.47
80.47
80.48
80.47
80.47
80.47
80.46
80.46
80.46
80.46
80.47
80.48
80.48
80.49
80.50
80.51
80.53
80.53
80.54
80.54
80.53
80.53
80.54
80.55
80.54
80.53
80.54
80.56
80.55
80.55
80.54
80.55
80.54
80.55
80.54
80.55
80.54
80.54
80.54
80.53
80.53
80.53
80.53
80.52
80.53
80.51
80.51
80.51
80.51
80.51
80.51
80.51
80.52
80.52
80.52
80.51
80.51
80.49
80.48
80.47
80.47
80.48
80.46
80.46
80.46
80.46
80.45
80.43
80.43
80.43
80.44
80.44
80.43
80.43
80.44
80.44
80.43
80.42
80.43
80.43
80.44
80.44
80.45
80.45
80.46
80.47
80.46
80.47
80.46
80.45
80.45
80.44
80.43
80.43
80.42
80.41
80.41
80.41
80.41
80.41
80.41
80.40
80.40
80.40
80.39
80.39
80.39
80.40
80.39
80.38
80.38
80.37
80.36
80.36
80.38
80.38
80.39
80.39
80.38
80.38
80.37
80.36
80.35
80.34
80.35
80.34
80.34
80.35
80.35
80.35
80.34
80.34
80.35
80.34
80.33
80.33
80.33
80.33
80.33
80.34
80.34
80.33
80.34
80.33
80.33
80.34
80.34
80.34
80.34
80.34
80.33
80.35
80.35
80.35
80.34
80.34
80.32
80.31
80.30
80.30
80.30
80.31
80.31
80.31
80.31
80.32
80.31
80.32
80.32
80.32
80.32
80.31
80.31
80.30
80.30
80.29
80.30
80.29
80.30
80.29
80.29
80.29
80.29
80.30
80.31
80.32
80.32
80.30
80.31
80.31
80.30
80.31
80.31
80.31
80.23
