79.69
81.25
80.73
82.81
81.56
81.77
81.03
81.84
81.77
81.41
82.10
81.51
81.49
80.92
80.83
80.86
81.34
81.08
81.00
80.70
80.80
80.82
80.84
80.53
80.69
80.59
80.38
80.30
80.06
80.10
80.14
80.13
80.26
80.42
80.62
80.60
80.57
80.35
80.37
80.55
80.60
80.62
80.60
80.68
80.59
80.47
80.39
80.21
80.13
80.22
80.30
80.29
80.10
80.09
80.11
80.05
80.07
80.09
80.22
80.08
79.89
79.71
79.54
79.42
79.62
79.66
79.66
79.57
79.60
79.51
79.60
79.54
79.62
79.65
79.77
79.73
79.71
79.77
79.85
79.82
79.84
79.84
79.80
79.80
79.76
79.71
79.72
79.69
79.74
79.69
79.72
79.69
79.70
79.77
79.79
79.79
79.80
79.83
79.75
79.70
79.67
79.69
79.73
79.78
79.84
79.88
79.94
79.90
79.93
79.89
79.91
79.92
79.94
79.95
79.99
79.96
79.86
79.94
79.90
79.86
79.88
79.89
79.75
79.74
79.80
79.77
79.82
79.83
79.88
79.88
79.85
79.85
79.85
79.80
79.78
79.79
79.78
79.82
79.81
79.78
79.78
79.76
79.77
79.74
79.74
79.73
79.77
79.75
79.73
79.79
79.81
79.84
79.89
79.84
79.84
79.82
79.84
79.81
79.83
79.85
79.87
79.90
79.91
79.95
80.01
79.97
79.99
79.98
80.00
79.99
80.00
80.00
80.03
80.06
80.04
80.07
80.09
80.12
80.12
80.17
80.21
80.26
80.30
80.32
80.33
80.35
80.31
80.30
80.32
80.30
80.32
80.37
80.38
80.39
80.36
80.34
80.34
80.32
80.28
80.31
80.31
80.33
80.37
80.40
80.40
80.44
80.47
80.49
80.51
80.55
80.49
80.50
80.46
80.45
80.41
80.43
80.42
80.40
80.39
80.40
80.43
80.41
80.35
80.32
80.35
80.37
80.36
80.38
80.40
80.44
80.42
80.41
80.43
80.39
80.38
80.38
80.38
80.39
80.41
80.38
80.39
80.36
80.38
80.37
80.37
80.35
80.40
80.40
80.38
80.41
80.39
80.40
80.39
80.38
80.39
80.38
80.34
80.35
80.33
80.32
80.30
80.34
80.34
80.33
80.34
80.33
80.34
80.33
80.33
80.28
80.26
80.28
80.27
80.25
80.25
80.26
80.27
80.26
80.26
80.28
80.26
80.24
80.23
80.26
80.29
80.27
80.28
80.28
80.31
80.32
80.32
80.35
80.36
80.35
80.34
80.33
80.34
80.37
80.36
80.38
80.37
80.39
80.38
80.36
80.35
80.36
80.36
80.37
80.37
80.36
80.37
80.38
80.38
80.38
80.36
80.37
80.37
80.37
80.35
80.37
80.34
80.35
80.36
80.36
80.37
80.39
80.42
80.45
80.42
80.43
80.43
80.45
80.46
80.48
80.49
80.47
80.47
80.48
80.50
80.51
80.53
80.55
80.55
80.57
80.57
80.59
80.59
80.57
80.59
80.56
80.59
80.56
80.56
80.55
80.55
80.53
80.54
80.53
80.55
80.55
80.56
80.58
80.58
80.58
80.58
80.58
80.60
80.59
80.60
80.58
80.56
80.56
80.56
80.55
80.55
80.53
80.52
80.51
80.50
80.51
80.51
80.49
80.50
80.50
80.50
80.51
80.51
80.50
80.49
80.51
80.53
80.50
80.52
80.52
80.51
80.52
80.53
80.54
80.51
80.52
80.53
80.53
80.52
80.52
80.51
80.50
80.47
80.47
80.47
80.45
80.46
80.46
80.46
80.46
80.47
80.47
80.48
80.49
80.46
80.45
80.46
80.45
80.44
80.45
80.46
80.47
80.47
80.48
80.47
80.47
80.45
80.44
80.42
80.41
80.41
80.43
80.42
80.41
80.39
80.37
80.37
80.39
80.40
80.41
80.42
80.41
80.40
80.39
80.39
80.40
80.39
80.39
80.38
80.39
80.39
80.39
80.40
80.40
80.41
80.42
80.42
80.43
80.45
80.45
80.46
80.44
80.45
80.46
80.46
80.48
80.47
80.46
80.46
80.47
80.47
80.46
80.45
80.47
80.46
80.47
80.48
80.47
80.47
80.48
80.48
80.47
80.47
80.48
80.50
80.50
80.51
80.52
80.51
80.51
80.52
80.53
80.52
80.53
80.53
80.50
80.50
80.50
80.50
80.49
80.49
80.48
80.49
80.49
80.48
80.48
80.47
80.45
80.44
80.44
80.43
80.44
80.45
80.44
80.46
80.46
80.46
80.46
80.46
80.46
80.45
80.45
80.46
80.45
80.45
80.45
80.45
80.45
80.46
80.45
80.45
80.45
80.45
80.44
80.45
80.46
80.47
80.45
80.46
80.47
80.46
80.46
80.46
80.47
80.47
80.47
80.48
80.49
80.48
80.50
80.49
80.50
80.50
80.50
80.51
80.51
80.52
80.52
80.53
80.51
80.51
80.51
80.51
80.50
80.49
80.49
80.49
80.47
80.47
80.48
80.48
80.48
80.48
80.47
80.46
80.45
80.46
80.46
80.48
80.48
80.48
80.48
80.48
80.48
80.48
80.47
80.49
80.50
80.48
80.49
80.48
80.48
80.47
80.46
80.44
80.44
80.45
80.44
80.43
80.44
80.45
80.44
80.43
80.44
80.44
80.45
80.43
80.43
80.42
80.42
80.44
80.44
80.43
80.43
80.42
80.41
80.40
80.40
80.41
80.40
80.41
80.41
80.41
80.40
80.41
80.39
80.40
80.39
80.39
80.40
80.40
80.42
80.40
80.39
80.39
80.39
80.38
80.37
80.38
80.37
80.38
80.38
80.38
80.38
80.38
80.38
80.37
80.38
80.36
80.36
80.35
80.35
80.35
80.34
80.35
80.35
80.36
80.35
80.35
80.36
80.35
80.35
80.35
80.34
80.34
80.35
80.37
80.35
80.36
80.36
80.36
80.36
80.36
80.35
80.35
80.35
80.35
80.35
80.37
80.38
80.38
80.37
80.38
80.37
80.37
80.38
80.37
80.38
80.39
80.40
80.41
80.41
80.40
80.41
80.40
80.39
80.40
80.39
80.40
80.41
80.39
80.40
80.39
80.38
80.38
80.38
80.37
80.36
80.37
80.35
80.35
80.34
80.35
80.34
80.34
80.33
80.34
80.33
80.34
80.33
80.33
80.31
80.31
80.31
80.31
80.31
80.31
80.31
80.31
80.33
80.33
80.34
80.34
80.33
80.33
80.33
80.33
80.33
80.32
80.32
80.33
80.33
80.32
80.31
80.32
80.32
80.32
80.32
80.32
80.32
80.33
80.33
80.33
80.32
80.32
80.32
80.32
80.32
80.33
80.33
80.35
80.35
80.35
80.34
80.35
80.36
80.35
80.35
80.34
80.35
80.35
80.35
80.35
80.36
80.35
80.33
80.32
80.25
