81.25
82.81
83.33
83.20
82.81
82.29
81.47
81.45
80.90
80.94
80.82
80.34
80.65
80.80
80.83
80.47
80.51
80.38
80.43
80.62
81.10
80.97
80.64
80.53
80.50
80.71
80.38
80.36
80.39
80.31
80.24
80.32
80.26
80.19
80.22
80.38
80.45
80.47
80.33
80.27
80.18
80.17
80.09
80.04
80.00
80.06
79.95
79.92
79.88
79.97
79.87
79.90
79.86
79.98
80.00
79.88
79.71
79.53
79.40
79.35
79.35
79.39
79.44
79.47
79.47
79.52
79.57
79.60
79.69
79.53
79.62
79.58
79.56
79.65
79.62
79.48
79.46
79.51
79.59
79.65
79.59
79.61
79.52
79.46
79.38
79.41
79.45
79.46
79.41
79.39
79.45
79.36
79.44
79.50
79.54
79.48
79.54
79.59
79.55
79.55
79.64
79.70
79.70
79.76
79.76
79.72
79.75
79.72
79.69
79.59
79.60
79.59
79.65
79.66
79.62
79.70
79.67
79.62
79.58
79.60
79.58
79.60
79.69
79.73
79.76
79.76
79.77
79.71
79.75
79.71
79.70
79.73
79.73
79.84
79.88
79.89
79.87
79.85
79.88
79.87
79.89
79.91
79.87
79.87
79.87
79.86
79.84
79.81
79.78
79.77
79.83
79.88
79.81
79.81
79.77
79.77
79.85
79.85
79.80
79.79
79.80
79.76
79.79
79.73
79.68
79.70
79.70
79.72
79.66
79.66
79.63
79.61
79.68
79.72
79.72
79.70
79.71
79.71
79.70
79.71
79.70
79.69
79.68
79.70
79.71
79.74
79.78
79.75
79.72
79.70
79.65
79.64
79.62
79.63
79.60
79.57
79.54
79.55
79.53
79.50
79.47
79.42
79.39
79.43
79.46
79.46
79.45
79.48
79.46
79.43
79.46
79.48
79.49
79.54
79.53
79.48
79.49
79.49
79.47
79.54
79.55
79.57
79.59
79.57
79.54
79.56
79.57
79.60
79.56
79.57
79.61
79.62
79.63
79.65
79.63
79.61
79.63
79.60
79.61
79.58
79.58
79.58
79.55
79.58
79.59
79.57
79.55
79.51
79.49
79.49
79.48
79.48
79.48
79.46
79.47
79.47
79.46
79.47
79.45
79.45
79.44
79.40
79.42
79.42
79.46
79.48
79.47
79.49
79.47
79.47
79.47
79.45
79.42
79.43
79.45
79.43
79.42
79.42
79.44
79.43
79.42
79.43
79.43
79.43
79.45
79.46
79.42
79.41
79.43
79.46
79.48
79.49
79.51
79.50
79.52
79.52
79.51
79.47
79.47
79.47
79.48
79.48
79.53
79.54
79.51
79.53
79.52
79.50
79.49
79.49
79.48
79.47
79.46
79.46
79.46
79.47
79.48
79.48
79.45
79.46
79.48
79.48
79.50
79.50
79.53
79.52
79.52
79.54
79.56
79.55
79.56
79.55
79.57
79.57
79.59
79.60
79.60
79.60
79.60
79.60
79.60
79.62
79.60
79.59
79.61
79.62
79.62
79.62
79.63
79.65
79.66
79.67
79.66
79.68
79.69
79.69
79.71
79.70
79.73
79.71
79.69
79.71
79.71
79.71
79.73
79.73
79.76
79.75
79.74
79.76
79.75
79.78
79.78
79.77
79.77
79.77
79.78
79.79
79.79
79.76
79.77
79.77
79.77
79.76
79.75
79.74
79.75
79.78
79.79
79.80
79.81
79.83
79.85
79.87
79.87
79.86
79.87
79.89
79.88
79.88
79.89
79.90
79.89
79.88
79.87
79.89
79.90
79.93
79.93
79.92
79.91
79.90
79.91
79.90
79.89
79.89
79.90
79.91
79.93
79.93
79.95
79.97
79.96
79.93
79.93
79.94
79.94
79.94
79.93
79.91
79.93
79.93
79.93
79.94
79.95
79.95
79.95
79.97
79.97
79.96
79.95
79.97
79.96
79.97
79.97
79.96
79.98
79.98
79.98
79.98
79.97
79.95
79.95
79.96
79.97
79.97
79.97
79.95
79.96
79.95
79.94
79.94
79.94
79.93
79.92
79.91
79.89
79.91
79.90
79.90
79.90
79.92
79.94
79.95
79.96
79.97
79.99
79.96
79.95
79.97
79.98
79.99
79.99
79.97
79.96
79.97
79.96
79.97
79.95
79.96
79.95
79.97
79.97
79.97
79.96
79.96
79.95
79.94
79.93
79.91
79.91
79.92
79.90
79.88
79.89
79.88
79.89
79.90
79.91
79.90
79.89
79.90
79.90
79.90
79.90
79.88
79.90
79.90
79.89
79.88
79.89
79.90
79.90
79.90
79.90
79.89
79.90
79.90
79.89
79.89
79.89
79.91
79.93
79.92
79.91
79.93
79.93
79.93
79.92
79.91
79.90
79.92
79.93
79.92
79.93
79.93
79.95
79.95
79.94
79.95
79.95
79.96
79.95
79.94
79.93
79.92
79.92
79.91
79.91
79.92
79.93
79.93
79.91
79.90
79.90
79.89
79.89
79.89
79.89
79.89
79.91
79.90
79.88
79.87
79.88
79.87
79.86
79.86
79.87
79.85
79.86
79.86
79.86
79.85
79.86
79.86
79.87
79.87
79.88
79.88
79.89
79.89
79.91
79.91
79.91
79.91
79.90
79.90
79.91
79.90
79.90
79.91
79.92
79.91
79.91
79.91
79.91
79.90
79.90
79.90
79.90
79.89
79.89
79.90
79.89
79.89
79.88
79.89
79.88
79.88
79.88
79.87
79.86
79.87
79.87
79.85
79.86
79.87
79.87
79.89
79.88
79.88
79.89
79.90
79.91
79.92
79.91
79.91
79.90
79.91
79.91
79.91
79.92
79.91
79.91
79.90
79.90
79.90
79.90
79.90
79.89
79.89
79.89
79.90
79.90
79.90
79.89
79.90
79.89
79.89
79.90
79.90
79.91
79.91
79.91
79.90
79.90
79.91
79.91
79.91
79.89
79.91
79.91
79.92
79.92
79.93
79.92
79.92
79.92
79.92
79.92
79.92
79.91
79.92
79.92
79.92
79.93
79.92
79.92
79.92
79.92
79.91
79.91
79.92
79.91
79.93
79.91
79.92
79.91
79.91
79.90
79.91
79.92
79.92
79.92
79.92
79.92
79.91
79.92
79.92
79.92
79.92
79.92
79.92
79.91
79.91
79.91
79.91
79.91
79.92
79.92
79.92
79.91
79.90
79.91
79.91
79.90
79.90
79.89
79.89
79.89
79.90
79.89
79.88
79.89
79.87
79.87
79.87
79.87
79.88
79.88
79.88
79.89
79.89
79.89
79.88
79.88
79.89
79.89
79.88
79.88
79.88
79.88
79.88
79.89
79.88
79.88
79.88
79.87
79.88
79.88
79.87
79.87
79.87
79.87
79.87
79.87
79.86
79.85
79.85
79.85
79.85
79.85
79.86
79.86
79.86
79.86
79.87
79.87
79.85
79.86
79.78
