84.38
88.28
87.50
83.59
83.44
83.33
82.14
82.03
81.42
81.72
81.96
81.51
81.61
81.81
81.35
81.45
81.71
81.68
81.83
81.41
81.40
81.61
81.39
81.12
80.81
80.59
80.56
80.58
80.55
80.57
80.44
80.47
80.68
80.74
80.80
80.64
80.53
80.51
80.45
80.23
80.14
80.25
80.23
80.08
80.07
79.96
80.02
80.08
79.91
79.94
79.99
79.78
79.75
79.77
79.89
79.94
80.10
80.09
80.11
80.21
80.12
80.02
79.91
79.88
79.83
79.71
79.73
79.71
79.78
79.80
79.82
79.82
79.90
79.92
79.96
80.02
79.95
79.93
79.89
79.98
80.02
80.09
80.05
80.06
80.07
80.00
80.03
79.94
80.09
79.90
79.93
79.96
79.94
79.97
79.85
79.79
79.78
79.74
79.78
79.80
79.83
79.86
79.88
79.93
79.90
79.95
79.98
79.98
79.95
79.87
79.86
79.81
79.85
79.89
79.90
79.92
79.82
79.78
79.77
79.74
79.79
79.79
79.83
79.85
79.89
79.94
79.87
79.91
79.92
79.92
79.93
79.90
79.91
79.85
79.92
79.94
79.93
79.90
79.88
79.82
79.86
79.86
79.88
79.92
79.94
79.96
79.95
80.06
80.05
80.02
80.07
80.06
80.08
80.07
80.11
80.10
80.10
80.09
80.00
80.04
80.07
80.07
80.08
80.08
80.08
80.07
80.07
80.04
80.01
79.96
79.99
79.97
79.92
79.92
79.93
79.95
79.99
80.01
79.98
79.97
79.95
80.01
80.00
79.99
80.01
79.99
80.05
80.03
80.00
80.02
79.97
79.91
79.92
79.92
79.93
79.94
79.93
79.94
79.94
79.94
79.96
79.93
79.94
79.96
79.97
79.98
79.97
79.96
79.95
79.93
79.94
79.95
79.97
79.96
79.96
79.93
79.96
79.95
79.92
79.94
79.94
79.90
79.87
79.83
79.85
79.89
79.87
79.88
79.89
79.88
79.86
79.84
79.86
79.88
79.89
79.91
79.94
79.95
79.97
79.99
79.98
79.95
79.95
79.96
79.96
79.97
79.98
79.95
79.98
80.00
80.00
80.01
80.01
80.01
80.01
80.03
80.00
79.99
80.00
80.01
79.98
79.96
79.97
79.98
79.99
79.98
79.99
79.98
79.94
79.96
79.96
79.93
79.93
79.94
79.93
79.96
79.92
79.92
79.95
79.95
79.93
79.91
79.91
79.92
79.93
79.92
79.92
79.93
79.93
79.94
79.90
79.90
79.87
79.90
79.92
79.91
79.91
79.92
79.91
79.90
79.91
79.90
79.89
79.89
79.91
79.89
79.93
79.93
79.94
79.92
79.92
79.91
79.92
79.89
79.88
79.89
79.86
79.86
79.87
79.89
79.91
79.91
79.90
79.91
79.91
79.90
79.88
79.88
79.86
79.85
79.85
79.85
79.85
79.87
79.90
79.91
79.91
79.92
79.92
79.95
79.94
79.95
79.96
79.95
79.96
79.97
79.97
79.94
79.94
79.93
79.93
79.92
79.92
79.93
79.93
79.92
79.95
79.95
79.97
79.96
79.96
79.97
79.97
79.98
80.00
80.01
80.01
80.00
80.02
80.01
80.03
80.03
80.05
80.06
80.06
80.07
80.07
80.04
80.05
80.05
80.07
80.06
80.05
80.04
80.04
80.04
80.03
80.02
80.01
80.03
80.03
80.04
80.03
80.03
80.01
80.02
80.03
80.03
80.04
80.04
80.07
80.06
80.05
80.05
80.05
80.05
80.04
80.04
80.05
80.05
80.04
80.03
80.03
80.02
80.02
80.03
80.02
80.00
80.00
80.01
80.03
80.03
80.05
80.04
80.04
80.01
80.01
79.98
79.97
79.96
79.97
79.95
79.97
80.00
80.00
79.99
80.00
80.02
80.01
80.03
80.03
80.02
80.03
80.02
80.04
80.04
80.02
80.02
80.04
80.05
80.04
80.05
80.07
80.08
80.08
80.07
80.05
80.07
80.08
80.08
80.10
80.12
80.12
80.13
80.12
80.13
80.10
80.12
80.11
80.11
80.11
80.10
80.11
80.11
80.12
80.11
80.12
80.12
80.12
80.15
80.14
80.12
80.11
80.13
80.14
80.15
80.16
80.18
80.19
80.17
80.14
80.14
80.13
80.12
80.11
80.11
80.12
80.11
80.12
80.13
80.14
80.16
80.15
80.16
80.17
80.17
80.16
80.17
80.19
80.20
80.21
80.21
80.22
80.22
80.22
80.21
80.21
80.22
80.21
80.21
80.22
80.23
80.24
80.22
80.21
80.23
80.22
80.23
80.25
80.25
80.25
80.25
80.26
80.25
80.25
80.25
80.24
80.23
80.22
80.20
80.19
80.20
80.19
80.19
80.19
80.21
80.21
80.21
80.21
80.21
80.18
80.18
80.19
80.19
80.18
80.20
80.20
80.19
80.20
80.20
80.21
80.21
80.22
80.23
80.23
80.24
80.25
80.24
80.24
80.26
80.26
80.26
80.27
80.27
80.26
80.26
80.27
80.28
80.27
80.28
80.28
80.29
80.28
80.29
80.29
80.28
80.28
80.27
80.27
80.27
80.28
80.29
80.29
80.28
80.27
80.26
80.27
80.28
80.27
80.27
80.27
80.27
80.27
80.26
80.25
80.24
80.24
80.24
80.24
80.22
80.23
80.22
80.23
80.22
80.23
80.24
80.24
80.25
80.25
80.25
80.25
80.26
80.25
80.25
80.27
80.25
80.25
80.25
80.24
80.24
80.23
80.23
80.23
80.22
80.23
80.24
80.25
80.24
80.25
80.26
80.27
80.26
80.27
80.27
80.27
80.27
80.25
80.25
80.25
80.24
80.23
80.23
80.25
80.24
80.25
80.26
80.26
80.26
80.26
80.26
80.28
80.29
80.30
80.29
80.29
80.30
80.31
80.32
80.33
80.33
80.33
80.32
80.32
80.31
80.31
80.30
80.32
80.32
80.32
80.33
80.33
80.33
80.33
80.32
80.33
80.32
80.31
80.32
80.32
80.32
80.32
80.33
80.31
80.31
80.30
80.31
80.30
80.30
80.30
80.30
80.30
80.30
80.31
80.31
80.31
80.31
80.32
80.33
80.32
80.33
80.33
80.33
80.33
80.33
80.34
80.34
80.34
80.34
80.34
80.33
80.33
80.34
80.33
80.33
80.34
80.34
80.34
80.34
80.35
80.34
80.34
80.35
80.33
80.33
80.33
80.31
80.32
80.32
80.32
80.32
80.32
80.32
80.31
80.32
80.31
80.31
80.30
80.28
80.28
80.28
80.28
80.29
80.29
80.30
80.31
80.31
80.31
80.31
80.31
80.30
80.30
80.30
80.29
80.29
80.30
80.31
80.31
80.31
80.31
80.32
80.32
80.31
80.31
80.31
80.30
80.31
80.30
80.30
80.30
80.29
80.30
80.22
