75.00
79.69
78.12
79.69
80.00
80.99
79.24
80.27
80.03
79.84
79.12
78.65
78.61
78.91
78.75
78.32
77.85
77.43
77.55
77.42
77.16
77.70
77.72
78.19
78.44
78.67
78.94
78.91
78.83
78.59
78.83
78.66
78.69
78.45
78.48
78.73
78.42
78.25
78.12
78.09
77.90
77.94
78.23
78.34
78.40
78.57
78.42
78.71
78.67
78.62
78.55
78.58
78.51
78.65
78.84
78.82
78.89
78.85
78.97
78.85
78.89
78.76
78.89
78.93
78.87
78.86
78.92
78.84
78.76
78.82
78.85
78.84
78.83
78.84
78.75
78.66
78.69
78.63
78.58
78.59
78.67
78.62
78.52
78.46
78.44
78.40
78.27
78.18
78.28
78.32
78.37
78.35
78.39
78.46
78.49
78.47
78.40
78.41
78.35
78.34
78.33
78.29
78.34
78.35
78.38
78.32
78.31
78.37
78.35
78.37
78.39
78.35
78.29
78.30
78.29
78.27
78.26
78.24
78.24
78.24
78.23
78.23
78.29
78.26
78.25
78.22
78.25
78.19
78.11
78.19
78.12
78.12
78.14
78.23
78.23
78.17
78.20
78.24
78.25
78.27
78.22
78.22
78.23
78.24
78.24
78.22
78.31
78.33
78.30
78.29
78.32
78.31
78.30
78.27
78.31
78.33
78.33
78.31
78.32
78.32
78.37
78.39
78.37
78.40
78.39
78.40
78.44
78.39
78.41
78.42
78.45
78.43
78.46
78.41
78.41
78.39
78.36
78.37
78.45
78.43
78.43
78.38
78.36
78.36
78.34
78.38
78.38
78.37
78.39
78.37
78.35
78.34
78.34
78.34
78.36
78.32
78.35
78.34
78.34
78.33
78.31
78.36
78.35
78.30
78.34
78.34
78.37
78.35
78.33
78.35
78.35
78.37
78.35
78.34
78.33
78.31
78.31
78.32
78.30
78.30
78.29
78.31
78.30
78.31
78.33
78.35
78.35
78.36
78.36
78.37
78.39
78.39
78.43
78.44
78.44
78.46
78.44
78.42
78.41
78.39
78.41
78.43
78.43
78.41
78.42
78.40
78.40
78.44
78.44
78.42
78.44
78.43
78.45
78.43
78.41
78.39
78.39
78.38
78.38
78.38
78.36
78.38
78.38
78.39
78.38
78.35
78.37
78.38
78.36
78.35
78.33
78.35
78.38
78.36
78.34
78.33
78.34
78.33
78.30
78.30
78.30
78.28
78.27
78.25
78.26
78.25
78.23
78.23
78.23
78.23
78.21
78.21
78.22
78.23
78.24
78.22
78.21
78.22
78.23
78.20
78.20
78.21
78.23
78.19
78.21
78.22
78.22
78.21
78.20
78.20
78.18
78.21
78.23
78.26
78.25
78.27
78.29
78.27
78.27
78.26
78.24
78.26
78.25
78.23
78.23
78.21
78.22
78.23
78.23
78.24
78.26
78.28
78.27
78.27
78.27
78.29
78.27
78.29
78.29
78.29
78.29
78.26
78.26
78.28
78.28
78.30
78.31
78.31
78.33
78.33
78.34
78.33
78.36
78.34
78.34
78.34
78.33
78.30
78.33
78.30
78.30
78.30
78.31
78.32
78.31
78.31
78.31
78.30
78.30
78.32
78.32
78.30
78.28
78.28
78.26
78.25
78.23
78.23
78.25
78.24
78.24
78.24
78.26
78.25
78.25
78.26
78.27
78.25
78.23
78.25
78.26
78.26
78.24
78.24
78.24
78.24
78.24
78.25
78.24
78.25
78.24
78.24
78.23
78.21
78.23
78.22
78.22
78.21
78.23
78.22
78.23
78.23
78.24
78.24
78.23
78.24
78.24
78.23
78.24
78.25
78.25
78.27
78.27
78.26
78.25
78.25
78.25
78.26
78.24
78.23
78.23
78.23
78.23
78.23
78.24
78.23
78.22
78.23
78.24
78.25
78.26
78.27
78.29
78.29
78.31
78.31
78.30
78.29
78.29
78.28
78.27
78.27
78.26
78.26
78.28
78.29
78.29
78.31
78.32
78.33
78.31
78.31
78.32
78.30
78.30
78.30
78.29
78.27
78.27
78.26
78.27
78.25
78.25
78.24
78.22
78.21
78.21
78.22
78.22
78.23
78.21
78.21
78.21
78.21
78.20
78.19
78.18
78.18
78.18
78.19
78.17
78.15
78.13
78.12
78.13
78.12
78.13
78.13
78.10
78.11
78.11
78.10
78.11
78.10
78.09
78.09
78.08
78.09
78.09
78.09
78.11
78.12
78.10
78.11
78.11
78.11
78.12
78.12
78.10
78.10
78.11
78.11
78.11
78.12
78.11
78.10
78.10
78.12
78.11
78.12
78.10
78.12
78.12
78.10
78.10
78.10
78.10
78.10
78.09
78.10
78.10
78.10
78.10
78.08
78.09
78.09
78.08
78.09
78.09
78.09
78.07
78.07
78.07
78.06
78.07
78.05
78.05
78.04
78.01
78.00
78.00
77.98
77.97
77.97
77.95
77.95
77.95
77.94
77.95
77.96
77.97
77.97
77.98
77.98
77.97
77.97
77.96
77.97
77.96
77.98
77.98
77.99
77.98
77.98
77.96
77.95
77.96
77.96
77.95
77.96
77.94
77.94
77.95
77.96
77.96
77.97
77.96
77.97
77.96
77.96
77.95
77.94
77.94
77.95
77.93
77.94
77.94
77.93
77.94
77.95
77.95
77.96
77.94
77.95
77.95
77.95
77.95
77.94
77.95
77.95
77.95
77.94
77.92
77.92
77.92
77.92
77.92
77.92
77.93
77.93
77.93
77.93
77.93
77.94
77.95
77.94
77.95
77.93
77.94
77.95
77.95
77.94
77.95
77.94
77.94
77.94
77.93
77.93
77.93
77.94
77.93
77.94
77.92
77.93
77.92
77.94
77.93
77.93
77.92
77.93
77.93
77.93
77.92
77.93
77.93
77.93
77.94
77.94
77.94
77.95
77.94
77.93
77.93
77.93
77.94
77.93
77.94
77.95
77.96
77.96
77.95
77.96
77.95
77.96
77.96
77.95
77.95
77.96
77.95
77.96
77.96
77.96
77.95
77.94
77.92
77.91
77.91
77.90
77.90
77.89
77.89
77.90
77.89
77.89
77.88
77.87
77.88
77.87
77.88
77.88
77.88
77.88
77.88
77.88
77.87
77.87
77.87
77.87
77.87
77.87
77.87
77.88
77.87
77.87
77.87
77.86
77.85
77.85
77.85
77.87
77.86
77.87
77.87
77.87
77.87
77.87
77.88
77.89
77.88
77.89
77.88
77.88
77.88
77.88
77.88
77.87
77.87
77.88
77.89
77.89
77.89
77.89
77.89
77.89
77.89
77.89
77.90
77.90
77.90
77.90
77.90
77.90
77.90
77.91
77.89
77.89
77.91
77.90
77.89
77.89
77.89
77.90
77.90
77.90
77.90
77.91
77.91
77.91
77.90
77.90
77.91
77.83
