81.25
80.47
80.21
78.12
77.50
77.86
77.68
77.93
77.60
78.28
78.69
78.52
78.97
79.58
79.58
79.79
79.96
80.03
80.35
80.47
80.95
80.54
80.16
80.53
80.56
80.47
80.32
80.69
80.93
80.89
80.75
80.66
80.63
80.56
80.71
80.73
80.70
80.72
80.61
80.55
80.41
80.43
80.38
80.36
80.28
80.43
80.42
80.50
80.48
80.47
80.58
80.53
80.48
80.53
80.54
80.41
80.40
80.33
80.27
80.13
80.20
80.29
80.36
80.30
80.36
80.37
80.32
80.38
80.48
80.54
80.52
80.56
80.63
80.68
80.71
80.53
80.54
80.57
80.56
80.41
80.40
80.41
80.50
80.43
80.42
80.43
80.44
80.42
80.48
80.54
80.49
80.42
80.41
80.42
80.43
80.50
80.48
80.48
80.54
80.55
80.54
80.48
80.39
80.41
80.42
80.48
80.46
80.48
80.50
80.47
80.48
80.54
80.54
80.52
80.50
80.47
80.48
80.40
80.36
80.38
80.41
80.42
80.42
80.38
80.38
80.41
80.43
80.42
80.35
80.35
80.34
80.33
80.33
80.31
80.31
80.35
80.39
80.34
80.35
80.35
80.34
80.35
80.31
80.26
80.28
80.33
80.34
80.29
80.32
80.38
80.43
80.40
80.39
80.37
80.34
80.33
80.23
80.15
80.16
80.15
80.11
80.09
80.09
80.05
80.02
80.05
80.07
80.12
80.09
80.12
80.11
80.10
80.07
80.06
80.04
80.06
80.06
80.03
80.06
80.05
80.03
80.03
80.08
80.06
80.10
80.06
80.04
80.04
80.01
80.02
80.06
80.06
80.09
80.10
80.08
80.06
80.08
80.07
80.10
80.06
80.09
80.12
80.15
80.14
80.16
80.16
80.16
80.15
80.18
80.19
80.21
80.24
80.23
80.24
80.25
80.28
80.26
80.24
80.24
80.28
80.28
80.30
80.30
80.35
80.38
80.40
80.38
80.40
80.40
80.42
80.42
80.43
80.41
80.42
80.41
80.37
80.31
80.31
80.32
80.29
80.30
80.29
80.33
80.32
80.31
80.29
80.31
80.33
80.31
80.29
80.31
80.29
80.29
80.30
80.29
80.31
80.34
80.35
80.36
80.37
80.36
80.37
80.36
80.37
80.37
80.34
80.35
80.31
80.29
80.28
80.28
80.26
80.27
80.25
80.27
80.27
80.27
80.27
80.29
80.27
80.27
80.24
80.20
80.20
80.19
80.21
80.21
80.19
80.16
80.16
80.20
80.17
80.16
80.16
80.14
80.14
80.13
80.12
80.10
80.10
80.08
80.08
80.06
80.07
80.08
80.06
80.09
80.10
80.07
80.08
80.07
80.05
80.06
80.05
80.07
80.07
80.05
80.04
80.05
80.07
80.07
80.07
80.05
80.06
80.06
80.04
80.04
80.05
80.07
80.04
80.05
80.03
80.01
80.02
80.04
80.05
80.06
80.09
80.10
80.08
80.07
80.06
80.03
80.04
80.05
80.00
80.00
80.00
80.01
80.00
79.99
79.98
79.97
79.97
79.97
79.97
79.98
79.98
79.98
79.99
79.99
79.98
79.96
79.94
79.96
79.94
79.94
79.93
79.94
79.95
79.94
79.94
79.93
79.95
79.93
79.92
79.92
79.91
79.92
79.92
79.92
79.92
79.93
79.90
79.91
79.93
79.92
79.91
79.92
79.90
79.92
79.89
79.90
79.91
79.92
79.92
79.90
79.92
79.91
79.92
79.92
79.92
79.91
79.90
79.90
79.87
79.88
79.90
79.90
79.89
79.89
79.89
79.90
79.90
79.89
79.91
79.92
79.92
79.93
79.92
79.94
79.97
79.98
79.98
79.97
79.99
79.99
80.00
80.01
80.05
80.07
80.06
80.06
80.07
80.08
80.09
80.09
80.09
80.08
80.08
80.08
80.08
80.07
80.07
80.07
80.08
80.07
80.07
80.06
80.06
80.05
80.04
80.04
80.05
80.04
80.03
80.04
80.06
80.07
80.07
80.07
80.06
80.08
80.08
80.09
80.10
80.11
80.12
80.11
80.10
80.12
80.12
80.12
80.10
80.08
80.06
80.08
80.08
80.08
80.07
80.05
80.05
80.04
80.04
80.04
80.04
80.03
80.05
80.06
80.08
80.09
80.07
80.07
80.07
80.07
80.08
80.09
80.09
80.07
80.06
80.06
80.05
80.04
80.06
80.06
80.05
80.03
80.02
80.03
80.03
80.02
80.01
80.01
80.03
80.03
80.04
80.03
80.02
80.02
80.02
80.02
80.00
80.00
79.99
79.99
80.00
80.00
80.00
80.01
80.01
80.01
80.01
80.02
80.01
80.00
80.01
80.00
80.02
80.02
80.01
80.02
80.02
80.02
80.02
80.01
80.02
80.00
80.00
79.98
79.98
79.98
79.98
79.98
79.99
80.00
79.97
79.98
79.98
79.99
79.99
79.98
79.98
79.98
79.98
79.99
79.99
79.99
80.00
80.00
79.99
79.99
79.99
80.00
80.01
80.02
80.00
80.01
80.03
80.02
80.01
80.01
80.00
80.00
79.98
79.97
79.95
79.96
79.97
79.98
79.98
79.98
79.98
79.99
79.99
80.00
80.00
80.01
80.02
80.04
80.03
80.02
80.03
80.03
80.02
80.03
80.01
80.01
80.00
80.02
80.02
80.01
80.01
80.00
80.01
80.01
80.01
80.02
80.02
80.01
80.01
80.00
80.00
80.00
79.98
79.98
79.98
79.98
80.00
80.00
80.00
79.98
79.98
79.99
79.99
79.99
79.98
79.99
79.98
79.99
79.98
79.98
79.98
79.96
79.97
79.97
79.97
79.98
79.99
79.98
79.99
79.98
79.98
79.97
79.98
79.99
79.99
79.99
79.98
79.99
79.97
79.96
79.96
79.96
79.96
79.95
79.95
79.96
79.96
79.97
79.98
79.97
79.97
79.97
79.96
79.96
79.96
79.96
79.96
79.96
79.95
79.95
79.96
79.97
79.96
79.96
79.97
79.96
79.96
79.96
79.96
79.94
79.93
79.94
79.94
79.92
79.92
79.92
79.92
79.91
79.90
79.89
79.87
79.86
79.86
79.86
79.86
79.84
79.85
79.85
79.86
79.85
79.84
79.84
79.83
79.82
79.83
79.83
79.83
79.84
79.84
79.84
79.84
79.85
79.86
79.85
79.86
79.84
79.84
79.84
79.83
79.84
79.86
79.86
79.86
79.86
79.86
79.86
79.86
79.86
79.86
79.86
79.86
79.85
79.86
79.87
79.86
79.87
79.88
79.88
79.88
79.89
79.88
79.87
79.88
79.89
79.89
79.90
79.89
79.89
79.90
79.90
79.90
79.91
79.90
79.90
79.91
79.91
79.91
79.90
79.91
79.91
79.91
79.91
79.90
79.90
79.90
79.89
79.89
79.89
79.88
79.89
79.81
