79.69
81.25
79.69
78.52
79.38
80.21
80.58
80.27
79.69
79.84
79.97
79.95
79.81
80.02
79.79
79.59
79.69
80.12
79.85
80.08
79.99
79.83
80.03
80.14
80.12
80.11
79.86
79.85
79.63
79.38
79.54
79.44
79.45
79.60
79.73
79.73
79.86
79.89
80.17
80.31
80.30
80.39
80.49
80.72
81.01
80.98
80.98
80.99
80.99
81.00
80.97
80.98
80.93
80.99
80.97
80.94
80.98
80.98
80.93
80.81
80.81
80.92
80.88
80.71
80.67
80.82
80.74
80.63
80.55
80.56
80.48
80.38
80.35
80.30
80.35
80.32
80.36
80.37
80.38
80.35
80.32
80.37
80.46
80.49
80.46
80.47
80.48
80.43
80.41
80.49
80.44
80.42
80.51
80.55
80.53
80.42
80.44
80.44
80.43
80.53
80.58
80.62
80.64
80.62
80.58
80.62
80.56
80.58
80.59
80.65
80.67
80.69
80.75
80.76
80.76
80.74
80.72
80.76
80.75
80.81
80.84
80.84
80.83
80.88
80.93
80.93
80.99
81.04
81.08
81.06
81.05
81.05
81.05
81.04
81.02
80.91
80.92
80.90
80.89
80.96
80.94
80.93
80.86
80.78
80.71
80.71
80.70
80.67
80.67
80.64
80.65
80.64
80.63
80.65
80.67
80.65
80.65
80.65
80.63
80.64
80.58
80.60
80.54
80.53
80.56
80.54
80.52
80.52
80.50
80.51
80.48
80.46
80.45
80.47
80.46
80.46
80.42
80.39
80.36
80.34
80.27
80.25
80.31
80.32
80.35
80.31
80.29
80.27
80.25
80.28
80.25
80.26
80.26
80.27
80.29
80.29
80.32
80.34
80.35
80.34
80.37
80.43
80.45
80.43
80.46
80.48
80.49
80.47
80.45
80.45
80.44
80.43
80.41
80.40
80.35
80.40
80.41
80.44
80.44
80.46
80.47
80.50
80.49
80.46
80.44
80.43
80.44
80.43
80.40
80.41
80.36
80.32
80.32
80.32
80.31
80.34
80.33
80.34
80.32
80.31
80.29
80.26
80.25
80.22
80.24
80.25
80.24
80.25
80.27
80.30
80.29
80.28
80.30
80.28
80.25
80.25
80.25
80.23
80.21
80.23
80.23
80.25
80.28
80.28
80.32
80.32
80.32
80.32
80.31
80.32
80.33
80.33
80.33
80.33
80.34
80.33
80.31
80.31
80.30
80.32
80.36
80.37
80.39
80.39
80.39
80.39
80.38
80.35
80.37
80.36
80.37
80.39
80.40
80.36
80.34
80.35
80.36
80.34
80.35
80.33
80.34
80.34
80.32
80.29
80.29
80.28
80.30
80.29
80.29
80.28
80.28
80.30
80.30
80.29
80.31
80.33
80.32
80.34
80.33
80.33
80.33
80.30
80.33
80.35
80.36
80.36
80.38
80.33
80.33
80.32
80.31
80.31
80.32
80.31
80.30
80.28
80.29
80.27
80.27
80.30
80.32
80.34
80.34
80.35
80.38
80.37
80.37
80.34
80.35
80.33
80.34
80.34
80.34
80.31
80.31
80.32
80.30
80.33
80.35
80.33
80.32
80.32
80.32
80.29
80.27
80.29
80.28
80.29
80.28
80.28
80.27
80.28
80.27
80.27
80.27
80.28
80.28
80.26
80.27
80.28
80.26
80.28
80.27
80.29
80.28
80.27
80.29
80.30
80.30
80.28
80.28
80.27
80.26
80.26
80.27
80.26
80.26
80.26
80.26
80.23
80.24
80.23
80.25
80.25
80.25
80.26
80.24
80.24
80.23
80.24
80.24
80.23
80.24
80.23
80.24
80.24
80.24
80.26
80.26
80.24
80.23
80.23
80.23
80.22
80.23
80.22
80.22
80.22
80.24
80.23
80.23
80.23
80.23
80.22
80.22
80.22
80.23
80.22
80.23
80.22
80.24
80.24
80.24
80.23
80.24
80.27
80.26
80.25
80.25
80.27
80.28
80.26
80.26
80.25
80.25
80.27
80.27
80.27
80.27
80.27
80.27
80.26
80.24
80.23
80.23
80.22
80.22
80.21
80.22
80.22
80.22
80.23
80.23
80.24
80.23
80.22
80.21
80.21
80.22
80.24
80.24
80.25
80.26
80.27
80.28
80.26
80.25
80.24
80.26
80.26
80.26
80.26
80.27
80.27
80.27
80.28
80.28
80.27
80.28
80.29
80.28
80.28
80.28
80.29
80.28
80.26
80.27
80.28
80.29
80.27
80.28
80.30
80.29
80.28
80.28
80.27
80.27
80.29
80.29
80.28
80.27
80.26
80.25
80.27
80.26
80.26
80.26
80.25
80.25
80.26
80.24
80.26
80.26
80.25
80.25
80.22
80.22
80.22
80.24
80.24
80.26
80.28
80.27
80.26
80.27
80.26
80.27
80.28
80.27
80.28
80.28
80.27
80.27
80.26
80.27
80.28
80.27
80.27
80.27
80.27
80.27
80.27
80.26
80.26
80.26
80.26
80.24
80.26
80.26
80.25
80.26
80.26
80.26
80.26
80.26
80.26
80.26
80.26
80.24
80.23
80.24
80.24
80.23
80.22
80.22
80.22
80.22
80.20
80.22
80.22
80.22
80.23
80.23
80.23
80.21
80.22
80.24
80.25
80.25
80.25
80.24
80.25
80.25
80.25
80.27
80.27
80.27
80.27
80.26
80.26
80.27
80.27
80.26
80.26
80.26
80.27
80.26
80.26
80.25
80.26
80.25
80.24
80.25
80.25
80.26
80.25
80.25
80.24
80.25
80.26
80.24
80.24
80.24
80.24
80.23
80.25
80.25
80.26
80.25
80.24
80.24
80.25
80.25
80.25
80.25
80.25
80.25
80.26
80.26
80.27
80.27
80.27
80.28
80.28
80.28
80.28
80.28
80.27
80.27
80.29
80.29
80.29
80.29
80.29
80.28
80.29
80.30
80.31
80.31
80.32
80.35
80.35
80.34
80.34
80.33
80.32
80.32
80.33
80.33
80.32
80.32
80.32
80.32
80.32
80.32
80.33
80.33
80.32
80.32
80.32
80.32
80.33
80.33
80.32
80.33
80.32
80.32
80.32
80.31
80.31
80.31
80.33
80.34
80.34
80.35
80.35
80.35
80.35
80.35
80.34
80.34
80.35
80.34
80.32
80.32
80.32
80.33
80.31
80.31
80.31
80.31
80.30
80.30
80.30
80.30
80.29
80.28
80.29
80.30
80.29
80.28
80.29
80.27
80.27
80.27
80.28
80.29
80.28
80.29
80.29
80.29
80.29
80.29
80.29
80.28
80.28
80.29
80.30
80.29
80.28
80.27
80.27
80.27
80.28
80.28
80.28
80.29
80.29
80.29
80.29
80.29
80.29
80.30
80.30
80.29
80.29
80.29
80.29
80.29
80.29
80.31
80.30
80.31
80.31
80.31
80.31
80.30
80.30
80.30
80.30
80.31
80.23
