71.88
78.12
80.73
81.64
81.88
83.33
83.71
83.98
83.33
83.59
84.09
83.72
82.93
82.81
82.29
81.93
81.89
81.77
81.33
80.78
80.73
80.68
80.43
80.60
80.31
80.53
80.38
80.36
80.23
80.57
80.59
80.47
80.63
80.70
80.22
80.08
80.03
80.18
79.97
79.96
79.95
80.06
79.91
79.79
79.76
79.65
79.65
79.56
79.72
79.84
79.75
79.72
79.81
79.89
79.94
79.80
79.85
79.71
79.77
79.77
79.87
79.79
79.66
79.57
79.59
79.64
79.69
79.89
79.91
79.87
79.89
79.95
79.94
79.67
79.69
79.65
79.55
79.61
79.59
79.69
79.82
79.82
79.86
79.89
79.83
79.74
79.81
79.78
79.76
79.77
79.82
79.98
79.96
79.99
79.98
80.00
79.95
79.94
79.94
79.95
79.95
79.99
79.98
79.97
80.03
79.97
79.95
80.02
80.09
80.10
80.07
79.98
80.02
80.10
80.15
80.08
80.11
80.16
80.17
80.18
80.18
80.19
80.16
80.18
80.21
80.25
80.23
80.21
80.22
80.20
80.19
80.23
80.25
80.24
80.21
80.12
80.13
80.14
80.10
80.11
80.10
80.08
80.11
80.19
80.18
80.24
80.24
80.27
80.26
80.20
80.22
80.18
80.20
80.24
80.25
80.28
80.26
80.28
80.33
80.30
80.26
80.24
80.25
80.31
80.33
80.34
80.31
80.33
80.36
80.34
80.32
80.31
80.27
80.29
80.28
80.32
80.32
80.28
80.28
80.25
80.24
80.24
80.22
80.26
80.24
80.25
80.27
80.20
80.17
80.20
80.20
80.18
80.25
80.27
80.26
80.25
80.23
80.24
80.22
80.20
80.25
80.21
80.20
80.19
80.22
80.23
80.19
80.15
80.14
80.19
80.18
80.23
80.20
80.22
80.23
80.18
80.13
80.10
80.10
80.11
80.11
80.11
80.09
80.08
80.08
80.11
80.09
80.11
80.06
80.08
80.06
80.03
80.04
80.05
80.05
80.05
80.02
80.01
79.99
79.99
79.99
80.01
80.01
80.02
80.01
79.99
80.04
80.01
79.99
80.02
80.00
80.00
80.00
80.01
79.98
79.98
80.00
79.99
79.98
80.02
80.03
80.02
80.03
80.02
80.01
80.02
80.02
80.01
79.99
79.98
79.98
79.97
79.99
79.96
79.95
79.94
79.95
79.97
80.00
80.01
79.99
79.99
79.98
79.96
79.97
79.96
79.95
79.94
79.95
79.95
79.97
79.99
79.98
79.99
79.98
79.97
79.99
79.99
79.95
79.94
79.95
79.94
79.91
79.94
79.97
80.00
80.00
80.00
79.99
79.99
79.99
79.98
79.99
79.99
79.99
79.98
79.99
80.00
79.98
80.00
80.01
80.00
80.03
80.07
80.08
80.05
80.06
80.07
80.04
80.03
80.04
80.04
80.05
80.05
80.07
80.07
80.06
80.06
80.04
80.04
80.05
80.06
80.05
80.06
80.07
80.08
80.06
80.07
80.07
80.06
80.05
80.05
80.08
80.12
80.12
80.12
80.13
80.14
80.15
80.17
80.19
80.17
80.18
80.19
80.19
80.17
80.16
80.18
80.19
80.20
80.19
80.20
80.22
80.22
80.24
80.22
80.21
80.20
80.19
80.16
80.15
80.17
80.17
80.17
80.16
80.14
80.15
80.17
80.17
80.17
80.17
80.20
80.16
80.15
80.13
80.15
80.15
80.15
80.14
80.14
80.14
80.13
80.15
80.16
80.15
80.16
80.16
80.15
80.17
80.16
80.16
80.15
80.15
80.16
80.17
80.16
80.16
80.17
80.18
80.17
80.16
80.17
80.16
80.15
80.14
80.15
80.16
80.14
80.15
80.13
80.14
80.15
80.13
80.13
80.13
80.16
80.16
80.15
80.16
80.18
80.18
80.17
80.18
80.18
80.19
80.19
80.20
80.21
80.21
80.20
80.18
80.19
80.17
80.17
80.16
80.17
80.18
80.19
80.19
80.19
80.17
80.17
80.16
80.17
80.18
80.20
80.22
80.22
80.21
80.22
80.22
80.22
80.23
80.24
80.24
80.25
80.26
80.27
80.28
80.29
80.29
80.31
80.31
80.32
80.30
80.31
80.32
80.33
80.33
80.33
80.35
80.36
80.35
80.35
80.33
80.34
80.34
80.34
80.34
80.35
80.35
80.36
80.36
80.36
80.36
80.35
80.36
80.35
80.36
80.36
80.36
80.36
80.37
80.37
80.37
80.38
80.38
80.38
80.38
80.38
80.38
80.38
80.37
80.37
80.37
80.35
80.35
80.35
80.35
80.36
80.35
80.37
80.37
80.37
80.37
80.38
80.38
80.38
80.37
80.38
80.37
80.37
80.36
80.35
80.35
80.35
80.35
80.35
80.35
80.35
80.34
80.34
80.32
80.33
80.33
80.33
80.34
80.35
80.35
80.35
80.34
80.35
80.35
80.36
80.37
80.38
80.38
80.37
80.38
80.37
80.36
80.36
80.35
80.35
80.34
80.35
80.36
80.35
80.34
80.35
80.34
80.35
80.34
80.34
80.34
80.34
80.34
80.36
80.36
80.35
80.35
80.34
80.35
80.35
80.35
80.34
80.31
80.31
80.31
80.30
80.29
80.31
80.31
80.31
80.31
80.32
80.30
80.31
80.31
80.31
80.29
80.31
80.32
80.34
80.34
80.33
80.34
80.35
80.35
80.34
80.36
80.36
80.34
80.34
80.34
80.34
80.34
80.33
80.32
80.32
80.34
80.36
80.36
80.35
80.36
80.36
80.36
80.36
80.37
80.37
80.37
80.36
80.35
80.35
80.34
80.34
80.34
80.34
80.34
80.36
80.36
80.36
80.36
80.36
80.36
80.36
80.36
80.37
80.37
80.36
80.36
80.37
80.38
80.38
80.37
80.37
80.37
80.38
80.38
80.37
80.38
80.37
80.37
80.36
80.37
80.37
80.37
80.37
80.37
80.38
80.36
80.35
80.35
80.35
80.35
80.35
80.35
80.34
80.34
80.34
80.32
80.32
80.31
80.31
80.30
80.31
80.32
80.32
80.32
80.31
80.32
80.33
80.33
80.33
80.33
80.34
80.34
80.35
80.36
80.35
80.36
80.37
80.37
80.36
80.36
80.34
80.33
80.34
80.34
80.34
80.35
80.35
80.35
80.34
80.34
80.34
80.35
80.35
80.35
80.36
80.35
80.36
80.36
80.35
80.35
80.36
80.37
80.38
80.37
80.36
80.37
80.36
80.37
80.37
80.38
80.37
80.37
80.37
80.38
80.37
80.37
80.36
80.36
80.36
80.36
80.35
80.36
80.36
80.36
80.35
80.35
80.35
80.35
80.35
80.35
80.34
80.34
80.33
80.32
80.31
80.30
80.30
80.30
80.29
80.29
80.29
80.29
80.29
80.29
80.29
80.29
80.21
