81.25
71.88
74.48
76.95
77.81
78.12
79.46
79.88
79.86
79.38
78.84
79.69
79.09
78.24
78.02
77.54
77.76
78.12
77.96
77.73
77.98
78.05
78.40
78.32
78.19
78.25
78.24
78.46
78.66
78.70
78.73
78.71
78.74
78.58
78.62
78.73
78.67
78.87
78.89
78.87
78.85
78.87
78.78
79.05
79.17
79.25
79.26
79.20
79.27
79.34
79.29
79.42
79.48
79.57
79.60
79.44
79.47
79.42
79.45
79.40
79.51
79.59
79.76
79.83
79.74
79.83
79.73
79.89
79.96
80.11
80.00
79.95
80.05
79.96
80.02
80.08
80.03
80.01
80.00
80.08
80.05
80.09
80.14
80.06
80.11
80.11
80.19
80.20
80.23
80.26
80.17
80.13
80.06
80.07
80.13
80.14
80.12
80.07
80.05
80.06
80.06
80.09
80.13
80.14
80.09
80.07
80.04
80.09
80.10
80.07
80.08
80.08
80.07
80.03
80.04
80.08
80.14
80.15
80.21
80.20
80.17
80.15
80.21
80.20
80.23
80.28
80.28
80.25
80.22
80.25
80.26
80.28
80.25
80.28
80.30
80.31
80.36
80.38
80.43
80.41
80.44
80.47
80.50
80.56
80.55
80.49
80.45
80.48
80.53
80.46
80.41
80.38
80.41
80.37
80.41
80.46
80.44
80.41
80.38
80.35
80.38
80.33
80.33
80.30
80.27
80.28
80.27
80.27
80.27
80.19
80.21
80.24
80.24
80.29
80.29
80.26
80.24
80.26
80.29
80.28
80.27
80.25
80.23
80.26
80.24
80.24
80.24
80.22
80.22
80.25
80.28
80.26
80.29
80.28
80.34
80.34
80.38
80.37
80.40
80.45
80.47
80.45
80.42
80.39
80.36
80.38
80.38
80.37
80.37
80.34
80.34
80.32
80.34
80.37
80.38
80.40
80.42
80.41
80.39
80.38
80.38
80.38
80.35
80.34
80.36
80.34
80.33
80.35
80.33
80.35
80.33
80.33
80.32
80.31
80.31
80.35
80.35
80.30
80.31
80.33
80.34
80.36
80.41
80.41
80.44
80.41
80.44
80.44
80.45
80.43
80.43
80.43
80.42
80.41
80.41
80.41
80.37
80.35
80.39
80.38
80.36
80.36
80.34
80.34
80.34
80.35
80.33
80.33
80.32
80.32
80.30
80.31
80.30
80.30
80.30
80.31
80.30
80.30
80.31
80.27
80.25
80.24
80.25
80.23
80.20
80.24
80.24
80.27
80.24
80.27
80.26
80.25
80.26
80.27
80.28
80.27
80.28
80.30
80.31
80.32
80.33
80.30
80.27
80.27
80.27
80.26
80.26
80.25
80.24
80.26
80.28
80.25
80.28
80.31
80.31
80.32
80.34
80.36
80.36
80.35
80.34
80.34
80.34
80.37
80.35
80.34
80.32
80.32
80.31
80.32
80.33
80.34
80.34
80.34
80.33
80.33
80.34
80.35
80.34
80.35
80.32
80.31
80.32
80.34
80.34
80.34
80.34
80.35
80.32
80.33
80.32
80.34
80.33
80.36
80.39
80.39
80.38
80.40
80.41
80.40
80.39
80.40
80.39
80.39
80.40
80.39
80.38
80.40
80.39
80.36
80.37
80.38
80.37
80.38
80.35
80.34
80.32
80.31
80.31
80.30
80.31
80.31
80.31
80.31
80.33
80.34
80.34
80.34
80.34
80.33
80.33
80.35
80.35
80.32
80.32
80.32
80.33
80.35
80.34
80.33
80.33
80.35
80.34
80.35
80.33
80.33
80.34
80.34
80.32
80.31
80.30
80.30
80.29
80.28
80.29
80.27
80.25
80.24
80.25
80.28
80.31
80.30
80.30
80.30
80.30
80.27
80.29
80.31
80.30
80.29
80.29
80.30
80.28
80.29
80.29
80.27
80.27
80.25
80.25
80.23
80.20
80.17
80.17
80.17
80.17
80.17
80.18
80.19
80.19
80.20
80.20
80.19
80.19
80.20
80.20
80.20
80.19
80.20
80.19
80.21
80.22
80.22
80.21
80.22
80.24
80.23
80.22
80.24
80.25
80.25
80.26
80.25
80.25
80.25
80.26
80.27
80.26
80.26
80.25
80.24
80.26
80.26
80.28
80.29
80.28
80.26
80.24
80.24
80.25
80.26
80.25
80.25
80.24
80.26
80.24
80.25
80.25
80.26
80.27
80.23
80.24
80.24
80.25
80.28
80.29
80.29
80.29
80.30
80.30
80.29
80.30
80.29
80.29
80.31
80.30
80.31
80.32
80.31
80.32
80.32
80.33
80.33
80.34
80.32
80.32
80.33
80.32
80.33
80.33
80.34
80.33
80.33
80.34
80.32
80.33
80.35
80.33
80.33
80.31
80.31
80.29
80.30
80.30
80.30
80.31
80.30
80.32
80.32
80.33
80.33
80.34
80.35
80.35
80.34
80.35
80.35
80.34
80.35
80.34
80.35
80.37
80.37
80.36
80.36
80.36
80.35
80.35
80.35
80.35
80.36
80.37
80.35
80.36
80.36
80.36
80.36
80.37
80.35
80.36
80.34
80.34
80.34
80.34
80.35
80.36
80.35
80.34
80.34
80.34
80.35
80.36
80.37
80.38
80.38
80.38
80.37
80.37
80.35
80.35
80.35
80.35
80.35
80.36
80.37
80.37
80.37
80.37
80.37
80.37
80.38
80.39
80.38
80.38
80.38
80.38
80.39
80.38
80.37
80.37
80.37
80.37
80.36
80.35
80.35
80.35
80.35
80.35
80.33
80.35
80.34
80.34
80.34
80.34
80.32
80.33
80.32
80.32
80.31
80.31
80.31
80.32
80.33
80.34
80.34
80.33
80.33
80.34
80.34
80.34
80.34
80.34
80.35
80.35
80.36
80.37
80.38
80.37
80.38
80.38
80.36
80.36
80.34
80.34
80.33
80.34
80.34
80.35
80.34
80.35
80.34
80.35
80.36
80.35
80.35
80.37
80.36
80.37
80.36
80.35
80.34
80.33
80.34
80.34
80.34
80.34
80.33
80.32
80.33
80.33
80.34
80.34
80.34
80.34
80.34
80.34
80.34
80.33
80.33
80.33
80.33
80.32
80.34
80.35
80.35
80.35
80.37
80.37
80.38
80.39
80.39
80.38
80.38
80.39
80.39
80.38
80.36
80.36
80.37
80.37
80.36
80.35
80.36
80.37
80.37
80.36
80.36
80.36
80.36
80.36
80.36
80.36
80.36
80.36
80.36
80.36
80.36
80.37
80.37
80.35
80.35
80.35
80.35
80.35
80.35
80.35
80.35
80.34
80.34
80.34
80.35
80.34
80.35
80.36
80.35
80.36
80.36
80.35
80.35
80.35
80.34
80.33
80.33
80.31
80.33
80.33
80.33
80.33
80.32
80.32
80.32
80.32
80.32
80.32
80.32
80.32
80.31
80.33
80.32
80.33
80.33
80.32
80.25
