32.81
35.16
33.85
34.38
35.00
36.20
34.15
34.18
35.42
35.94
35.65
35.55
35.70
35.16
35.62
35.84
35.85
35.85
35.94
35.78
35.71
35.80
35.67
36.20
36.19
36.24
35.88
35.94
36.15
36.30
36.49
36.38
36.27
36.17
36.12
36.07
35.98
36.14
35.94
36.02
36.13
36.01
35.90
35.65
35.69
35.67
35.90
36.13
36.13
36.09
36.21
36.33
36.20
36.23
36.28
36.33
36.29
36.31
36.12
36.17
36.12
36.14
36.11
36.18
36.25
36.15
36.08
36.05
35.91
35.89
36.03
36.07
36.00
36.09
36.04
36.06
36.08
36.00
35.96
35.96
36.03
36.03
35.96
36.05
36.16
36.26
36.33
36.40
36.53
36.60
36.64
36.68
36.74
36.65
36.68
36.78
36.74
36.64
36.81
36.84
36.80
36.75
36.73
36.79
36.79
36.81
36.80
36.78
36.77
36.80
36.75
36.80
36.79
36.77
36.77
36.79
36.87
36.82
36.79
36.77
36.84
36.77
36.76
36.77
36.74
36.77
36.74
36.72
36.68
36.71
36.68
36.67
36.72
36.66
36.64
36.58
36.55
36.63
36.61
36.60
36.66
36.71
36.72
36.70
36.72
36.71
36.72
36.71
36.64
36.61
36.65
36.64
36.60
36.60
36.53
36.49
36.49
36.56
36.53
36.51
36.55
36.53
36.48
36.50
36.54
36.58
36.57
36.60
36.59
36.54
36.57
36.53
36.47
36.41
36.33
36.36
36.34
36.39
36.39
36.35
36.36
36.31
36.26
36.26
36.22
36.16
36.13
36.10
36.09
36.11
36.15
36.22
36.28
36.24
36.27
36.32
36.30
36.29
36.33
36.33
36.34
36.32
36.38
36.36
36.36
36.31
36.31
36.34
36.36
36.33
36.32
36.29
36.34
36.32
36.29
36.29
36.28
36.29
36.26
36.30
36.31
36.30
36.27
36.27
36.28
36.28
36.27
36.27
36.27
36.27
36.26
36.26
36.25
36.22
36.24
36.21
36.21
36.22
36.24
36.26
36.26
36.31
36.33
36.33
36.31
36.31
36.32
36.27
36.24
36.24
36.22
36.21
36.23
36.25
36.28
36.30
36.28
36.25
36.23
36.23
36.21
36.25
36.23
36.27
36.27
36.24
36.25
36.24
36.26
36.25
36.27
36.26
36.27
36.26
36.26
36.26
36.28
36.29
36.27
36.31
36.37
36.35
36.35
36.34
36.31
36.28
36.31
36.33
36.32
36.33
36.32
36.30
36.27
36.28
36.28
36.26
36.25
36.24
36.22
36.20
36.22
36.21
36.23
36.24
36.23
36.23
36.24
36.25
36.23
36.23
36.25
36.27
36.26
36.26
36.26
36.24
36.25
36.27
36.26
36.28
36.30
36.29
36.29
36.29
36.27
36.27
36.27
36.25
36.26
36.25
36.28
36.25
36.27
36.27
36.28
36.29
36.29
36.31
36.31
36.33
36.32
36.31
36.34
36.34
36.30
36.29
36.27
36.24
36.25
36.21
36.20
36.19
36.17
36.16
36.14
36.17
36.18
36.19
36.20
36.21
36.20
36.21
36.20
36.18
36.17
36.17
36.17
36.15
36.12
36.13
36.14
36.14
36.13
36.10
36.12
36.12
36.13
36.14
36.16
36.14
36.14
36.14
36.16
36.17
36.17
36.19
36.19
36.20
36.17
36.16
36.16
36.16
36.16
36.15
36.15
36.15
36.17
36.17
36.19
36.19
36.17
36.19
36.21
36.22
36.20
36.18
36.16
36.16
36.14
36.14
36.14
36.14
36.15
36.16
36.16
36.14
36.14
36.12
36.15
36.17
36.14
36.15
36.16
36.14
36.13
36.13
36.12
36.12
36.12
36.15
36.15
36.14
36.16
36.18
36.18
36.16
36.18
36.18
36.15
36.16
36.17
36.15
36.15
36.14
36.11
36.11
36.11
36.13
36.11
36.12
36.10
36.09
36.07
36.07
36.07
36.07
36.06
36.04
36.05
36.05
36.02
36.01
35.99
35.97
35.98
35.96
35.95
35.96
35.97
35.98
35.98
35.98
36.01
36.00
36.00
36.00
35.99
36.00
36.01
36.00
35.98
35.97
35.99
36.00
36.01
35.99
35.97
35.96
35.96
35.97
35.98
35.95
35.96
35.97
35.96
35.97
35.99
35.99
35.99
35.98
35.98
35.98
35.97
35.96
35.97
35.97
35.97
35.96
35.95
35.93
35.92
35.93
35.92
35.92
35.93
35.94
35.93
35.93
35.90
35.92
35.92
35.91
35.92
35.91
35.94
35.92
35.93
35.92
35.91
35.93
35.92
35.93
35.92
35.93
35.93
35.93
35.94
35.94
35.93
35.92
35.92
35.93
35.91
35.91
35.92
35.89
35.89
35.88
35.88
35.88
35.89
35.90
35.87
35.88
35.86
35.87
35.85
35.85
35.84
35.85
35.85
35.86
35.86
35.87
35.88
35.88
35.89
35.87
35.86
35.87
35.88
35.87
35.88
35.87
35.86
35.86
35.86
35.86
35.86
35.87
35.88
35.89
35.89
35.90
35.89
35.89
35.89
35.91
35.90
35.92
35.93
35.93
35.94
35.93
35.95
35.93
35.92
35.92
35.92
35.93
35.94
35.92
35.93
35.91
35.92
35.93
35.92
35.92
35.94
35.93
35.95
35.93
35.95
35.94
35.95
35.96
35.97
35.97
35.98
35.97
35.97
35.98
35.98
35.98
35.99
35.99
36.00
36.00
36.00
35.99
35.99
36.00
36.01
36.00
36.01
36.01
36.01
36.01
36.01
36.04
36.02
36.03
36.03
36.02
36.03
36.03
36.02
36.03
36.02
36.02
36.01
36.02
36.01
36.03
36.04
36.04
36.05
36.04
36.03
36.03
36.02
36.02
36.03
36.02
36.02
36.01
36.01
36.01
36.00
36.01
36.02
36.02
36.03
36.03
36.03
36.02
36.03
36.02
36.03
36.03
36.02
36.02
36.02
36.02
36.00
36.00
36.01
36.01
36.00
35.99
35.98
35.99
35.99
35.99
35.99
36.00
35.98
35.97
35.99
35.99
36.00
36.00
36.02
36.02
36.01
36.00
36.01
36.00
36.01
36.02
36.01
36.02
36.03
36.03
36.02
36.03
36.03
36.04
36.04
36.03
36.03
36.03
36.03
36.04
36.04
36.03
36.04
36.04
36.05
36.06
36.06
36.08
36.09
36.09
36.10
36.09
36.10
36.10
36.10
36.10
36.10
36.10
36.10
36.09
36.09
36.09
36.09
36.09
36.09
36.08
36.07
36.08
36.08
36.09
36.09
36.09
36.09
36.09
36.09
36.09
36.08
36.09
36.09
36.08
36.07
36.07
36.07
36.08
36.10
36.10
36.10
36.10
36.11
36.10
36.10
36.09
36.09
36.10
36.09
36.09
36.09
36.06
