70.31
74.22
78.12
76.17
76.88
76.56
75.89
75.98
75.52
75.78
75.57
75.91
76.32
76.45
76.15
76.37
76.29
76.39
76.48
76.33
75.97
75.99
76.15
76.04
76.06
76.14
76.16
75.84
75.81
75.36
75.50
75.63
75.43
75.46
75.49
75.17
74.96
75.04
74.96
75.08
74.92
74.93
74.96
74.82
74.76
74.90
74.83
74.77
74.87
74.53
74.51
74.64
74.68
74.74
74.57
74.67
74.84
74.57
74.52
74.48
74.46
74.52
74.48
74.46
74.54
74.53
74.44
74.59
74.59
74.60
74.65
74.54
74.53
74.37
74.38
74.38
74.45
74.36
74.33
74.39
74.50
74.50
74.45
74.50
74.52
74.49
74.60
74.52
74.49
74.43
74.52
74.52
74.55
74.42
74.44
74.54
74.48
74.49
74.42
74.33
74.37
74.37
74.44
74.49
74.48
74.45
74.55
74.55
74.60
74.47
74.47
74.43
74.39
74.42
74.48
74.49
74.51
74.47
74.51
74.57
74.54
74.53
74.53
74.62
74.58
74.58
74.57
74.58
74.56
74.68
74.67
74.67
74.68
74.66
74.69
74.68
74.70
74.75
74.71
74.62
74.66
74.63
74.55
74.56
74.55
74.64
74.71
74.74
74.75
74.75
74.71
74.76
74.78
74.74
74.71
74.68
74.69
74.76
74.74
74.73
74.72
74.71
74.73
74.77
74.77
74.76
74.73
74.74
74.80
74.84
74.84
74.78
74.80
74.82
74.81
74.80
74.81
74.78
74.73
74.70
74.75
74.76
74.76
74.76
74.77
74.76
74.74
74.70
74.73
74.74
74.77
74.79
74.83
74.86
74.93
74.90
74.88
74.88
74.87
74.91
74.92
74.98
74.98
74.96
74.96
74.99
74.95
74.97
74.97
74.97
74.97
74.95
74.96
74.96
74.97
75.01
75.04
75.00
74.98
74.97
75.03
75.04
75.04
75.03
75.03
75.04
75.03
75.04
75.06
75.10
75.14
75.13
75.13
75.11
75.11
75.10
75.10
75.11
75.11
75.12
75.14
75.12
75.08
75.09
75.10
75.08
75.09
75.08
75.06
75.03
75.04
75.03
75.05
75.04
75.00
75.00
75.01
75.00
75.00
75.02
75.02
75.05
75.08
75.08
75.11
75.08
75.08
75.09
75.10
75.12
75.13
75.12
75.09
75.09
75.05
75.07
75.07
75.07
75.08
75.08
75.10
75.05
75.08
75.09
75.07
75.03
75.01
74.99
74.97
74.96
74.93
74.95
74.96
74.94
74.94
74.94
74.94
74.91
74.94
74.96
74.97
74.98
74.98
74.98
74.98
74.96
74.95
74.96
74.95
74.99
75.01
75.02
75.03
75.04
75.04
75.07
75.08
75.06
75.08
75.08
75.08
75.09
75.09
75.08
75.08
75.10
75.09
75.06
75.07
75.08
75.08
75.08
75.07
75.07
75.07
75.07
75.06
75.06
75.07
75.07
75.06
75.08
75.08
75.08
75.09
75.07
75.06
75.05
75.09
75.09
75.07
75.05
75.04
75.04
75.03
75.01
75.00
75.00
75.00
75.02
75.02
75.00
75.01
75.00
75.01
74.99
74.97
74.98
74.99
75.00
74.99
74.98
74.99
75.00
74.99
74.99
75.00
75.01
75.03
75.05
75.06
75.07
75.07
75.08
75.09
75.10
75.08
75.07
75.07
75.07
75.08
75.11
75.12
75.13
75.11
75.13
75.15
75.16
75.16
75.17
75.18
75.19
75.19
75.20
75.19
75.19
75.20
75.19
75.18
75.17
75.17
75.15
75.13
75.14
75.13
75.14
75.12
75.12
75.12
75.13
75.13
75.12
75.13
75.14
75.14
75.12
75.13
75.13
75.13
75.12
75.13
75.14
75.14
75.13
75.11
75.13
75.11
75.11
75.10
75.10
75.09
75.08
75.08
75.09
75.10
75.11
75.11
75.12
75.12
75.12
75.13
75.13
75.12
75.13
75.13
75.13
75.15
75.13
75.14
75.15
75.16
75.16
75.16
75.15
75.17
75.15
75.13
75.12
75.12
75.11
75.10
75.10
75.10
75.10
75.07
75.08
75.08
75.09
75.07
75.05
75.06
75.08
75.08
75.08
75.09
75.08
75.07
75.06
75.06
75.07
75.06
75.02
75.00
75.00
74.99
74.98
74.98
74.97
74.99
75.00
75.00
75.01
75.02
75.01
75.02
75.03
75.01
75.02
75.00
75.00
74.98
74.98
74.99
74.99
74.98
74.98
74.99
74.99
74.99
75.01
75.02
75.00
75.01
75.00
74.99
75.00
75.00
74.99
75.00
74.99
74.99
74.98
74.98
74.98
74.98
74.97
74.98
74.97
74.97
74.99
74.98
74.99
74.99
75.01
75.00
75.01
75.01
75.01
75.02
75.01
75.01
75.01
75.02
75.04
75.03
75.02
75.01
75.01
75.02
75.03
75.01
75.01
75.01
75.01
75.02
75.02
75.01
75.03
75.03
75.04
75.05
75.04
75.05
75.06
75.05
75.04
75.04
75.05
75.06
75.07
75.07
75.06
75.05
75.06
75.06
75.05
75.03
75.04
75.02
75.01
75.00
75.01
75.00
75.00
74.99
75.00
75.00
75.00
75.00
75.00
75.00
74.99
74.98
74.98
74.98
74.97
74.98
74.99
74.98
74.98
74.99
74.98
74.98
74.98
74.99
74.98
74.97
74.95
74.95
74.96
74.97
74.95
74.97
74.96
74.96
74.96
74.96
74.96
74.96
74.96
74.94
74.95
74.96
74.97
74.96
74.95
74.96
74.96
74.96
74.97
74.97
74.96
74.98
74.98
74.97
74.97
74.96
74.94
74.96
74.97
74.95
74.96
74.95
74.97
74.98
74.99
74.98
74.97
74.96
74.96
74.97
74.98
74.98
74.97
74.96
74.96
74.96
74.96
74.97
74.97
74.96
74.97
74.96
74.95
74.95
74.95
74.95
74.95
74.93
74.94
74.94
74.93
74.94
74.95
74.95
74.96
74.96
74.97
74.97
74.97
74.98
74.99
74.99
74.99
74.99
74.97
74.98
74.97
74.96
74.96
74.96
74.96
74.96
74.95
74.95
74.94
74.94
74.94
74.94
74.94
74.93
74.94
74.93
74.93
74.92
74.93
74.94
74.94
74.94
74.95
74.94
74.95
74.96
74.95
74.95
74.95
74.95
74.96
74.97
74.97
74.97
74.99
74.99
74.99
74.99
74.99
74.99
74.99
74.99
75.00
75.01
74.99
75.02
75.02
75.01
75.01
75.02
75.01
75.01
75.01
75.00
75.00
75.01
75.00
74.99
74.99
74.98
74.98
74.99
75.00
75.00
75.00
75.00
74.99
75.00
75.00
75.00
75.01
75.02
75.01
75.02
75.02
75.03
75.03
75.03
75.03
75.05
75.04
75.04
75.05
75.05
74.96
