79.69
80.47
80.21
80.08
79.69
79.69
79.02
79.69
80.21
80.16
80.11
79.69
79.93
80.02
80.10
80.47
80.79
80.56
80.35
80.31
80.43
80.61
80.43
80.27
80.12
80.17
80.38
80.25
80.17
80.31
80.34
80.37
80.21
80.15
80.18
80.34
80.28
80.18
80.01
80.08
80.03
80.17
80.20
80.36
80.45
80.37
80.42
80.40
80.55
80.53
80.39
80.32
80.40
80.32
80.14
80.19
80.24
80.15
80.03
80.13
80.15
80.19
80.21
80.13
79.95
79.97
79.90
79.99
80.03
80.07
80.06
80.08
80.05
80.03
79.96
79.93
79.93
79.99
80.02
80.12
80.15
80.03
80.08
80.12
80.13
80.16
80.10
80.17
80.06
80.12
80.08
80.11
80.16
80.19
80.20
80.21
80.20
80.17
80.13
80.09
80.09
80.09
80.16
80.15
80.07
80.09
80.14
80.08
80.07
80.13
80.22
80.22
80.19
80.22
80.16
80.13
80.15
80.22
80.25
80.25
80.26
80.21
80.22
80.28
80.29
80.33
80.34
80.30
80.28
80.23
80.14
80.16
80.11
80.08
80.00
79.99
80.00
80.04
80.01
80.01
79.92
79.92
79.91
79.90
79.89
79.93
79.95
79.94
79.93
79.93
79.90
79.89
79.89
79.92
79.94
79.93
79.97
79.93
79.88
79.82
79.83
79.89
79.94
79.92
79.96
79.99
79.95
79.94
79.96
79.96
79.93
79.93
79.91
79.95
79.96
79.99
79.96
79.99
79.99
79.97
79.91
79.90
79.82
79.84
79.88
79.94
80.00
80.02
80.04
80.03
80.01
80.00
80.00
79.97
79.99
80.01
80.00
80.00
80.02
80.02
80.03
79.99
79.96
79.97
79.95
79.94
79.97
80.00
79.99
79.96
79.95
79.98
80.00
79.98
79.99
80.00
79.99
79.97
80.02
80.04
80.03
80.02
80.03
80.04
80.01
80.05
80.04
80.05
80.03
80.01
80.02
80.04
80.06
80.06
80.08
80.08
80.10
80.12
80.12
80.10
80.10
80.09
80.11
80.12
80.11
80.08
80.11
80.11
80.10
80.11
80.12
80.11
80.08
80.09
80.09
80.09
80.08
80.08
80.10
80.13
80.11
80.10
80.12
80.10
80.09
80.04
80.06
80.08
80.11
80.14
80.13
80.15
80.12
80.14
80.12
80.12
80.12
80.13
80.13
80.12
80.14
80.14
80.13
80.16
80.13
80.10
80.12
80.14
80.16
80.18
80.20
80.21
80.22
80.23
80.23
80.24
80.26
80.24
80.25
80.26
80.26
80.26
80.28
80.27
80.29
80.27
80.29
80.28
80.27
80.25
80.27
80.29
80.30
80.28
80.27
80.26
80.24
80.21
80.20
80.17
80.18
80.15
80.16
80.15
80.16
80.16
80.16
80.17
80.13
80.13
80.13
80.13
80.13
80.15
80.16
80.18
80.19
80.16
80.15
80.13
80.12
80.14
80.15
80.16
80.17
80.13
80.14
80.15
80.14
80.13
80.14
80.14
80.13
80.13
80.14
80.15
80.13
80.13
80.14
80.14
80.15
80.16
80.17
80.16
80.15
80.16
80.16
80.19
80.22
80.22
80.22
80.21
80.22
80.23
80.23
80.24
80.24
80.24
80.23
80.21
80.21
80.19
80.21
80.24
80.26
80.26
80.26
80.25
80.25
80.26
80.26
80.27
80.28
80.27
80.27
80.26
80.25
80.27
80.26
80.25
80.25
80.25
80.23
80.26
80.27
80.27
80.27
80.26
80.25
80.25
80.25
80.24
80.25
80.27
80.26
80.25
80.25
80.25
80.23
80.24
80.22
80.20
80.19
80.20
80.20
80.21
80.21
80.21
80.22
80.23
80.22
80.24
80.24
80.25
80.24
80.25
80.23
80.25
80.24
80.26
80.26
80.24
80.26
80.25
80.26
80.24
80.23
80.24
80.25
80.26
80.28
80.28
80.28
80.28
80.29
80.29
80.28
80.28
80.27
80.25
80.27
80.28
80.28
80.28
80.28
80.26
80.25
80.27
80.27
80.27
80.27
80.28
80.28
80.28
80.28
80.28
80.26
80.26
80.26
80.24
80.24
80.24
80.24
80.25
80.24
80.23
80.24
80.25
80.25
80.25
80.24
80.25
80.25
80.27
80.27
80.28
80.27
80.27
80.28
80.28
80.28
80.28
80.27
80.26
80.27
80.26
80.26
80.27
80.25
80.25
80.25
80.25
80.26
80.26
80.27
80.26
80.24
80.24
80.25
80.25
80.26
80.24
80.24
80.25
80.24
80.25
80.22
80.23
80.23
80.24
80.23
80.24
80.23
80.23
80.23
80.23
80.22
80.22
80.22
80.24
80.23
80.23
80.22
80.23
80.23
80.23
80.24
80.25
80.27
80.26
80.26
80.26
80.27
80.27
80.28
80.27
80.28
80.28
80.28
80.28
80.27
80.27
80.28
80.27
80.28
80.28
80.29
80.29
80.30
80.30
80.28
80.28
80.26
80.25
80.24
80.25
80.26
80.27
80.26
80.26
80.27
80.27
80.27
80.28
80.27
80.27
80.27
80.27
80.26
80.26
80.27
80.27
80.28
80.29
80.31
80.31
80.31
80.32
80.32
80.32
80.32
80.33
80.32
80.33
80.35
80.36
80.35
80.35
80.36
80.36
80.35
80.34
80.35
80.34
80.33
80.33
80.33
80.34
80.34
80.34
80.34
80.34
80.34
80.33
80.33
80.32
80.33
80.33
80.33
80.32
80.32
80.32
80.32
80.33
80.33
80.34
80.34
80.33
80.34
80.34
80.34
80.33
80.35
80.35
80.34
80.35
80.33
80.32
80.31
80.30
80.31
80.30
80.29
80.29
80.30
80.30
80.28
80.28
80.30
80.30
80.30
80.31
80.31
80.30
80.32
80.32
80.32
80.34
80.33
80.32
80.30
80.32
80.31
80.32
80.31
80.30
80.31
80.31
80.32
80.31
80.32
80.32
80.30
80.28
80.27
80.26
80.25
80.26
80.24
80.24
80.23
80.24
80.24
80.24
80.23
80.24
80.25
80.25
80.26
80.25
80.25
80.26
80.27
80.26
80.26
80.26
80.25
80.23
80.23
80.22
80.23
80.24
80.24
80.24
80.24
80.24
80.23
80.23
80.22
80.22
80.22
80.22
80.22
80.21
80.20
80.21
80.22
80.22
80.21
80.21
80.21
80.21
80.21
80.20
80.21
80.21
80.22
80.23
80.23
80.23
80.22
80.22
80.23
80.23
80.22
80.22
80.21
80.22
80.22
80.24
80.25
80.25
80.26
80.26
80.26
80.26
80.26
80.25
80.26
80.26
80.25
80.26
80.26
80.26
80.27
80.27
80.26
80.27
80.27
80.27
80.27
80.26
80.27
80.27
80.27
80.27
80.27
80.27
80.28
80.29
80.29
80.22
