75.00
78.91
81.77
83.98
84.06
83.59
83.26
83.40
82.99
82.34
82.39
82.16
82.21
82.37
82.29
81.84
81.99
82.29
82.15
82.11
82.29
81.32
81.18
81.12
81.12
80.95
80.96
80.92
80.87
80.83
80.95
81.05
81.06
81.16
81.12
80.99
80.74
80.39
80.53
80.66
80.68
80.73
80.81
80.89
81.04
81.39
81.15
81.12
81.15
81.22
81.31
81.40
81.28
81.11
81.05
81.00
81.03
81.01
81.09
80.96
81.15
81.25
81.15
81.27
81.35
81.39
81.41
81.34
81.27
81.23
81.21
81.14
81.10
81.08
81.02
81.02
81.01
80.93
80.97
81.00
80.96
81.08
81.10
80.97
80.92
80.89
80.93
80.91
81.00
81.01
81.04
81.05
81.07
80.98
81.04
81.01
81.01
81.03
81.04
81.08
80.99
80.99
80.98
81.07
81.07
81.06
81.03
81.05
81.01
81.02
80.98
80.97
80.99
80.89
80.91
80.94
80.94
80.97
80.99
80.94
80.89
80.81
80.78
80.78
80.76
80.79
80.79
80.77
80.83
80.90
80.90
80.91
80.96
80.98
80.96
80.95
80.94
80.98
80.96
80.94
80.87
80.91
80.91
80.95
81.00
80.97
80.96
81.01
80.98
80.99
80.96
80.95
80.94
80.95
80.96
80.97
80.98
80.95
80.91
80.90
80.90
80.92
80.87
80.93
80.93
80.97
80.96
80.99
81.01
80.98
81.01
80.97
80.96
80.96
81.01
81.04
80.99
80.98
80.94
80.95
80.97
80.97
80.93
80.97
80.97
81.01
80.98
80.96
80.99
80.98
80.97
80.97
80.97
80.99
81.03
81.07
81.06
81.05
81.02
81.00
81.02
81.01
81.01
81.00
81.03
81.04
81.05
81.05
81.08
81.08
81.06
81.05
81.03
81.02
81.05
81.08
81.08
81.08
81.01
81.01
81.04
80.98
80.98
80.94
80.92
80.93
80.93
80.93
80.94
80.93
80.93
80.93
80.91
80.91
80.90
80.89
80.87
80.82
80.84
80.83
80.83
80.86
80.88
80.87
80.91
80.91
80.92
80.93
80.93
80.94
80.96
80.93
80.94
80.95
80.93
80.93
80.93
80.90
80.91
80.92
80.90
80.90
80.90
80.89
80.89
80.91
80.92
80.91
80.92
80.91
80.88
80.85
80.84
80.85
80.81
80.80
80.81
80.81
80.80
80.79
80.77
80.76
80.75
80.77
80.80
80.81
80.79
80.79
80.79
80.75
80.75
80.75
80.70
80.72
80.72
80.73
80.73
80.73
80.73
80.72
80.72
80.73
80.67
80.69
80.69
80.70
80.69
80.67
80.66
80.66
80.66
80.65
80.63
80.61
80.62
80.60
80.61
80.61
80.59
80.61
80.62
80.57
80.55
80.55
80.55
80.55
80.56
80.56
80.57
80.58
80.59
80.56
80.56
80.56
80.59
80.59
80.57
80.58
80.56
80.56
80.55
80.57
80.58
80.57
80.58
80.58
80.57
80.58
80.57
80.59
80.59
80.58
80.59
80.59
80.60
80.61
80.59
80.60
80.59
80.59
80.60
80.59
80.60
80.60
80.60
80.61
80.60
80.60
80.62
80.61
80.61
80.62
80.61
80.61
80.62
80.61
80.62
80.63
80.64
80.62
80.59
80.59
80.59
80.59
80.61
80.62
80.60
80.62
80.62
80.62
80.65
80.64
80.63
80.62
80.63
80.63
80.64
80.65
80.63
80.62
80.61
80.62
80.63
80.62
80.64
80.67
80.65
80.66
80.67
80.64
80.66
80.66
80.65
80.64
80.64
80.63
80.62
80.62
80.62
80.63
80.65
80.65
80.65
80.65
80.65
80.64
80.62
80.62
80.63
80.64
80.63
80.64
80.64
80.59
80.59
80.55
80.56
80.55
80.55
80.55
80.56
80.56
80.56
80.56
80.55
80.55
80.55
80.56
80.55
80.55
80.54
80.53
80.52
80.52
80.52
80.52
80.53
80.54
80.55
80.55
80.54
80.55
80.54
80.54
80.55
80.57
80.56
80.56
80.54
80.54
80.55
80.54
80.56
80.56
80.54
80.53
80.52
80.52
80.54
80.53
80.53
80.52
80.51
80.52
80.53
80.52
80.52
80.53
80.53
80.53
80.52
80.52
80.51
80.53
80.54
80.54
80.54
80.54
80.53
80.53
80.51
80.50
80.51
80.52
80.52
80.51
80.51
80.51
80.52
80.52
80.52
80.51
80.52
80.52
80.52
80.52
80.50
80.50
80.49
80.49
80.48
80.47
80.47
80.47
80.47
80.47
80.46
80.44
80.46
80.46
80.46
80.47
80.48
80.47
80.48
80.48
80.47
80.47
80.47
80.46
80.45
80.45
80.44
80.46
80.47
80.46
80.46
80.45
80.45
80.45
80.44
80.46
80.47
80.48
80.49
80.49
80.50
80.50
80.48
80.48
80.48
80.48
80.47
80.47
80.47
80.48
80.47
80.47
80.48
80.47
80.48
80.47
80.47
80.47
80.46
80.46
80.46
80.46
80.46
80.46
80.45
80.44
80.44
80.42
80.42
80.41
80.40
80.41
80.40
80.39
80.37
80.38
80.36
80.36
80.36
80.37
80.37
80.36
80.37
80.39
80.38
80.38
80.37
80.38
80.38
80.38
80.39
80.39
80.39
80.39
80.41
80.41
80.40
80.38
80.37
80.36
80.37
80.37
80.36
80.35
80.35
80.35
80.35
80.34
80.34
80.34
80.35
80.34
80.34
80.34
80.35
80.34
80.33
80.34
80.32
80.32
80.33
80.32
80.31
80.31
80.30
80.32
80.32
80.32
80.32
80.31
80.29
80.29
80.29
80.29
80.29
80.29
80.29
80.29
80.29
80.30
80.31
80.30
80.32
80.32
80.32
80.30
80.30
80.30
80.29
80.31
80.31
80.31
80.32
80.31
80.30
80.29
80.30
80.30
80.29
80.30
80.29
80.29
80.29
80.30
80.30
80.30
80.30
80.29
80.29
80.30
80.30
80.30
80.32
80.31
80.31
80.32
80.32
80.32
80.31
80.32
80.33
80.32
80.34
80.35
80.34
80.33
80.31
80.33
80.32
80.33
80.34
80.34
80.34
80.34
80.35
80.34
80.35
80.34
80.32
80.32
80.32
80.32
80.32
80.33
80.33
80.34
80.33
80.33
80.33
80.32
80.31
80.30
80.30
80.31
80.30
80.30
80.31
80.31
80.31
80.31
80.31
80.32
80.33
80.32
80.33
80.33
80.33
80.33
80.34
80.33
80.32
80.33
80.33
80.33
80.33
80.33
80.32
80.30
80.29
80.29
80.29
80.29
80.29
80.29
80.29
80.30
80.30
80.30
80.30
80.29
80.29
80.30
80.30
80.30
80.28
80.29
80.30
80.29
80.30
80.29
80.29
80.30
80.30
80.29
80.29
80.21
