81.25
75.78
78.65
78.12
79.38
81.25
81.47
81.45
80.38
80.00
80.82
80.08
80.05
79.35
79.17
79.39
79.23
79.08
79.36
79.53
79.24
79.33
79.14
79.23
79.44
79.15
79.05
79.24
79.36
79.32
79.44
79.44
79.50
79.37
79.46
79.38
79.56
79.48
79.33
79.22
79.27
79.43
79.51
79.47
79.55
79.55
79.36
79.26
79.37
79.28
79.26
79.36
79.51
79.54
79.63
79.74
79.69
79.61
79.53
79.56
79.59
79.61
79.54
79.52
79.30
79.24
79.20
79.27
79.35
79.44
79.51
79.54
79.54
79.54
79.54
79.58
79.57
79.55
79.63
79.67
79.61
79.71
79.82
79.80
79.83
79.92
79.83
79.79
79.83
79.95
79.95
79.93
79.91
79.94
80.02
80.01
79.95
79.91
79.97
79.92
79.81
79.81
79.81
79.78
79.81
79.78
79.85
79.93
79.99
80.01
80.00
80.06
80.09
80.13
80.10
80.05
80.06
80.06
80.04
80.07
80.11
80.08
80.04
80.10
80.12
80.15
80.08
80.09
80.05
80.02
80.07
80.10
80.15
80.21
80.28
80.25
80.23
80.30
80.35
80.35
80.36
80.33
80.27
80.26
80.26
80.27
80.29
80.30
80.27
80.29
80.30
80.31
80.28
80.27
80.27
80.35
80.32
80.34
80.36
80.34
80.35
80.35
80.32
80.34
80.36
80.36
80.41
80.41
80.44
80.45
80.48
80.51
80.55
80.52
80.54
80.52
80.48
80.46
80.46
80.43
80.46
80.45
80.40
80.41
80.43
80.40
80.39
80.42
80.42
80.47
80.51
80.57
80.57
80.56
80.56
80.60
80.62
80.67
80.68
80.67
80.67
80.69
80.70
80.67
80.65
80.61
80.63
80.60
80.60
80.59
80.58
80.60
80.61
80.58
80.62
80.62
80.63
80.64
80.65
80.62
80.63
80.66
80.62
80.66
80.69
80.70
80.68
80.66
80.68
80.68
80.71
80.67
80.67
80.72
80.70
80.70
80.68
80.65
80.67
80.66
80.67
80.66
80.63
80.62
80.64
80.63
80.62
80.63
80.66
80.63
80.62
80.61
80.55
80.55
80.59
80.60
80.62
80.64
80.66
80.69
80.68
80.69
80.69
80.68
80.68
80.67
80.63
80.62
80.63
80.66
80.65
80.65
80.64
80.65
80.65
80.63
80.61
80.61
80.61
80.61
80.58
80.59
80.60
80.61
80.65
80.66
80.67
80.65
80.68
80.65
80.68
80.67
80.68
80.69
80.67
80.69
80.68
80.68
80.70
80.66
80.63
80.64
80.63
80.61
80.61
80.62
80.62
80.64
80.65
80.66
80.66
80.67
80.67
80.66
80.60
80.60
80.62
80.60
80.60
80.60
80.61
80.59
80.60
80.62
80.61
80.60
80.60
80.60
80.61
80.63
80.62
80.62
80.63
80.63
80.60
80.61
80.59
80.60
80.61
80.60
80.61
80.60
80.61
80.59
80.60
80.62
80.61
80.61
80.60
80.60
80.62
80.59
80.59
80.59
80.59
80.59
80.58
80.57
80.54
80.53
80.54
80.53
80.53
80.52
80.50
80.50
80.49
80.48
80.50
80.49
80.50
80.52
80.53
80.52
80.52
80.51
80.49
80.50
80.52
80.53
80.55
80.55
80.52
80.51
80.50
80.51
80.52
80.51
80.51
80.52
80.52
80.51
80.51
80.50
80.49
80.48
80.47
80.48
80.49
80.50
80.49
80.50
80.50
80.51
80.52
80.52
80.54
80.55
80.53
80.53
80.52
80.52
80.52
80.53
80.52
80.53
80.52
80.50
80.50
80.51
80.51
80.50
80.48
80.49
80.49
80.48
80.48
80.47
80.45
80.43
80.39
80.37
80.38
80.36
80.36
80.35
80.32
80.32
80.32
80.31
80.31
80.31
80.31
80.30
80.29
80.26
80.25
80.25
80.25
80.24
80.23
80.24
80.22
80.21
80.19
80.18
80.20
80.20
80.19
80.22
80.22
80.19
80.20
80.19
80.19
80.19
80.19
80.21
80.20
80.20
80.18
80.19
80.20
80.19
80.20
80.23
80.23
80.24
80.24
80.25
80.25
80.24
80.23
80.23
80.24
80.22
80.22
80.21
80.21
80.20
80.20
80.21
80.22
80.21
80.21
80.21
80.21
80.22
80.22
80.20
80.21
80.19
80.19
80.19
80.18
80.18
80.17
80.18
80.17
80.18
80.17
80.17
80.18
80.19
80.17
80.17
80.17
80.16
80.15
80.15
80.15
80.15
80.14
80.14
80.15
80.14
80.16
80.16
80.15
80.16
80.17
80.17
80.15
80.15
80.16
80.16
80.15
80.14
80.14
80.12
80.11
80.12
80.12
80.12
80.13
80.14
80.14
80.13
80.13
80.13
80.14
80.13
80.13
80.12
80.12
80.13
80.13
80.12
80.12
80.12
80.13
80.14
80.15
80.16
80.16
80.15
80.15
80.14
80.15
80.14
80.15
80.16
80.16
80.15
80.15
80.15
80.13
80.13
80.11
80.11
80.11
80.13
80.12
80.13
80.12
80.14
80.11
80.11
80.11
80.13
80.13
80.14
80.13
80.13
80.13
80.13
80.12
80.13
80.12
80.12
80.13
80.13
80.12
80.11
80.11
80.12
80.12
80.11
80.09
80.08
80.09
80.07
80.07
80.09
80.10
80.08
80.08
80.09
80.08
80.08
80.09
80.09
80.10
80.10
80.10
80.10
80.09
80.09
80.09
80.10
80.11
80.13
80.13
80.12
80.13
80.13
80.13
80.13
80.12
80.13
80.15
80.15
80.14
80.15
80.14
80.14
80.15
80.15
80.15
80.15
80.16
80.16
80.17
80.17
80.18
80.16
80.16
80.13
80.12
80.12
80.12
80.13
80.14
80.15
80.14
80.13
80.13
80.13
80.13
80.13
80.13
80.13
80.14
80.13
80.13
80.13
80.13
80.13
80.14
80.13
80.13
80.13
80.12
80.12
80.13
80.14
80.14
80.14
80.15
80.15
80.15
80.15
80.15
80.17
80.16
80.16
80.15
80.16
80.15
80.13
80.14
80.15
80.14
80.14
80.14
80.16
80.15
80.16
80.16
80.16
80.15
80.16
80.16
80.16
80.18
80.18
80.19
80.18
80.18
80.17
80.17
80.17
80.17
80.17
80.18
80.17
80.18
80.19
80.19
80.19
80.17
80.19
80.20
80.20
80.21
80.20
80.20
80.21
80.21
80.20
80.21
80.22
80.22
80.22
80.22
80.21
80.22
80.22
80.22
80.22
80.22
80.21
80.22
80.21
80.20
80.21
80.21
80.22
80.22
80.20
80.20
80.20
80.20
80.21
80.21
80.21
80.21
80.22
80.22
80.23
80.23
80.22
80.23
80.23
80.24
80.24
80.24
80.24
80.25
80.23
80.24
80.16
