76.56
82.03
83.33
81.64
80.62
81.51
80.36
79.69
79.51
79.22
79.26
78.65
78.00
78.12
77.71
77.25
77.30
77.69
77.96
78.52
78.79
78.84
78.74
78.91
78.88
78.91
78.70
78.57
78.77
78.91
78.98
78.81
78.88
78.95
79.02
78.91
78.84
78.78
78.93
79.10
79.23
79.28
79.40
79.40
79.38
79.52
79.65
79.52
79.72
79.94
79.84
79.96
80.10
80.18
80.14
80.02
79.96
79.88
79.87
79.95
79.92
79.89
80.01
79.98
79.95
79.92
79.99
80.01
80.05
80.18
80.22
80.30
80.42
80.36
80.33
80.30
80.32
80.19
80.20
80.18
80.30
80.43
80.48
80.51
80.53
80.54
80.60
80.65
80.74
80.71
80.67
80.72
80.78
80.77
80.69
80.73
80.78
80.71
80.68
80.62
80.68
80.59
80.67
80.68
80.70
80.73
80.77
80.77
80.78
80.81
80.74
80.79
80.75
80.80
80.83
80.70
80.68
80.73
80.76
80.77
80.75
80.76
80.79
80.81
80.80
80.77
80.76
80.76
80.74
80.75
80.78
80.80
80.89
80.90
80.84
80.87
80.92
80.91
80.97
80.95
80.94
80.91
80.92
80.90
80.91
80.91
80.87
80.85
80.79
80.82
80.79
80.82
80.78
80.74
80.79
80.75
80.78
80.75
80.77
80.73
80.75
80.76
80.75
80.74
80.66
80.66
80.64
80.65
80.66
80.67
80.67
80.64
80.67
80.68
80.70
80.75
80.74
80.75
80.73
80.72
80.69
80.69
80.66
80.66
80.63
80.65
80.67
80.61
80.62
80.63
80.64
80.63
80.63
80.55
80.50
80.52
80.50
80.52
80.49
80.43
80.45
80.48
80.49
80.48
80.51
80.48
80.43
80.41
80.36
80.31
80.28
80.31
80.34
80.34
80.33
80.32
80.31
80.27
80.28
80.29
80.29
80.28
80.28
80.28
80.25
80.23
80.20
80.18
80.18
80.19
80.21
80.21
80.20
80.22
80.22
80.21
80.20
80.16
80.17
80.19
80.20
80.21
80.20
80.19
80.20
80.22
80.24
80.25
80.25
80.27
80.27
80.26
80.24
80.23
80.22
80.22
80.22
80.23
80.22
80.25
80.26
80.28
80.28
80.30
80.31
80.35
80.34
80.35
80.34
80.35
80.37
80.35
80.32
80.36
80.37
80.40
80.38
80.37
80.36
80.37
80.38
80.41
80.41
80.41
80.40
80.37
80.35
80.32
80.33
80.34
80.35
80.35
80.34
80.32
80.33
80.30
80.30
80.27
80.24
80.25
80.25
80.24
80.23
80.25
80.27
80.29
80.26
80.27
80.22
80.20
80.20
80.23
80.26
80.25
80.25
80.23
80.23
80.24
80.22
80.21
80.18
80.18
80.20
80.19
80.21
80.21
80.22
80.18
80.18
80.19
80.19
80.20
80.21
80.22
80.19
80.17
80.16
80.16
80.16
80.14
80.12
80.13
80.13
80.15
80.16
80.18
80.16
80.17
80.16
80.13
80.14
80.12
80.12
80.13
80.11
80.11
80.11
80.10
80.10
80.12
80.11
80.09
80.09
80.10
80.08
80.08
80.09
80.09
80.07
80.08
80.08
80.07
80.08
80.06
80.05
80.04
80.04
80.03
80.03
80.02
80.03
80.04
80.05
80.06
80.06
80.04
80.05
80.05
80.07
80.10
80.11
80.12
80.12
80.10
80.10
80.09
80.09
80.10
80.08
80.10
80.07
80.08
80.06
80.08
80.09
80.08
80.08
80.07
80.06
80.08
80.09
80.09
80.08
80.09
80.09
80.09
80.07
80.08
80.07
80.06
80.06
80.08
80.09
80.09
80.08
80.08
80.06
80.06
80.06
80.06
80.06
80.06
80.06
80.07
80.08
80.05
80.04
80.05
80.06
80.06
80.05
80.05
80.03
80.04
80.03
80.03
80.03
80.02
80.04
80.04
80.03
80.03
80.04
80.05
80.04
80.04
80.05
80.05
80.06
80.05
80.06
80.06
80.05
80.04
80.02
80.01
80.00
80.00
80.00
79.99
79.99
80.00
80.01
80.01
80.01
80.01
80.00
80.02
80.02
80.04
80.03
80.03
80.03
80.04
80.03
80.02
80.00
79.99
79.98
79.96
79.95
79.94
79.95
79.92
79.90
79.90
79.92
79.91
79.92
79.92
79.93
79.93
79.93
79.94
79.94
79.94
79.95
79.95
79.97
79.97
79.98
79.97
79.98
79.97
79.97
79.97
79.98
79.97
79.96
79.97
79.98
79.97
79.97
79.99
79.99
79.98
79.98
79.98
79.98
79.99
79.97
79.97
79.99
80.00
80.00
80.00
79.99
80.01
80.00
80.00
79.98
79.98
79.98
79.97
79.97
79.96
79.95
79.96
79.95
79.95
79.95
79.94
79.95
79.94
79.93
79.93
79.91
79.93
79.93
79.92
79.91
79.90
79.90
79.91
79.92
79.92
79.94
79.95
79.95
79.95
79.94
79.94
79.92
79.94
79.93
79.94
79.95
79.94
79.95
79.96
79.96
79.96
79.98
79.99
79.97
79.96
79.96
79.97
79.97
79.95
79.95
79.94
79.92
79.91
79.91
79.93
79.93
79.92
79.92
79.92
79.93
79.92
79.91
79.89
79.89
79.89
79.90
79.91
79.92
79.92
79.92
79.91
79.90
79.90
79.91
79.91
79.91
79.91
79.91
79.92
79.91
79.91
79.91
79.89
79.90
79.89
79.88
79.89
79.89
79.87
79.87
79.87
79.86
79.85
79.85
79.84
79.84
79.83
79.83
79.83
79.85
79.83
79.84
79.84
79.84
79.83
79.83
79.82
79.82
79.82
79.82
79.83
79.83
79.84
79.84
79.84
79.84
79.82
79.82
79.83
79.83
79.84
79.84
79.85
79.84
79.85
79.84
79.83
79.83
79.83
79.84
79.85
79.85
79.85
79.84
79.85
79.86
79.86
79.85
79.85
79.86
79.86
79.87
79.87
79.87
79.87
79.87
79.87
79.86
79.87
79.87
79.88
79.89
79.89
79.89
79.88
79.87
79.87
79.87
79.87
79.88
79.86
79.86
79.87
79.86
79.87
79.87
79.87
79.88
79.88
79.88
79.88
79.89
79.88
79.88
79.88
79.89
79.90
79.91
79.91
79.92
79.92
79.92
79.91
79.91
79.91
79.92
79.93
79.93
79.93
79.94
79.94
79.95
79.96
79.95
79.94
79.94
79.94
79.93
79.93
79.93
79.93
79.93
79.93
79.93
79.92
79.92
79.91
79.91
79.91
79.92
79.92
79.92
79.92
79.92
79.93
79.93
79.93
79.93
79.93
79.93
79.93
79.92
79.92
79.91
79.91
79.91
79.91
79.92
79.93
79.92
79.92
79.92
79.92
79.92
79.91
79.92
79.92
79.92
79.91
79.91
79.84
