78.12
79.69
80.21
81.64
80.00
78.65
79.46
79.88
80.21
80.78
80.40
80.08
80.05
80.47
80.52
80.76
80.15
80.38
80.26
80.39
80.28
79.83
80.16
80.01
79.81
79.81
79.98
79.63
79.53
79.64
79.28
79.10
79.07
79.00
78.93
79.04
79.01
79.11
79.17
78.95
78.77
78.65
78.67
78.55
78.72
78.67
78.52
78.55
78.51
78.50
78.46
78.58
78.71
78.67
78.55
78.57
78.70
78.74
78.71
78.59
78.53
78.60
78.67
78.64
78.53
78.67
78.68
78.75
78.76
78.73
78.68
78.54
78.38
78.38
78.46
78.41
78.51
78.57
78.60
78.63
78.61
78.56
78.63
78.48
78.47
78.52
78.52
78.48
78.51
78.44
78.33
78.40
78.43
78.49
78.49
78.56
78.58
78.59
78.54
78.53
78.48
78.49
78.55
78.56
78.62
78.61
78.62
78.65
78.66
78.66
78.73
78.66
78.73
78.77
78.72
78.73
78.75
78.72
78.70
78.63
78.60
78.65
78.62
78.63
78.56
78.52
78.63
78.64
78.65
78.68
78.67
78.72
78.78
78.82
78.88
78.92
78.98
79.00
79.02
78.97
79.00
79.03
79.05
79.08
79.13
79.18
79.17
79.13
79.13
79.09
79.08
79.07
79.10
79.12
79.17
79.13
79.12
79.06
79.09
79.06
79.03
79.01
79.05
79.15
79.15
79.17
79.13
79.11
79.09
79.08
79.14
79.15
79.11
79.09
79.04
79.07
79.10
79.08
79.02
79.04
79.01
78.98
79.01
79.02
79.01
79.01
79.04
79.01
78.96
79.00
79.04
79.06
79.05
79.02
79.04
79.06
79.07
79.12
79.11
79.11
79.10
79.09
79.09
79.11
79.10
79.09
79.08
79.08
79.13
79.11
79.09
79.09
79.07
79.06
79.07
79.07
79.07
79.07
79.05
79.03
79.04
79.03
79.05
79.05
79.06
79.07
79.03
79.01
79.03
79.05
79.09
79.14
79.15
79.13
79.16
79.20
79.19
79.17
79.15
79.13
79.15
79.17
79.17
79.19
79.20
79.21
79.21
79.21
79.20
79.17
79.19
79.20
79.17
79.16
79.20
79.22
79.21
79.22
79.20
79.19
79.20
79.20
79.21
79.23
79.24
79.26
79.29
79.32
79.36
79.35
79.37
79.37
79.37
79.35
79.33
79.33
79.34
79.32
79.33
79.34
79.34
79.33
79.31
79.29
79.29
79.28
79.30
79.36
79.35
79.36
79.37
79.36
79.34
79.34
79.34
79.34
79.33
79.32
79.34
79.33
79.32
79.34
79.34
79.33
79.30
79.31
79.30
79.30
79.31
79.29
79.28
79.27
79.25
79.26
79.25
79.25
79.24
79.22
79.19
79.19
79.21
79.18
79.19
79.20
79.18
79.19
79.20
79.19
79.18
79.20
79.19
79.18
79.19
79.18
79.17
79.16
79.17
79.16
79.16
79.15
79.17
79.19
79.17
79.17
79.16
79.17
79.16
79.16
79.18
79.17
79.15
79.14
79.15
79.16
79.16
79.17
79.17
79.19
79.22
79.23
79.22
79.23
79.24
79.23
79.25
79.27
79.27
79.28
79.29
79.28
79.30
79.29
79.29
79.31
79.32
79.33
79.35
79.35
79.32
79.32
79.33
79.31
79.32
79.33
79.33
79.32
79.32
79.33
79.36
79.37
79.36
79.38
79.37
79.39
79.39
79.40
79.39
79.37
79.38
79.37
79.38
79.37
79.40
79.42
79.41
79.40
79.39
79.39
79.41
79.41
79.41
79.40
79.39
79.39
79.38
79.38
79.35
79.35
79.35
79.37
79.38
79.36
79.34
79.34
79.33
79.33
79.33
79.34
79.33
79.35
79.38
79.39
79.38
79.36
79.37
79.38
79.38
79.38
79.40
79.40
79.41
79.41
79.40
79.40
79.42
79.43
79.43
79.43
79.41
79.41
79.41
79.41
79.41
79.42
79.44
79.44
79.45
79.44
79.43
79.44
79.43
79.43
79.42
79.43
79.45
79.44
79.45
79.44
79.44
79.44
79.43
79.44
79.46
79.45
79.46
79.44
79.45
79.43
79.42
79.42
79.43
79.43
79.44
79.44
79.44
79.44
79.45
79.47
79.47
79.45
79.45
79.47
79.45
79.44
79.43
79.44
79.42
79.41
79.41
79.42
79.41
79.44
79.44
79.45
79.46
79.45
79.44
79.45
79.44
79.45
79.43
79.43
79.43
79.43
79.44
79.45
79.45
79.46
79.48
79.47
79.47
79.47
79.46
79.47
79.46
79.46
79.47
79.46
79.45
79.45
79.42
79.41
79.42
79.43
79.43
79.41
79.41
79.39
79.39
79.40
79.39
79.38
79.37
79.38
79.39
79.40
79.38
79.38
79.37
79.37
79.38
79.38
79.37
79.37
79.36
79.36
79.37
79.38
79.39
79.38
79.38
79.37
79.38
79.39
79.40
79.39
79.38
79.39
79.39
79.39
79.38
79.39
79.38
79.37
79.39
79.39
79.38
79.37
79.37
79.36
79.37
79.38
79.38
79.39
79.39
79.38
79.38
79.38
79.39
79.38
79.38
79.36
79.35
79.35
79.36
79.37
79.37
79.37
79.37
79.37
79.37
79.36
79.35
79.36
79.36
79.35
79.37
79.38
79.39
79.39
79.40
79.39
79.39
79.38
79.39
79.39
79.39
79.38
79.38
79.38
79.39
79.38
79.39
79.39
79.40
79.40
79.40
79.42
79.43
79.43
79.44
79.44
79.44
79.45
79.46
79.48
79.47
79.48
79.48
79.47
79.47
79.47
79.46
79.45
79.45
79.45
79.44
79.45
79.44
79.45
79.45
79.46
79.45
79.45
79.43
79.44
79.44
79.43
79.44
79.43
79.43
79.43
79.43
79.44
79.44
79.44
79.44
79.45
79.45
79.44
79.43
79.43
79.43
79.43
79.44
79.43
79.44
79.44
79.44
79.44
79.44
79.44
79.44
79.43
79.43
79.42
79.43
79.43
79.43
79.43
79.43
79.43
79.43
79.41
79.40
79.41
79.41
79.41
79.41
79.42
79.42
79.41
79.41
79.42
79.43
79.43
79.44
79.44
79.45
79.44
79.42
79.42
79.41
79.40
79.40
79.39
79.39
79.39
79.39
79.38
79.38
79.37
79.37
79.37
79.38
79.38
79.37
79.36
79.37
79.37
79.38
79.37
79.36
79.36
79.37
79.37
79.37
79.36
79.36
79.36
79.36
79.35
79.35
79.35
79.35
79.35
79.35
79.34
79.34
79.35
79.36
79.36
79.36
79.37
79.38
79.39
79.39
79.39
79.39
79.40
79.38
79.39
79.39
79.38
79.37
79.36
79.37
79.36
79.36
79.37
79.37
79.36
79.36
79.36
79.37
79.37
79.37
79.36
79.37
79.37
79.37
79.29
