78.12
81.25
82.81
80.47
80.31
80.73
80.36
79.88
80.03
80.31
81.11
81.25
81.01
80.58
80.83
80.96
81.07
80.90
80.92
80.70
80.73
80.82
80.77
80.60
80.62
80.41
80.61
80.36
80.06
80.21
80.54
80.32
80.21
80.01
79.91
79.95
80.03
79.89
79.77
80.08
79.95
79.87
79.80
79.87
80.14
79.99
79.95
80.21
80.20
80.09
80.24
80.14
80.28
80.21
80.28
80.33
80.37
80.36
80.38
80.39
80.33
80.29
80.31
80.30
80.24
80.09
80.06
80.17
80.25
80.20
80.24
80.27
80.31
80.28
80.29
80.35
80.44
80.47
80.36
80.37
80.30
80.34
80.37
80.36
80.39
80.29
80.26
80.18
80.16
80.12
80.15
80.18
80.16
80.14
80.21
80.22
80.27
80.21
80.26
80.28
80.34
80.32
80.32
80.38
80.42
80.37
80.39
80.34
80.38
80.24
80.25
80.15
80.23
80.21
80.14
80.09
80.06
80.03
80.02
80.00
79.98
79.92
79.92
79.93
79.93
79.92
79.90
79.92
79.87
79.92
79.88
79.91
79.88
79.90
79.88
79.88
79.92
79.93
79.93
79.96
80.00
80.02
80.00
79.95
79.99
80.03
80.05
80.11
80.08
80.08
80.08
80.06
80.09
80.08
80.06
80.09
80.08
80.10
80.12
80.16
80.14
80.17
80.21
80.21
80.22
80.24
80.26
80.33
80.33
80.35
80.35
80.34
80.36
80.40
80.40
80.42
80.41
80.42
80.43
80.46
80.48
80.51
80.52
80.49
80.49
80.46
80.39
80.41
80.45
80.50
80.48
80.51
80.50
80.54
80.52
80.54
80.55
80.52
80.51
80.49
80.50
80.54
80.56
80.54
80.52
80.54
80.58
80.57
80.54
80.54
80.56
80.55
80.55
80.60
80.61
80.61
80.58
80.59
80.58
80.58
80.59
80.60
80.61
80.61
80.60
80.61
80.56
80.54
80.57
80.58
80.59
80.58
80.58
80.56
80.55
80.55
80.54
80.54
80.53
80.54
80.50
80.49
80.50
80.51
80.53
80.53
80.50
80.48
80.47
80.46
80.45
80.47
80.48
80.44
80.45
80.41
80.43
80.44
80.45
80.46
80.47
80.46
80.48
80.47
80.48
80.46
80.46
80.46
80.46
80.50
80.48
80.48
80.49
80.49
80.46
80.47
80.47
80.42
80.44
80.47
80.48
80.48
80.47
80.46
80.47
80.46
80.48
80.47
80.46
80.46
80.43
80.43
80.44
80.39
80.39
80.39
80.39
80.37
80.36
80.38
80.38
80.41
80.41
80.42
80.40
80.41
80.41
80.40
80.40
80.37
80.39
80.41
80.40
80.39
80.39
80.36
80.36
80.37
80.36
80.34
80.34
80.35
80.36
80.33
80.35
80.35
80.34
80.33
80.34
80.34
80.33
80.34
80.33
80.33
80.32
80.33
80.32
80.32
80.33
80.33
80.32
80.34
80.34
80.35
80.34
80.33
80.34
80.34
80.34
80.35
80.38
80.38
80.36
80.38
80.39
80.41
80.40
80.39
80.39
80.37
80.37
80.38
80.37
80.37
80.35
80.35
80.34
80.35
80.35
80.33
80.35
80.38
80.40
80.39
80.38
80.38
80.37
80.38
80.39
80.41
80.40
80.39
80.39
80.38
80.37
80.38
80.36
80.36
80.35
80.34
80.34
80.34
80.32
80.31
80.32
80.33
80.31
80.29
80.27
80.28
80.27
80.26
80.24
80.23
80.23
80.25
80.25
80.28
80.28
80.29
80.31
80.33
80.32
80.31
80.33
80.34
80.34
80.33
80.34
80.35
80.34
80.35
80.36
80.35
80.36
80.36
80.34
80.34
80.35
80.35
80.35
80.34
80.34
80.34
80.34
80.38
80.38
80.38
80.37
80.37
80.37
80.38
80.38
80.38
80.39
80.41
80.41
80.42
80.43
80.43
80.45
80.44
80.45
80.45
80.44
80.45
80.44
80.44
80.45
80.47
80.47
80.47
80.47
80.47
80.46
80.46
80.45
80.46
80.46
80.47
80.46
80.46
80.47
80.49
80.48
80.48
80.47
80.46
80.45
80.46
80.46
80.48
80.46
80.48
80.47
80.48
80.48
80.46
80.47
80.45
80.44
80.44
80.43
80.44
80.42
80.43
80.43
80.43
80.45
80.43
80.45
80.47
80.47
80.46
80.47
80.47
80.45
80.44
80.45
80.44
80.44
80.44
80.45
80.43
80.43
80.43
80.43
80.43
80.42
80.41
80.42
80.42
80.43
80.43
80.42
80.44
80.43
80.41
80.41
80.40
80.42
80.42
80.41
80.43
80.43
80.44
80.46
80.47
80.47
80.47
80.47
80.45
80.46
80.46
80.46
80.46
80.46
80.48
80.46
80.47
80.48
80.47
80.47
80.48
80.49
80.49
80.48
80.48
80.46
80.46
80.46
80.44
80.44
80.44
80.43
80.44
80.45
80.45
80.45
80.46
80.45
80.46
80.47
80.47
80.45
80.45
80.44
80.44
80.43
80.45
80.45
80.46
80.46
80.45
80.46
80.45
80.45
80.46
80.47
80.46
80.44
80.44
80.43
80.42
80.41
80.42
80.41
80.40
80.40
80.39
80.40
80.41
80.40
80.39
80.38
80.39
80.38
80.37
80.38
80.38
80.37
80.37
80.35
80.35
80.34
80.35
80.36
80.36
80.36
80.37
80.37
80.36
80.36
80.36
80.36
80.36
80.36
80.37
80.37
80.37
80.37
80.37
80.37
80.37
80.36
80.37
80.35
80.36
80.34
80.34
80.33
80.32
80.33
80.33
80.32
80.32
80.32
80.32
80.34
80.33
80.33
80.32
80.32
80.32
80.32
80.33
80.33
80.33
80.34
80.34
80.33
80.34
80.34
80.33
80.34
80.34
80.35
80.35
80.35
80.35
80.35
80.35
80.35
80.35
80.35
80.35
80.35
80.36
80.35
80.35
80.36
80.34
80.35
80.35
80.35
80.36
80.35
80.35
80.35
80.35
80.35
80.35
80.35
80.35
80.33
80.33
80.34
80.34
80.34
80.33
80.31
80.30
80.31
80.31
80.32
80.31
80.31
80.31
80.31
80.30
80.31
80.32
80.32
80.32
80.31
80.32
80.32
80.31
80.30
80.30
80.31
80.31
80.29
80.28
80.29
80.28
80.29
80.30
80.29
80.28
80.28
80.28
80.29
80.28
80.29
80.29
80.29
80.31
80.31
80.30
80.31
80.32
80.33
80.34
80.34
80.34
80.34
80.34
80.33
80.35
80.34
80.35
80.35
80.36
80.37
80.36
80.36
80.36
80.37
80.36
80.36
80.36
80.35
80.34
80.34
80.34
80.33
80.33
80.32
80.31
80.31
80.31
80.31
80.31
80.31
80.30
80.30
80.30
80.31
80.32
80.33
80.25
