84.38
83.59
80.21
78.91
78.75
78.65
78.79
78.91
78.30
78.44
77.84
78.12
78.12
78.12
78.02
77.44
77.57
77.95
78.29
78.44
79.17
79.33
79.35
79.23
79.50
79.09
79.22
79.13
78.88
79.01
79.13
79.20
79.21
79.04
78.93
78.95
79.01
79.15
78.93
78.95
78.85
78.76
78.89
78.94
78.72
78.74
78.92
78.97
79.05
79.09
79.17
79.27
79.33
79.34
79.32
79.27
79.33
79.28
79.03
79.04
79.07
79.13
79.04
78.98
78.99
78.93
79.03
79.14
79.19
79.17
79.09
79.10
79.09
79.12
79.04
78.93
78.96
78.99
79.07
79.04
79.05
79.13
79.05
79.13
79.17
79.14
79.15
79.08
79.20
79.20
79.26
79.25
79.23
79.29
79.21
79.28
79.35
79.35
79.39
79.38
79.38
79.29
79.28
79.24
79.24
79.26
79.32
79.30
79.36
79.43
79.48
79.46
79.36
79.33
79.29
79.35
79.30
79.29
79.29
79.30
79.26
79.32
79.34
79.40
79.45
79.38
79.43
79.41
79.40
79.40
79.39
79.43
79.51
79.49
79.46
79.46
79.45
79.45
79.44
79.46
79.51
79.52
79.48
79.47
79.50
79.46
79.45
79.43
79.44
79.40
79.38
79.40
79.39
79.41
79.42
79.38
79.41
79.45
79.38
79.37
79.37
79.41
79.46
79.49
79.50
79.55
79.56
79.56
79.54
79.51
79.53
79.55
79.55
79.56
79.53
79.56
79.56
79.57
79.57
79.53
79.53
79.59
79.60
79.61
79.60
79.65
79.64
79.65
79.64
79.65
79.69
79.69
79.68
79.70
79.70
79.73
79.71
79.75
79.76
79.77
79.80
79.79
79.79
79.78
79.81
79.80
79.82
79.80
79.79
79.76
79.78
79.81
79.80
79.82
79.77
79.79
79.75
79.76
79.74
79.72
79.69
79.72
79.78
79.78
79.78
79.80
79.75
79.73
79.71
79.74
79.69
79.71
79.74
79.75
79.73
79.75
79.73
79.71
79.70
79.70
79.71
79.75
79.76
79.78
79.77
79.78
79.77
79.74
79.76
79.74
79.76
79.76
79.77
79.75
79.77
79.78
79.77
79.77
79.78
79.77
79.77
79.78
79.77
79.81
79.80
79.75
79.71
79.69
79.69
79.70
79.72
79.74
79.76
79.74
79.74
79.74
79.74
79.74
79.76
79.73
79.75
79.79
79.80
79.81
79.84
79.86
79.86
79.87
79.90
79.91
79.92
79.89
79.86
79.85
79.85
79.81
79.82
79.82
79.82
79.85
79.87
79.84
79.87
79.86
79.83
79.83
79.81
79.82
79.83
79.83
79.81
79.81
79.79
79.77
79.78
79.79
79.78
79.79
79.79
79.79
79.78
79.80
79.78
79.77
79.78
79.77
79.76
79.75
79.76
79.77
79.77
79.76
79.79
79.81
79.81
79.78
79.80
79.79
79.79
79.79
79.78
79.78
79.79
79.79
79.81
79.82
79.81
79.84
79.84
79.84
79.84
79.85
79.84
79.84
79.86
79.88
79.85
79.84
79.84
79.82
79.81
79.84
79.84
79.86
79.85
79.86
79.84
79.81
79.78
79.78
79.78
79.73
79.73
79.74
79.72
79.71
79.72
79.72
79.74
79.72
79.72
79.72
79.72
79.72
79.72
79.73
79.72
79.71
79.67
79.68
79.67
79.66
79.66
79.66
79.67
79.67
79.68
79.70
79.68
79.69
79.69
79.70
79.68
79.70
79.71
79.71
79.70
79.72
79.74
79.74
79.71
79.71
79.73
79.74
79.75
79.74
79.72
79.73
79.72
79.72
79.72
79.75
79.72
79.71
79.69
79.68
79.67
79.67
79.67
79.68
79.69
79.68
79.66
79.67
79.67
79.66
79.68
79.68
79.66
79.67
79.68
79.67
79.67
79.67
79.68
79.67
79.68
79.68
79.65
79.65
79.65
79.68
79.68
79.68
79.70
79.69
79.71
79.72
79.73
79.74
79.73
79.74
79.73
79.74
79.72
79.72
79.72
79.74
79.73
79.72
79.71
79.71
79.72
79.71
79.72
79.70
79.69
79.68
79.69
79.69
79.70
79.71
79.72
79.72
79.72
79.74
79.74
79.75
79.74
79.73
79.72
79.71
79.72
79.74
79.74
79.74
79.73
79.73
79.75
79.75
79.74
79.75
79.77
79.74
79.74
79.73
79.73
79.75
79.75
79.75
79.74
79.74
79.74
79.74
79.74
79.74
79.73
79.72
79.73
79.72
79.72
79.72
79.73
79.73
79.74
79.74
79.76
79.76
79.76
79.76
79.77
79.76
79.76
79.75
79.73
79.73
79.75
79.76
79.76
79.77
79.77
79.77
79.77
79.78
79.78
79.78
79.77
79.76
79.77
79.79
79.78
79.76
79.76
79.75
79.76
79.76
79.77
79.78
79.79
79.78
79.79
79.79
79.80
79.80
79.79
79.78
79.79
79.79
79.81
79.81
79.81
79.82
79.80
79.80
79.81
79.81
79.80
79.79
79.79
79.78
79.80
79.79
79.79
79.80
79.80
79.80
79.81
79.80
79.80
79.80
79.81
79.81
79.82
79.83
79.82
79.82
79.82
79.82
79.82
79.83
79.83
79.83
79.84
79.81
79.83
79.84
79.85
79.84
79.84
79.85
79.87
79.86
79.85
79.85
79.85
79.85
79.86
79.85
79.85
79.85
79.86
79.86
79.84
79.85
79.86
79.87
79.86
79.88
79.87
79.86
79.85
79.85
79.84
79.84
79.84
79.85
79.85
79.85
79.85
79.87
79.86
79.86
79.85
79.85
79.83
79.83
79.82
79.83
79.83
79.82
79.83
79.83
79.84
79.83
79.83
79.83
79.83
79.83
79.84
79.85
79.85
79.85
79.85
79.84
79.84
79.83
79.83
79.82
79.82
79.83
79.83
79.82
79.82
79.82
79.83
79.82
79.82
79.82
79.81
79.82
79.83
79.83
79.84
79.85
79.84
79.84
79.82
79.83
79.84
79.84
79.85
79.85
79.85
79.85
79.84
79.85
79.85
79.84
79.84
79.83
79.84
79.85
79.85
79.85
79.85
79.85
79.86
79.85
79.85
79.86
79.87
79.86
79.86
79.86
79.87
79.88
79.88
79.88
79.88
79.88
79.87
79.88
79.86
79.85
79.86
79.85
79.85
79.86
79.85
79.86
79.86
79.86
79.85
79.86
79.87
79.87
79.86
79.85
79.85
79.84
79.84
79.83
79.83
79.83
79.84
79.85
79.85
79.84
79.84
79.84
79.84
79.84
79.85
79.84
79.84
79.85
79.85
79.84
79.84
79.84
79.85
79.85
79.85
79.83
79.84
79.84
79.84
79.84
79.84
79.85
79.84
79.83
79.84
79.83
79.84
79.83
79.84
79.84
79.85
79.86
79.86
79.78
