84.38
82.03
82.29
82.81
80.62
81.25
81.25
81.84
82.12
82.34
82.95
83.20
82.93
82.59
81.56
81.74
81.34
81.08
81.17
80.78
80.73
80.75
80.98
80.79
80.69
80.71
80.50
80.36
80.12
80.47
80.24
80.27
80.45
80.10
80.18
80.03
80.15
80.22
80.13
80.23
80.34
80.21
80.20
80.40
80.52
80.50
80.42
80.47
80.55
80.59
80.61
80.62
80.54
80.58
80.48
80.66
80.67
80.60
80.51
80.52
80.48
80.54
80.58
80.66
80.87
80.80
80.71
80.72
80.75
80.78
80.77
80.86
80.80
80.85
80.90
80.96
80.91
80.87
80.89
80.86
80.83
80.79
80.84
80.80
80.88
80.92
81.07
81.07
81.04
80.94
80.92
80.94
80.95
80.92
80.92
80.91
80.85
80.77
80.87
80.70
80.66
80.56
80.52
80.54
80.55
80.53
80.53
80.54
80.53
80.54
80.60
80.59
80.54
80.44
80.41
80.37
80.36
80.39
80.44
80.44
80.40
80.34
80.40
80.46
80.44
80.53
80.56
80.54
80.52
80.55
80.59
80.59
80.56
80.59
80.51
80.51
80.54
80.55
80.60
80.58
80.60
80.60
80.56
80.60
80.60
80.62
80.56
80.63
80.65
80.67
80.64
80.56
80.60
80.65
80.62
80.65
80.67
80.68
80.67
80.68
80.64
80.62
80.64
80.62
80.64
80.66
80.68
80.69
80.66
80.67
80.71
80.74
80.75
80.73
80.75
80.74
80.70
80.64
80.64
80.68
80.71
80.74
80.75
80.74
80.76
80.77
80.77
80.77
80.74
80.76
80.77
80.80
80.78
80.80
80.81
80.83
80.86
80.86
80.90
80.88
80.88
80.87
80.87
80.84
80.87
80.86
80.83
80.84
80.84
80.84
80.88
80.92
80.92
80.92
80.90
80.90
80.89
80.90
80.88
80.87
80.85
80.88
80.85
80.80
80.82
80.84
80.81
80.84
80.85
80.86
80.87
80.87
80.87
80.86
80.84
80.82
80.86
80.84
80.83
80.82
80.82
80.81
80.83
80.84
80.85
80.86
80.86
80.88
80.87
80.86
80.87
80.88
80.87
80.87
80.87
80.87
80.90
80.91
80.92
80.92
80.91
80.87
80.84
80.84
80.83
80.84
80.81
80.84
80.84
80.84
80.83
80.80
80.79
80.80
80.80
80.77
80.76
80.77
80.75
80.77
80.79
80.78
80.76
80.78
80.77
80.74
80.75
80.73
80.72
80.72
80.72
80.75
80.74
80.73
80.72
80.73
80.73
80.72
80.73
80.74
80.74
80.76
80.77
80.74
80.72
80.74
80.77
80.77
80.74
80.76
80.78
80.77
80.76
80.71
80.73
80.71
80.70
80.68
80.68
80.68
80.68
80.64
80.65
80.63
80.62
80.64
80.64
80.64
80.60
80.58
80.55
80.51
80.52
80.51
80.53
80.51
80.50
80.48
80.48
80.48
80.46
80.46
80.46
80.47
80.44
80.45
80.46
80.46
80.45
80.45
80.44
80.40
80.36
80.37
80.38
80.38
80.38
80.37
80.39
80.39
80.37
80.40
80.38
80.39
80.38
80.37
80.37
80.35
80.36
80.36
80.35
80.33
80.31
80.31
80.30
80.30
80.29
80.28
80.30
80.29
80.29
80.28
80.28
80.27
80.27
80.27
80.25
80.26
80.25
80.28
80.28
80.28
80.29
80.28
80.27
80.29
80.28
80.28
80.28
80.27
80.26
80.28
80.28
80.28
80.28
80.27
80.27
80.25
80.26
80.25
80.25
80.24
80.24
80.22
80.22
80.25
80.24
80.23
80.24
80.26
80.27
80.26
80.22
80.23
80.22
80.23
80.21
80.18
80.19
80.16
80.17
80.19
80.20
80.21
80.20
80.20
80.17
80.18
80.16
80.15
80.16
80.17
80.18
80.18
80.17
80.17
80.18
80.20
80.21
80.22
80.22
80.22
80.23
80.22
80.23
80.22
80.23
80.22
80.22
80.21
80.21
80.20
80.20
80.18
80.17
80.17
80.16
80.15
80.15
80.14
80.17
80.16
80.15
80.16
80.16
80.16
80.17
80.17
80.15
80.14
80.16
80.17
80.19
80.19
80.20
80.18
80.18
80.18
80.18
80.18
80.19
80.19
80.19
80.21
80.19
80.19
80.18
80.19
80.18
80.19
80.19
80.19
80.19
80.17
80.16
80.17
80.16
80.18
80.19
80.20
80.19
80.18
80.17
80.16
80.15
80.14
80.14
80.14
80.13
80.13
80.13
80.13
80.13
80.14
80.15
80.15
80.15
80.17
80.17
80.17
80.17
80.16
80.17
80.17
80.17
80.17
80.15
80.16
80.16
80.16
80.17
80.17
80.16
80.16
80.16
80.17
80.17
80.18
80.17
80.16
80.18
80.17
80.17
80.18
80.19
80.19
80.18
80.19
80.19
80.20
80.21
80.22
80.23
80.25
80.26
80.28
80.27
80.27
80.29
80.30
80.33
80.33
80.33
80.34
80.35
80.34
80.33
80.33
80.34
80.34
80.34
80.34
80.35
80.35
80.34
80.34
80.34
80.35
80.33
80.33
80.32
80.31
80.31
80.32
80.33
80.31
80.30
80.30
80.30
80.30
80.30
80.30
80.30
80.31
80.29
80.30
80.30
80.30
80.28
80.28
80.27
80.26
80.25
80.26
80.27
80.26
80.26
80.26
80.25
80.27
80.26
80.25
80.24
80.25
80.24
80.23
80.22
80.22
80.22
80.23
80.23
80.23
80.23
80.25
80.23
80.24
80.25
80.25
80.25
80.24
80.25
80.26
80.27
80.26
80.27
80.27
80.28
80.28
80.27
80.28
80.27
80.26
80.27
80.28
80.26
80.28
80.29
80.30
80.30
80.28
80.29
80.30
80.30
80.29
80.30
80.30
80.31
80.30
80.30
80.31
80.31
80.31
80.31
80.31
80.32
80.33
80.32
80.31
80.30
80.30
80.31
80.30
80.31
80.30
80.30
80.31
80.31
80.32
80.31
80.30
80.29
80.30
80.29
80.29
80.29
80.29
80.29
80.29
80.29
80.29
80.29
80.30
80.28
80.28
80.29
80.29
80.29
80.30
80.30
80.31
80.31
80.30
80.31
80.31
80.30
80.30
80.28
80.29
80.29
80.27
80.29
80.28
80.28
80.28
80.28
80.28
80.28
80.28
80.29
80.27
80.28
80.28
80.27
80.27
80.27
80.27
80.27
80.27
80.28
80.29
80.29
80.30
80.30
80.30
80.30
80.31
80.30
80.32
80.32
80.31
80.31
80.32
80.32
80.33
80.32
80.32
80.32
80.32
80.30
80.30
80.30
80.30
80.30
80.28
80.28
80.29
80.28
80.29
80.29
80.29
80.29
80.28
80.28
80.27
80.28
80.28
80.28
80.29
80.28
80.27
80.27
80.20
