84.38
82.03
83.85
82.42
82.19
82.29
82.14
81.64
81.77
81.72
82.24
80.86
81.13
81.36
81.46
81.15
81.07
81.08
80.59
80.39
80.51
80.47
80.37
80.73
80.69
80.71
80.84
80.92
80.66
80.52
80.39
80.42
80.78
80.70
80.71
80.60
80.53
80.55
80.69
80.86
81.06
81.06
81.10
81.11
80.97
80.94
81.02
81.15
81.25
81.34
81.31
81.37
81.34
81.42
81.31
81.28
81.25
81.22
81.30
81.43
81.28
81.25
81.10
81.08
81.06
81.11
81.09
81.09
81.07
81.00
80.92
80.79
80.80
80.70
80.67
80.74
80.74
80.79
80.76
80.82
80.81
80.85
80.85
80.78
80.72
80.72
80.69
80.68
80.71
80.66
80.67
80.67
80.61
80.59
80.58
80.63
80.57
80.53
80.51
80.52
80.49
80.58
80.58
80.60
80.70
80.66
80.70
80.63
80.62
80.61
80.66
80.68
80.67
80.67
80.64
80.74
80.76
80.77
80.82
80.78
80.75
80.70
80.68
80.59
80.62
80.65
80.66
80.64
80.57
80.58
80.55
80.52
80.53
80.62
80.60
80.57
80.53
80.49
80.43
80.36
80.35
80.34
80.33
80.35
80.36
80.37
80.39
80.37
80.30
80.33
80.33
80.29
80.30
80.34
80.31
80.29
80.27
80.33
80.33
80.30
80.34
80.33
80.26
80.27
80.22
80.21
80.25
80.27
80.25
80.26
80.26
80.25
80.26
80.25
80.26
80.27
80.29
80.25
80.24
80.26
80.27
80.28
80.28
80.26
80.23
80.21
80.24
80.21
80.22
80.22
80.28
80.27
80.29
80.30
80.30
80.28
80.30
80.33
80.35
80.31
80.32
80.30
80.30
80.28
80.30
80.31
80.29
80.30
80.29
80.25
80.24
80.22
80.16
80.21
80.21
80.21
80.17
80.15
80.17
80.21
80.19
80.15
80.12
80.18
80.17
80.19
80.21
80.19
80.17
80.16
80.19
80.20
80.20
80.19
80.19
80.16
80.16
80.12
80.16
80.19
80.19
80.19
80.18
80.18
80.17
80.13
80.13
80.17
80.14
80.15
80.14
80.14
80.13
80.11
80.14
80.11
80.10
80.11
80.13
80.13
80.11
80.10
80.10
80.13
80.12
80.11
80.10
80.07
80.11
80.10
80.09
80.11
80.12
80.12
80.10
80.09
80.10
80.09
80.08
80.06
80.08
80.10
80.11
80.08
80.08
80.09
80.08
80.07
80.07
80.06
80.08
80.09
80.09
80.07
80.06
80.04
80.05
80.05
80.04
80.03
80.02
80.01
80.01
80.00
79.99
79.99
79.96
79.96
79.96
79.96
79.96
79.97
79.96
79.96
79.97
79.99
79.99
80.02
80.00
79.99
80.01
80.02
80.02
80.02
80.01
80.00
80.01
80.01
80.01
80.00
79.98
79.97
79.96
79.94
79.95
79.95
79.98
79.98
80.01
80.03
80.04
80.07
80.07
80.07
80.09
80.07
80.07
80.07
80.08
80.05
80.05
80.02
80.03
80.04
80.02
80.03
80.00
80.03
80.03
80.02
80.00
80.01
80.01
80.02
80.04
80.05
80.06
80.05
80.05
80.06
80.05
80.04
80.05
80.05
80.03
80.03
80.01
80.01
80.03
80.06
80.07
80.06
80.05
80.05
80.06
80.06
80.05
80.04
80.04
80.05
80.04
80.05
80.05
80.04
80.04
80.04
80.03
80.04
80.06
80.09
80.08
80.10
80.10
80.12
80.10
80.09
80.12
80.10
80.10
80.10
80.12
80.13
80.12
80.11
80.14
80.10
80.11
80.13
80.12
80.10
80.11
80.12
80.13
80.11
80.13
80.15
80.15
80.13
80.13
80.13
80.14
80.15
80.16
80.15
80.14
80.11
80.10
80.12
80.13
80.12
80.12
80.14
80.15
80.15
80.17
80.17
80.18
80.19
80.19
80.18
80.19
80.20
80.22
80.20
80.20
80.19
80.19
80.19
80.19
80.19
80.22
80.23
80.24
80.23
80.24
80.25
80.22
80.22
80.23
80.22
80.21
80.20
80.21
80.21
80.23
80.25
80.25
80.27
80.27
80.28
80.29
80.28
80.30
80.30
80.31
80.29
80.28
80.29
80.29
80.30
80.30
80.30
80.30
80.29
80.29
80.29
80.30
80.31
80.33
80.33
80.33
80.32
80.32
80.34
80.32
80.31
80.30
80.32
80.31
80.30
80.31
80.33
80.33
80.35
80.36
80.36
80.37
80.39
80.40
80.41
80.40
80.41
80.40
80.41
80.43
80.42
80.40
80.39
80.40
80.42
80.42
80.43
80.43
80.43
80.44
80.44
80.43
80.43
80.41
80.40
80.42
80.41
80.42
80.40
80.39
80.38
80.38
80.37
80.37
80.37
80.37
80.37
80.36
80.35
80.36
80.34
80.33
80.31
80.31
80.31
80.32
80.32
80.31
80.31
80.29
80.28
80.28
80.28
80.29
80.29
80.29
80.29
80.28
80.28
80.28
80.29
80.29
80.28
80.29
80.30
80.30
80.30
80.31
80.31
80.31
80.29
80.29
80.29
80.29
80.30
80.30
80.30
80.31
80.31
80.31
80.32
80.31
80.32
80.32
80.34
80.34
80.34
80.33
80.33
80.33
80.34
80.35
80.35
80.34
80.36
80.36
80.35
80.36
80.36
80.36
80.37
80.36
80.35
80.35
80.36
80.36
80.37
80.37
80.38
80.37
80.36
80.36
80.36
80.36
80.35
80.34
80.35
80.34
80.33
80.33
80.32
80.33
80.30
80.30
80.31
80.31
80.31
80.30
80.30
80.29
80.29
80.29
80.30
80.29
80.29
80.29
80.26
80.26
80.25
80.25
80.25
80.25
80.25
80.24
80.24
80.24
80.23
80.24
80.25
80.24
80.25
80.25
80.25
80.25
80.25
80.25
80.26
80.25
80.26
80.27
80.26
80.27
80.25
80.26
80.26
80.26
80.26
80.27
80.28
80.29
80.29
80.29
80.29
80.30
80.31
80.30
80.29
80.29
80.28
80.29
80.29
80.29
80.30
80.30
80.29
80.29
80.29
80.27
80.27
80.26
80.26
80.25
80.25
80.25
80.25
80.26
80.26
80.26
80.27
80.26
80.26
80.26
80.27
80.27
80.28
80.28
80.28
80.27
80.27
80.26
80.26
80.26
80.26
80.27
80.27
80.28
80.27
80.27
80.28
80.27
80.26
80.27
80.28
80.27
80.29
80.28
80.28
80.29
80.29
80.30
80.31
80.31
80.30
80.31
80.31
80.31
80.29
80.29
80.30
80.30
80.31
80.30
80.30
80.30
80.30
80.29
80.29
80.30
80.29
80.30
80.29
80.29
80.30
80.30
80.30
80.29
80.29
80.29
80.29
80.29
80.29
80.29
80.29
80.29
80.29
80.29
80.22
