67.19
70.31
70.83
72.27
74.06
73.70
74.11
75.00
74.83
74.84
74.86
74.61
74.88
74.78
75.00
74.80
75.00
75.43
75.16
75.08
75.07
75.14
75.34
75.20
75.12
75.48
75.29
75.33
75.00
75.05
74.85
74.85
74.86
74.72
74.69
74.83
74.62
74.42
74.56
74.61
74.43
74.40
74.35
74.36
74.41
74.39
74.27
74.28
74.49
74.47
74.42
74.52
74.53
74.45
74.52
74.61
74.62
74.43
74.47
74.43
74.59
74.65
74.63
74.68
74.69
74.76
74.74
74.77
74.89
74.93
74.85
74.76
74.72
74.83
74.85
74.77
74.82
74.76
74.88
74.86
74.75
74.75
74.81
74.85
74.91
74.98
75.02
75.11
75.02
75.09
75.10
75.14
75.25
75.17
75.12
75.15
75.21
75.30
75.27
75.39
75.39
75.43
75.44
75.44
75.40
75.41
75.38
75.36
75.30
75.33
75.34
75.32
75.39
75.32
75.26
75.23
75.31
75.28
75.33
75.36
75.31
75.31
75.34
75.32
75.29
75.20
75.22
75.21
75.19
75.17
75.21
75.22
75.25
75.14
75.09
75.11
75.09
75.10
75.08
75.11
75.14
75.07
75.16
75.20
75.23
75.17
75.19
75.16
75.15
75.10
75.13
75.12
75.11
75.13
75.10
75.16
75.15
75.13
75.15
75.10
75.13
75.14
75.14
75.15
75.10
75.09
75.05
75.04
75.10
75.07
75.05
75.03
75.01
75.06
75.04
75.05
75.02
75.04
75.05
75.03
75.00
75.00
74.98
75.00
75.03
75.01
75.05
75.06
75.06
74.99
74.96
74.96
74.96
74.95
74.91
74.92
74.98
75.04
75.07
75.09
75.10
75.11
75.16
75.14
75.14
75.16
75.14
75.08
75.05
75.03
75.01
74.98
75.01
74.99
75.01
75.01
75.01
75.00
75.01
75.01
74.98
75.01
74.99
75.00
74.97
75.01
74.98
75.00
75.01
75.01
75.07
75.09
75.09
75.07
75.06
75.06
75.07
75.10
75.09
75.11
75.10
75.10
75.08
75.11
75.11
75.10
75.07
75.06
75.04
75.06
75.06
75.10
75.09
75.08
75.08
75.04
75.02
75.05
75.08
75.03
75.03
75.02
75.01
74.99
74.97
74.99
74.98
74.95
74.94
74.94
74.93
74.93
74.94
74.96
74.93
74.90
74.89
74.88
74.88
74.91
74.89
74.86
74.83
74.83
74.84
74.82
74.79
74.78
74.75
74.80
74.78
74.76
74.77
74.78
74.78
74.74
74.71
74.71
74.68
74.67
74.69
74.68
74.70
74.70
74.70
74.72
74.73
74.72
74.71
74.72
74.73
74.73
74.72
74.72
74.72
74.73
74.75
74.76
74.72
74.70
74.72
74.70
74.69
74.67
74.67
74.70
74.68
74.67
74.63
74.62
74.63
74.62
74.60
74.61
74.62
74.62
74.60
74.63
74.61
74.60
74.60
74.61
74.63
74.62
74.63
74.64
74.62
74.63
74.62
74.61
74.60
74.58
74.60
74.61
74.60
74.59
74.60
74.61
74.60
74.58
74.56
74.57
74.54
74.51
74.52
74.49
74.48
74.48
74.51
74.52
74.53
74.54
74.56
74.56
74.54
74.51
74.54
74.54
74.55
74.56
74.56
74.56
74.57
74.58
74.56
74.55
74.55
74.57
74.59
74.58
74.58
74.60
74.61
74.61
74.61
74.61
74.62
74.63
74.61
74.61
74.61
74.61
74.64
74.62
74.62
74.60
74.57
74.60
74.60
74.61
74.59
74.58
74.58
74.57
74.56
74.56
74.57
74.58
74.57
74.56
74.58
74.59
74.59
74.61
74.60
74.60
74.58
74.58
74.59
74.60
74.60
74.60
74.59
74.60
74.58
74.56
74.54
74.53
74.55
74.55
74.52
74.53
74.52
74.51
74.54
74.54
74.54
74.55
74.55
74.57
74.58
74.58
74.59
74.57
74.58
74.57
74.57
74.57
74.58
74.57
74.60
74.59
74.59
74.58
74.56
74.56
74.57
74.59
74.59
74.60
74.61
74.60
74.60
74.61
74.60
74.60
74.58
74.60
74.57
74.58
74.56
74.56
74.55
74.57
74.57
74.57
74.54
74.55
74.53
74.54
74.53
74.53
74.54
74.54
74.55
74.54
74.54
74.54
74.52
74.52
74.52
74.52
74.52
74.53
74.53
74.53
74.53
74.52
74.52
74.52
74.52
74.54
74.53
74.53
74.51
74.51
74.49
74.50
74.50
74.50
74.48
74.50
74.48
74.47
74.48
74.48
74.48
74.47
74.47
74.48
74.48
74.49
74.49
74.48
74.48
74.48
74.46
74.46
74.48
74.46
74.47
74.46
74.46
74.47
74.47
74.48
74.47
74.46
74.47
74.47
74.46
74.46
74.47
74.45
74.46
74.46
74.43
74.42
74.42
74.42
74.40
74.41
74.43
74.43
74.42
74.42
74.42
74.42
74.41
74.42
74.41
74.41
74.40
74.38
74.39
74.40
74.40
74.39
74.39
74.39
74.38
74.39
74.39
74.39
74.39
74.38
74.39
74.40
74.40
74.41
74.42
74.43
74.42
74.42
74.44
74.44
74.44
74.44
74.44
74.45
74.46
74.47
74.47
74.46
74.46
74.44
74.43
74.42
74.40
74.40
74.40
74.40
74.41
74.41
74.41
74.42
74.43
74.43
74.42
74.43
74.43
74.44
74.44
74.43
74.43
74.43
74.43
74.44
74.43
74.43
74.43
74.42
74.42
74.42
74.43
74.45
74.45
74.43
74.43
74.42
74.41
74.42
74.42
74.43
74.42
74.42
74.42
74.41
74.41
74.39
74.38
74.37
74.38
74.37
74.39
74.40
74.41
74.41
74.42
74.40
74.41
74.40
74.39
74.41
74.43
74.44
74.44
74.43
74.43
74.43
74.45
74.46
74.45
74.45
74.45
74.46
74.45
74.45
74.45
74.46
74.45
74.45
74.44
74.43
74.43
74.44
74.44
74.42
74.41
74.42
74.40
74.39
74.39
74.40
74.40
74.38
74.39
74.39
74.41
74.41
74.42
74.43
74.42
74.43
74.44
74.45
74.46
74.45
74.44
74.45
74.45
74.46
74.46
74.46
74.46
74.45
74.46
74.46
74.47
74.48
74.47
74.47
74.47
74.48
74.47
74.47
74.47
74.46
74.46
74.47
74.49
74.50
74.49
74.49
74.49
74.49
74.48
74.48
74.49
74.48
74.48
74.48
74.47
74.46
74.46
74.46
74.46
74.46
74.46
74.47
74.46
74.47
74.48
74.48
74.48
74.48
74.48
74.48
74.48
74.48
74.48
74.48
74.50
74.49
74.50
74.49
74.50
74.49
74.49
74.48
74.47
74.46
74.46
74.46
74.45
74.46
74.46
74.46
74.46
74.47
74.46
74.39
