68.75
67.97
65.62
65.62
63.13
63.54
62.72
63.28
63.72
62.19
61.93
61.72
62.14
62.95
63.54
63.28
63.05
63.37
63.49
63.28
62.95
62.64
62.64
62.63
62.44
62.44
62.62
62.61
62.93
62.92
63.00
62.84
62.97
63.05
63.17
63.06
63.05
63.28
62.86
62.66
62.46
62.50
62.65
62.71
62.81
62.87
62.77
62.86
62.79
62.63
62.68
62.65
62.71
62.73
62.81
62.81
62.75
62.74
62.87
62.86
63.04
63.08
62.95
63.18
63.25
63.26
63.39
63.33
63.29
63.24
63.45
63.43
63.44
63.43
63.50
63.51
63.51
63.44
63.39
63.36
63.27
63.36
63.27
63.34
63.25
63.19
63.20
63.28
63.29
63.37
63.34
63.40
63.36
63.31
63.26
63.25
63.26
63.30
63.34
63.36
63.41
63.47
63.49
63.60
63.60
63.65
63.71
63.80
63.75
63.84
63.80
63.73
63.70
63.79
63.85
63.95
63.98
63.88
63.90
63.89
63.91
63.78
63.78
63.87
63.91
63.91
63.88
63.85
63.93
63.93
63.96
63.92
63.84
63.89
63.77
63.73
63.70
63.70
63.73
63.75
63.80
63.77
63.83
63.79
63.77
63.84
63.86
63.81
63.78
63.78
63.83
63.81
63.83
63.87
63.91
63.95
63.89
63.88
63.88
63.89
63.86
63.76
63.77
63.77
63.73
63.70
63.70
63.70
63.70
63.69
63.71
63.76
63.72
63.78
63.74
63.75
63.74
63.76
63.73
63.72
63.67
63.67
63.63
63.60
63.55
63.50
63.53
63.49
63.47
63.47
63.47
63.42
63.37
63.35
63.38
63.38
63.39
63.43
63.43
63.42
63.50
63.42
63.38
63.33
63.34
63.36
63.40
63.39
63.36
63.38
63.42
63.44
63.42
63.38
63.34
63.38
63.39
63.39
63.36
63.37
63.36
63.39
63.42
63.38
63.38
63.43
63.46
63.47
63.50
63.49
63.49
63.48
63.45
63.46
63.45
63.44
63.46
63.45
63.43
63.40
63.41
63.42
63.42
63.38
63.33
63.35
63.33
63.38
63.40
63.41
63.47
63.44
63.48
63.46
63.44
63.43
63.41
63.35
63.33
63.34
63.34
63.35
63.34
63.32
63.32
63.34
63.33
63.34
63.37
63.38
63.38
63.34
63.38
63.38
63.40
63.37
63.39
63.38
63.39
63.41
63.42
63.45
63.43
63.44
63.44
63.43
63.42
63.42
63.40
63.43
63.43
63.42
63.46
63.45
63.40
63.40
63.38
63.38
63.38
63.35
63.36
63.33
63.30
63.29
63.30
63.31
63.29
63.29
63.25
63.26
63.25
63.25
63.27
63.27
63.27
63.29
63.29
63.32
63.29
63.30
63.29
63.29
63.28
63.29
63.27
63.25
63.25
63.25
63.23
63.24
63.26
63.26
63.27
63.28
63.27
63.27
63.27
63.27
63.27
63.25
63.24
63.26
63.29
63.27
63.27
63.30
63.32
63.29
63.29
63.30
63.31
63.31
63.30
63.30
63.31
63.33
63.31
63.30
63.30
63.31
63.30
63.29
63.29
63.30
63.30
63.30
63.30
63.32
63.28
63.28
63.27
63.27
63.23
63.24
63.20
63.21
63.20
63.18
63.15
63.17
63.16
63.14
63.13
63.12
63.16
63.14
63.15
63.16
63.15
63.15
63.14
63.15
63.17
63.15
63.14
63.16
63.15
63.14
63.15
63.15
63.14
63.14
63.14
63.15
63.18
63.18
63.19
63.18
63.18
63.19
63.17
63.16
63.16
63.17
63.16
63.16
63.16
63.16
63.14
63.13
63.12
63.12
63.14
63.14
63.14
63.15
63.16
63.19
63.20
63.20
63.21
63.22
63.21
63.20
63.19
63.20
63.19
63.16
63.15
63.16
63.17
63.19
63.17
63.18
63.18
63.17
63.19
63.20
63.21
63.20
63.19
63.20
63.20
63.21
63.21
63.20
63.19
63.19
63.18
63.16
63.15
63.17
63.18
63.20
63.20
63.17
63.18
63.16
63.15
63.13
63.13
63.12
63.11
63.09
63.12
63.13
63.10
63.09
63.09
63.08
63.10
63.13
63.14
63.14
63.15
63.14
63.15
63.16
63.14
63.14
63.13
63.14
63.15
63.14
63.14
63.15
63.15
63.14
63.13
63.13
63.15
63.13
63.12
63.13
63.12
63.12
63.13
63.12
63.13
63.14
63.15
63.16
63.14
63.13
63.16
63.15
63.13
63.14
63.15
63.15
63.17
63.18
63.20
63.19
63.20
63.21
63.21
63.20
63.21
63.20
63.22
63.22
63.20
63.21
63.22
63.23
63.20
63.19
63.18
63.18
63.19
63.18
63.18
63.18
63.20
63.20
63.21
63.21
63.20
63.19
63.19
63.19
63.19
63.20
63.19
63.22
63.24
63.24
63.25
63.27
63.27
63.28
63.28
63.27
63.26
63.25
63.24
63.23
63.22
63.22
63.21
63.22
63.21
63.22
63.23
63.23
63.23
63.23
63.24
63.24
63.22
63.22
63.22
63.21
63.21
63.21
63.19
63.21
63.20
63.19
63.19
63.20
63.20
63.21
63.22
63.21
63.21
63.22
63.22
63.21
63.20
63.20
63.18
63.16
63.17
63.15
63.15
63.15
63.15
63.13
63.13
63.13
63.14
63.13
63.13
63.11
63.11
63.13
63.12
63.10
63.09
63.09
63.09
63.09
63.10
63.10
63.10
63.10
63.11
63.10
63.11
63.12
63.12
63.13
63.13
63.14
63.14
63.14
63.13
63.13
63.13
63.14
63.13
63.12
63.13
63.11
63.10
63.08
63.09
63.08
63.07
63.08
63.09
63.08
63.08
63.09
63.08
63.08
63.08
63.07
63.08
63.08
63.07
63.08
63.09
63.08
63.07
63.06
63.07
63.07
63.06
63.07
63.07
63.07
63.08
63.09
63.08
63.08
63.08
63.08
63.09
63.07
63.07
63.07
63.07
63.09
63.07
63.07
63.08
63.08
63.06
63.07
63.06
63.06
63.07
63.06
63.05
63.05
63.07
63.07
63.07
63.06
63.07
63.07
63.07
63.06
63.05
63.05
63.04
63.04
63.03
63.02
63.02
63.03
63.02
63.03
63.01
63.02
63.02
63.03
63.02
63.02
63.03
63.04
63.05
63.04
63.05
63.05
63.07
63.06
63.07
63.07
63.07
63.06
63.06
63.07
63.08
63.09
63.09
63.10
63.09
63.10
63.10
63.10
63.11
63.09
63.09
63.09
63.08
63.10
63.08
63.08
63.09
63.08
63.08
63.07
63.07
63.06
63.05
63.03
63.03
63.03
63.03
63.02
63.01
63.00
63.01
62.99
62.98
62.99
62.98
62.98
62.98
62.98
62.97
62.98
62.99
62.98
63.00
62.99
62.99
62.93
