28.12
21.09
20.31
19.53
20.31
19.27
18.97
17.77
18.06
17.19
16.62
16.67
16.23
15.62
15.62
15.53
15.81
15.28
15.13
15.00
15.40
15.62
15.35
15.49
15.44
15.32
15.28
15.40
15.57
15.52
15.62
15.62
15.67
15.90
15.89
16.02
16.17
16.28
16.47
16.45
16.27
16.37
16.21
16.19
16.22
16.17
16.16
16.34
16.58
16.56
16.45
16.47
16.63
16.67
16.65
16.74
16.64
16.62
16.53
16.56
16.57
16.33
16.34
16.38
16.35
16.34
16.35
16.36
16.33
16.34
16.44
16.56
16.59
16.49
16.40
16.41
16.48
16.45
16.42
16.33
16.34
16.37
16.38
16.42
16.38
16.35
16.38
16.35
16.33
16.27
16.33
16.47
16.48
16.44
16.40
16.36
16.40
16.34
16.35
16.33
16.35
16.34
16.32
16.27
16.37
16.29
16.22
16.28
16.26
16.41
16.41
16.41
16.34
16.35
16.33
16.26
16.25
16.26
16.23
16.26
16.22
16.27
16.26
16.26
16.26
16.27
16.25
16.28
16.23
16.19
16.16
16.22
16.22
16.22
16.24
16.20
16.17
16.21
16.23
16.24
16.25
16.29
16.26
16.22
16.22
16.25
16.23
16.23
16.24
16.24
16.25
16.30
16.28
16.26
16.24
16.26
16.25
16.25
16.22
16.23
16.28
16.26
16.29
16.26
16.25
16.27
16.29
16.27
16.31
16.28
16.26
16.24
16.26
16.33
16.31
16.33
16.30
16.30
16.26
16.28
16.30
16.31
16.33
16.33
16.30
16.34
16.34
16.33
16.36
16.33
16.34
16.33
16.38
16.38
16.33
16.33
16.33
16.33
16.31
16.34
16.33
16.38
16.36
16.36
16.38
16.38
16.38
16.38
16.35
16.35
16.35
16.35
16.34
16.37
16.41
16.41
16.41
16.39
16.40
16.38
16.37
16.36
16.36
16.33
16.33
16.32
16.33
16.36
16.37
16.35
16.34
16.33
16.33
16.36
16.34
16.35
16.33
16.31
16.29
16.30
16.29
16.29
16.28
16.28
16.29
16.30
16.31
16.34
16.35
16.36
16.35
16.36
16.36
16.37
16.38
16.38
16.37
16.36
16.36
16.36
16.39
16.41
16.40
16.41
16.46
16.46
16.43
16.45
16.45
16.42
16.43
16.42
16.41
16.40
16.39
16.37
16.38
16.40
16.40
16.40
16.43
16.40
16.42
16.42
16.39
16.41
16.42
16.41
16.40
16.41
16.38
16.38
16.36
16.34
16.33
16.34
16.33
16.33
16.31
16.32
16.33
16.35
16.37
16.38
16.38
16.38
16.42
16.41
16.40
16.41
16.37
16.37
16.37
16.35
16.34
16.35
16.35
16.34
16.35
16.34
16.34
16.38
16.37
16.37
16.38
16.37
16.36
16.36
16.34
16.34
16.35
16.35
16.32
16.35
16.36
16.37
16.38
16.37
16.37
16.37
16.37
16.37
16.37
16.40
16.40
16.40
16.41
16.39
16.40
16.38
16.37
16.38
16.38
16.37
16.36
16.37
16.37
16.36
16.34
16.34
16.33
16.35
16.36
16.35
16.34
16.36
16.37
16.36
16.34
16.33
16.32
16.35
16.34
16.32
16.30
16.31
16.29
16.28
16.25
16.25
16.22
16.23
16.22
16.22
16.23
16.23
16.22
16.22
16.20
16.19
16.18
16.16
16.16
16.16
16.17
16.14
16.15
16.17
16.18
16.17
16.16
16.16
16.16
16.16
16.17
16.15
16.16
16.17
16.18
16.17
16.20
16.19
16.18
16.18
16.18
16.18
16.19
16.18
16.19
16.19
16.20
16.17
16.18
16.18
16.16
16.13
16.12
16.13
16.12
16.10
16.10
16.09
16.09
16.09
16.10
16.09
16.08
16.07
16.05
16.08
16.09
16.08
16.09
16.10
16.09
16.09
16.09
16.08
16.08
16.07
16.07
16.06
16.05
16.03
16.04
16.05
16.04
16.03
16.03
16.02
16.01
16.03
16.04
16.03
16.03
16.02
16.02
16.01
16.01
16.01
16.02
16.02
16.01
16.02
16.04
16.04
16.05
16.05
16.06
16.05
16.05
16.05
16.05
16.05
16.06
16.05
16.06
16.07
16.09
16.09
16.08
16.07
16.07
16.06
16.08
16.08
16.10
16.09
16.11
16.10
16.10
16.09
16.09
16.09
16.09
16.09
16.08
16.07
16.08
16.08
16.08
16.08
16.07
16.08
16.07
16.06
16.07
16.06
16.05
16.05
16.07
16.07
16.07
16.06
16.06
16.06
16.06
16.07
16.08
16.08
16.09
16.09
16.09
16.11
16.10
16.09
16.09
16.09
16.09
16.10
16.11
16.10
16.11
16.11
16.11
16.10
16.10
16.10
16.13
16.14
16.13
16.13
16.15
16.16
16.16
16.17
16.18
16.19
16.20
16.21
16.21
16.20
16.20
16.20
16.19
16.19
16.21
16.21
16.20
16.20
16.21
16.20
16.20
16.20
16.20
16.20
16.20
16.21
16.21
16.21
16.22
16.22
16.21
16.21
16.22
16.22
16.22
16.22
16.24
16.23
16.22
16.23
16.23
16.23
16.22
16.23
16.23
16.24
16.24
16.23
16.23
16.23
16.22
16.22
16.22
16.24
16.23
16.23
16.23
16.23
16.24
16.23
16.23
16.23
16.23
16.22
16.23
16.23
16.22
16.21
16.22
16.22
16.21
16.23
16.22
16.21
16.22
16.22
16.21
16.22
16.21
16.22
16.21
16.22
16.23
16.22
16.22
16.22
16.21
16.20
16.20
16.21
16.22
16.21
16.21
16.21
16.23
16.24
16.23
16.23
16.23
16.23
16.24
16.23
16.25
16.24
16.24
16.24
16.25
16.25
16.27
16.27
16.27
16.27
16.26
16.27
16.27
16.28
16.29
16.31
16.30
16.29
16.30
16.29
16.30
16.30
16.29
16.29
16.30
16.28
16.28
16.29
16.29
16.29
16.29
16.29
16.30
16.30
16.29
16.29
16.30
16.30
16.30
16.30
16.29
16.30
16.30
16.30
16.30
16.31
16.30
16.30
16.29
16.29
16.29
16.29
16.29
16.29
16.29
16.31
16.31
16.31
16.31
16.30
16.30
16.29
16.29
16.29
16.28
16.28
16.30
16.30
16.30
16.30
16.29
16.29
16.30
16.29
16.29
16.29
16.29
16.30
16.30
16.29
16.29
16.28
16.29
16.28
16.28
16.28
16.27
16.27
16.28
16.28
16.29
16.28
16.29
16.27
16.28
16.29
16.27
16.28
16.27
16.27
16.26
16.26
16.26
16.26
16.28
16.29
16.28
16.28
16.28
16.28
16.28
16.27
16.27
16.27
16.28
16.29
16.29
16.28
16.28
16.27
16.27
16.28
16.27
16.28
16.27
16.27
16.27
16.25
