81.25
80.47
75.52
74.61
76.56
78.39
77.01
77.34
76.39
77.81
77.84
77.99
78.12
78.91
79.38
79.20
79.23
78.91
78.29
78.36
78.42
78.62
78.40
78.19
78.00
78.00
77.78
77.96
77.75
77.81
77.62
77.98
78.17
78.17
77.99
78.04
78.13
78.25
78.45
78.28
78.39
78.53
78.42
78.41
78.26
78.09
77.73
77.70
77.84
78.00
78.06
77.97
77.83
77.86
77.87
77.96
78.02
78.10
78.02
78.10
78.18
78.00
77.95
78.00
77.98
78.08
78.22
78.35
78.37
78.24
78.24
78.34
78.42
78.36
78.44
78.37
78.43
78.35
78.42
78.48
78.36
78.28
78.26
78.33
78.33
78.36
78.38
78.34
78.30
78.25
78.31
78.24
78.34
78.37
78.40
78.53
78.56
78.62
78.54
78.61
78.45
78.48
78.44
78.38
78.36
78.45
78.46
78.41
78.44
78.44
78.48
78.52
78.43
78.40
78.38
78.38
78.37
78.40
78.44
78.45
78.45
78.42
78.44
78.40
78.44
78.45
78.41
78.38
78.42
78.43
78.47
78.43
78.37
78.37
78.33
78.33
78.28
78.32
78.37
78.40
78.39
78.41
78.30
78.29
78.29
78.29
78.27
78.26
78.23
78.27
78.32
78.26
78.28
78.26
78.28
78.30
78.28
78.27
78.19
78.15
78.13
78.07
78.13
78.16
78.13
78.15
78.13
78.17
78.18
78.22
78.21
78.23
78.23
78.20
78.28
78.25
78.29
78.31
78.29
78.32
78.36
78.35
78.36
78.39
78.39
78.39
78.41
78.39
78.43
78.41
78.41
78.43
78.43
78.43
78.44
78.40
78.41
78.36
78.38
78.35
78.33
78.33
78.36
78.35
78.37
78.35
78.37
78.37
78.36
78.37
78.38
78.40
78.40
78.41
78.38
78.36
78.36
78.40
78.41
78.40
78.41
78.39
78.43
78.47
78.47
78.48
78.48
78.52
78.51
78.53
78.50
78.50
78.53
78.50
78.47
78.48
78.45
78.43
78.43
78.37
78.35
78.29
78.26
78.28
78.27
78.27
78.25
78.23
78.19
78.18
78.15
78.17
78.21
78.17
78.17
78.20
78.17
78.16
78.15
78.16
78.13
78.15
78.12
78.15
78.17
78.17
78.17
78.19
78.17
78.19
78.18
78.18
78.19
78.20
78.23
78.25
78.25
78.25
78.23
78.25
78.30
78.30
78.27
78.29
78.31
78.33
78.33
78.33
78.35
78.33
78.35
78.36
78.35
78.38
78.38
78.41
78.45
78.46
78.44
78.45
78.44
78.45
78.43
78.43
78.43
78.42
78.44
78.45
78.43
78.42
78.44
78.43
78.45
78.46
78.45
78.46
78.44
78.42
78.39
78.43
78.43
78.41
78.39
78.40
78.39
78.40
78.38
78.39
78.41
78.40
78.38
78.40
78.38
78.38
78.39
78.39
78.37
78.37
78.39
78.39
78.41
78.38
78.40
78.39
78.42
78.42
78.44
78.43
78.42
78.44
78.41
78.40
78.37
78.40
78.41
78.40
78.41
78.39
78.38
78.41
78.40
78.40
78.39
78.37
78.41
78.42
78.42
78.43
78.43
78.44
78.43
78.40
78.41
78.41
78.38
78.39
78.36
78.38
78.37
78.40
78.39
78.38
78.38
78.34
78.36
78.35
78.38
78.38
78.36
78.37
78.38
78.40
78.39
78.39
78.40
78.38
78.37
78.36
78.35
78.35
78.37
78.37
78.38
78.39
78.40
78.41
78.39
78.37
78.35
78.35
78.35
78.36
78.35
78.34
78.35
78.35
78.34
78.33
78.30
78.31
78.30
78.29
78.27
78.27
78.26
78.27
78.27
78.24
78.24
78.24
78.23
78.22
78.22
78.22
78.21
78.23
78.24
78.26
78.27
78.27
78.29
78.29
78.29
78.27
78.28
78.29
78.29
78.29
78.29
78.29
78.28
78.27
78.29
78.31
78.30
78.30
78.28
78.28
78.27
78.29
78.28
78.29
78.29
78.29
78.29
78.28
78.30
78.30
78.28
78.28
78.27
78.27
78.25
78.24
78.23
78.22
78.21
78.24
78.23
78.23
78.23
78.22
78.24
78.23
78.23
78.24
78.25
78.25
78.24
78.24
78.23
78.24
78.24
78.25
78.25
78.25
78.25
78.27
78.27
78.26
78.27
78.28
78.28
78.30
78.29
78.29
78.29
78.28
78.28
78.28
78.27
78.28
78.28
78.29
78.29
78.28
78.29
78.30
78.31
78.30
78.31
78.31
78.32
78.30
78.30
78.30
78.29
78.28
78.28
78.28
78.28
78.28
78.30
78.30
78.29
78.29
78.29
78.28
78.30
78.29
78.28
78.27
78.27
78.27
78.27
78.27
78.29
78.28
78.28
78.29
78.28
78.29
78.28
78.27
78.27
78.26
78.26
78.26
78.27
78.29
78.30
78.30
78.30
78.29
78.30
78.32
78.32
78.31
78.32
78.33
78.32
78.31
78.31
78.30
78.29
78.28
78.27
78.25
78.25
78.25
78.25
78.25
78.23
78.22
78.22
78.21
78.21
78.20
78.20
78.21
78.21
78.20
78.21
78.21
78.20
78.20
78.20
78.21
78.21
78.21
78.20
78.22
78.22
78.23
78.22
78.23
78.24
78.22
78.21
78.21
78.21
78.22
78.22
78.22
78.20
78.20
78.19
78.20
78.20
78.21
78.21
78.21
78.21
78.21
78.20
78.20
78.20
78.21
78.22
78.21
78.21
78.22
78.22
78.24
78.22
78.21
78.21
78.22
78.22
78.23
78.22
78.22
78.22
78.23
78.23
78.23
78.23
78.24
78.24
78.24
78.24
78.22
78.23
78.23
78.22
78.22
78.22
78.22
78.22
78.23
78.23
78.24
78.25
78.24
78.26
78.26
78.25
78.26
78.26
78.26
78.26
78.25
78.25
78.24
78.23
78.23
78.24
78.24
78.25
78.24
78.24
78.25
78.25
78.25
78.26
78.25
78.25
78.25
78.25
78.25
78.25
78.24
78.23
78.23
78.23
78.23
78.24
78.23
78.23
78.23
78.23
78.23
78.23
78.23
78.24
78.25
78.24
78.23
78.24
78.24
78.24
78.23
78.23
78.23
78.24
78.24
78.24
78.23
78.24
78.24
78.22
78.22
78.22
78.22
78.23
78.23
78.23
78.23
78.24
78.24
78.25
78.25
78.25
78.25
78.26
78.26
78.25
78.23
78.22
78.23
78.22
78.22
78.21
78.21
78.21
78.21
78.21
78.20
78.21
78.21
78.21
78.20
78.21
78.19
78.19
78.20
78.20
78.19
78.20
78.20
78.20
78.22
78.22
78.21
78.21
78.21
78.21
78.22
78.22
78.23
78.23
78.24
78.23
78.22
78.21
78.22
78.23
78.24
78.25
78.25
78.25
78.18
