75.00
72.66
70.31
69.53
70.94
70.57
71.65
71.29
72.40
72.34
73.01
74.35
75.36
76.34
76.77
76.76
77.11
77.52
77.47
77.42
77.60
77.06
77.38
77.28
77.19
77.40
77.43
77.40
76.99
76.82
76.92
76.76
76.89
76.84
77.01
77.08
77.20
77.34
77.44
77.58
77.59
77.60
77.43
77.41
77.40
77.31
77.13
77.12
77.23
77.16
76.93
77.01
77.06
77.26
77.27
77.34
77.33
77.29
77.36
77.55
77.51
77.44
77.31
77.25
77.24
77.11
77.24
77.23
77.13
77.03
77.00
76.93
76.95
76.94
76.85
76.85
76.85
76.86
76.82
76.80
76.76
76.62
76.62
76.67
76.71
76.67
76.62
76.67
76.72
76.74
76.75
76.78
76.81
76.76
76.79
76.81
76.84
76.83
76.91
76.88
76.92
76.95
76.94
76.92
76.92
76.87
76.94
76.92
76.88
76.90
76.91
76.90
76.87
76.91
76.97
76.95
76.87
76.91
76.85
76.80
76.78
76.77
76.75
76.78
76.83
76.80
76.78
76.83
76.84
76.85
76.84
76.83
76.87
76.82
76.85
76.83
76.80
76.78
76.80
76.81
76.76
76.72
76.77
76.76
76.73
76.71
76.66
76.68
76.75
76.82
76.90
76.86
76.89
76.92
76.90
76.92
76.90
76.94
76.94
76.98
77.01
76.93
76.99
76.95
76.97
77.02
77.01
77.00
77.02
77.03
76.96
76.95
76.93
76.93
76.89
76.94
76.95
76.90
76.90
76.96
76.99
76.97
77.01
77.01
76.99
76.98
76.98
76.97
76.96
76.98
76.96
76.94
76.89
76.90
76.89
76.87
76.86
76.86
76.84
76.91
76.91
76.91
76.91
76.89
76.86
76.85
76.87
76.90
76.94
76.97
76.98
77.01
76.94
76.93
76.93
76.90
76.91
76.96
76.94
76.98
76.99
76.99
77.00
77.01
76.97
76.99
77.01
76.97
76.99
77.02
77.02
77.01
76.98
76.99
76.99
77.03
77.03
77.01
76.98
76.95
76.97
76.98
76.99
76.97
76.98
77.02
76.98
76.98
77.00
77.01
76.97
76.95
76.96
76.97
76.95
76.91
76.90
76.88
76.88
76.84
76.82
76.79
76.79
76.77
76.79
76.82
76.83
76.79
76.79
76.75
76.76
76.78
76.79
76.80
76.80
76.77
76.78
76.75
76.75
76.74
76.71
76.72
76.74
76.74
76.72
76.70
76.70
76.67
76.67
76.66
76.62
76.60
76.58
76.55
76.53
76.53
76.52
76.53
76.52
76.52
76.52
76.52
76.54
76.54
76.56
76.53
76.54
76.54
76.56
76.56
76.54
76.58
76.60
76.61
76.61
76.60
76.63
76.64
76.64
76.65
76.65
76.64
76.63
76.60
76.61
76.62
76.61
76.62
76.62
76.63
76.64
76.65
76.66
76.67
76.65
76.66
76.69
76.69
76.70
76.70
76.69
76.69
76.69
76.69
76.67
76.66
76.69
76.70
76.72
76.73
76.71
76.70
76.71
76.73
76.73
76.70
76.71
76.70
76.70
76.69
76.66
76.63
76.64
76.63
76.62
76.64
76.64
76.67
76.66
76.65
76.63
76.63
76.62
76.63
76.63
76.62
76.61
76.62
76.60
76.62
76.60
76.59
76.60
76.57
76.56
76.56
76.55
76.55
76.55
76.56
76.55
76.56
76.56
76.59
76.59
76.59
76.59
76.59
76.60
76.61
76.61
76.61
76.61
76.61
76.60
76.60
76.59
76.62
76.60
76.60
76.61
76.61
76.59
76.58
76.58
76.58
76.57
76.57
76.57
76.59
76.57
76.56
76.54
76.54
76.55
76.56
76.54
76.54
76.53
76.54
76.54
76.52
76.53
76.53
76.55
76.54
76.56
76.55
76.56
76.58
76.58
76.59
76.57
76.57
76.59
76.60
76.59
76.59
76.57
76.56
76.57
76.56
76.55
76.53
76.54
76.54
76.54
76.55
76.54
76.54
76.54
76.55
76.53
76.54
76.55
76.54
76.56
76.56
76.57
76.56
76.55
76.56
76.54
76.55
76.54
76.56
76.58
76.58
76.59
76.60
76.59
76.60
76.61
76.62
76.62
76.61
76.62
76.64
76.64
76.63
76.62
76.61
76.63
76.64
76.64
76.64
76.63
76.63
76.62
76.61
76.62
76.63
76.61
76.60
76.60
76.61
76.61
76.60
76.57
76.57
76.59
76.61
76.60
76.59
76.61
76.61
76.60
76.58
76.59
76.60
76.61
76.62
76.63
76.64
76.63
76.63
76.62
76.63
76.63
76.61
76.63
76.62
76.62
76.62
76.63
76.64
76.62
76.61
76.61
76.61
76.61
76.61
76.61
76.61
76.61
76.61
76.62
76.63
76.65
76.66
76.64
76.65
76.65
76.65
76.66
76.66
76.67
76.68
76.68
76.68
76.68
76.68
76.69
76.68
76.71
76.70
76.70
76.71
76.70
76.71
76.70
76.70
76.71
76.71
76.70
76.71
76.71
76.73
76.74
76.74
76.74
76.74
76.74
76.75
76.76
76.77
76.77
76.78
76.78
76.77
76.77
76.78
76.79
76.80
76.80
76.80
76.80
76.80
76.81
76.81
76.81
76.80
76.80
76.79
76.80
76.79
76.80
76.80
76.79
76.78
76.79
76.78
76.78
76.78
76.79
76.80
76.81
76.82
76.81
76.82
76.81
76.80
76.80
76.80
76.80
76.80
76.81
76.83
76.82
76.83
76.84
76.85
76.86
76.85
76.86
76.85
76.86
76.86
76.86
76.86
76.87
76.88
76.87
76.85
76.86
76.85
76.85
76.84
76.83
76.83
76.82
76.82
76.81
76.79
76.80
76.80
76.80
76.79
76.79
76.80
76.79
76.80
76.80
76.80
76.80
76.79
76.80
76.81
76.81
76.80
76.80
76.80
76.79
76.79
76.78
76.78
76.78
76.80
76.80
76.81
76.81
76.82
76.81
76.80
76.80
76.80
76.81
76.81
76.81
76.82
76.82
76.84
76.83
76.83
76.83
76.85
76.86
76.85
76.85
76.85
76.85
76.85
76.85
76.84
76.84
76.85
76.85
76.83
76.83
76.83
76.84
76.85
76.85
76.84
76.84
76.85
76.85
76.85
76.86
76.85
76.84
76.85
76.86
76.86
76.86
76.86
76.86
76.85
76.85
76.85
76.84
76.84
76.85
76.85
76.85
76.85
76.86
76.87
76.85
76.86
76.86
76.86
76.87
76.87
76.88
76.88
76.89
76.90
76.90
76.90
76.91
76.91
76.92
76.92
76.93
76.91
76.92
76.92
76.92
76.91
76.91
76.92
76.93
76.91
76.91
76.91
76.91
76.91
76.91
76.90
76.90
76.91
76.90
76.90
76.89
76.89
76.88
76.89
76.89
76.90
76.90
76.82
