10.94
14.84
11.46
10.55
9.69
10.16
9.60
9.38
8.51
8.44
8.52
8.72
9.13
9.60
9.38
9.28
9.10
9.03
8.88
8.91
8.85
8.66
8.70
8.53
8.69
8.89
8.80
8.71
8.84
8.80
8.92
9.03
8.95
8.96
8.93
8.85
8.83
8.72
8.81
8.75
8.73
8.82
8.87
8.91
8.96
8.83
8.78
8.72
8.61
8.59
8.55
8.47
8.55
8.54
8.47
8.45
8.39
8.35
8.29
8.23
8.25
8.32
8.31
8.40
8.37
8.31
8.28
8.39
8.42
8.42
8.38
8.38
8.37
8.32
8.33
8.41
8.44
8.47
8.50
8.44
8.45
8.40
8.41
8.39
8.42
8.41
8.39
8.35
8.32
8.30
8.29
8.31
8.33
8.33
8.36
8.32
8.31
8.32
8.32
8.27
8.29
8.32
8.27
8.31
8.30
8.30
8.31
8.33
8.31
8.27
8.32
8.27
8.28
8.26
8.23
8.22
8.24
8.22
8.23
8.19
8.17
8.20
8.17
8.19
8.19
8.17
8.19
8.25
8.21
8.21
8.19
8.20
8.20
8.17
8.12
8.09
8.04
8.06
8.06
8.05
8.02
8.05
8.04
8.01
8.04
8.02
7.98
7.99
8.01
8.02
8.05
8.03
8.05
8.02
8.03
8.05
8.03
8.04
8.06
8.10
8.10
8.13
8.13
8.11
8.09
8.07
8.08
8.07
8.05
8.10
8.08
8.05
8.11
8.12
8.10
8.09
8.09
8.08
8.07
8.09
8.11
8.09
8.09
8.09
8.09
8.10
8.08
8.08
8.11
8.09
8.09
8.07
8.06
8.06
8.09
8.11
8.11
8.10
8.11
8.09
8.09
8.07
8.08
8.11
8.10
8.09
8.11
8.13
8.16
8.15
8.13
8.10
8.10
8.10
8.09
8.07
8.07
8.06
8.05
8.07
8.10
8.08
8.10
8.08
8.08
8.06
8.05
8.07
8.06
8.05
8.07
8.08
8.09
8.09
8.07
8.06
8.06
8.06
8.05
8.08
8.12
8.11
8.10
8.09
8.07
8.07
8.09
8.08
8.07
8.08
8.09
8.11
8.08
8.08
8.06
8.07
8.06
8.04
8.05
8.05
8.05
8.03
8.03
8.01
8.01
8.01
8.00
8.01
8.00
8.00
8.01
8.00
7.98
8.00
7.98
7.96
7.96
7.96
7.95
7.95
7.92
7.93
7.92
7.93
7.95
7.93
7.93
7.92
7.90
7.91
7.90
7.89
7.90
7.90
7.91
7.90
7.89
7.88
7.87
7.85
7.86
7.87
7.88
7.89
7.88
7.88
7.87
7.88
7.89
7.89
7.90
7.90
7.89
7.90
7.89
7.88
7.90
7.91
7.90
7.91
7.90
7.89
7.89
7.90
7.89
7.90
7.92
7.91
7.91
7.92
7.93
7.93
7.93
7.93
7.91
7.90
7.90
7.90
7.89
7.90
7.91
7.91
7.91
7.91
7.91
7.92
7.93
7.92
7.95
7.94
7.96
7.97
7.98
7.99
8.02
8.01
8.01
8.00
7.99
7.99
7.99
8.00
8.00
8.01
8.01
8.01
8.02
8.02
8.05
8.04
8.05
8.05
8.06
8.05
8.05
8.05
8.06
8.05
8.04
8.04
8.04
8.04
8.03
8.04
8.08
8.08
8.08
8.07
8.07
8.06
8.08
8.08
8.07
8.06
8.05
8.07
8.06
8.07
8.06
8.05
8.06
8.05
8.05
8.04
8.04
8.03
8.02
8.02
8.01
8.00
7.99
8.01
8.02
8.01
8.04
8.06
8.06
8.06
8.05
8.04
8.05
8.03
8.03
8.04
8.03
8.04
8.03
8.03
8.03
8.03
8.04
8.03
8.03
8.04
8.04
8.06
8.05
8.06
8.05
8.06
8.05
8.05
8.05
8.06
8.05
8.05
8.05
8.05
8.05
8.05
8.04
8.04
8.04
8.05
8.06
8.07
8.06
8.06
8.06
8.06
8.06
8.07
8.06
8.06
8.06
8.06
8.06
8.04
8.04
8.03
8.02
8.03
8.02
8.01
8.00
8.00
7.99
7.98
7.99
7.98
7.98
7.98
7.98
7.97
7.97
7.97
7.97
7.98
7.98
7.97
7.98
7.98
7.99
7.99
8.00
8.01
8.00
8.02
8.02
8.04
8.04
8.04
8.04
8.03
8.03
8.02
8.03
8.01
8.02
8.02
8.02
8.01
8.01
8.00
8.00
7.99
7.98
7.99
7.99
7.98
7.98
7.98
7.99
8.00
8.00
7.99
7.99
7.99
7.99
7.99
8.00
7.99
8.00
7.99
7.98
7.99
7.99
7.97
7.97
7.98
7.97
7.97
7.97
7.98
7.98
7.98
7.98
7.98
7.97
7.97
7.96
7.96
7.96
7.96
7.96
7.96
7.95
7.95
7.95
7.94
7.94
7.93
7.93
7.93
7.93
7.93
7.93
7.93
7.93
7.93
7.93
7.93
7.92
7.92
7.92
7.94
7.94
7.93
7.95
7.96
7.95
7.95
7.95
7.96
7.96
7.96
7.95
7.96
7.96
7.96
7.97
7.96
7.95
7.96
7.96
7.96
7.95
7.95
7.95
7.96
7.96
7.95
7.95
7.94
7.94
7.94
7.94
7.94
7.94
7.94
7.95
7.95
7.95
7.96
7.96
7.96
7.95
7.95
7.95
7.95
7.95
7.95
7.94
7.94
7.93
7.93
7.94
7.94
7.94
7.94
7.94
7.94
7.94
7.93
7.93
7.93
7.93
7.93
7.93
7.94
7.93
7.94
7.95
7.94
7.94
7.93
7.94
7.93
7.94
7.94
7.94
7.94
7.94
7.95
7.95
7.95
7.95
7.95
7.95
7.95
7.95
7.95
7.95
7.96
7.96
7.96
7.97
7.96
7.97
7.97
7.97
7.97
7.97
7.96
7.96
7.96
7.95
7.96
7.95
7.95
7.95
7.94
7.94
7.93
7.94
7.94
7.94
7.94
7.94
7.94
7.94
7.93
7.93
7.93
7.93
7.92
7.92
7.92
7.92
7.92
7.92
7.92
7.92
7.91
7.91
7.91
7.91
7.91
7.90
7.90
7.90
7.89
7.90
7.90
7.89
7.89
7.90
7.90
7.90
7.89
7.90
7.90
7.89
7.89
7.88
7.88
7.88
7.88
7.88
7.89
7.89
7.89
7.88
7.88
7.88
7.87
7.87
7.88
7.87
7.88
7.88
7.88
7.88
7.88
7.88
7.87
7.88
7.88
7.87
7.88
7.87
7.87
7.87
7.87
7.88
7.88
7.87
7.87
7.87
7.87
7.88
7.89
7.89
7.89
7.89
7.89
7.89
7.89
7.89
7.89
7.88
7.88
7.88
7.88
7.88
7.88
7.88
7.88
7.87
7.87
7.87
7.86
