62.50
64.06
62.50
59.77
59.69
59.64
60.27
58.79
59.90
60.94
61.79
61.72
62.38
62.61
62.71
62.79
63.05
62.93
63.08
63.28
63.17
63.42
63.38
63.35
62.94
62.98
63.37
63.17
63.15
63.07
63.26
63.04
63.26
63.47
63.88
63.93
63.94
63.86
63.86
63.95
64.14
64.06
64.32
64.20
63.99
64.03
64.06
64.29
64.29
64.28
64.40
64.42
64.48
64.35
64.55
64.73
64.80
65.03
64.80
64.71
64.91
64.94
65.10
65.06
65.14
65.10
65.11
65.10
65.01
65.04
65.03
64.95
65.07
65.16
65.15
65.25
65.10
65.14
65.09
65.04
65.03
65.03
64.98
65.01
65.02
65.10
65.09
65.02
64.98
65.00
64.97
65.06
65.09
65.08
65.03
64.99
65.03
64.94
64.93
64.97
64.91
64.94
64.88
64.83
64.94
64.96
65.01
64.86
64.82
64.93
64.88
64.91
64.80
64.76
64.81
64.78
64.78
64.80
64.81
64.90
64.89
64.84
64.80
64.72
64.74
64.69
64.68
64.71
64.80
64.87
64.86
64.87
64.90
64.89
64.86
64.91
64.88
64.86
64.89
64.89
64.83
64.85
64.91
64.87
64.86
64.88
64.82
64.81
64.81
64.79
64.80
64.83
64.86
64.88
64.80
64.75
64.68
64.66
64.69
64.67
64.70
64.67
64.68
64.66
64.65
64.68
64.69
64.75
64.73
64.72
64.73
64.73
64.74
64.73
64.75
64.70
64.69
64.62
64.60
64.63
64.64
64.65
64.69
64.69
64.65
64.62
64.53
64.54
64.57
64.57
64.56
64.48
64.46
64.49
64.46
64.50
64.52
64.48
64.55
64.53
64.54
64.57
64.57
64.50
64.43
64.40
64.45
64.47
64.43
64.43
64.42
64.43
64.41
64.40
64.40
64.35
64.35
64.40
64.40
64.37
64.36
64.39
64.43
64.48
64.49
64.53
64.55
64.53
64.52
64.50
64.50
64.53
64.52
64.56
64.55
64.52
64.50
64.54
64.52
64.54
64.55
64.56
64.59
64.59
64.61
64.65
64.64
64.62
64.64
64.66
64.65
64.59
64.59
64.59
64.57
64.55
64.54
64.56
64.58
64.57
64.55
64.55
64.54
64.58
64.56
64.56
64.57
64.60
64.59
64.59
64.55
64.52
64.50
64.50
64.50
64.49
64.50
64.50
64.45
64.46
64.47
64.52
64.53
64.55
64.56
64.55
64.55
64.55
64.57
64.59
64.57
64.57
64.54
64.56
64.58
64.55
64.58
64.59
64.57
64.57
64.58
64.58
64.61
64.61
64.60
64.59
64.58
64.59
64.57
64.62
64.65
64.61
64.62
64.62
64.61
64.62
64.60
64.61
64.62
64.62
64.59
64.61
64.59
64.60
64.58
64.56
64.56
64.57
64.55
64.53
64.53
64.53
64.48
64.49
64.50
64.49
64.49
64.46
64.49
64.52
64.49
64.49
64.46
64.46
64.47
64.47
64.49
64.51
64.50
64.50
64.48
64.49
64.51
64.49
64.47
64.48
64.49
64.49
64.50
64.52
64.52
64.51
64.53
64.56
64.55
64.57
64.56
64.56
64.57
64.58
64.54
64.54
64.52
64.52
64.49
64.51
64.51
64.49
64.50
64.48
64.47
64.49
64.47
64.49
64.50
64.52
64.54
64.53
64.54
64.53
64.51
64.49
64.51
64.51
64.53
64.51
64.50
64.50
64.52
64.51
64.51
64.52
64.51
64.51
64.51
64.52
64.53
64.52
64.53
64.55
64.56
64.54
64.55
64.55
64.56
64.57
64.57
64.57
64.55
64.58
64.57
64.57
64.58
64.57
64.58
64.58
64.55
64.56
64.55
64.57
64.58
64.59
64.59
64.59
64.58
64.59
64.59
64.58
64.58
64.57
64.56
64.55
64.57
64.58
64.57
64.58
64.60
64.60
64.57
64.57
64.57
64.54
64.55
64.56
64.55
64.55
64.55
64.56
64.53
64.51
64.49
64.50
64.51
64.52
64.53
64.54
64.55
64.55
64.55
64.55
64.54
64.51
64.54
64.54
64.53
64.54
64.53
64.54
64.54
64.55
64.53
64.56
64.56
64.56
64.56
64.56
64.51
64.53
64.53
64.53
64.52
64.54
64.53
64.53
64.54
64.54
64.55
64.56
64.57
64.56
64.56
64.58
64.58
64.56
64.57
64.58
64.59
64.59
64.61
64.61
64.60
64.59
64.59
64.59
64.60
64.59
64.59
64.59
64.60
64.61
64.64
64.64
64.63
64.64
64.64
64.63
64.64
64.63
64.63
64.65
64.65
64.65
64.66
64.65
64.65
64.66
64.67
64.68
64.68
64.68
64.67
64.69
64.67
64.68
64.66
64.65
64.65
64.64
64.61
64.62
64.60
64.59
64.59
64.60
64.61
64.61
64.62
64.62
64.63
64.63
64.63
64.63
64.65
64.63
64.63
64.64
64.65
64.63
64.63
64.63
64.64
64.66
64.63
64.63
64.62
64.63
64.63
64.60
64.62
64.63
64.62
64.62
64.63
64.62
64.61
64.61
64.60
64.59
64.57
64.57
64.55
64.56
64.57
64.57
64.57
64.57
64.58
64.59
64.60
64.62
64.60
64.61
64.61
64.61
64.60
64.59
64.59
64.59
64.59
64.59
64.60
64.59
64.61
64.61
64.59
64.59
64.58
64.60
64.60
64.58
64.58
64.56
64.54
64.55
64.55
64.55
64.55
64.54
64.55
64.56
64.56
64.55
64.55
64.55
64.55
64.56
64.55
64.55
64.57
64.56
64.57
64.55
64.56
64.56
64.55
64.53
64.54
64.54
64.55
64.57
64.57
64.58
64.57
64.58
64.57
64.57
64.56
64.54
64.54
64.54
64.55
64.55
64.55
64.56
64.56
64.54
64.53
64.53
64.53
64.53
64.53
64.54
64.53
64.53
64.52
64.52
64.53
64.53
64.53
64.51
64.51
64.52
64.51
64.51
64.51
64.51
64.51
64.51
64.51
64.51
64.51
64.50
64.48
64.47
64.47
64.47
64.47
64.46
64.46
64.48
64.46
64.46
64.47
64.47
64.46
64.46
64.45
64.45
64.46
64.45
64.46
64.46
64.45
64.47
64.46
64.46
64.46
64.47
64.47
64.47
64.49
64.48
64.49
64.50
64.51
64.50
64.50
64.48
64.48
64.48
64.48
64.48
64.48
64.48
64.48
64.47
64.48
64.48
64.49
64.49
64.51
64.52
64.52
64.52
64.52
64.53
64.54
64.54
64.54
64.54
64.54
64.54
64.54
64.55
64.54
64.54
64.53
64.53
64.54
64.54
64.55
64.56
64.54
64.55
64.54
64.53
64.53
64.52
64.53
64.53
64.53
64.53
64.52
64.53
64.54
64.56
64.56
64.57
64.57
64.59
64.57
64.51
