78.12
78.12
77.60
76.95
78.75
78.91
78.35
78.71
80.38
80.00
80.40
80.73
80.77
80.25
80.00
79.39
79.04
79.17
78.62
78.59
78.94
78.84
78.87
79.04
79.31
78.97
79.11
79.19
79.31
79.38
79.54
79.59
79.50
79.55
79.78
79.73
79.39
79.24
79.49
79.49
79.69
79.58
79.51
79.47
79.55
79.59
79.62
79.59
79.30
79.28
79.26
79.36
79.33
79.22
79.32
79.44
79.55
79.53
79.42
79.40
79.38
79.18
79.14
79.27
79.33
79.47
79.38
79.34
79.30
79.17
79.25
79.28
79.22
79.20
79.27
79.26
79.30
79.23
79.25
79.36
79.34
79.31
79.22
79.20
79.19
79.14
79.15
79.24
79.23
79.15
79.29
79.23
79.17
79.27
79.31
79.41
79.46
79.48
79.42
79.39
79.39
79.34
79.34
79.30
79.27
79.36
79.42
79.35
79.36
79.35
79.29
79.30
79.25
79.24
79.17
79.20
79.26
79.26
79.28
79.34
79.27
79.26
79.36
79.39
79.39
79.37
79.31
79.32
79.26
79.24
79.26
79.26
79.26
79.28
79.28
79.32
79.40
79.43
79.41
79.46
79.49
79.47
79.46
79.47
79.50
79.46
79.49
79.47
79.49
79.50
79.50
79.48
79.49
79.50
79.47
79.45
79.42
79.38
79.41
79.38
79.38
79.40
79.40
79.45
79.47
79.53
79.51
79.54
79.57
79.60
79.60
79.61
79.59
79.58
79.62
79.63
79.65
79.62
79.60
79.61
79.64
79.62
79.62
79.63
79.62
79.65
79.70
79.70
79.69
79.68
79.65
79.65
79.65
79.61
79.62
79.66
79.70
79.73
79.74
79.73
79.73
79.72
79.73
79.73
79.75
79.73
79.68
79.66
79.67
79.69
79.66
79.64
79.60
79.64
79.68
79.71
79.75
79.79
79.81
79.81
79.81
79.79
79.81
79.85
79.86
79.88
79.92
79.92
79.90
79.93
79.87
79.86
79.90
79.93
79.95
79.95
79.96
79.97
79.97
79.97
79.95
79.97
79.96
79.91
79.92
79.92
79.93
79.93
79.93
79.95
79.94
79.95
79.97
79.95
79.98
80.02
80.03
80.04
80.09
80.12
80.15
80.13
80.15
80.18
80.19
80.18
80.18
80.17
80.13
80.12
80.10
80.09
80.09
80.08
80.09
80.11
80.08
80.08
80.09
80.10
80.11
80.09
80.11
80.13
80.12
80.12
80.10
80.10
80.08
80.08
80.10
80.09
80.09
80.09
80.08
80.09
80.10
80.10
80.07
80.05
80.08
80.08
80.07
80.08
80.08
80.09
80.09
80.09
80.07
80.08
80.12
80.13
80.13
80.14
80.11
80.12
80.13
80.14
80.15
80.13
80.15
80.14
80.13
80.13
80.14
80.16
80.17
80.16
80.17
80.16
80.15
80.17
80.17
80.16
80.19
80.21
80.21
80.22
80.23
80.22
80.21
80.21
80.22
80.22
80.22
80.20
80.18
80.17
80.18
80.17
80.18
80.22
80.23
80.24
80.27
80.24
80.26
80.25
80.27
80.27
80.25
80.23
80.23
80.23
80.22
80.23
80.22
80.22
80.21
80.22
80.25
80.24
80.25
80.24
80.20
80.24
80.23
80.23
80.21
80.19
80.20
80.21
80.21
80.23
80.26
80.28
80.29
80.28
80.27
80.28
80.29
80.30
80.30
80.31
80.32
80.33
80.33
80.32
80.32
80.32
80.31
80.33
80.33
80.31
80.30
80.32
80.31
80.32
80.30
80.28
80.27
80.27
80.24
80.26
80.27
80.26
80.27
80.27
80.26
80.26
80.27
80.27
80.24
80.25
80.21
80.20
80.22
80.23
80.22
80.24
80.22
80.22
80.21
80.23
80.24
80.23
80.21
80.20
80.20
80.22
80.22
80.21
80.22
80.20
80.22
80.21
80.20
80.18
80.20
80.21
80.22
80.24
80.24
80.24
80.23
80.23
80.23
80.22
80.21
80.21
80.21
80.22
80.21
80.21
80.22
80.20
80.21
80.22
80.20
80.20
80.21
80.20
80.21
80.21
80.20
80.20
80.22
80.21
80.19
80.20
80.21
80.23
80.20
80.20
80.19
80.19
80.18
80.18
80.17
80.18
80.20
80.19
80.21
80.23
80.22
80.22
80.25
80.24
80.24
80.24
80.23
80.24
80.24
80.23
80.23
80.24
80.24
80.23
80.24
80.25
80.26
80.26
80.26
80.27
80.27
80.27
80.27
80.28
80.28
80.27
80.26
80.26
80.26
80.24
80.24
80.26
80.25
80.25
80.26
80.26
80.25
80.24
80.25
80.27
80.28
80.28
80.28
80.29
80.28
80.29
80.29
80.30
80.29
80.29
80.28
80.28
80.28
80.30
80.31
80.30
80.30
80.29
80.29
80.29
80.31
80.33
80.34
80.35
80.36
80.37
80.37
80.36
80.36
80.37
80.37
80.39
80.39
80.37
80.37
80.37
80.37
80.35
80.36
80.36
80.36
80.37
80.38
80.38
80.37
80.37
80.37
80.38
80.37
80.37
80.37
80.36
80.36
80.37
80.37
80.38
80.37
80.37
80.37
80.37
80.36
80.36
80.37
80.37
80.38
80.38
80.38
80.38
80.38
80.38
80.37
80.38
80.37
80.38
80.38
80.38
80.38
80.38
80.38
80.37
80.37
80.37
80.37
80.37
80.36
80.36
80.37
80.37
80.37
80.36
80.37
80.37
80.38
80.36
80.36
80.37
80.38
80.38
80.37
80.38
80.37
80.37
80.38
80.36
80.36
80.36
80.36
80.36
80.36
80.36
80.37
80.37
80.37
80.37
80.36
80.36
80.35
80.35
80.35
80.35
80.36
80.37
80.37
80.36
80.35
80.36
80.35
80.34
80.33
80.34
80.32
80.32
80.33
80.33
80.34
80.34
80.33
80.33
80.33
80.34
80.34
80.35
80.35
80.35
80.35
80.34
80.34
80.33
80.34
80.32
80.31
80.31
80.31
80.32
80.33
80.34
80.35
80.36
80.35
80.37
80.36
80.36
80.34
80.34
80.35
80.35
80.34
80.34
80.34
80.34
80.33
80.32
80.32
80.31
80.30
80.30
80.31
80.32
80.31
80.31
80.31
80.31
80.32
80.32
80.31
80.31
80.32
80.33
80.34
80.35
80.34
80.36
80.36
80.36
80.36
80.36
80.36
80.37
80.38
80.38
80.39
80.39
80.40
80.39
80.37
80.37
80.37
80.36
80.36
80.36
80.35
80.36
80.37
80.36
80.36
80.35
80.36
80.34
80.34
80.34
80.35
80.36
80.35
80.35
80.37
80.37
80.36
80.36
80.36
80.37
80.37
80.36
80.35
80.35
80.34
80.34
80.34
80.34
80.34
80.33
80.33
80.33
80.32
80.32
80.32
80.33
80.33
80.25
