79.69
78.12
81.77
81.25
81.88
80.99
79.91
80.08
79.69
79.38
79.55
79.30
79.33
79.24
79.17
79.30
79.41
79.51
79.28
79.38
79.32
79.19
79.08
79.10
79.25
79.03
79.11
79.02
79.26
79.11
79.03
78.96
78.93
79.04
79.15
79.17
79.10
79.24
79.21
78.98
78.89
78.91
78.96
78.94
79.10
79.25
79.29
79.43
79.21
79.16
79.23
79.21
79.22
79.02
79.12
79.21
79.33
79.47
79.56
79.45
79.35
79.18
79.22
79.30
79.11
79.19
79.17
79.30
79.21
79.22
79.16
79.19
79.17
79.14
79.15
79.11
79.12
79.13
79.19
79.34
79.42
79.38
79.27
79.24
79.17
79.09
79.09
79.07
79.11
79.05
79.14
79.16
79.10
78.91
78.87
78.89
78.93
78.92
78.88
78.81
78.79
78.77
78.75
78.70
78.69
78.74
78.78
78.69
78.67
78.52
78.48
78.42
78.42
78.43
78.49
78.45
78.43
78.43
78.49
78.49
78.40
78.38
78.34
78.30
78.28
78.26
78.28
78.27
78.31
78.35
78.34
78.36
78.35
78.35
78.26
78.32
78.30
78.26
78.26
78.29
78.34
78.40
78.37
78.35
78.37
78.37
78.41
78.46
78.45
78.35
78.36
78.38
78.41
78.42
78.40
78.41
78.42
78.45
78.44
78.43
78.42
78.37
78.40
78.39
78.33
78.37
78.36
78.34
78.36
78.35
78.36
78.38
78.41
78.42
78.46
78.48
78.51
78.50
78.51
78.50
78.49
78.49
78.54
78.54
78.57
78.54
78.51
78.50
78.51
78.52
78.52
78.49
78.52
78.49
78.50
78.48
78.55
78.55
78.55
78.52
78.50
78.50
78.49
78.53
78.51
78.46
78.47
78.49
78.48
78.47
78.46
78.45
78.46
78.43
78.42
78.42
78.41
78.37
78.37
78.37
78.35
78.36
78.33
78.34
78.35
78.39
78.39
78.36
78.38
78.38
78.38
78.37
78.38
78.38
78.36
78.37
78.38
78.37
78.40
78.37
78.38
78.35
78.32
78.29
78.23
78.23
78.23
78.24
78.21
78.21
78.17
78.17
78.19
78.17
78.17
78.16
78.16
78.14
78.11
78.14
78.15
78.16
78.11
78.11
78.11
78.08
78.09
78.10
78.11
78.13
78.11
78.10
78.12
78.11
78.10
78.11
78.12
78.12
78.09
78.11
78.09
78.10
78.11
78.13
78.15
78.11
78.11
78.08
78.10
78.09
78.10
78.12
78.11
78.09
78.12
78.14
78.15
78.10
78.11
78.12
78.11
78.11
78.11
78.11
78.13
78.13
78.11
78.13
78.11
78.10
78.11
78.12
78.13
78.15
78.16
78.14
78.16
78.17
78.18
78.19
78.19
78.21
78.17
78.21
78.23
78.21
78.23
78.21
78.20
78.21
78.20
78.19
78.15
78.15
78.15
78.13
78.15
78.16
78.15
78.14
78.13
78.14
78.11
78.12
78.12
78.14
78.15
78.16
78.16
78.17
78.17
78.16
78.16
78.16
78.15
78.16
78.17
78.19
78.17
78.16
78.14
78.14
78.13
78.12
78.13
78.15
78.14
78.15
78.16
78.18
78.21
78.22
78.20
78.21
78.19
78.20
78.20
78.21
78.20
78.18
78.18
78.17
78.17
78.17
78.18
78.18
78.19
78.17
78.19
78.19
78.18
78.20
78.22
78.24
78.23
78.23
78.22
78.22
78.22
78.23
78.23
78.25
78.26
78.26
78.26
78.26
78.24
78.24
78.26
78.26
78.26
78.26
78.25
78.23
78.22
78.22
78.20
78.20
78.21
78.22
78.23
78.24
78.24
78.23
78.24
78.22
78.20
78.22
78.22
78.22
78.20
78.21
78.21
78.22
78.21
78.20
78.23
78.22
78.21
78.20
78.20
78.19
78.21
78.22
78.20
78.20
78.19
78.18
78.18
78.20
78.21
78.21
78.22
78.22
78.22
78.22
78.24
78.23
78.22
78.21
78.21
78.22
78.22
78.22
78.22
78.22
78.24
78.25
78.25
78.26
78.26
78.26
78.25
78.25
78.27
78.27
78.27
78.28
78.29
78.29
78.31
78.30
78.31
78.30
78.31
78.32
78.33
78.34
78.35
78.36
78.36
78.36
78.36
78.38
78.37
78.38
78.38
78.39
78.38
78.40
78.40
78.40
78.41
78.41
78.40
78.41
78.40
78.41
78.40
78.41
78.40
78.40
78.41
78.42
78.41
78.41
78.41
78.40
78.39
78.38
78.39
78.39
78.38
78.37
78.38
78.38
78.39
78.39
78.41
78.41
78.44
78.42
78.41
78.41
78.42
78.41
78.40
78.40
78.40
78.40
78.40
78.39
78.42
78.42
78.42
78.40
78.40
78.40
78.41
78.40
78.40
78.40
78.41
78.42
78.42
78.43
78.42
78.41
78.40
78.41
78.42
78.43
78.42
78.42
78.43
78.41
78.40
78.39
78.41
78.41
78.40
78.39
78.39
78.40
78.40
78.40
78.39
78.39
78.39
78.41
78.41
78.41
78.41
78.41
78.41
78.43
78.43
78.42
78.42
78.41
78.39
78.39
78.39
78.39
78.41
78.42
78.40
78.41
78.41
78.41
78.42
78.42
78.42
78.43
78.42
78.42
78.43
78.42
78.41
78.40
78.39
78.39
78.39
78.38
78.38
78.37
78.35
78.37
78.37
78.36
78.37
78.39
78.39
78.38
78.39
78.38
78.39
78.39
78.40
78.40
78.38
78.38
78.38
78.38
78.38
78.39
78.38
78.38
78.37
78.37
78.37
78.38
78.38
78.38
78.37
78.38
78.38
78.38
78.38
78.38
78.37
78.36
78.36
78.37
78.38
78.38
78.38
78.37
78.37
78.37
78.37
78.38
78.39
78.39
78.39
78.38
78.39
78.39
78.40
78.40
78.40
78.40
78.39
78.38
78.37
78.38
78.39
78.39
78.39
78.39
78.40
78.41
78.40
78.40
78.40
78.39
78.39
78.39
78.39
78.39
78.38
78.37
78.36
78.35
78.36
78.36
78.36
78.36
78.37
78.37
78.36
78.35
78.35
78.36
78.36
78.36
78.36
78.36
78.37
78.37
78.38
78.38
78.36
78.35
78.36
78.36
78.36
78.37
78.38
78.38
78.38
78.38
78.38
78.38
78.39
78.38
78.38
78.38
78.37
78.36
78.36
78.37
78.37
78.38
78.37
78.38
78.38
78.38
78.37
78.38
78.38
78.37
78.38
78.38
78.38
78.37
78.37
78.37
78.37
78.36
78.36
78.37
78.39
78.40
78.41
78.41
78.42
78.42
78.42
78.43
78.41
78.42
78.42
78.41
78.42
78.41
78.41
78.41
78.40
78.41
78.41
78.42
78.42
78.42
78.43
78.43
78.43
78.43
78.43
78.43
78.42
78.35
