51.56
62.50
69.27
68.75
69.06
68.49
69.87
68.95
69.27
67.50
67.47
66.93
67.31
67.52
67.71
67.38
67.56
68.14
68.34
67.89
68.01
68.11
68.27
68.62
68.50
68.57
68.81
68.64
68.53
68.49
68.50
68.60
68.28
68.29
68.62
68.66
68.75
68.54
68.71
68.55
68.71
68.75
68.68
68.89
68.75
68.78
68.88
68.82
68.81
68.75
68.50
68.45
68.51
68.43
68.41
68.47
68.67
68.59
68.62
68.80
68.65
68.78
68.85
68.80
68.85
68.96
68.80
68.70
68.75
68.64
68.73
68.77
68.84
68.86
68.85
68.83
68.75
68.79
68.85
68.83
68.92
68.88
68.88
68.94
68.86
68.90
68.82
68.82
68.87
68.94
68.87
68.89
68.99
68.83
68.88
68.82
68.85
68.89
68.84
68.84
68.94
68.95
69.08
69.07
69.05
69.00
69.00
69.01
68.99
68.99
69.13
69.20
69.23
69.27
69.31
69.23
69.24
69.21
69.25
69.24
69.23
69.29
69.33
69.32
69.27
69.27
69.21
69.18
69.22
69.27
69.37
69.31
69.29
69.23
69.19
69.23
69.15
69.17
69.13
69.17
69.16
69.22
69.19
69.15
69.14
69.20
69.12
69.16
69.17
69.15
69.25
69.25
69.29
69.25
69.25
69.23
69.24
69.23
69.19
69.19
69.16
69.14
69.14
69.15
69.20
69.19
69.21
69.23
69.25
69.21
69.24
69.20
69.17
69.16
69.15
69.18
69.16
69.12
69.10
69.08
69.10
69.09
69.11
69.11
69.12
69.10
69.07
68.99
69.01
69.00
69.05
69.08
69.11
69.12
69.13
69.12
69.13
69.11
69.13
69.15
69.16
69.18
69.19
69.18
69.15
69.21
69.24
69.28
69.26
69.24
69.25
69.25
69.24
69.24
69.20
69.20
69.23
69.22
69.22
69.21
69.24
69.26
69.25
69.31
69.27
69.24
69.22
69.24
69.28
69.30
69.28
69.31
69.29
69.31
69.29
69.29
69.30
69.27
69.25
69.25
69.20
69.22
69.25
69.25
69.30
69.27
69.29
69.29
69.24
69.25
69.23
69.20
69.20
69.16
69.14
69.13
69.15
69.14
69.15
69.18
69.22
69.22
69.20
69.22
69.20
69.18
69.19
69.18
69.20
69.17
69.18
69.18
69.16
69.14
69.12
69.11
69.10
69.08
69.08
69.14
69.17
69.17
69.13
69.15
69.13
69.09
69.11
69.10
69.09
69.10
69.07
69.06
69.08
69.08
69.05
69.04
69.04
69.04
69.07
69.07
69.07
69.04
69.05
69.08
69.07
69.10
69.11
69.11
69.13
69.14
69.14
69.12
69.13
69.14
69.13
69.11
69.14
69.14
69.13
69.11
69.09
69.12
69.15
69.17
69.14
69.13
69.12
69.12
69.10
69.11
69.10
69.11
69.11
69.10
69.10
69.12
69.11
69.12
69.12
69.11
69.11
69.11
69.11
69.12
69.11
69.11
69.13
69.11
69.12
69.12
69.10
69.10
69.10
69.13
69.15
69.18
69.18
69.19
69.22
69.21
69.22
69.24
69.21
69.22
69.26
69.23
69.23
69.25
69.27
69.29
69.28
69.27
69.27
69.27
69.27
69.30
69.29
69.27
69.28
69.26
69.27
69.28
69.28
69.26
69.29
69.26
69.26
69.27
69.26
69.27
69.27
69.23
69.24
69.25
69.24
69.24
69.24
69.24
69.24
69.25
69.21
69.19
69.17
69.16
69.15
69.14
69.11
69.08
69.08
69.04
69.05
69.05
69.03
69.02
69.01
69.02
69.01
69.02
69.02
69.04
69.06
69.08
69.06
69.05
69.06
69.07
69.04
69.05
69.04
69.05
69.04
69.05
69.05
69.05
69.06
69.06
69.06
69.04
69.05
69.06
69.06
69.08
69.06
69.08
69.08
69.07
69.05
69.05
69.04
69.05
69.04
69.05
69.06
69.06
69.05
69.02
69.02
69.00
68.97
68.97
68.98
68.96
68.97
68.97
68.99
68.99
68.98
68.97
68.99
68.99
68.99
69.00
68.99
69.02
69.01
68.99
68.98
68.96
68.96
68.98
68.98
68.99
69.00
69.01
69.01
69.02
69.02
69.03
69.03
69.04
69.04
69.05
69.06
69.06
69.06
69.06
69.06
69.07
69.08
69.06
69.06
69.07
69.07
69.07
69.08
69.09
69.10
69.12
69.12
69.12
69.12
69.12
69.12
69.12
69.10
69.11
69.12
69.13
69.14
69.13
69.12
69.11
69.12
69.12
69.11
69.12
69.13
69.13
69.13
69.12
69.11
69.10
69.10
69.10
69.11
69.11
69.10
69.10
69.09
69.09
69.09
69.09
69.07
69.06
69.05
69.08
69.08
69.07
69.06
69.07
69.07
69.09
69.07
69.07
69.07
69.06
69.06
69.06
69.05
69.05
69.06
69.07
69.07
69.06
69.08
69.11
69.12
69.10
69.12
69.11
69.09
69.08
69.07
69.08
69.08
69.07
69.06
69.05
69.05
69.04
69.05
69.06
69.05
69.05
69.04
69.05
69.05
69.04
69.05
69.05
69.05
69.06
69.06
69.07
69.08
69.09
69.06
69.07
69.07
69.08
69.09
69.09
69.09
69.09
69.11
69.11
69.12
69.11
69.09
69.10
69.13
69.13
69.13
69.15
69.14
69.15
69.16
69.17
69.15
69.17
69.18
69.17
69.17
69.17
69.17
69.16
69.17
69.16
69.15
69.16
69.16
69.15
69.14
69.15
69.13
69.14
69.14
69.14
69.15
69.14
69.15
69.16
69.17
69.18
69.19
69.19
69.19
69.17
69.17
69.17
69.17
69.16
69.17
69.17
69.16
69.18
69.18
69.19
69.19
69.17
69.17
69.17
69.18
69.18
69.16
69.14
69.14
69.14
69.14
69.14
69.14
69.15
69.17
69.17
69.16
69.17
69.17
69.17
69.18
69.18
69.19
69.19
69.17
69.18
69.18
69.19
69.19
69.17
69.19
69.19
69.19
69.18
69.16
69.16
69.15
69.16
69.16
69.17
69.17
69.18
69.19
69.19
69.18
69.20
69.19
69.21
69.20
69.20
69.21
69.20
69.19
69.18
69.18
69.17
69.17
69.16
69.17
69.17
69.17
69.18
69.17
69.17
69.16
69.15
69.14
69.15
69.15
69.16
69.14
69.14
69.15
69.14
69.14
69.14
69.15
69.14
69.13
69.14
69.14
69.14
69.14
69.14
69.14
69.13
69.14
69.14
69.13
69.15
69.14
69.15
69.15
69.16
69.14
69.14
69.14
69.14
69.13
69.13
69.15
69.16
69.16
69.16
69.16
69.15
69.15
69.15
69.14
69.15
69.13
69.14
69.14
69.14
69.15
69.15
69.14
69.13
69.14
69.13
69.14
69.13
69.14
69.07
