73.44
79.69
82.29
83.20
83.75
82.81
83.26
83.40
82.29
82.19
82.67
82.16
81.61
82.14
82.40
82.32
82.26
82.20
82.15
82.34
82.66
82.81
82.74
83.07
83.19
83.35
83.10
83.15
82.97
82.97
83.01
82.62
82.39
82.35
82.32
82.16
82.39
82.36
82.25
82.23
82.16
82.22
82.38
82.32
82.40
82.44
82.31
82.36
82.17
81.94
81.95
82.00
81.87
81.80
81.59
81.64
81.52
81.55
81.49
81.41
81.22
81.12
81.10
81.03
80.99
81.06
81.11
81.14
81.09
81.05
81.14
81.16
81.12
81.14
81.17
81.15
81.19
81.15
81.19
81.11
81.17
81.27
81.29
81.31
81.25
81.32
81.32
81.43
81.43
81.44
81.37
81.39
81.42
81.30
81.32
81.36
81.30
81.35
81.27
81.22
81.25
81.19
81.08
81.14
81.16
81.19
81.25
81.28
81.28
81.25
81.36
81.35
81.32
81.35
81.29
81.32
81.34
81.37
81.37
81.29
81.28
81.28
81.30
81.24
81.24
81.23
81.26
81.31
81.26
81.25
81.21
81.13
81.19
81.20
81.13
81.17
81.17
81.22
81.23
81.25
81.22
81.24
81.17
81.16
81.20
81.13
81.05
81.02
81.07
81.07
80.97
80.97
80.94
80.92
80.88
80.83
80.82
80.80
80.80
80.80
80.82
80.80
80.73
80.74
80.71
80.70
80.70
80.65
80.67
80.70
80.68
80.67
80.64
80.65
80.64
80.62
80.61
80.59
80.60
80.58
80.57
80.54
80.52
80.53
80.50
80.46
80.48
80.52
80.50
80.48
80.46
80.42
80.38
80.40
80.35
80.37
80.39
80.39
80.41
80.44
80.43
80.38
80.38
80.40
80.36
80.37
80.37
80.35
80.32
80.31
80.29
80.28
80.30
80.32
80.31
80.31
80.31
80.30
80.33
80.34
80.35
80.38
80.39
80.42
80.39
80.35
80.34
80.34
80.29
80.31
80.32
80.32
80.33
80.35
80.35
80.35
80.36
80.37
80.37
80.40
80.37
80.38
80.36
80.37
80.34
80.37
80.38
80.37
80.35
80.36
80.37
80.39
80.40
80.38
80.39
80.40
80.42
80.42
80.43
80.43
80.41
80.40
80.42
80.43
80.42
80.42
80.41
80.42
80.41
80.38
80.34
80.35
80.38
80.39
80.38
80.40
80.43
80.45
80.48
80.48
80.47
80.44
80.45
80.41
80.41
80.41
80.42
80.42
80.43
80.45
80.42
80.42
80.44
80.44
80.46
80.44
80.43
80.43
80.45
80.44
80.44
80.43
80.44
80.45
80.47
80.44
80.44
80.46
80.45
80.45
80.45
80.43
80.39
80.38
80.37
80.36
80.33
80.32
80.33
80.33
80.33
80.32
80.32
80.35
80.33
80.33
80.33
80.33
80.35
80.34
80.35
80.31
80.30
80.30
80.31
80.29
80.27
80.28
80.29
80.28
80.29
80.27
80.27
80.28
80.29
80.27
80.28
80.28
80.29
80.26
80.24
80.26
80.27
80.27
80.24
80.24
80.24
80.25
80.28
80.26
80.28
80.30
80.29
80.30
80.30
80.30
80.30
80.31
80.32
80.31
80.30
80.30
80.27
80.28
80.29
80.29
80.31
80.33
80.34
80.36
80.36
80.37
80.38
80.38
80.37
80.37
80.37
80.39
80.36
80.37
80.37
80.38
80.40
80.39
80.40
80.39
80.42
80.43
80.44
80.43
80.43
80.44
80.43
80.43
80.43
80.43
80.44
80.44
80.44
80.43
80.43
80.43
80.42
80.42
80.41
80.40
80.42
80.43
80.43
80.43
80.43
80.41
80.42
80.42
80.43
80.43
80.45
80.45
80.44
80.43
80.43
80.43
80.43
80.42
80.42
80.43
80.44
80.44
80.45
80.45
80.44
80.45
80.42
80.44
80.42
80.43
80.42
80.44
80.42
80.42
80.39
80.41
80.43
80.43
80.43
80.44
80.44
80.44
80.44
80.42
80.43
80.45
80.44
80.45
80.45
80.44
80.44
80.44
80.44
80.42
80.42
80.42
80.42
80.40
80.40
80.40
80.40
80.40
80.39
80.40
80.37
80.36
80.36
80.36
80.37
80.38
80.39
80.37
80.38
80.39
80.37
80.36
80.37
80.35
80.36
80.35
80.35
80.32
80.32
80.34
80.35
80.36
80.35
80.36
80.36
80.36
80.37
80.37
80.37
80.36
80.35
80.33
80.33
80.34
80.34
80.33
80.33
80.35
80.34
80.34
80.34
80.34
80.34
80.32
80.33
80.33
80.33
80.33
80.34
80.33
80.32
80.33
80.34
80.36
80.36
80.35
80.35
80.35
80.35
80.36
80.37
80.37
80.38
80.37
80.38
80.39
80.39
80.38
80.36
80.37
80.37
80.38
80.39
80.40
80.40
80.40
80.40
80.40
80.42
80.41
80.41
80.43
80.43
80.44
80.45
80.45
80.45
80.45
80.43
80.42
80.42
80.41
80.42
80.41
80.42
80.42
80.41
80.41
80.41
80.41
80.42
80.41
80.40
80.39
80.40
80.39
80.39
80.40
80.40
80.41
80.41
80.40
80.40
80.40
80.42
80.41
80.40
80.40
80.40
80.41
80.41
80.40
80.40
80.41
80.41
80.40
80.40
80.40
80.39
80.39
80.38
80.38
80.39
80.39
80.39
80.39
80.38
80.38
80.37
80.38
80.40
80.41
80.40
80.40
80.40
80.41
80.40
80.39
80.41
80.40
80.40
80.41
80.42
80.42
80.43
80.43
80.43
80.43
80.43
80.44
80.45
80.45
80.45
80.45
80.47
80.46
80.46
80.45
80.46
80.44
80.45
80.44
80.42
80.43
80.43
80.42
80.42
80.42
80.41
80.42
80.44
80.42
80.42
80.43
80.43
80.42
80.43
80.42
80.41
80.41
80.42
80.42
80.42
80.41
80.42
80.42
80.40
80.40
80.40
80.40
80.41
80.39
80.39
80.39
80.41
80.40
80.39
80.39
80.39
80.37
80.38
80.38
80.38
80.39
80.38
80.38
80.39
80.38
80.38
80.38
80.38
80.37
80.37
80.37
80.37
80.36
80.35
80.35
80.36
80.36
80.35
80.35
80.35
80.36
80.36
80.37
80.38
80.38
80.37
80.38
80.38
80.38
80.38
80.38
80.39
80.38
80.39
80.39
80.39
80.40
80.40
80.40
80.39
80.38
80.39
80.39
80.39
80.40
80.40
80.40
80.40
80.41
80.42
80.41
80.42
80.42
80.42
80.43
80.42
80.41
80.42
80.41
80.40
80.40
80.40
80.41
80.40
80.40
80.40
80.40
80.39
80.38
80.38
80.38
80.39
80.39
80.38
80.38
80.37
80.36
80.37
80.37
80.36
80.36
80.35
80.36
80.36
80.36
80.36
80.35
80.36
80.28
