79.69
77.34
77.08
77.73
75.94
75.00
75.89
76.76
76.39
75.94
75.71
75.91
76.44
76.79
76.88
76.95
76.38
76.39
76.56
76.64
77.08
76.92
77.11
77.54
77.75
77.64
78.01
78.01
77.96
77.92
77.72
77.73
77.75
77.90
78.30
78.26
78.25
78.41
78.65
78.91
79.15
79.28
79.43
79.33
79.31
79.11
79.19
79.13
78.92
79.03
79.11
79.00
79.07
79.11
79.09
79.21
79.19
79.04
78.95
78.88
78.87
78.93
79.12
79.05
79.09
79.05
79.03
79.09
79.14
79.04
79.07
79.06
78.94
78.91
78.87
78.80
78.84
78.91
78.90
78.87
78.92
78.85
78.84
78.83
78.84
78.85
78.83
78.82
78.79
78.75
78.76
78.67
78.71
78.74
78.82
78.82
78.82
78.89
78.79
78.86
78.87
78.89
78.90
78.95
78.96
79.02
79.09
79.15
79.17
79.15
79.11
79.12
79.19
79.10
79.08
79.11
79.13
79.14
79.16
79.19
79.20
79.20
79.18
79.17
79.20
79.25
79.27
79.24
79.22
79.18
79.21
79.23
79.25
79.24
79.28
79.31
79.35
79.29
79.35
79.35
79.36
79.35
79.35
79.31
79.29
79.31
79.36
79.36
79.33
79.35
79.38
79.38
79.42
79.43
79.45
79.44
79.47
79.45
79.43
79.46
79.47
79.48
79.51
79.50
79.50
79.48
79.46
79.49
79.45
79.45
79.42
79.47
79.43
79.45
79.39
79.42
79.41
79.42
79.39
79.44
79.43
79.47
79.46
79.39
79.44
79.46
79.48
79.49
79.51
79.53
79.52
79.52
79.52
79.54
79.55
79.52
79.54
79.51
79.50
79.52
79.51
79.52
79.53
79.53
79.50
79.51
79.53
79.55
79.52
79.55
79.51
79.53
79.52
79.54
79.58
79.64
79.61
79.62
79.61
79.58
79.54
79.56
79.58
79.55
79.57
79.60
79.60
79.62
79.61
79.63
79.63
79.67
79.66
79.67
79.65
79.63
79.64
79.65
79.64
79.67
79.69
79.66
79.62
79.61
79.62
79.59
79.59
79.59
79.54
79.53
79.51
79.51
79.51
79.48
79.49
79.52
79.49
79.49
79.48
79.48
79.50
79.48
79.50
79.52
79.55
79.50
79.52
79.51
79.48
79.47
79.51
79.52
79.48
79.45
79.45
79.47
79.49
79.49
79.45
79.47
79.48
79.48
79.49
79.46
79.46
79.44
79.44
79.46
79.47
79.48
79.48
79.49
79.50
79.49
79.52
79.53
79.55
79.54
79.49
79.49
79.46
79.43
79.44
79.45
79.44
79.43
79.43
79.46
79.47
79.47
79.48
79.50
79.51
79.49
79.50
79.50
79.52
79.51
79.52
79.51
79.50
79.51
79.51
79.52
79.50
79.51
79.50
79.51
79.51
79.51
79.53
79.52
79.51
79.53
79.53
79.55
79.53
79.52
79.53
79.53
79.54
79.54
79.53
79.53
79.57
79.56
79.57
79.58
79.58
79.59
79.62
79.63
79.63
79.65
79.67
79.68
79.69
79.68
79.69
79.68
79.67
79.66
79.64
79.64
79.65
79.65
79.65
79.66
79.66
79.66
79.67
79.67
79.67
79.70
79.70
79.68
79.70
79.70
79.70
79.68
79.69
79.68
79.69
79.68
79.69
79.69
79.70
79.71
79.73
79.74
79.71
79.69
79.68
79.70
79.67
79.65
79.63
79.65
79.66
79.66
79.67
79.70
79.71
79.72
79.73
79.71
79.72
79.72
79.73
79.73
79.72
79.70
79.70
79.69
79.70
79.68
79.67
79.68
79.69
79.69
79.68
79.69
79.70
79.70
79.70
79.69
79.71
79.71
79.70
79.69
79.69
79.68
79.66
79.66
79.66
79.66
79.65
79.64
79.66
79.65
79.64
79.65
79.66
79.66
79.67
79.66
79.65
79.64
79.64
79.65
79.64
79.64
79.63
79.63
79.63
79.63
79.63
79.63
79.63
79.62
79.60
79.62
79.62
79.60
79.60
79.59
79.59
79.57
79.57
79.55
79.55
79.53
79.52
79.53
79.52
79.53
79.54
79.54
79.55
79.55
79.54
79.56
79.56
79.56
79.57
79.56
79.55
79.57
79.56
79.58
79.57
79.57
79.56
79.58
79.58
79.58
79.57
79.57
79.57
79.58
79.59
79.59
79.59
79.59
79.59
79.59
79.60
79.61
79.61
79.61
79.61
79.60
79.61
79.60
79.59
79.58
79.58
79.58
79.55
79.55
79.55
79.55
79.57
79.56
79.56
79.55
79.55
79.57
79.58
79.58
79.58
79.58
79.58
79.60
79.61
79.61
79.60
79.60
79.62
79.61
79.64
79.64
79.66
79.66
79.65
79.64
79.66
79.66
79.66
79.66
79.67
79.66
79.68
79.68
79.68
79.68
79.68
79.69
79.69
79.68
79.67
79.67
79.68
79.67
79.68
79.67
79.67
79.67
79.67
79.68
79.67
79.66
79.65
79.65
79.65
79.66
79.66
79.64
79.64
79.61
79.62
79.63
79.63
79.63
79.62
79.63
79.62
79.63
79.64
79.63
79.63
79.63
79.63
79.62
79.62
79.61
79.62
79.62
79.60
79.60
79.61
79.61
79.62
79.61
79.62
79.60
79.59
79.60
79.60
79.61
79.62
79.63
79.64
79.64
79.64
79.63
79.64
79.63
79.62
79.63
79.63
79.63
79.63
79.63
79.63
79.62
79.61
79.63
79.64
79.65
79.66
79.67
79.68
79.69
79.68
79.69
79.69
79.69
79.69
79.69
79.69
79.68
79.68
79.69
79.68
79.68
79.67
79.65
79.65
79.65
79.66
79.65
79.65
79.64
79.64
79.62
79.62
79.61
79.61
79.60
79.62
79.61
79.62
79.63
79.64
79.62
79.63
79.62
79.62
79.63
79.63
79.63
79.62
79.62
79.62
79.62
79.62
79.62
79.60
79.60
79.60
79.62
79.61
79.61
79.61
79.62
79.62
79.63
79.63
79.63
79.63
79.62
79.63
79.63
79.63
79.64
79.63
79.64
79.64
79.62
79.63
79.62
79.62
79.63
79.63
79.63
79.62
79.61
79.61
79.60
79.59
79.59
79.61
79.60
79.60
79.60
79.59
79.59
79.59
79.59
79.59
79.59
79.59
79.59
79.57
79.56
79.57
79.58
79.58
79.58
79.57
79.57
79.57
79.57
79.57
79.58
79.58
79.59
79.60
79.60
79.62
79.63
79.63
79.63
79.62
79.62
79.62
79.62
79.63
79.63
79.63
79.63
79.63
79.63
79.63
79.63
79.63
79.64
79.64
79.63
79.62
79.63
79.62
79.62
79.62
79.63
79.63
79.63
79.62
79.62
79.62
79.61
79.61
79.60
79.60
79.60
79.60
79.60
79.60
79.60
79.61
79.53
