56.25
61.72
63.54
63.28
63.44
64.58
64.51
65.23
65.80
65.62
66.19
66.54
65.62
65.29
66.15
66.41
66.18
65.28
66.04
65.78
65.40
65.06
65.08
65.17
65.31
65.08
65.16
65.07
65.36
64.95
64.87
64.79
64.96
64.84
64.87
64.89
64.53
64.68
64.66
64.77
64.71
64.69
64.46
64.45
64.55
64.44
64.33
64.26
64.22
64.28
64.22
64.06
64.00
64.15
64.23
64.23
64.14
64.17
64.33
64.22
64.14
64.14
64.14
64.11
64.01
63.99
63.97
63.90
63.90
63.86
63.82
63.72
63.89
63.94
63.96
63.94
64.10
64.14
64.20
64.30
64.24
64.18
64.27
64.25
64.36
64.34
64.24
64.19
64.20
64.10
64.01
64.16
64.13
64.05
64.06
64.16
64.26
64.19
64.20
64.20
64.23
64.26
64.21
64.09
64.03
64.02
64.02
64.06
64.15
64.15
64.10
64.01
64.03
64.01
63.93
63.87
63.82
63.82
63.76
63.74
63.73
63.73
63.68
63.66
63.59
63.53
63.58
63.65
63.61
63.65
63.63
63.65
63.66
63.70
63.76
63.78
63.73
63.73
63.78
63.84
63.81
63.88
63.94
63.92
63.97
63.99
63.98
63.95
63.86
63.88
63.83
63.82
63.92
63.93
63.94
63.93
63.93
63.90
63.86
63.85
63.83
63.86
63.87
63.83
63.81
63.79
63.75
63.83
63.77
63.78
63.80
63.81
63.82
63.82
63.86
63.87
63.92
63.97
63.93
63.91
63.90
63.88
63.91
63.94
63.99
63.94
63.98
63.93
63.93
63.94
63.93
63.94
63.97
64.02
64.04
63.99
64.01
63.99
64.01
64.05
64.08
64.12
64.12
64.19
64.20
64.19
64.13
64.15
64.20
64.24
64.27
64.24
64.24
64.25
64.26
64.30
64.34
64.37
64.41
64.40
64.42
64.42
64.38
64.39
64.38
64.37
64.38
64.36
64.36
64.35
64.31
64.27
64.28
64.24
64.21
64.19
64.17
64.11
64.11
64.10
64.13
64.11
64.12
64.09
64.08
64.11
64.14
64.16
64.15
64.14
64.19
64.18
64.19
64.22
64.22
64.28
64.26
64.21
64.22
64.20
64.19
64.19
64.19
64.20
64.17
64.19
64.14
64.16
64.13
64.16
64.22
64.20
64.21
64.23
64.20
64.19
64.17
64.17
64.18
64.21
64.19
64.17
64.20
64.22
64.21
64.24
64.24
64.26
64.26
64.24
64.23
64.24
64.24
64.23
64.21
64.19
64.17
64.17
64.19
64.19
64.20
64.20
64.17
64.16
64.15
64.17
64.15
64.14
64.15
64.11
64.12
64.11
64.10
64.10
64.07
64.09
64.06
64.06
64.03
64.05
64.06
64.07
64.08
64.09
64.12
64.12
64.12
64.13
64.11
64.15
64.13
64.15
64.14
64.14
64.15
64.14
64.17
64.11
64.11
64.10
64.09
64.11
64.12
64.12
64.10
64.08
64.11
64.13
64.12
64.13
64.13
64.12
64.11
64.10
64.09
64.10
64.11
64.09
64.08
64.07
64.07
64.05
64.04
64.05
64.03
64.02
64.03
64.03
64.03
64.04
64.02
64.03
64.00
64.00
64.01
63.99
63.99
64.00
64.02
64.06
64.04
64.03
64.05
64.07
64.10
64.12
64.11
64.11
64.11
64.12
64.09
64.08
64.05
64.05
64.05
64.07
64.07
64.08
64.04
64.04
64.05
64.05
64.06
64.06
64.05
64.05
64.05
64.07
64.05
64.04
64.04
64.05
64.05
64.03
64.04
64.02
64.03
64.01
63.99
63.98
63.98
63.98
63.97
63.98
63.98
64.00
64.01
64.01
64.02
64.02
64.02
64.04
64.04
64.06
64.06
64.07
64.06
64.06
64.06
64.04
64.06
64.08
64.08
64.09
64.08
64.07
64.06
64.05
64.04
64.07
64.07
64.07
64.08
64.07
64.05
64.07
64.07
64.08
64.06
64.08
64.10
64.10
64.10
64.08
64.07
64.08
64.10
64.09
64.08
64.07
64.07
64.04
64.06
64.07
64.07
64.06
64.08
64.08
64.07
64.08
64.07
64.08
64.07
64.06
64.06
64.05
64.05
64.04
64.03
64.03
64.03
64.01
64.03
64.03
64.03
64.03
64.02
64.01
63.98
63.97
63.96
63.98
63.97
63.97
63.97
63.99
64.00
64.02
64.00
63.98
63.97
63.97
63.97
63.97
63.98
63.98
63.98
63.99
63.99
64.00
64.02
64.01
63.99
63.99
63.99
64.03
64.03
64.02
64.04
64.05
64.06
64.08
64.09
64.10
64.10
64.11
64.13
64.11
64.11
64.13
64.15
64.15
64.15
64.15
64.15
64.17
64.17
64.17
64.17
64.16
64.15
64.16
64.18
64.17
64.16
64.16
64.15
64.15
64.17
64.16
64.16
64.15
64.16
64.15
64.13
64.12
64.10
64.10
64.09
64.09
64.07
64.07
64.05
64.07
64.06
64.05
64.03
64.03
64.03
64.02
64.03
64.02
64.03
64.03
64.04
64.05
64.06
64.05
64.04
64.04
64.05
64.07
64.06
64.08
64.06
64.05
64.05
64.04
64.04
64.05
64.06
64.07
64.08
64.07
64.08
64.10
64.10
64.12
64.13
64.13
64.13
64.13
64.13
64.13
64.13
64.12
64.13
64.12
64.12
64.11
64.11
64.11
64.11
64.12
64.14
64.14
64.15
64.15
64.15
64.15
64.14
64.14
64.14
64.14
64.16
64.14
64.14
64.18
64.17
64.18
64.17
64.15
64.15
64.13
64.14
64.14
64.14
64.15
64.15
64.16
64.14
64.14
64.13
64.15
64.13
64.14
64.14
64.13
64.14
64.13
64.13
64.14
64.14
64.14
64.14
64.13
64.13
64.13
64.14
64.15
64.15
64.15
64.16
64.17
64.17
64.17
64.16
64.16
64.15
64.14
64.13
64.13
64.14
64.12
64.11
64.11
64.11
64.11
64.10
64.11
64.11
64.12
64.12
64.13
64.14
64.14
64.13
64.13
64.13
64.12
64.11
64.12
64.13
64.12
64.13
64.14
64.14
64.15
64.15
64.15
64.15
64.15
64.15
64.16
64.16
64.17
64.18
64.16
64.18
64.19
64.20
64.20
64.19
64.19
64.19
64.19
64.19
64.20
64.21
64.21
64.20
64.21
64.20
64.21
64.21
64.21
64.22
64.23
64.23
64.23
64.22
64.23
64.24
64.25
64.25
64.26
64.26
64.28
64.27
64.27
64.28
64.27
64.27
64.28
64.28
64.28
64.29
64.28
64.27
64.29
64.28
64.28
64.29
64.29
64.30
64.29
64.29
64.30
64.31
64.33
64.33
64.32
64.34
64.34
64.35
64.35
64.34
64.34
64.35
64.35
64.34
64.27
