62.50
67.19
63.02
62.89
64.38
61.46
61.83
63.87
63.89
63.44
62.78
63.28
63.70
64.06
63.96
63.96
64.06
63.63
63.90
64.14
64.06
64.06
64.40
64.39
64.44
64.90
64.99
65.23
65.30
65.16
65.17
64.79
65.01
65.07
64.87
64.89
64.65
64.84
64.38
64.41
64.44
64.58
64.32
64.28
64.24
64.13
63.80
63.80
63.65
63.66
63.42
63.16
62.91
63.17
63.27
63.31
63.51
63.55
63.77
63.65
63.70
63.76
63.72
63.79
64.01
63.87
64.06
63.99
63.88
63.86
63.93
63.95
63.98
63.98
63.96
63.92
63.80
63.74
63.67
63.77
63.75
63.80
63.74
63.73
63.73
63.68
63.65
63.80
63.66
63.66
63.60
63.60
63.54
63.60
63.49
63.48
63.42
63.44
63.48
63.38
63.37
63.36
63.30
63.25
63.26
63.27
63.32
63.37
63.33
63.18
63.18
63.21
63.16
63.16
63.17
63.20
63.22
63.22
63.27
63.27
63.26
63.22
63.21
63.28
63.26
63.27
63.31
63.32
63.31
63.34
63.35
63.30
63.26
63.28
63.29
63.24
63.28
63.28
63.16
63.16
63.18
63.14
63.21
63.30
63.36
63.41
63.45
63.42
63.37
63.33
63.27
63.21
63.14
63.14
63.07
63.07
63.05
63.05
63.04
63.03
62.94
62.94
62.97
62.95
62.93
62.92
62.94
62.91
62.82
62.83
62.87
62.79
62.83
62.87
62.79
62.79
62.78
62.74
62.74
62.76
62.82
62.86
62.90
62.93
62.93
62.92
62.86
62.87
62.88
62.89
62.84
62.83
62.86
62.87
62.86
62.89
62.92
62.91
62.85
62.80
62.81
62.83
62.82
62.84
62.84
62.85
62.88
62.88
62.89
62.86
62.87
62.85
62.90
62.89
62.87
62.83
62.84
62.79
62.82
62.84
62.85
62.87
62.88
62.93
62.94
62.92
62.93
62.97
62.92
62.91
62.88
62.92
62.90
62.88
62.89
62.85
62.84
62.87
62.88
62.87
62.86
62.84
62.85
62.85
62.84
62.83
62.89
62.90
62.88
62.86
62.87
62.87
62.83
62.84
62.86
62.77
62.76
62.75
62.70
62.75
62.75
62.78
62.78
62.78
62.78
62.81
62.83
62.79
62.74
62.74
62.75
62.72
62.69
62.68
62.70
62.72
62.74
62.75
62.79
62.75
62.77
62.73
62.73
62.72
62.71
62.72
62.69
62.71
62.71
62.68
62.72
62.70
62.70
62.72
62.73
62.73
62.73
62.74
62.74
62.75
62.78
62.78
62.80
62.80
62.80
62.80
62.80
62.79
62.78
62.76
62.75
62.74
62.74
62.72
62.72
62.70
62.71
62.71
62.69
62.68
62.66
62.65
62.61
62.63
62.62
62.63
62.64
62.63
62.64
62.65
62.62
62.60
62.62
62.59
62.59
62.59
62.60
62.57
62.57
62.56
62.55
62.55
62.60
62.56
62.55
62.58
62.59
62.59
62.59
62.61
62.59
62.57
62.55
62.56
62.54
62.54
62.54
62.53
62.55
62.55
62.56
62.58
62.59
62.59
62.63
62.64
62.64
62.67
62.70
62.69
62.68
62.70
62.72
62.71
62.69
62.70
62.69
62.68
62.66
62.67
62.69
62.70
62.68
62.64
62.64
62.63
62.64
62.62
62.62
62.62
62.62
62.63
62.63
62.60
62.61
62.61
62.63
62.62
62.60
62.64
62.63
62.61
62.60
62.63
62.64
62.65
62.64
62.62
62.61
62.61
62.63
62.64
62.65
62.64
62.64
62.64
62.62
62.63
62.62
62.63
62.64
62.64
62.66
62.67
62.67
62.67
62.66
62.67
62.69
62.69
62.71
62.73
62.74
62.75
62.74
62.76
62.74
62.76
62.75
62.75
62.74
62.74
62.74
62.73
62.72
62.72
62.72
62.72
62.71
62.70
62.70
62.72
62.73
62.75
62.77
62.78
62.79
62.79
62.80
62.80
62.79
62.79
62.79
62.79
62.78
62.77
62.76
62.77
62.77
62.78
62.75
62.74
62.76
62.75
62.75
62.73
62.75
62.75
62.76
62.74
62.75
62.75
62.74
62.74
62.73
62.71
62.71
62.71
62.71
62.70
62.70
62.70
62.69
62.69
62.67
62.68
62.68
62.65
62.65
62.65
62.65
62.66
62.63
62.66
62.67
62.65
62.64
62.64
62.63
62.64
62.64
62.63
62.64
62.63
62.63
62.63
62.61
62.60
62.61
62.59
62.58
62.58
62.60
62.60
62.60
62.60
62.61
62.61
62.61
62.62
62.62
62.63
62.63
62.65
62.65
62.65
62.65
62.67
62.67
62.66
62.65
62.66
62.67
62.68
62.64
62.64
62.64
62.65
62.66
62.67
62.68
62.68
62.67
62.67
62.67
62.65
62.65
62.65
62.63
62.65
62.64
62.63
62.64
62.63
62.61
62.61
62.61
62.62
62.63
62.62
62.63
62.63
62.63
62.65
62.65
62.64
62.63
62.65
62.66
62.66
62.66
62.66
62.65
62.66
62.66
62.65
62.65
62.66
62.65
62.64
62.64
62.66
62.65
62.62
62.62
62.62
62.62
62.62
62.62
62.61
62.61
62.61
62.59
62.58
62.59
62.59
62.59
62.61
62.61
62.61
62.62
62.63
62.63
62.65
62.64
62.62
62.61
62.61
62.62
62.63
62.63
62.63
62.63
62.63
62.62
62.63
62.63
62.63
62.63
62.64
62.63
62.64
62.63
62.63
62.62
62.62
62.63
62.63
62.62
62.65
62.63
62.64
62.64
62.66
62.66
62.67
62.68
62.69
62.69
62.70
62.70
62.69
62.69
62.70
62.69
62.69
62.68
62.68
62.67
62.68
62.69
62.71
62.71
62.72
62.73
62.73
62.73
62.72
62.72
62.71
62.71
62.73
62.72
62.70
62.70
62.70
62.70
62.68
62.69
62.70
62.71
62.71
62.72
62.73
62.72
62.72
62.72
62.72
62.73
62.74
62.75
62.75
62.74
62.74
62.74
62.74
62.75
62.75
62.76
62.77
62.76
62.75
62.76
62.75
62.75
62.75
62.76
62.74
62.74
62.74
62.74
62.73
62.73
62.74
62.74
62.74
62.75
62.73
62.72
62.71
62.70
62.70
62.70
62.70
62.72
62.73
62.75
62.76
62.75
62.75
62.75
62.74
62.73
62.72
62.72
62.71
62.70
62.70
62.68
62.68
62.67
62.67
62.68
62.68
62.68
62.66
62.65
62.66
62.66
62.66
62.66
62.66
62.66
62.65
62.66
62.65
62.66
62.65
62.64
62.64
62.65
62.65
62.66
62.66
62.66
62.67
62.68
62.67
62.67
62.68
62.69
62.69
62.70
62.70
62.70
62.70
62.70
62.70
62.69
62.69
62.69
62.63
