31.25
34.38
31.25
31.64
28.75
30.73
30.36
29.49
28.30
28.75
28.69
29.17
29.69
30.47
30.83
31.15
30.97
30.82
30.84
30.70
30.65
30.47
30.30
30.27
30.75
31.13
31.25
31.31
31.30
31.77
31.60
31.49
31.25
31.57
31.47
31.47
31.38
31.25
31.25
30.94
30.95
30.73
30.63
30.68
30.69
30.84
30.88
30.96
31.15
31.25
31.22
31.07
31.16
31.19
31.34
31.33
31.41
31.22
31.46
31.38
31.25
31.05
31.00
31.03
31.08
31.23
31.32
31.64
31.70
31.76
31.78
31.75
31.64
31.57
31.67
31.68
31.72
31.69
31.74
31.84
31.81
31.86
31.78
31.70
31.71
31.61
31.75
31.66
31.67
31.72
31.77
31.78
31.70
31.73
31.69
31.67
31.65
31.68
31.61
31.58
31.59
31.51
31.52
31.60
31.58
31.56
31.60
31.60
31.58
31.65
31.67
31.70
31.66
31.58
31.60
31.64
31.57
31.66
31.62
31.63
31.64
31.61
31.61
31.63
31.59
31.58
31.55
31.49
31.49
31.47
31.42
31.49
31.46
31.45
31.47
31.39
31.40
31.37
31.40
31.48
31.49
31.42
31.37
31.34
31.35
31.32
31.25
31.22
31.23
31.22
31.24
31.21
31.24
31.21
31.18
31.16
31.14
31.14
31.19
31.18
31.20
31.19
31.18
31.17
31.16
31.15
31.22
31.18
31.25
31.22
31.24
31.24
31.20
31.19
31.25
31.26
31.30
31.32
31.31
31.29
31.28
31.28
31.30
31.40
31.42
31.41
31.38
31.43
31.44
31.50
31.51
31.55
31.52
31.52
31.51
31.49
31.50
31.49
31.44
31.44
31.44
31.43
31.43
31.45
31.41
31.39
31.36
31.34
31.38
31.35
31.35
31.32
31.33
31.32
31.33
31.39
31.41
31.44
31.44
31.47
31.46
31.45
31.45
31.46
31.47
31.50
31.48
31.48
31.48
31.49
31.48
31.45
31.40
31.39
31.41
31.36
31.34
31.34
31.32
31.30
31.25
31.26
31.26
31.27
31.28
31.30
31.27
31.30
31.28
31.26
31.24
31.23
31.24
31.22
31.27
31.31
31.30
31.29
31.29
31.28
31.29
31.30
31.26
31.23
31.21
31.23
31.20
31.22
31.22
31.23
31.23
31.26
31.27
31.26
31.24
31.18
31.19
31.19
31.20
31.22
31.23
31.22
31.27
31.27
31.29
31.29
31.29
31.30
31.29
31.27
31.26
31.26
31.23
31.23
31.25
31.24
31.25
31.28
31.27
31.29
31.32
31.30
31.31
31.28
31.27
31.29
31.28
31.27
31.23
31.22
31.23
31.21
31.21
31.21
31.20
31.20
31.25
31.25
31.24
31.25
31.24
31.23
31.22
31.20
31.20
31.20
31.22
31.25
31.25
31.25
31.20
31.17
31.17
31.17
31.20
31.19
31.17
31.14
31.15
31.15
31.14
31.14
31.12
31.12
31.12
31.10
31.09
31.07
31.08
31.09
31.09
31.09
31.10
31.08
31.09
31.08
31.07
31.08
31.07
31.07
31.09
31.06
31.05
31.04
31.06
31.06
31.02
31.02
31.05
31.05
31.05
31.08
31.10
31.09
31.08
31.08
31.08
31.08
31.08
31.07
31.07
31.06
31.09
31.10
31.10
31.11
31.10
31.11
31.11
31.11
31.13
31.12
31.11
31.14
31.17
31.18
31.20
31.21
31.21
31.22
31.23
31.22
31.22
31.22
31.21
31.24
31.23
31.23
31.22
31.22
31.21
31.22
31.22
31.21
31.22
31.22
31.20
31.18
31.20
31.21
31.20
31.23
31.19
31.20
31.22
31.20
31.20
31.20
31.21
31.20
31.20
31.19
31.19
31.19
31.23
31.23
31.23
31.22
31.19
31.18
31.17
31.17
31.17
31.17
31.17
31.17
31.16
31.18
31.17
31.17
31.15
31.15
31.16
31.16
31.15
31.15
31.13
31.15
31.15
31.14
31.13
31.12
31.14
31.12
31.10
31.10
31.11
31.10
31.10
31.09
31.10
31.08
31.07
31.07
31.07
31.07
31.07
31.08
31.09
31.09
31.08
31.09
31.10
31.11
31.11
31.12
31.14
31.14
31.14
31.14
31.14
31.14
31.15
31.14
31.14
31.15
31.12
31.10
31.11
31.13
31.12
31.13
31.12
31.11
31.10
31.09
31.07
31.07
31.08
31.07
31.07
31.07
31.07
31.08
31.09
31.07
31.08
31.10
31.09
31.08
31.08
31.07
31.10
31.09
31.10
31.13
31.12
31.13
31.12
31.16
31.16
31.16
31.16
31.15
31.15
31.16
31.17
31.17
31.16
31.17
31.16
31.17
31.16
31.15
31.16
31.18
31.17
31.17
31.16
31.19
31.18
31.17
31.14
31.15
31.16
31.15
31.14
31.15
31.15
31.16
31.15
31.15
31.16
31.16
31.16
31.17
31.17
31.17
31.16
31.16
31.16
31.16
31.17
31.18
31.17
31.18
31.19
31.19
31.20
31.19
31.18
31.19
31.18
31.16
31.16
31.16
31.17
31.16
31.13
31.13
31.14
31.15
31.14
31.13
31.14
31.13
31.13
31.13
31.13
31.13
31.14
31.15
31.16
31.16
31.16
31.15
31.13
31.13
31.13
31.14
31.14
31.14
31.14
31.15
31.16
31.15
31.16
31.15
31.15
31.15
31.15
31.16
31.16
31.16
31.16
31.16
31.16
31.18
31.19
31.20
31.19
31.19
31.20
31.19
31.18
31.17
31.16
31.15
31.16
31.15
31.15
31.14
31.13
31.12
31.11
31.09
31.08
31.07
31.07
31.07
31.08
31.07
31.08
31.08
31.09
31.10
31.11
31.10
31.11
31.10
31.10
31.11
31.13
31.14
31.14
31.14
31.13
31.14
31.13
31.14
31.15
31.15
31.14
31.14
31.14
31.14
31.14
31.13
31.14
31.13
31.14
31.13
31.12
31.12
31.13
31.12
31.13
31.13
31.13
31.13
31.13
31.14
31.14
31.13
31.12
31.12
31.12
31.11
31.10
31.10
31.10
31.10
31.10
31.11
31.11
31.10
31.10
31.12
31.11
31.12
31.11
31.11
31.11
31.12
31.11
31.11
31.11
31.10
31.10
31.09
31.09
31.08
31.08
31.08
31.08
31.08
31.10
31.10
31.11
31.11
31.12
31.11
31.11
31.11
31.12
31.12
31.12
31.10
31.11
31.12
31.12
31.12
31.14
31.14
31.14
31.14
31.14
31.14
31.14
31.14
31.14
31.14
31.14
31.12
31.11
31.10
31.10
31.09
31.09
31.11
31.11
31.12
31.12
31.12
31.12
31.12
31.12
31.12
31.12
31.11
31.11
31.11
31.12
31.11
31.13
31.13
31.14
31.12
31.14
31.15
31.15
31.12
