78.12
78.12
77.60
80.08
79.69
78.65
77.68
77.54
78.47
78.44
77.98
78.12
78.37
78.57
78.44
78.42
78.31
78.12
77.47
77.58
77.83
77.77
77.79
77.60
77.50
77.34
77.37
77.51
77.59
77.71
77.77
77.83
77.94
78.03
77.77
77.82
77.79
77.96
78.17
78.12
78.16
78.31
78.38
78.41
78.47
78.46
78.72
78.68
78.67
78.81
78.92
78.88
78.83
78.76
78.64
78.63
78.67
78.80
78.87
78.93
78.94
79.08
79.07
79.10
79.04
78.91
78.92
78.95
79.01
79.00
79.05
79.01
78.92
78.91
78.83
78.78
78.90
78.93
78.92
79.04
79.05
79.08
79.09
79.11
79.10
79.23
79.27
79.26
79.25
79.22
79.22
79.19
79.28
79.26
79.21
79.23
79.12
79.18
79.20
79.27
79.25
79.29
79.22
79.24
79.20
79.20
79.19
79.22
79.30
79.30
79.36
79.35
79.29
79.29
79.28
79.28
79.29
79.32
79.37
79.36
79.30
79.29
79.26
79.26
79.26
79.14
79.12
79.13
79.11
79.12
79.11
79.14
79.09
79.07
79.04
79.08
79.08
79.12
79.11
79.07
79.09
79.05
79.06
79.09
79.05
79.08
79.03
79.10
79.07
79.08
79.12
79.13
79.15
79.15
79.12
79.10
79.08
79.09
79.09
79.09
79.11
79.09
79.05
79.09
79.10
79.10
79.14
79.14
79.16
79.19
79.22
79.24
79.28
79.23
79.21
79.23
79.22
79.23
79.28
79.25
79.26
79.31
79.30
79.31
79.30
79.30
79.32
79.34
79.36
79.34
79.34
79.33
79.29
79.29
79.27
79.29
79.28
79.29
79.29
79.33
79.30
79.29
79.26
79.27
79.29
79.32
79.31
79.31
79.33
79.34
79.35
79.39
79.36
79.38
79.36
79.35
79.36
79.36
79.39
79.41
79.40
79.43
79.46
79.49
79.52
79.48
79.49
79.48
79.50
79.46
79.42
79.45
79.45
79.48
79.50
79.50
79.56
79.54
79.52
79.54
79.58
79.55
79.55
79.53
79.51
79.52
79.55
79.57
79.61
79.64
79.61
79.59
79.61
79.61
79.61
79.62
79.63
79.62
79.65
79.64
79.59
79.61
79.63
79.60
79.60
79.62
79.63
79.63
79.66
79.67
79.67
79.65
79.66
79.70
79.68
79.68
79.67
79.69
79.69
79.68
79.66
79.65
79.67
79.68
79.70
79.69
79.73
79.75
79.76
79.78
79.79
79.78
79.79
79.79
79.80
79.82
79.81
79.79
79.82
79.82
79.82
79.83
79.81
79.80
79.82
79.79
79.80
79.80
79.79
79.79
79.79
79.74
79.74
79.73
79.74
79.74
79.74
79.72
79.71
79.67
79.67
79.66
79.68
79.67
79.68
79.69
79.68
79.66
79.67
79.66
79.64
79.64
79.65
79.67
79.67
79.68
79.68
79.67
79.69
79.68
79.68
79.69
79.68
79.68
79.68
79.70
79.67
79.68
79.68
79.67
79.66
79.62
79.61
79.63
79.63
79.65
79.64
79.61
79.61
79.61
79.61
79.62
79.60
79.61
79.58
79.58
79.58
79.58
79.59
79.59
79.60
79.62
79.61
79.59
79.59
79.60
79.59
79.58
79.57
79.55
79.55
79.56
79.56
79.58
79.58
79.55
79.55
79.51
79.53
79.54
79.54
79.52
79.52
79.54
79.55
79.56
79.55
79.55
79.57
79.55
79.57
79.54
79.53
79.53
79.54
79.54
79.54
79.54
79.54
79.55
79.54
79.53
79.53
79.54
79.54
79.54
79.53
79.51
79.52
79.52
79.51
79.49
79.50
79.50
79.53
79.50
79.49
79.50
79.48
79.49
79.51
79.49
79.52
79.53
79.53
79.52
79.51
79.51
79.50
79.49
79.49
79.49
79.49
79.50
79.48
79.48
79.49
79.49
79.49
79.50
79.49
79.49
79.51
79.51
79.51
79.52
79.51
79.52
79.53
79.55
79.56
79.55
79.56
79.56
79.56
79.54
79.56
79.55
79.54
79.53
79.53
79.52
79.54
79.52
79.52
79.52
79.55
79.55
79.54
79.56
79.54
79.54
79.54
79.55
79.53
79.55
79.53
79.52
79.53
79.52
79.51
79.49
79.49
79.49
79.47
79.49
79.48
79.48
79.47
79.48
79.47
79.46
79.46
79.47
79.46
79.46
79.46
79.45
79.44
79.42
79.44
79.44
79.43
79.44
79.44
79.41
79.40
79.40
79.40
79.40
79.40
79.39
79.39
79.38
79.37
79.38
79.39
79.36
79.37
79.37
79.36
79.36
79.34
79.34
79.35
79.34
79.35
79.35
79.35
79.35
79.36
79.34
79.35
79.34
79.35
79.35
79.34
79.35
79.36
79.35
79.34
79.35
79.34
79.34
79.34
79.35
79.36
79.36
79.36
79.37
79.36
79.36
79.36
79.35
79.35
79.37
79.38
79.38
79.39
79.39
79.40
79.42
79.43
79.44
79.45
79.44
79.44
79.43
79.45
79.44
79.44
79.45
79.45
79.44
79.45
79.45
79.44
79.44
79.44
79.45
79.44
79.44
79.43
79.44
79.45
79.44
79.44
79.43
79.43
79.42
79.42
79.42
79.41
79.41
79.39
79.40
79.41
79.41
79.41
79.41
79.40
79.40
79.39
79.39
79.39
79.41
79.39
79.41
79.40
79.41
79.41
79.39
79.38
79.38
79.40
79.38
79.38
79.38
79.37
79.36
79.36
79.37
79.37
79.37
79.38
79.38
79.38
79.36
79.36
79.35
79.36
79.36
79.37
79.37
79.37
79.38
79.38
79.39
79.39
79.38
79.39
79.40
79.39
79.38
79.40
79.41
79.41
79.40
79.40
79.39
79.40
79.40
79.40
79.41
79.41
79.41
79.41
79.42
79.42
79.43
79.44
79.45
79.45
79.45
79.44
79.43
79.41
79.42
79.41
79.41
79.41
79.41
79.42
79.41
79.41
79.41
79.39
79.38
79.39
79.39
79.38
79.38
79.38
79.37
79.35
79.35
79.35
79.36
79.36
79.37
79.37
79.37
79.38
79.36
79.36
79.35
79.34
79.34
79.34
79.34
79.35
79.35
79.35
79.35
79.34
79.34
79.33
79.32
79.33
79.33
79.34
79.33
79.35
79.33
79.34
79.33
79.33
79.33
79.33
79.33
79.33
79.33
79.33
79.33
79.33
79.33
79.33
79.33
79.33
79.33
79.34
79.33
79.32
79.32
79.33
79.33
79.33
79.34
79.35
79.36
79.36
79.37
79.36
79.37
79.36
79.35
79.35
79.35
79.36
79.36
79.36
79.36
79.36
79.37
79.37
79.37
79.37
79.35
79.34
79.34
79.33
79.34
79.35
79.35
79.35
79.34
79.34
79.35
79.35
79.36
79.37
79.29
