84.38
83.59
77.08
78.91
78.75
77.08
78.12
77.93
78.82
78.44
77.84
77.60
78.12
78.35
77.92
77.54
77.57
77.52
77.80
77.97
78.20
78.20
78.26
78.19
78.50
78.25
78.24
78.18
78.18
78.23
78.53
78.52
78.50
78.63
78.57
78.52
78.34
78.50
78.61
78.44
78.28
78.20
78.23
78.30
78.44
78.46
78.56
78.68
78.76
78.91
79.07
79.03
79.04
79.11
79.12
79.21
79.25
79.15
79.21
79.38
79.35
79.41
79.37
79.35
79.23
79.14
79.20
79.20
79.23
79.29
79.34
79.49
79.49
79.54
79.52
79.46
79.32
79.45
79.41
79.20
79.22
79.19
79.24
79.28
79.21
79.25
79.31
79.24
79.28
79.18
79.12
79.23
79.18
79.04
79.08
79.13
79.09
79.15
79.17
79.09
79.05
79.03
79.07
79.10
79.08
79.13
79.09
79.11
79.10
79.09
79.01
79.03
79.05
79.04
79.04
79.00
78.97
78.96
79.02
79.06
79.05
79.05
79.08
79.06
79.09
79.07
79.04
79.02
79.00
78.99
78.91
78.89
78.81
78.79
78.77
78.79
78.83
78.87
78.83
78.84
78.88
78.88
78.91
78.95
78.94
78.94
78.93
78.89
78.95
78.97
78.98
79.01
78.98
78.97
78.94
78.93
78.90
78.88
78.87
78.90
78.89
78.83
78.88
78.95
78.95
78.96
78.92
78.95
78.94
78.97
78.98
78.98
78.98
78.93
78.94
78.90
78.90
78.89
78.87
78.85
78.85
78.85
78.84
78.87
78.87
78.81
78.83
78.83
78.83
78.78
78.82
78.82
78.81
78.83
78.85
78.90
78.86
78.82
78.80
78.80
78.84
78.81
78.76
78.74
78.78
78.74
78.74
78.70
78.70
78.70
78.72
78.70
78.73
78.75
78.76
78.79
78.78
78.75
78.78
78.79
78.76
78.77
78.76
78.77
78.78
78.79
78.81
78.82
78.84
78.81
78.77
78.77
78.78
78.81
78.81
78.79
78.80
78.85
78.86
78.85
78.83
78.85
78.85
78.89
78.87
78.87
78.86
78.89
78.90
78.88
78.88
78.91
78.90
78.89
78.91
78.92
78.93
78.94
78.91
78.91
78.92
78.94
78.94
78.92
78.92
78.95
78.93
78.92
78.92
78.94
78.95
78.95
78.91
78.87
78.85
78.87
78.89
78.91
78.93
78.91
78.93
78.93
78.91
78.89
78.89
78.91
78.90
78.90
78.88
78.90
78.91
78.90
78.90
78.90
78.91
78.91
78.91
78.90
78.88
78.87
78.89
78.89
78.89
78.88
78.88
78.86
78.85
78.86
78.82
78.84
78.85
78.83
78.80
78.81
78.81
78.78
78.79
78.79
78.81
78.83
78.83
78.81
78.82
78.83
78.83
78.83
78.82
78.81
78.81
78.80
78.82
78.83
78.83
78.83
78.81
78.81
78.78
78.79
78.81
78.82
78.84
78.86
78.86
78.87
78.87
78.87
78.87
78.86
78.85
78.83
78.83
78.83
78.81
78.80
78.79
78.78
78.76
78.75
78.76
78.75
78.74
78.73
78.74
78.76
78.75
78.73
78.73
78.74
78.73
78.75
78.75
78.73
78.73
78.71
78.73
78.72
78.73
78.75
78.74
78.73
78.74
78.75
78.75
78.74
78.75
78.76
78.75
78.75
78.76
78.76
78.77
78.77
78.77
78.74
78.75
78.75
78.77
78.75
78.76
78.75
78.76
78.74
78.73
78.73
78.73
78.73
78.72
78.71
78.71
78.72
78.72
78.69
78.70
78.70
78.71
78.72
78.73
78.74
78.75
78.75
78.76
78.75
78.74
78.74
78.73
78.71
78.71
78.73
78.73
78.73
78.73
78.73
78.75
78.75
78.75
78.75
78.74
78.72
78.73
78.71
78.73
78.73
78.72
78.72
78.71
78.70
78.71
78.72
78.72
78.71
78.71
78.73
78.74
78.74
78.74
78.71
78.70
78.69
78.68
78.69
78.71
78.73
78.74
78.73
78.73
78.75
78.74
78.74
78.71
78.69
78.69
78.66
78.67
78.69
78.69
78.71
78.71
78.72
78.73
78.73
78.73
78.73
78.74
78.74
78.75
78.74
78.74
78.74
78.74
78.75
78.76
78.76
78.74
78.72
78.71
78.70
78.72
78.72
78.70
78.67
78.66
78.66
78.66
78.67
78.66
78.65
78.66
78.66
78.64
78.65
78.65
78.65
78.65
78.65
78.64
78.65
78.65
78.64
78.63
78.64
78.63
78.62
78.63
78.62
78.62
78.63
78.63
78.62
78.62
78.61
78.63
78.64
78.64
78.64
78.64
78.64
78.64
78.62
78.64
78.63
78.63
78.63
78.64
78.66
78.66
78.65
78.64
78.66
78.66
78.65
78.66
78.66
78.67
78.68
78.66
78.66
78.65
78.64
78.64
78.64
78.65
78.65
78.64
78.64
78.62
78.62
78.60
78.61
78.61
78.61
78.61
78.61
78.61
78.61
78.60
78.62
78.62
78.63
78.62
78.63
78.61
78.62
78.62
78.62
78.62
78.62
78.63
78.63
78.63
78.63
78.63
78.63
78.64
78.64
78.62
78.63
78.62
78.64
78.62
78.63
78.63
78.64
78.65
78.64
78.64
78.64
78.64
78.63
78.64
78.64
78.64
78.64
78.64
78.66
78.66
78.65
78.65
78.66
78.66
78.65
78.67
78.67
78.67
78.68
78.68
78.68
78.69
78.67
78.68
78.66
78.66
78.67
78.66
78.65
78.65
78.66
78.65
78.66
78.65
78.65
78.63
78.63
78.64
78.64
78.65
78.65
78.66
78.66
78.65
78.65
78.65
78.65
78.66
78.66
78.65
78.64
78.63
78.62
78.62
78.62
78.63
78.63
78.64
78.63
78.63
78.64
78.64
78.63
78.63
78.63
78.63
78.64
78.64
78.64
78.63
78.62
78.61
78.60
78.60
78.61
78.61
78.61
78.61
78.63
78.62
78.61
78.62
78.61
78.61
78.63
78.63
78.64
78.65
78.65
78.64
78.66
78.65
78.66
78.65
78.64
78.65
78.65
78.65
78.64
78.63
78.63
78.62
78.63
78.64
78.64
78.63
78.62
78.62
78.60
78.60
78.59
78.59
78.59
78.60
78.60
78.60
78.61
78.62
78.62
78.61
78.63
78.62
78.62
78.63
78.63
78.64
78.64
78.63
78.63
78.62
78.63
78.64
78.65
78.65
78.65
78.64
78.65
78.65
78.66
78.66
78.66
78.66
78.66
78.66
78.65
78.65
78.65
78.65
78.65
78.66
78.67
78.66
78.66
78.66
78.67
78.67
78.68
78.68
78.68
78.68
78.67
78.67
78.66
78.67
78.66
78.66
78.67
78.68
78.68
78.68
78.68
78.67
78.66
78.66
78.65
78.65
78.57
