92.19
85.94
85.42
82.42
81.88
82.03
81.25
80.86
80.90
80.62
79.69
79.69
79.57
79.58
79.69
79.98
79.96
80.03
79.85
80.16
80.36
80.33
80.37
80.53
80.44
80.53
80.73
80.92
81.03
81.04
80.95
80.86
80.73
80.97
80.76
80.95
81.00
81.09
81.09
80.86
80.79
80.84
80.56
80.65
80.59
80.43
80.39
80.40
80.39
80.25
80.39
80.38
80.31
80.27
80.26
80.16
80.21
80.15
80.08
80.00
79.94
79.94
79.86
79.81
79.88
79.95
80.04
80.01
79.96
79.96
79.75
79.82
79.90
79.84
79.81
79.75
79.79
79.89
79.81
79.75
79.69
79.78
79.88
79.80
79.72
79.72
79.69
79.72
79.67
79.70
79.74
79.69
79.69
79.75
79.79
79.79
79.70
79.62
79.64
79.66
79.63
79.61
79.54
79.60
79.58
79.48
79.47
79.47
79.43
79.45
79.45
79.38
79.40
79.41
79.36
79.38
79.35
79.32
79.33
79.38
79.46
79.53
79.47
79.49
79.50
79.46
79.43
79.46
79.49
79.52
79.48
79.47
79.51
79.54
79.48
79.47
79.48
79.57
79.65
79.69
79.70
79.70
79.74
79.73
79.70
79.76
79.74
79.71
79.73
79.70
79.68
79.65
79.63
79.61
79.58
79.55
79.58
79.65
79.62
79.59
79.59
79.62
79.60
79.57
79.59
79.62
79.61
79.56
79.58
79.58
79.53
79.55
79.44
79.47
79.48
79.47
79.47
79.47
79.44
79.48
79.51
79.52
79.55
79.58
79.55
79.56
79.51
79.57
79.57
79.56
79.56
79.57
79.57
79.59
79.57
79.57
79.56
79.59
79.60
79.58
79.59
79.60
79.61
79.63
79.60
79.60
79.60
79.62
79.62
79.65
79.64
79.60
79.58
79.60
79.59
79.56
79.58
79.56
79.56
79.56
79.54
79.54
79.53
79.55
79.56
79.51
79.54
79.56
79.55
79.55
79.56
79.59
79.62
79.60
79.55
79.54
79.48
79.50
79.47
79.50
79.51
79.48
79.46
79.46
79.48
79.48
79.47
79.47
79.43
79.37
79.39
79.37
79.38
79.38
79.39
79.39
79.38
79.38
79.42
79.44
79.44
79.45
79.46
79.47
79.44
79.43
79.41
79.37
79.36
79.38
79.37
79.34
79.34
79.35
79.32
79.30
79.28
79.28
79.32
79.30
79.33
79.30
79.31
79.33
79.35
79.33
79.32
79.31
79.30
79.33
79.33
79.33
79.37
79.40
79.42
79.39
79.41
79.41
79.41
79.42
79.43
79.45
79.45
79.45
79.46
79.46
79.45
79.46
79.46
79.45
79.46
79.47
79.47
79.46
79.46
79.46
79.48
79.49
79.47
79.49
79.49
79.50
79.50
79.48
79.48
79.47
79.47
79.46
79.47
79.46
79.47
79.44
79.46
79.45
79.44
79.44
79.49
79.51
79.52
79.54
79.53
79.54
79.56
79.56
79.55
79.54
79.53
79.51
79.48
79.48
79.45
79.46
79.45
79.44
79.43
79.39
79.38
79.37
79.34
79.34
79.34
79.32
79.30
79.31
79.31
79.31
79.32
79.31
79.32
79.32
79.33
79.34
79.32
79.33
79.33
79.33
79.33
79.32
79.33
79.33
79.29
79.30
79.30
79.30
79.31
79.32
79.34
79.36
79.37
79.36
79.35
79.36
79.35
79.34
79.34
79.34
79.37
79.36
79.35
79.34
79.34
79.34
79.33
79.34
79.34
79.35
79.37
79.37
79.39
79.36
79.37
79.37
79.38
79.36
79.37
79.36
79.35
79.35
79.36
79.35
79.37
79.37
79.36
79.36
79.36
79.37
79.36
79.35
79.35
79.36
79.37
79.37
79.37
79.35
79.36
79.36
79.35
79.35
79.35
79.36
79.36
79.35
79.35
79.35
79.36
79.38
79.37
79.37
79.38
79.39
79.41
79.40
79.40
79.39
79.40
79.41
79.42
79.42
79.42
79.42
79.42
79.43
79.44
79.44
79.45
79.45
79.46
79.45
79.45
79.45
79.45
79.44
79.45
79.44
79.44
79.44
79.46
79.45
79.46
79.46
79.46
79.47
79.46
79.46
79.47
79.45
79.45
79.46
79.47
79.46
79.48
79.48
79.47
79.48
79.48
79.48
79.49
79.47
79.48
79.48
79.48
79.46
79.48
79.49
79.51
79.52
79.52
79.52
79.51
79.52
79.51
79.52
79.52
79.53
79.54
79.53
79.53
79.53
79.54
79.54
79.53
79.52
79.54
79.51
79.52
79.54
79.54
79.55
79.56
79.57
79.58
79.59
79.60
79.61
79.61
79.62
79.62
79.62
79.62
79.60
79.60
79.61
79.61
79.63
79.63
79.61
79.62
79.60
79.61
79.62
79.61
79.61
79.61
79.61
79.62
79.62
79.63
79.62
79.63
79.64
79.63
79.64
79.64
79.63
79.62
79.63
79.63
79.64
79.64
79.64
79.64
79.63
79.62
79.63
79.64
79.64
79.63
79.63
79.63
79.63
79.61
79.62
79.60
79.60
79.61
79.62
79.62
79.62
79.63
79.63
79.63
79.63
79.62
79.62
79.63
79.64
79.64
79.64
79.65
79.66
79.67
79.66
79.66
79.67
79.68
79.68
79.69
79.67
79.68
79.66
79.66
79.66
79.66
79.65
79.66
79.66
79.64
79.64
79.65
79.66
79.66
79.67
79.67
79.68
79.68
79.68
79.68
79.68
79.68
79.69
79.68
79.69
79.68
79.69
79.69
79.70
79.70
79.70
79.70
79.70
79.71
79.71
79.71
79.72
79.73
79.73
79.75
79.74
79.74
79.74
79.74
79.72
79.73
79.73
79.72
79.72
79.71
79.71
79.71
79.69
79.70
79.69
79.70
79.70
79.70
79.69
79.69
79.68
79.68
79.69
79.70
79.70
79.69
79.69
79.69
79.69
79.68
79.68
79.69
79.68
79.66
79.66
79.67
79.67
79.65
79.65
79.65
79.64
79.65
79.67
79.67
79.66
79.65
79.65
79.64
79.62
79.62
79.63
79.63
79.63
79.63
79.63
79.61
79.61
79.61
79.59
79.59
79.59
79.57
79.59
79.59
79.59
79.59
79.58
79.58
79.57
79.57
79.59
79.59
79.59
79.58
79.58
79.58
79.58
79.57
79.57
79.57
79.57
79.57
79.57
79.57
79.58
79.57
79.57
79.56
79.56
79.55
79.54
79.54
79.53
79.53
79.53
79.54
79.54
79.54
79.54
79.54
79.53
79.51
79.51
79.51
79.50
79.51
79.51
79.51
79.52
79.51
79.51
79.51
79.52
79.53
79.54
79.54
79.54
79.54
79.54
79.54
79.55
79.56
79.56
79.55
79.55
79.55
79.55
79.54
79.54
79.55
79.54
79.55
79.55
79.55
79.47
