75.00
75.00
74.48
73.05
74.06
75.26
76.12
75.78
76.39
77.03
76.99
77.08
77.28
77.46
77.92
78.32
78.68
78.73
78.95
78.83
78.65
78.05
77.72
77.73
77.88
77.82
77.78
77.90
77.75
77.66
77.62
77.78
77.75
77.62
77.59
77.43
76.94
77.14
77.36
77.19
77.29
77.23
77.11
77.06
77.05
77.24
77.33
77.21
77.26
77.22
77.36
77.31
77.39
77.29
77.36
77.34
77.33
77.53
77.60
77.40
77.48
77.57
77.68
77.69
77.69
77.77
77.80
77.78
77.83
77.72
77.71
77.76
77.68
77.66
77.69
77.75
77.58
77.62
77.63
77.60
77.51
77.55
77.47
77.36
77.39
77.45
77.41
77.43
77.49
77.45
77.42
77.43
77.45
77.48
77.42
77.51
77.55
77.54
77.49
77.48
77.54
77.62
77.67
77.61
77.65
77.64
77.58
77.59
77.57
77.57
77.58
77.57
77.60
77.54
77.51
77.51
77.58
77.60
77.68
77.71
77.74
77.65
77.64
77.72
77.72
77.72
77.74
77.81
77.80
77.79
77.81
77.83
77.90
77.92
77.95
78.02
77.94
77.96
77.97
78.02
78.01
78.04
78.04
78.03
78.05
78.03
78.08
78.17
78.21
78.21
78.27
78.25
78.23
78.20
78.23
78.26
78.23
78.24
78.28
78.27
78.27
78.32
78.29
78.26
78.29
78.26
78.26
78.27
78.25
78.22
78.18
78.21
78.19
78.21
78.17
78.16
78.20
78.23
78.23
78.23
78.19
78.14
78.16
78.12
78.14
78.19
78.17
78.21
78.20
78.17
78.19
78.21
78.25
78.30
78.33
78.31
78.28
78.25
78.19
78.17
78.17
78.17
78.19
78.17
78.18
78.17
78.21
78.28
78.26
78.24
78.24
78.24
78.21
78.18
78.12
78.10
78.09
78.10
78.09
78.09
78.08
78.05
78.07
78.08
78.07
78.08
78.07
78.06
78.08
78.07
78.06
78.10
78.10
78.10
78.12
78.13
78.12
78.11
78.13
78.14
78.16
78.14
78.14
78.14
78.12
78.14
78.15
78.13
78.12
78.09
78.08
78.06
78.08
78.07
78.03
78.03
78.04
78.05
78.06
78.06
78.06
78.05
78.04
78.01
78.00
78.04
78.04
78.04
78.02
78.02
78.05
78.03
78.05
78.02
78.01
78.02
77.99
77.96
77.97
77.96
77.93
77.90
77.91
77.91
77.91
77.89
77.86
77.87
77.86
77.88
77.90
77.89
77.88
77.86
77.84
77.85
77.88
77.86
77.85
77.85
77.85
77.84
77.83
77.82
77.78
77.80
77.80
77.81
77.85
77.86
77.89
77.88
77.89
77.90
77.95
77.93
77.92
77.90
77.90
77.92
77.91
77.90
77.90
77.92
77.91
77.90
77.92
77.94
77.95
77.95
77.96
77.96
77.99
77.97
77.99
77.99
78.00
78.01
77.97
77.98
78.00
77.99
78.01
78.03
78.08
78.09
78.08
78.08
78.08
78.09
78.09
78.08
78.06
78.05
78.06
78.07
78.08
78.09
78.12
78.11
78.09
78.09
78.09
78.09
78.10
78.09
78.05
78.05
78.05
78.06
78.06
78.08
78.08
78.07
78.07
78.06
78.08
78.09
78.08
78.07
78.06
78.06
78.06
78.06
78.08
78.09
78.10
78.08
78.04
78.05
78.06
78.04
78.04
78.03
78.04
78.04
78.05
78.07
78.09
78.10
78.10
78.11
78.10
78.10
78.10
78.07
78.07
78.06
78.08
78.08
78.11
78.10
78.09
78.11
78.13
78.13
78.14
78.14
78.14
78.14
78.15
78.15
78.15
78.16
78.15
78.12
78.13
78.12
78.14
78.16
78.16
78.16
78.18
78.15
78.15
78.15
78.15
78.16
78.16
78.16
78.16
78.17
78.18
78.21
78.22
78.23
78.22
78.25
78.25
78.25
78.27
78.27
78.27
78.27
78.28
78.30
78.30
78.27
78.28
78.29
78.30
78.30
78.31
78.31
78.32
78.33
78.34
78.34
78.33
78.35
78.36
78.37
78.38
78.38
78.37
78.35
78.35
78.35
78.35
78.36
78.36
78.36
78.36
78.36
78.36
78.36
78.37
78.37
78.38
78.37
78.38
78.39
78.41
78.40
78.41
78.41
78.41
78.43
78.44
78.45
78.45
78.45
78.45
78.45
78.45
78.47
78.46
78.47
78.47
78.46
78.46
78.48
78.49
78.50
78.49
78.49
78.49
78.50
78.50
78.50
78.49
78.48
78.47
78.47
78.44
78.43
78.45
78.44
78.46
78.45
78.43
78.43
78.45
78.43
78.43
78.44
78.45
78.44
78.44
78.45
78.45
78.47
78.46
78.46
78.45
78.47
78.47
78.47
78.47
78.48
78.48
78.48
78.47
78.48
78.46
78.44
78.45
78.46
78.45
78.45
78.46
78.46
78.47
78.47
78.47
78.48
78.49
78.50
78.50
78.48
78.49
78.50
78.50
78.50
78.51
78.50
78.50
78.50
78.49
78.51
78.50
78.50
78.51
78.50
78.50
78.49
78.49
78.51
78.48
78.50
78.49
78.49
78.50
78.49
78.50
78.51
78.51
78.51
78.51
78.51
78.51
78.50
78.48
78.47
78.47
78.47
78.46
78.47
78.46
78.46
78.45
78.44
78.44
78.43
78.45
78.44
78.45
78.45
78.44
78.43
78.43
78.43
78.44
78.44
78.43
78.42
78.40
78.41
78.41
78.41
78.41
78.42
78.41
78.41
78.40
78.40
78.40
78.40
78.40
78.42
78.42
78.42
78.42
78.41
78.42
78.42
78.43
78.43
78.44
78.45
78.43
78.44
78.44
78.45
78.44
78.44
78.45
78.45
78.44
78.43
78.43
78.44
78.45
78.44
78.44
78.43
78.44
78.45
78.45
78.45
78.45
78.45
78.44
78.45
78.45
78.44
78.45
78.44
78.42
78.41
78.40
78.41
78.40
78.40
78.40
78.41
78.42
78.41
78.40
78.41
78.41
78.41
78.41
78.40
78.41
78.40
78.41
78.41
78.41
78.41
78.41
78.41
78.42
78.44
78.43
78.42
78.41
78.41
78.41
78.41
78.42
78.41
78.40
78.41
78.41
78.40
78.40
78.40
78.41
78.42
78.41
78.41
78.41
78.42
78.41
78.40
78.40
78.41
78.40
78.41
78.40
78.42
78.42
78.43
78.44
78.45
78.45
78.44
78.45
78.44
78.43
78.44
78.44
78.43
78.44
78.45
78.45
78.44
78.44
78.44
78.43
78.44
78.44
78.44
78.44
78.45
78.46
78.45
78.45
78.45
78.45
78.46
78.45
78.45
78.45
78.46
78.46
78.46
78.46
78.47
78.48
78.48
78.48
78.48
78.48
78.48
78.48
78.49
78.49
78.49
78.48
78.40
