71.88
78.91
81.25
79.30
78.44
79.95
79.24
78.71
77.78
76.72
77.27
76.69
77.16
77.01
77.60
77.73
77.76
77.86
77.96
78.28
78.35
78.34
78.26
78.19
78.06
78.00
78.07
78.12
78.02
77.97
77.92
78.03
78.08
77.85
77.86
77.82
77.66
77.84
77.80
77.66
77.63
77.68
77.73
77.70
77.78
77.96
77.83
77.83
77.71
77.72
77.73
77.67
77.74
77.81
77.84
77.62
77.52
77.59
77.57
77.55
77.51
77.60
77.68
77.73
77.76
77.84
77.89
77.87
77.90
78.10
78.12
78.15
78.06
78.06
78.02
78.00
77.92
77.92
77.99
78.03
77.89
77.95
77.92
77.83
77.81
77.74
77.71
77.63
77.60
77.59
77.52
77.45
77.28
77.28
77.37
77.38
77.34
77.38
77.37
77.38
77.40
77.34
77.34
77.33
77.43
77.40
77.37
77.42
77.52
77.59
77.60
77.64
77.65
77.60
77.60
77.53
77.47
77.40
77.34
77.38
77.38
77.37
77.38
77.36
77.40
77.31
77.25
77.20
77.17
77.13
77.06
77.06
77.01
77.02
76.99
77.03
77.00
77.02
77.00
76.95
76.94
76.99
76.99
77.01
76.93
76.92
76.91
76.98
77.00
76.97
77.00
76.99
77.05
77.06
77.08
77.04
77.03
77.05
76.99
76.95
76.98
76.95
77.00
77.00
76.94
76.96
76.97
76.97
77.00
77.00
76.97
76.95
76.98
76.98
76.96
76.95
76.92
76.95
76.95
76.96
76.96
76.93
76.96
76.99
77.06
77.03
77.06
77.05
77.06
77.06
77.04
77.03
77.00
77.01
77.02
77.04
77.01
76.99
76.97
76.95
76.91
76.91
76.92
76.91
76.89
76.87
76.86
76.89
76.91
76.89
76.88
76.89
76.91
76.91
76.90
76.90
76.93
76.94
76.94
76.92
76.91
76.90
76.91
76.94
76.93
76.92
76.93
76.92
76.95
76.94
76.99
77.01
77.00
76.96
76.97
76.95
76.96
76.96
76.99
76.98
76.95
76.97
76.98
76.94
76.93
76.92
76.87
76.85
76.83
76.85
76.82
76.83
76.83
76.81
76.81
76.81
76.82
76.85
76.85
76.85
76.86
76.87
76.87
76.87
76.86
76.85
76.86
76.84
76.84
76.83
76.84
76.86
76.85
76.86
76.87
76.89
76.88
76.88
76.86
76.86
76.86
76.87
76.89
76.90
76.90
76.90
76.88
76.88
76.85
76.88
76.91
76.92
76.94
76.95
76.96
76.94
76.91
76.93
76.94
76.94
76.93
76.93
76.94
76.94
76.93
76.91
76.92
76.92
76.91
76.89
76.87
76.88
76.86
76.86
76.87
76.86
76.87
76.88
76.87
76.84
76.82
76.81
76.82
76.84
76.86
76.85
76.86
76.86
76.85
76.86
76.87
76.86
76.86
76.82
76.84
76.85
76.84
76.83
76.80
76.83
76.79
76.76
76.76
76.74
76.74
76.78
76.79
76.77
76.77
76.77
76.77
76.78
76.79
76.78
76.79
76.79
76.76
76.75
76.74
76.74
76.72
76.72
76.72
76.73
76.73
76.74
76.72
76.75
76.74
76.73
76.72
76.71
76.72
76.73
76.73
76.70
76.70
76.71
76.71
76.71
76.71
76.71
76.69
76.70
76.74
76.76
76.76
76.78
76.76
76.72
76.74
76.73
76.70
76.71
76.71
76.71
76.70
76.71
76.69
76.71
76.69
76.68
76.65
76.66
76.68
76.68
76.68
76.68
76.68
76.68
76.67
76.67
76.68
76.69
76.69
76.69
76.70
76.73
76.74
76.73
76.71
76.70
76.72
76.73
76.69
76.67
76.65
76.66
76.67
76.68
76.67
76.69
76.68
76.67
76.66
76.65
76.65
76.68
76.69
76.68
76.70
76.73
76.72
76.72
76.70
76.69
76.68
76.67
76.67
76.67
76.67
76.68
76.69
76.69
76.70
76.71
76.70
76.69
76.69
76.69
76.69
76.68
76.67
76.67
76.68
76.68
76.68
76.68
76.70
76.70
76.70
76.71
76.70
76.70
76.71
76.71
76.72
76.72
76.73
76.72
76.71
76.72
76.74
76.73
76.73
76.73
76.73
76.72
76.72
76.72
76.72
76.72
76.72
76.71
76.71
76.71
76.72
76.74
76.74
76.76
76.74
76.74
76.73
76.73
76.71
76.69
76.70
76.70
76.72
76.72
76.72
76.71
76.71
76.72
76.74
76.73
76.73
76.73
76.73
76.72
76.72
76.74
76.74
76.75
76.75
76.77
76.78
76.78
76.78
76.78
76.79
76.80
76.80
76.81
76.82
76.80
76.78
76.79
76.78
76.79
76.78
76.78
76.79
76.79
76.78
76.79
76.80
76.78
76.77
76.76
76.76
76.76
76.77
76.76
76.78
76.79
76.79
76.79
76.80
76.79
76.79
76.80
76.80
76.81
76.80
76.79
76.80
76.82
76.82
76.81
76.81
76.81
76.82
76.82
76.81
76.81
76.81
76.81
76.81
76.82
76.83
76.84
76.84
76.84
76.85
76.86
76.87
76.88
76.88
76.89
76.89
76.89
76.89
76.89
76.90
76.90
76.92
76.92
76.92
76.92
76.92
76.93
76.94
76.95
76.94
76.95
76.94
76.93
76.92
76.92
76.91
76.89
76.88
76.87
76.86
76.86
76.86
76.85
76.84
76.85
76.87
76.87
76.89
76.88
76.89
76.89
76.90
76.91
76.92
76.91
76.92
76.91
76.91
76.91
76.92
76.91
76.92
76.91
76.91
76.94
76.95
76.97
76.97
76.98
76.97
76.96
76.94
76.94
76.93
76.93
76.93
76.93
76.94
76.94
76.94
76.94
76.94
76.95
76.96
76.96
76.94
76.93
76.93
76.93
76.94
76.95
76.94
76.94
76.94
76.94
76.93
76.93
76.93
76.92
76.92
76.92
76.92
76.92
76.93
76.93
76.93
76.94
76.93
76.92
76.92
76.92
76.94
76.93
76.93
76.95
76.95
76.95
76.95
76.95
76.95
76.96
76.96
76.97
76.98
76.98
76.98
76.98
76.98
76.98
76.98
76.98
76.98
76.98
76.99
76.99
76.98
76.98
76.98
76.97
76.96
76.95
76.95
76.95
76.95
76.94
76.93
76.93
76.93
76.93
76.93
76.93
76.93
76.92
76.92
76.93
76.93
76.91
76.91
76.89
76.89
76.89
76.90
76.90
76.90
76.91
76.92
76.92
76.93
76.92
76.93
76.93
76.94
76.93
76.93
76.92
76.91
76.90
76.90
76.90
76.90
76.90
76.90
76.89
76.90
76.90
76.91
76.90
76.90
76.91
76.91
76.90
76.90
76.90
76.91
76.91
76.92
76.91
76.90
76.89
76.90
76.90
76.90
76.89
76.89
76.89
76.90
76.82
