78.12
75.78
79.69
80.86
80.62
80.73
81.25
80.66
80.90
80.47
80.97
80.86
81.01
81.47
81.56
81.93
81.80
81.77
81.66
81.56
81.85
82.03
81.52
81.51
81.44
81.49
81.37
81.53
81.52
81.61
81.60
81.64
81.34
81.62
81.74
81.81
81.76
81.54
81.49
81.64
81.67
81.66
81.61
81.75
81.70
81.49
81.45
81.32
81.35
81.41
81.37
81.43
81.46
81.37
81.31
81.39
81.20
81.14
81.22
81.25
81.20
81.30
81.23
81.23
81.15
81.25
81.23
81.16
81.14
81.00
80.92
81.01
81.01
80.98
81.06
81.02
80.93
80.93
80.76
80.72
80.75
80.72
80.70
80.67
80.61
80.56
80.60
80.61
80.67
80.66
80.61
80.57
80.51
80.52
80.58
80.68
80.72
80.80
80.81
80.77
80.74
80.71
80.70
80.68
80.60
80.57
80.64
80.58
80.56
80.62
80.64
80.68
80.68
80.73
80.77
80.83
80.78
80.69
80.67
80.66
80.58
80.58
80.53
80.52
80.61
80.58
80.59
80.54
80.49
80.46
80.46
80.49
80.51
80.52
80.56
80.60
80.62
80.60
80.63
80.57
80.56
80.52
80.52
80.47
80.51
80.49
80.51
80.55
80.53
80.47
80.50
80.47
80.52
80.55
80.57
80.55
80.57
80.56
80.51
80.50
80.53
80.49
80.38
80.42
80.41
80.36
80.38
80.38
80.42
80.45
80.45
80.44
80.44
80.41
80.42
80.42
80.46
80.48
80.46
80.45
80.45
80.43
80.43
80.43
80.41
80.43
80.40
80.39
80.37
80.36
80.36
80.34
80.30
80.30
80.33
80.34
80.35
80.39
80.41
80.47
80.44
80.45
80.41
80.44
80.45
80.46
80.42
80.39
80.38
80.39
80.40
80.41
80.38
80.34
80.36
80.32
80.31
80.30
80.32
80.30
80.30
80.26
80.27
80.26
80.24
80.25
80.26
80.28
80.30
80.26
80.25
80.28
80.30
80.30
80.31
80.30
80.26
80.23
80.26
80.25
80.28
80.28
80.26
80.29
80.29
80.28
80.28
80.25
80.25
80.24
80.25
80.23
80.24
80.23
80.20
80.22
80.21
80.22
80.21
80.19
80.19
80.18
80.17
80.17
80.15
80.17
80.16
80.15
80.17
80.17
80.19
80.17
80.16
80.18
80.18
80.20
80.20
80.20
80.19
80.22
80.22
80.22
80.21
80.19
80.16
80.16
80.17
80.16
80.19
80.18
80.15
80.14
80.14
80.16
80.17
80.19
80.19
80.22
80.21
80.21
80.21
80.23
80.25
80.27
80.28
80.30
80.29
80.29
80.25
80.25
80.26
80.28
80.28
80.27
80.26
80.27
80.25
80.27
80.26
80.25
80.28
80.27
80.28
80.26
80.27
80.29
80.28
80.27
80.28
80.27
80.25
80.24
80.23
80.23
80.20
80.20
80.18
80.19
80.22
80.23
80.23
80.23
80.22
80.21
80.24
80.24
80.23
80.24
80.26
80.26
80.26
80.26
80.27
80.28
80.29
80.27
80.28
80.28
80.28
80.26
80.25
80.24
80.25
80.25
80.25
80.26
80.29
80.28
80.30
80.30
80.32
80.33
80.33
80.34
80.33
80.32
80.30
80.30
80.30
80.30
80.33
80.36
80.36
80.37
80.33
80.32
80.34
80.35
80.37
80.37
80.35
80.36
80.37
80.36
80.36
80.35
80.37
80.34
80.37
80.39
80.37
80.36
80.35
80.36
80.36
80.36
80.34
80.33
80.33
80.32
80.32
80.33
80.36
80.35
80.35
80.37
80.38
80.37
80.37
80.36
80.37
80.39
80.40
80.40
80.36
80.38
80.36
80.34
80.36
80.37
80.35
80.34
80.34
80.35
80.34
80.33
80.33
80.32
80.35
80.35
80.37
80.37
80.37
80.37
80.38
80.39
80.37
80.39
80.37
80.37
80.39
80.38
80.39
80.40
80.41
80.40
80.40
80.39
80.38
80.36
80.36
80.37
80.37
80.37
80.38
80.39
80.39
80.39
80.40
80.39
80.38
80.37
80.38
80.40
80.41
80.42
80.42
80.42
80.43
80.44
80.44
80.43
80.43
80.41
80.40
80.40
80.40
80.39
80.39
80.40
80.39
80.39
80.39
80.40
80.38
80.39
80.39
80.40
80.39
80.39
80.40
80.39
80.40
80.38
80.39
80.39
80.38
80.39
80.41
80.39
80.40
80.41
80.40
80.40
80.39
80.40
80.41
80.39
80.39
80.39
80.38
80.38
80.40
80.42
80.42
80.42
80.40
80.39
80.39
80.39
80.40
80.40
80.39
80.40
80.39
80.39
80.40
80.40
80.40
80.40
80.40
80.41
80.41
80.41
80.42
80.43
80.42
80.44
80.45
80.45
80.44
80.44
80.42
80.41
80.41
80.40
80.39
80.39
80.39
80.40
80.41
80.41
80.40
80.40
80.38
80.38
80.38
80.38
80.39
80.41
80.41
80.43
80.42
80.42
80.42
80.44
80.43
80.43
80.42
80.41
80.42
80.43
80.44
80.44
80.45
80.43
80.43
80.42
80.43
80.41
80.39
80.39
80.39
80.40
80.40
80.42
80.42
80.42
80.41
80.40
80.40
80.40
80.42
80.42
80.43
80.42
80.41
80.41
80.42
80.41
80.43
80.44
80.44
80.43
80.43
80.43
80.43
80.45
80.44
80.43
80.44
80.44
80.44
80.44
80.43
80.44
80.45
80.45
80.45
80.46
80.46
80.46
80.46
80.45
80.46
80.46
80.45
80.45
80.45
80.43
80.44
80.44
80.45
80.44
80.46
80.46
80.46
80.45
80.44
80.44
80.44
80.44
80.44
80.43
80.43
80.41
80.41
80.40
80.39
80.40
80.41
80.40
80.42
80.42
80.41
80.42
80.43
80.42
80.42
80.42
80.42
80.41
80.41
80.41
80.40
80.39
80.40
80.41
80.40
80.41
80.40
80.41
80.41
80.40
80.40
80.40
80.40
80.42
80.42
80.42
80.42
80.40
80.39
80.39
80.38
80.38
80.38
80.39
80.39
80.39
80.39
80.40
80.39
80.38
80.37
80.38
80.37
80.36
80.36
80.34
80.33
80.33
80.33
80.34
80.33
80.32
80.32
80.31
80.30
80.31
80.31
80.32
80.32
80.32
80.33
80.32
80.32
80.31
80.32
80.30
80.30
80.31
80.31
80.30
80.29
80.30
80.30
80.31
80.30
80.30
80.30
80.30
80.30
80.29
80.30
80.30
80.30
80.30
80.30
80.31
80.29
80.31
80.31
80.32
80.31
80.31
80.32
80.31
80.32
80.32
80.31
80.32
80.31
80.31
80.31
80.31
80.31
80.31
80.33
80.32
80.32
80.33
80.34
80.33
80.33
80.33
80.32
80.33
80.33
80.32
80.32
80.24
