84.38
84.38
79.69
80.86
80.00
80.21
79.69
81.05
81.77
80.94
81.53
81.25
81.61
81.70
81.98
82.03
81.43
81.34
81.17
81.33
81.70
81.89
82.20
82.16
81.81
81.91
81.54
81.47
81.41
80.94
80.70
80.66
80.78
80.74
80.71
80.60
80.79
80.76
80.81
81.02
80.98
81.06
81.07
81.14
81.08
80.94
80.82
80.92
80.87
80.75
80.67
80.74
80.63
80.70
80.74
80.72
80.56
80.63
80.59
80.70
80.71
80.75
80.63
80.59
80.43
80.52
80.41
80.35
80.37
80.38
80.39
80.34
80.48
80.47
80.56
80.61
80.56
80.61
80.72
80.66
80.63
80.64
80.55
80.52
80.51
80.38
80.39
80.34
80.34
80.35
80.37
80.38
80.34
80.34
80.35
80.34
80.33
80.29
80.35
80.38
80.46
80.45
80.35
80.38
80.39
80.37
80.39
80.40
80.42
80.47
80.50
80.47
80.52
80.52
80.49
80.52
80.56
80.52
80.53
80.52
80.54
80.55
80.50
80.53
80.51
80.54
80.55
80.58
80.56
80.53
80.43
80.40
80.39
80.38
80.35
80.40
80.39
80.37
80.36
80.38
80.39
80.36
80.32
80.27
80.28
80.28
80.28
80.24
80.30
80.28
80.30
80.27
80.24
80.25
80.24
80.23
80.32
80.29
80.33
80.36
80.32
80.36
80.33
80.34
80.30
80.31
80.31
80.33
80.30
80.33
80.31
80.30
80.30
80.33
80.33
80.29
80.27
80.28
80.32
80.33
80.29
80.32
80.32
80.30
80.33
80.36
80.38
80.36
80.35
80.36
80.37
80.32
80.28
80.26
80.26
80.29
80.27
80.26
80.28
80.31
80.31
80.34
80.33
80.36
80.31
80.32
80.27
80.24
80.26
80.20
80.18
80.20
80.19
80.14
80.15
80.15
80.18
80.23
80.24
80.25
80.27
80.24
80.20
80.22
80.25
80.26
80.26
80.28
80.25
80.22
80.19
80.23
80.18
80.20
80.21
80.18
80.19
80.21
80.22
80.18
80.21
80.26
80.25
80.26
80.23
80.21
80.23
80.20
80.21
80.23
80.25
80.26
80.24
80.28
80.26
80.26
80.27
80.25
80.24
80.24
80.24
80.24
80.24
80.24
80.25
80.26
80.24
80.24
80.24
80.23
80.22
80.20
80.20
80.21
80.24
80.26
80.23
80.22
80.17
80.16
80.15
80.14
80.17
80.16
80.15
80.16
80.19
80.19
80.21
80.23
80.22
80.23
80.23
80.25
80.25
80.28
80.28
80.27
80.26
80.28
80.29
80.30
80.31
80.31
80.30
80.28
80.28
80.31
80.33
80.33
80.34
80.36
80.35
80.34
80.33
80.35
80.34
80.31
80.32
80.33
80.32
80.31
80.33
80.33
80.32
80.32
80.33
80.34
80.34
80.34
80.34
80.37
80.37
80.38
80.38
80.40
80.39
80.38
80.39
80.38
80.40
80.41
80.39
80.39
80.41
80.43
80.39
80.40
80.40
80.40
80.41
80.39
80.38
80.38
80.37
80.38
80.34
80.32
80.31
80.32
80.31
80.28
80.30
80.30
80.30
80.29
80.26
80.26
80.29
80.29
80.28
80.27
80.25
80.24
80.25
80.25
80.27
80.25
80.26
80.27
80.27
80.24
80.23
80.24
80.24
80.25
80.25
80.26
80.26
80.26
80.25
80.24
80.24
80.24
80.24
80.24
80.25
80.24
80.24
80.25
80.25
80.24
80.25
80.25
80.28
80.29
80.29
80.28
80.25
80.25
80.26
80.25
80.24
80.26
80.26
80.23
80.23
80.23
80.23
80.22
80.22
80.22
80.22
80.22
80.22
80.22
80.24
80.23
80.23
80.24
80.24
80.23
80.23
80.23
80.22
80.22
80.22
80.21
80.21
80.20
80.21
80.20
80.18
80.17
80.18
80.17
80.18
80.17
80.16
80.14
80.14
80.16
80.16
80.16
80.16
80.19
80.20
80.18
80.17
80.17
80.16
80.17
80.18
80.20
80.20
80.21
80.22
80.21
80.21
80.21
80.21
80.21
80.21
80.20
80.19
80.19
80.20
80.20
80.19
80.20
80.20
80.21
80.21
80.21
80.22
80.22
80.22
80.22
80.21
80.22
80.23
80.22
80.24
80.24
80.25
80.24
80.23
80.24
80.24
80.25
80.23
80.23
80.23
80.23
80.24
80.24
80.25
80.25
80.24
80.24
80.22
80.22
80.23
80.21
80.20
80.20
80.21
80.22
80.21
80.21
80.22
80.21
80.21
80.21
80.20
80.22
80.22
80.20
80.20
80.20
80.19
80.21
80.19
80.17
80.18
80.20
80.21
80.21
80.22
80.22
80.21
80.21
80.22
80.23
80.22
80.22
80.22
80.21
80.22
80.22
80.22
80.23
80.22
80.22
80.23
80.25
80.26
80.25
80.25
80.26
80.26
80.27
80.28
80.26
80.26
80.27
80.26
80.26
80.27
80.27
80.28
80.27
80.27
80.27
80.28
80.28
80.29
80.29
80.31
80.32
80.32
80.33
80.33
80.33
80.32
80.33
80.34
80.34
80.32
80.33
80.33
80.32
80.31
80.30
80.30
80.30
80.29
80.30
80.30
80.31
80.32
80.32
80.29
80.29
80.28
80.28
80.30
80.31
80.31
80.31
80.32
80.32
80.33
80.33
80.34
80.34
80.35
80.36
80.36
80.35
80.34
80.35
80.36
80.37
80.38
80.37
80.37
80.36
80.36
80.36
80.37
80.37
80.37
80.37
80.36
80.36
80.35
80.36
80.35
80.35
80.34
80.35
80.35
80.35
80.35
80.35
80.37
80.37
80.35
80.35
80.35
80.35
80.34
80.34
80.35
80.35
80.36
80.36
80.35
80.35
80.35
80.35
80.36
80.35
80.35
80.34
80.33
80.33
80.34
80.34
80.34
80.34
80.33
80.33
80.32
80.31
80.29
80.28
80.28
80.28
80.29
80.29
80.29
80.28
80.28
80.28
80.29
80.28
80.29
80.28
80.27
80.27
80.25
80.25
80.25
80.24
80.25
80.26
80.26
80.27
80.26
80.26
80.26
80.25
80.24
80.24
80.24
80.25
80.26
80.26
80.26
80.26
80.25
80.25
80.26
80.27
80.27
80.28
80.28
80.27
80.28
80.27
80.26
80.26
80.25
80.25
80.24
80.25
80.26
80.25
80.26
80.26
80.27
80.27
80.27
80.27
80.26
80.25
80.26
80.26
80.27
80.27
80.28
80.28
80.28
80.28
80.27
80.27
80.26
80.26
80.26
80.26
80.27
80.26
80.25
80.25
80.24
80.24
80.24
80.25
80.25
80.25
80.25
80.26
80.27
80.27
80.28
80.27
80.28
80.27
80.27
80.27
80.28
80.29
80.29
80.29
80.30
80.29
80.29
80.29
80.29
80.21
