60.94
57.81
53.65
54.69
54.69
53.12
52.46
51.37
51.22
51.41
52.27
51.95
51.44
50.89
51.04
51.07
51.29
50.87
50.90
51.33
51.41
51.42
51.56
51.50
51.31
51.20
50.93
50.78
50.48
50.63
50.60
50.29
50.19
50.55
50.58
50.74
50.80
50.53
50.64
50.74
50.91
50.97
51.24
51.17
51.28
51.43
51.43
51.37
51.59
51.78
51.78
51.86
51.83
51.97
51.96
52.09
52.19
52.13
52.07
52.06
51.92
52.04
52.11
51.90
51.92
51.78
51.84
51.91
51.97
52.03
52.00
51.97
51.95
51.92
52.08
51.97
51.87
51.88
51.86
51.88
51.91
51.94
52.09
52.08
52.02
52.13
52.12
52.13
52.12
52.01
51.85
51.82
51.83
51.89
51.88
51.82
51.80
51.87
51.91
52.02
51.89
51.91
51.90
51.88
51.83
51.86
51.88
51.85
51.82
51.78
51.79
51.76
51.78
51.73
51.77
51.76
51.74
51.73
51.79
51.71
51.65
51.64
51.69
51.73
51.72
51.75
51.61
51.61
51.64
51.57
51.54
51.55
51.53
51.46
51.42
51.32
51.36
51.36
51.36
51.31
51.33
51.24
51.21
51.17
51.09
51.04
51.12
51.09
51.13
51.23
51.20
51.19
51.29
51.33
51.33
51.41
51.39
51.35
51.35
51.31
51.31
51.35
51.40
51.34
51.38
51.38
51.34
51.37
51.40
51.43
51.39
51.39
51.40
51.44
51.46
51.49
51.49
51.47
51.49
51.47
51.48
51.49
51.41
51.43
51.40
51.42
51.45
51.42
51.46
51.49
51.46
51.49
51.47
51.47
51.47
51.46
51.45
51.43
51.45
51.48
51.45
51.50
51.46
51.49
51.46
51.44
51.50
51.52
51.50
51.54
51.58
51.60
51.58
51.61
51.58
51.58
51.59
51.58
51.58
51.53
51.54
51.53
51.53
51.55
51.60
51.62
51.61
51.61
51.59
51.58
51.55
51.58
51.60
51.58
51.54
51.50
51.51
51.52
51.49
51.46
51.48
51.52
51.52
51.55
51.53
51.52
51.47
51.44
51.44
51.42
51.43
51.41
51.41
51.43
51.44
51.42
51.43
51.42
51.41
51.41
51.41
51.41
51.40
51.40
51.40
51.46
51.45
51.46
51.48
51.48
51.50
51.48
51.48
51.48
51.50
51.51
51.48
51.47
51.44
51.42
51.40
51.39
51.40
51.37
51.34
51.32
51.32
51.29
51.32
51.32
51.29
51.28
51.25
51.24
51.24
51.23
51.24
51.28
51.28
51.27
51.23
51.21
51.22
51.20
51.20
51.22
51.22
51.19
51.19
51.23
51.23
51.22
51.23
51.22
51.26
51.30
51.28
51.26
51.25
51.23
51.26
51.22
51.23
51.22
51.19
51.23
51.21
51.20
51.23
51.24
51.22
51.22
51.22
51.20
51.21
51.20
51.17
51.21
51.22
51.20
51.23
51.20
51.24
51.25
51.28
51.27
51.27
51.28
51.29
51.29
51.27
51.27
51.23
51.23
51.23
51.21
51.19
51.17
51.18
51.18
51.19
51.18
51.19
51.19
51.17
51.20
51.20
51.20
51.22
51.22
51.20
51.20
51.23
51.22
51.20
51.22
51.21
51.19
51.19
51.18
51.19
51.17
51.18
51.18
51.19
51.20
51.20
51.17
51.16
51.15
51.17
51.16
51.16
51.15
51.16
51.13
51.11
51.08
51.06
51.07
51.09
51.11
51.12
51.14
51.13
51.14
51.15
51.15
51.12
51.13
51.14
51.14
51.14
51.14
51.14
51.15
51.14
51.14
51.14
51.14
51.13
51.14
51.13
51.15
51.17
51.16
51.16
51.14
51.17
51.18
51.18
51.17
51.17
51.19
51.21
51.23
51.26
51.24
51.21
51.24
51.24
51.24
51.22
51.22
51.24
51.26
51.29
51.30
51.30
51.30
51.29
51.28
51.25
51.24
51.22
51.20
51.20
51.20
51.20
51.18
51.18
51.15
51.15
51.14
51.16
51.19
51.21
51.22
51.20
51.21
51.21
51.22
51.22
51.23
51.25
51.23
51.25
51.26
51.27
51.26
51.25
51.24
51.27
51.26
51.27
51.27
51.27
51.28
51.27
51.25
51.25
51.25
51.25
51.24
51.22
51.23
51.23
51.25
51.24
51.23
51.22
51.21
51.21
51.20
51.19
51.17
51.18
51.20
51.22
51.23
51.22
51.22
51.21
51.20
51.21
51.21
51.21
51.20
51.22
51.23
51.22
51.22
51.24
51.24
51.24
51.25
51.27
51.25
51.26
51.26
51.27
51.27
51.26
51.26
51.25
51.24
51.23
51.24
51.24
51.23
51.22
51.22
51.21
51.20
51.20
51.22
51.24
51.23
51.23
51.24
51.23
51.23
51.25
51.26
51.27
51.27
51.25
51.27
51.26
51.26
51.26
51.26
51.26
51.25
51.25
51.26
51.25
51.24
51.23
51.23
51.23
51.24
51.24
51.23
51.24
51.25
51.25
51.25
51.25
51.25
51.25
51.25
51.25
51.24
51.23
51.23
51.23
51.24
51.24
51.23
51.25
51.26
51.26
51.26
51.26
51.27
51.27
51.25
51.25
51.25
51.24
51.25
51.26
51.28
51.28
51.29
51.29
51.28
51.28
51.27
51.27
51.28
51.27
51.27
51.26
51.26
51.26
51.25
51.28
51.27
51.27
51.28
51.27
51.27
51.28
51.28
51.28
51.28
51.28
51.27
51.27
51.26
51.26
51.27
51.26
51.26
51.25
51.25
51.25
51.25
51.27
51.28
51.28
51.28
51.29
51.29
51.30
51.31
51.32
51.31
51.31
51.31
51.31
51.31
51.30
51.30
51.29
51.29
51.29
51.29
51.29
51.29
51.29
51.29
51.29
51.28
51.29
51.28
51.29
51.30
51.28
51.28
51.27
51.26
51.27
51.27
51.28
51.29
51.30
51.31
51.31
51.30
51.29
51.29
51.29
51.28
51.27
51.26
51.26
51.26
51.27
51.28
51.28
51.27
51.26
51.27
51.26
51.27
51.27
51.26
51.26
51.26
51.27
51.26
51.27
51.26
51.27
51.26
51.27
51.27
51.26
51.27
51.28
51.29
51.29
51.28
51.27
51.26
51.27
51.27
51.27
51.27
51.28
51.27
51.27
51.28
51.27
51.28
51.29
51.29
51.29
51.30
51.31
51.30
51.30
51.29
51.30
51.30
51.29
51.29
51.31
51.32
51.31
51.30
51.30
51.31
51.30
51.30
51.30
51.30
51.29
51.29
51.29
51.29
51.29
51.29
51.30
51.29
51.29
51.29
51.29
51.29
51.30
51.32
51.32
51.30
51.30
51.29
51.28
51.28
51.28
51.29
51.29
51.29
51.30
51.29
51.28
51.29
51.30
51.30
51.31
51.25
