82.81
78.91
75.00
76.56
76.88
77.86
78.35
77.93
77.60
77.81
78.55
77.86
78.49
78.79
78.65
79.30
78.77
79.08
79.36
79.53
79.39
80.04
79.89
79.95
79.88
79.93
80.03
79.97
80.12
80.00
80.24
80.47
80.63
80.33
80.54
80.25
80.32
80.22
80.37
80.51
80.53
80.65
80.70
80.68
80.83
80.88
80.62
80.70
80.77
80.88
80.88
80.92
81.07
81.05
81.05
81.03
81.03
81.12
81.28
81.33
81.38
81.45
81.25
81.23
81.11
81.01
80.97
81.00
80.93
80.98
80.99
80.92
80.76
80.79
80.73
80.80
80.78
80.77
80.76
80.84
80.84
80.81
80.82
80.78
80.86
80.72
80.66
80.61
80.71
80.66
80.61
80.55
80.58
80.55
80.46
80.49
80.48
80.50
80.48
80.53
80.54
80.53
80.46
80.42
80.37
80.34
80.37
80.32
80.28
80.31
80.32
80.39
80.38
80.37
80.31
80.36
80.33
80.36
80.28
80.26
80.22
80.15
80.14
80.14
80.19
80.18
80.23
80.24
80.23
80.20
80.25
80.26
80.12
80.13
80.13
80.09
80.10
80.07
80.06
80.13
80.15
80.18
80.19
80.26
80.26
80.28
80.30
80.35
80.35
80.36
80.32
80.29
80.29
80.39
80.39
80.37
80.36
80.31
80.27
80.32
80.33
80.30
80.26
80.23
80.29
80.32
80.31
80.24
80.24
80.27
80.27
80.30
80.27
80.23
80.22
80.23
80.25
80.23
80.22
80.20
80.21
80.20
80.23
80.12
80.11
80.07
80.07
80.11
80.13
80.15
80.18
80.22
80.25
80.22
80.23
80.19
80.16
80.20
80.24
80.25
80.27
80.21
80.24
80.24
80.24
80.25
80.23
80.27
80.29
80.28
80.29
80.31
80.33
80.34
80.35
80.33
80.36
80.38
80.39
80.38
80.39
80.40
80.40
80.39
80.42
80.41
80.40
80.39
80.43
80.48
80.47
80.41
80.37
80.36
80.39
80.38
80.34
80.36
80.35
80.34
80.37
80.37
80.36
80.37
80.38
80.42
80.38
80.39
80.41
80.41
80.40
80.40
80.40
80.42
80.42
80.40
80.42
80.38
80.39
80.40
80.38
80.37
80.37
80.39
80.37
80.41
80.42
80.39
80.40
80.43
80.46
80.46
80.47
80.49
80.48
80.48
80.47
80.47
80.46
80.48
80.45
80.47
80.45
80.44
80.47
80.47
80.49
80.46
80.48
80.48
80.47
80.47
80.46
80.46
80.47
80.46
80.49
80.46
80.49
80.49
80.51
80.49
80.49
80.48
80.46
80.46
80.47
80.43
80.41
80.40
80.41
80.43
80.45
80.47
80.48
80.48
80.50
80.48
80.50
80.50
80.48
80.48
80.49
80.47
80.49
80.49
80.49
80.47
80.47
80.46
80.45
80.45
80.42
80.44
80.40
80.39
80.39
80.39
80.39
80.37
80.37
80.39
80.38
80.39
80.41
80.42
80.43
80.44
80.44
80.42
80.43
80.38
80.38
80.37
80.37
80.37
80.37
80.38
80.37
80.38
80.37
80.37
80.37
80.37
80.37
80.37
80.38
80.38
80.39
80.38
80.38
80.39
80.37
80.38
80.38
80.39
80.38
80.37
80.34
80.35
80.36
80.35
80.33
80.34
80.33
80.34
80.35
80.36
80.37
80.36
80.35
80.36
80.36
80.35
80.34
80.35
80.36
80.37
80.35
80.36
80.36
80.36
80.37
80.36
80.35
80.31
80.30
80.31
80.30
80.30
80.31
80.31
80.28
80.28
80.28
80.27
80.27
80.27
80.30
80.26
80.26
80.24
80.22
80.24
80.25
80.25
80.25
80.26
80.26
80.27
80.27
80.27
80.28
80.30
80.29
80.29
80.30
80.30
80.30
80.30
80.28
80.28
80.30
80.29
80.31
80.32
80.33
80.33
80.34
80.33
80.33
80.32
80.32
80.32
80.33
80.32
80.33
80.34
80.33
80.34
80.36
80.37
80.38
80.40
80.39
80.41
80.42
80.42
80.44
80.44
80.45
80.44
80.44
80.44
80.43
80.43
80.43
80.43
80.43
80.43
80.44
80.43
80.43
80.43
80.43
80.44
80.44
80.43
80.43
80.42
80.43
80.44
80.43
80.43
80.44
80.43
80.44
80.43
80.42
80.43
80.42
80.42
80.42
80.41
80.41
80.40
80.38
80.36
80.36
80.36
80.34
80.36
80.36
80.38
80.39
80.40
80.39
80.39
80.38
80.38
80.36
80.37
80.36
80.34
80.34
80.34
80.34
80.35
80.35
80.35
80.35
80.36
80.34
80.35
80.36
80.37
80.36
80.37
80.37
80.37
80.38
80.35
80.36
80.35
80.36
80.37
80.38
80.39
80.38
80.37
80.37
80.37
80.37
80.38
80.38
80.36
80.36
80.35
80.35
80.36
80.36
80.35
80.35
80.36
80.34
80.33
80.33
80.34
80.33
80.32
80.32
80.33
80.33
80.33
80.34
80.32
80.32
80.32
80.33
80.34
80.33
80.34
80.34
80.34
80.34
80.35
80.34
80.34
80.35
80.35
80.36
80.35
80.35
80.35
80.35
80.35
80.34
80.34
80.34
80.34
80.34
80.34
80.35
80.35
80.36
80.36
80.37
80.36
80.37
80.38
80.37
80.37
80.37
80.36
80.36
80.37
80.37
80.38
80.36
80.36
80.36
80.36
80.36
80.37
80.38
80.38
80.39
80.39
80.37
80.38
80.38
80.37
80.36
80.35
80.36
80.37
80.38
80.39
80.39
80.39
80.39
80.39
80.39
80.40
80.38
80.39
80.40
80.40
80.40
80.40
80.41
80.39
80.39
80.39
80.40
80.40
80.41
80.41
80.41
80.42
80.42
80.41
80.41
80.40
80.40
80.40
80.40
80.39
80.40
80.41
80.42
80.42
80.42
80.43
80.44
80.44
80.44
80.44
80.45
80.45
80.44
80.45
80.44
80.44
80.43
80.44
80.43
80.43
80.42
80.43
80.41
80.41
80.40
80.39
80.39
80.40
80.38
80.37
80.37
80.36
80.36
80.37
80.38
80.38
80.38
80.37
80.37
80.37
80.37
80.37
80.38
80.38
80.38
80.39
80.38
80.37
80.37
80.36
80.37
80.36
80.35
80.35
80.35
80.36
80.36
80.36
80.36
80.35
80.35
80.35
80.35
80.35
80.35
80.35
80.34
80.34
80.35
80.35
80.35
80.36
80.36
80.36
80.36
80.36
80.35
80.34
80.34
80.33
80.33
80.31
80.32
80.32
80.33
80.33
80.32
80.33
80.32
80.32
80.31
80.31
80.31
80.32
80.31
80.31
80.30
80.30
80.29
80.29
80.29
80.28
80.28
80.28
80.29
80.30
80.29
80.29
80.30
80.31
80.30
80.31
80.32
80.25
