75.00
72.66
73.96
75.00
75.31
75.26
75.67
75.59
76.22
77.66
77.70
77.73
77.76
78.57
78.44
78.71
78.58
78.12
78.45
78.67
78.57
78.84
78.94
79.04
79.31
79.51
79.86
80.02
80.01
80.16
80.19
80.32
80.16
80.24
80.31
80.30
80.07
79.98
80.17
80.12
79.99
79.76
79.76
79.72
79.79
79.69
79.72
79.88
79.78
79.78
79.75
79.78
79.63
79.60
79.63
79.63
79.61
79.53
79.50
79.35
79.33
79.33
79.54
79.57
79.52
79.57
79.59
79.60
79.60
79.62
79.64
79.67
79.77
79.79
79.94
79.98
79.99
79.99
79.96
80.06
80.05
80.09
80.08
80.17
80.22
80.27
80.35
80.40
80.46
80.43
80.43
80.47
80.41
80.34
80.28
80.21
80.30
80.33
80.35
80.38
80.37
80.44
80.46
80.54
80.48
80.47
80.48
80.51
80.42
80.45
80.46
80.45
80.38
80.41
80.46
80.46
80.44
80.39
80.42
80.42
80.36
80.42
80.46
80.48
80.50
80.57
80.57
80.59
80.56
80.60
80.61
80.58
80.59
80.56
80.58
80.57
80.51
80.53
80.55
80.59
80.68
80.75
80.75
80.74
80.75
80.71
80.72
80.69
80.68
80.65
80.64
80.58
80.61
80.61
80.65
80.64
80.65
80.66
80.67
80.74
80.76
80.76
80.73
80.73
80.72
80.71
80.74
80.76
80.77
80.73
80.71
80.73
80.68
80.67
80.66
80.65
80.63
80.59
80.60
80.59
80.60
80.65
80.64
80.65
80.65
80.70
80.67
80.69
80.65
80.66
80.69
80.70
80.69
80.72
80.69
80.64
80.68
80.68
80.65
80.69
80.70
80.75
80.74
80.76
80.75
80.73
80.72
80.69
80.67
80.68
80.70
80.73
80.71
80.65
80.60
80.59
80.62
80.64
80.64
80.64
80.64
80.65
80.65
80.64
80.63
80.61
80.58
80.56
80.56
80.58
80.59
80.60
80.59
80.62
80.61
80.64
80.67
80.72
80.72
80.71
80.71
80.66
80.65
80.66
80.67
80.68
80.71
80.67
80.69
80.71
80.73
80.72
80.73
80.71
80.70
80.73
80.71
80.71
80.73
80.71
80.73
80.74
80.76
80.78
80.77
80.77
80.78
80.80
80.79
80.81
80.81
80.82
80.82
80.78
80.78
80.77
80.79
80.81
80.84
80.83
80.84
80.83
80.85
80.85
80.84
80.85
80.84
80.85
80.87
80.88
80.88
80.86
80.88
80.89
80.91
80.91
80.94
80.95
80.95
80.91
80.89
80.90
80.90
80.90
80.90
80.92
80.94
80.96
80.96
80.98
80.97
80.98
80.95
80.93
80.94
80.93
80.96
80.94
80.95
80.94
80.94
80.94
80.94
80.94
80.93
80.93
80.94
80.91
80.90
80.90
80.89
80.91
80.90
80.90
80.88
80.89
80.88
80.88
80.89
80.89
80.90
80.91
80.91
80.91
80.91
80.92
80.93
80.92
80.92
80.92
80.93
80.94
80.95
80.94
80.96
80.95
80.96
80.94
80.96
80.97
80.98
80.97
80.95
80.95
80.95
80.96
80.93
80.95
80.95
80.96
80.96
80.94
80.94
80.89
80.87
80.84
80.84
80.84
80.85
80.87
80.88
80.87
80.87
80.86
80.84
80.84
80.82
80.83
80.83
80.84
80.83
80.82
80.82
80.83
80.83
80.84
80.85
80.87
80.89
80.88
80.89
80.86
80.84
80.86
80.83
80.82
80.81
80.82
80.83
80.81
80.81
80.79
80.78
80.79
80.76
80.77
80.77
80.77
80.77
80.76
80.76
80.75
80.77
80.77
80.76
80.75
80.73
80.72
80.73
80.72
80.71
80.71
80.72
80.71
80.71
80.70
80.72
80.71
80.69
80.70
80.69
80.69
80.69
80.67
80.68
80.69
80.65
80.67
80.67
80.66
80.65
80.64
80.64
80.62
80.61
80.60
80.58
80.57
80.58
80.59
80.58
80.59
80.59
80.60
80.59
80.61
80.61
80.59
80.57
80.58
80.56
80.56
80.56
80.56
80.57
80.56
80.56
80.56
80.56
80.56
80.55
80.54
80.55
80.57
80.58
80.58
80.58
80.58
80.59
80.56
80.55
80.54
80.56
80.57
80.57
80.55
80.56
80.55
80.54
80.53
80.53
80.52
80.53
80.52
80.52
80.52
80.52
80.53
80.53
80.51
80.51
80.51
80.51
80.51
80.52
80.53
80.51
80.52
80.52
80.51
80.51
80.52
80.52
80.54
80.55
80.54
80.53
80.54
80.54
80.55
80.52
80.51
80.51
80.50
80.49
80.49
80.49
80.49
80.48
80.47
80.47
80.47
80.47
80.47
80.46
80.48
80.48
80.49
80.48
80.49
80.48
80.45
80.45
80.44
80.44
80.44
80.44
80.44
80.45
80.44
80.45
80.44
80.45
80.45
80.44
80.45
80.45
80.45
80.45
80.46
80.45
80.47
80.47
80.46
80.45
80.46
80.46
80.46
80.46
80.46
80.47
80.46
80.46
80.46
80.47
80.47
80.46
80.46
80.46
80.46
80.46
80.46
80.47
80.45
80.44
80.45
80.44
80.43
80.43
80.43
80.45
80.46
80.46
80.46
80.47
80.47
80.46
80.44
80.44
80.44
80.43
80.43
80.41
80.41
80.40
80.40
80.41
80.41
80.42
80.41
80.42
80.42
80.42
80.43
80.43
80.44
80.44
80.43
80.43
80.44
80.44
80.45
80.47
80.46
80.46
80.47
80.47
80.48
80.47
80.48
80.47
80.47
80.47
80.47
80.47
80.47
80.46
80.45
80.45
80.44
80.44
80.43
80.43
80.44
80.44
80.45
80.45
80.45
80.46
80.46
80.47
80.47
80.48
80.47
80.48
80.47
80.48
80.48
80.48
80.47
80.46
80.46
80.44
80.44
80.43
80.43
80.43
80.43
80.42
80.40
80.40
80.39
80.39
80.38
80.40
80.39
80.39
80.37
80.37
80.35
80.35
80.36
80.35
80.35
80.36
80.34
80.34
80.33
80.34
80.35
80.35
80.34
80.34
80.33
80.34
80.34
80.34
80.33
80.34
80.33
80.34
80.33
80.33
80.33
80.33
80.32
80.32
80.33
80.32
80.32
80.32
80.31
80.32
80.31
80.32
80.31
80.32
80.32
80.32
80.31
80.31
80.31
80.31
80.32
80.32
80.31
80.32
80.33
80.34
80.35
80.34
80.34
80.35
80.36
80.36
80.36
80.36
80.36
80.36
80.35
80.36
80.37
80.37
80.38
80.38
80.38
80.37
80.38
80.38
80.37
80.37
80.37
80.37
80.36
80.37
80.36
80.35
80.35
80.35
80.34
80.34
80.34
80.35
80.35
80.36
80.37
80.37
80.37
80.35
80.34
80.33
80.26
