67.19
70.31
67.71
70.31
70.94
72.14
71.88
71.29
71.35
71.25
71.16
71.22
71.03
71.09
71.15
71.58
71.51
71.61
71.55
71.09
71.73
71.66
71.74
71.81
72.00
71.88
72.34
72.43
72.14
72.50
72.23
72.46
72.35
72.43
72.54
72.70
72.89
72.66
72.44
72.34
72.33
72.40
72.24
72.05
71.94
72.01
71.88
71.74
71.81
71.88
71.84
71.88
71.76
71.59
71.45
71.48
71.49
71.63
71.77
71.85
71.88
71.67
71.58
71.56
71.49
71.54
71.55
71.58
71.54
71.58
71.46
71.40
71.47
71.52
71.46
71.36
71.41
71.29
71.26
71.33
71.37
71.40
71.39
71.24
71.21
71.17
71.01
70.93
70.94
70.94
70.96
70.94
70.95
70.91
70.89
70.95
70.97
71.01
71.12
71.22
71.12
71.05
71.10
71.02
71.04
71.09
71.12
71.08
71.06
70.98
70.96
71.04
70.93
71.03
71.15
71.15
71.13
71.03
71.13
71.13
71.10
70.99
70.95
70.99
71.00
70.99
71.01
70.97
70.92
70.91
70.93
70.88
70.92
70.92
70.87
70.82
70.77
70.78
70.80
70.80
70.87
70.95
70.97
70.93
70.95
70.95
71.01
70.99
71.04
71.02
71.01
70.99
71.02
71.05
71.07
71.11
71.07
71.11
71.06
71.07
71.04
71.05
71.05
71.02
70.98
70.93
70.93
70.90
70.94
70.97
70.92
70.93
70.97
70.95
71.01
71.00
71.00
71.03
71.07
71.09
71.11
71.13
71.16
71.13
71.12
71.15
71.13
71.14
71.15
71.16
71.15
71.17
71.17
71.17
71.18
71.15
71.16
71.21
71.18
71.16
71.19
71.17
71.19
71.21
71.21
71.18
71.15
71.18
71.18
71.21
71.25
71.25
71.24
71.25
71.20
71.22
71.23
71.22
71.24
71.26
71.25
71.25
71.26
71.26
71.24
71.25
71.25
71.27
71.32
71.34
71.31
71.30
71.32
71.29
71.26
71.30
71.29
71.27
71.31
71.33
71.32
71.35
71.32
71.34
71.35
71.37
71.35
71.38
71.39
71.36
71.40
71.42
71.42
71.46
71.46
71.46
71.45
71.45
71.46
71.47
71.49
71.49
71.49
71.50
71.51
71.51
71.54
71.55
71.57
71.56
71.55
71.56
71.53
71.52
71.55
71.51
71.54
71.52
71.51
71.48
71.48
71.45
71.46
71.47
71.46
71.45
71.42
71.42
71.39
71.42
71.39
71.40
71.41
71.39
71.39
71.39
71.39
71.34
71.37
71.40
71.40
71.41
71.42
71.42
71.43
71.46
71.46
71.44
71.42
71.42
71.42
71.40
71.43
71.45
71.43
71.42
71.42
71.44
71.40
71.42
71.44
71.43
71.45
71.46
71.47
71.47
71.52
71.49
71.51
71.52
71.51
71.53
71.54
71.54
71.53
71.54
71.54
71.55
71.52
71.51
71.51
71.53
71.57
71.58
71.59
71.59
71.59
71.59
71.58
71.58
71.59
71.56
71.57
71.59
71.55
71.57
71.56
71.59
71.58
71.58
71.58
71.58
71.57
71.58
71.60
71.61
71.63
71.60
71.59
71.59
71.59
71.60
71.58
71.57
71.57
71.56
71.53
71.52
71.52
71.53
71.54
71.55
71.55
71.55
71.57
71.58
71.58
71.58
71.59
71.59
71.60
71.58
71.55
71.54
71.55
71.52
71.53
71.53
71.51
71.53
71.52
71.50
71.50
71.50
71.51
71.53
71.51
71.50
71.50
71.52
71.51
71.52
71.54
71.54
71.51
71.48
71.49
71.51
71.51
71.51
71.54
71.53
71.52
71.49
71.46
71.47
71.49
71.50
71.49
71.49
71.49
71.50
71.50
71.50
71.49
71.50
71.52
71.52
71.53
71.53
71.55
71.54
71.56
71.57
71.58
71.57
71.58
71.60
71.61
71.61
71.60
71.61
71.62
71.62
71.62
71.62
71.62
71.61
71.60
71.59
71.59
71.61
71.61
71.60
71.61
71.61
71.62
71.62
71.63
71.62
71.63
71.63
71.62
71.59
71.58
71.56
71.57
71.56
71.56
71.56
71.58
71.58
71.56
71.56
71.54
71.54
71.53
71.54
71.53
71.54
71.53
71.53
71.53
71.52
71.52
71.53
71.53
71.54
71.54
71.52
71.53
71.54
71.52
71.54
71.55
71.55
71.55
71.56
71.54
71.54
71.55
71.56
71.55
71.56
71.56
71.56
71.57
71.56
71.56
71.53
71.53
71.53
71.54
71.54
71.54
71.53
71.53
71.52
71.53
71.53
71.52
71.51
71.54
71.52
71.51
71.50
71.48
71.49
71.48
71.47
71.45
71.43
71.44
71.45
71.44
71.44
71.43
71.42
71.41
71.40
71.40
71.40
71.42
71.42
71.40
71.41
71.39
71.40
71.40
71.41
71.41
71.42
71.43
71.45
71.44
71.44
71.44
71.45
71.45
71.47
71.45
71.45
71.43
71.42
71.42
71.41
71.41
71.39
71.39
71.38
71.38
71.38
71.37
71.38
71.39
71.38
71.37
71.37
71.38
71.37
71.35
71.34
71.33
71.33
71.32
71.33
71.31
71.31
71.30
71.29
71.29
71.30
71.28
71.27
71.27
71.29
71.26
71.26
71.23
71.22
71.21
71.22
71.22
71.23
71.24
71.22
71.22
71.23
71.24
71.24
71.24
71.24
71.25
71.26
71.27
71.27
71.27
71.26
71.27
71.26
71.26
71.25
71.26
71.26
71.25
71.24
71.25
71.26
71.26
71.25
71.25
71.25
71.25
71.27
71.26
71.29
71.28
71.27
71.28
71.28
71.28
71.27
71.27
71.26
71.27
71.28
71.27
71.28
71.29
71.28
71.27
71.26
71.25
71.25
71.23
71.24
71.25
71.25
71.24
71.24
71.25
71.26
71.24
71.24
71.25
71.24
71.26
71.26
71.27
71.28
71.28
71.29
71.29
71.27
71.28
71.29
71.29
71.29
71.29
71.30
71.29
71.28
71.28
71.29
71.29
71.28
71.27
71.26
71.26
71.25
71.24
71.23
71.23
71.24
71.26
71.26
71.27
71.28
71.29
71.29
71.31
71.31
71.31
71.30
71.28
71.27
71.27
71.27
71.29
71.29
71.29
71.30
71.30
71.30
71.31
71.32
71.32
71.32
71.32
71.33
71.33
71.33
71.34
71.33
71.32
71.32
71.32
71.32
71.31
71.31
71.32
71.32
71.32
71.31
71.32
71.32
71.31
71.32
71.32
71.34
71.34
71.35
71.35
71.35
71.36
71.35
71.35
71.36
71.36
71.36
71.36
71.36
71.35
71.36
71.36
71.35
71.34
71.35
71.35
71.34
71.33
71.33
71.35
71.35
71.35
71.36
71.37
71.38
71.38
71.37
71.37
71.30
