82.81
82.81
83.85
82.42
82.81
82.29
81.03
80.66
80.90
80.94
80.97
80.99
81.01
80.25
80.21
80.37
80.15
79.69
79.93
79.69
79.24
79.33
79.55
79.36
79.56
79.93
79.98
80.30
80.39
80.42
80.49
80.37
80.49
80.47
80.58
80.69
80.66
80.76
80.65
80.86
80.83
80.77
80.67
80.89
80.90
80.88
80.92
80.57
80.64
80.59
80.48
80.53
80.37
80.38
80.31
80.41
80.37
80.50
80.48
80.55
80.40
80.34
80.26
80.20
80.17
80.11
80.08
80.10
80.05
80.02
80.00
80.03
80.14
80.15
80.21
80.30
80.28
80.31
80.30
80.27
80.27
80.28
80.27
80.21
80.24
80.18
80.17
80.13
80.18
80.19
80.20
80.18
80.24
80.32
80.26
80.09
80.14
80.15
80.22
80.20
80.21
80.18
80.20
80.21
80.27
80.29
80.33
80.40
80.45
80.44
80.39
80.44
80.48
80.51
80.54
80.63
80.61
80.60
80.55
80.56
80.53
80.55
80.56
80.65
80.62
80.58
80.57
80.55
80.56
80.53
80.56
80.54
80.52
80.48
80.43
80.37
80.37
80.37
80.32
80.33
80.34
80.37
80.41
80.40
80.44
80.48
80.44
80.49
80.47
80.51
80.49
80.48
80.49
80.52
80.47
80.50
80.46
80.50
80.51
80.51
80.49
80.57
80.58
80.58
80.61
80.59
80.60
80.62
80.58
80.61
80.57
80.58
80.56
80.58
80.62
80.64
80.64
80.69
80.68
80.68
80.74
80.73
80.75
80.76
80.70
80.73
80.75
80.77
80.72
80.69
80.64
80.61
80.59
80.53
80.53
80.52
80.50
80.53
80.53
80.52
80.49
80.47
80.52
80.48
80.46
80.42
80.41
80.45
80.48
80.49
80.49
80.46
80.44
80.43
80.47
80.49
80.50
80.55
80.56
80.56
80.53
80.56
80.55
80.55
80.58
80.59
80.60
80.62
80.61
80.63
80.59
80.57
80.59
80.62
80.61
80.58
80.58
80.58
80.56
80.58
80.59
80.57
80.59
80.55
80.53
80.53
80.51
80.54
80.52
80.51
80.49
80.51
80.49
80.49
80.45
80.44
80.42
80.43
80.42
80.39
80.39
80.40
80.40
80.43
80.47
80.50
80.48
80.46
80.49
80.51
80.48
80.45
80.44
80.46
80.44
80.43
80.46
80.47
80.47
80.48
80.49
80.50
80.51
80.50
80.53
80.52
80.53
80.53
80.53
80.52
80.50
80.52
80.54
80.54
80.55
80.54
80.53
80.54
80.55
80.55
80.54
80.54
80.54
80.54
80.56
80.57
80.56
80.58
80.59
80.59
80.60
80.59
80.62
80.60
80.62
80.61
80.60
80.61
80.61
80.62
80.64
80.63
80.63
80.64
80.62
80.60
80.59
80.55
80.55
80.56
80.55
80.57
80.61
80.58
80.57
80.57
80.57
80.58
80.60
80.61
80.59
80.58
80.59
80.59
80.58
80.56
80.55
80.55
80.55
80.54
80.54
80.55
80.56
80.57
80.57
80.60
80.60
80.60
80.60
80.60
80.58
80.58
80.59
80.59
80.59
80.59
80.59
80.61
80.62
80.62
80.63
80.65
80.65
80.66
80.67
80.67
80.67
80.66
80.63
80.64
80.63
80.62
80.63
80.62
80.61
80.61
80.62
80.61
80.62
80.61
80.61
80.61
80.62
80.63
80.62
80.62
80.65
80.67
80.68
80.67
80.66
80.67
80.68
80.67
80.69
80.70
80.69
80.69
80.70
80.69
80.70
80.70
80.68
80.70
80.70
80.69
80.68
80.69
80.69
80.67
80.69
80.69
80.66
80.68
80.67
80.66
80.64
80.63
80.64
80.62
80.63
80.63
80.61
80.62
80.64
80.65
80.66
80.66
80.65
80.66
80.68
80.67
80.68
80.69
80.70
80.70
80.71
80.70
80.71
80.70
80.70
80.70
80.69
80.69
80.68
80.66
80.67
80.68
80.67
80.68
80.68
80.70
80.70
80.71
80.71
80.68
80.67
80.67
80.65
80.66
80.65
80.64
80.64
80.63
80.65
80.66
80.64
80.66
80.65
80.66
80.65
80.65
80.65
80.67
80.67
80.67
80.69
80.69
80.68
80.68
80.70
80.67
80.67
80.66
80.65
80.64
80.63
80.62
80.60
80.59
80.57
80.56
80.55
80.55
80.54
80.54
80.56
80.57
80.57
80.56
80.57
80.56
80.55
80.55
80.55
80.54
80.55
80.53
80.53
80.52
80.53
80.53
80.53
80.52
80.53
80.53
80.53
80.55
80.54
80.52
80.53
80.53
80.54
80.54
80.52
80.52
80.52
80.52
80.51
80.52
80.52
80.51
80.51
80.51
80.51
80.50
80.50
80.49
80.49
80.49
80.50
80.49
80.48
80.48
80.48
80.49
80.50
80.48
80.48
80.47
80.49
80.49
80.49
80.48
80.48
80.48
80.49
80.50
80.50
80.50
80.50
80.50
80.48
80.47
80.47
80.46
80.45
80.44
80.43
80.43
80.42
80.43
80.42
80.42
80.40
80.41
80.41
80.40
80.40
80.42
80.42
80.41
80.41
80.41
80.41
80.40
80.41
80.41
80.40
80.40
80.40
80.41
80.41
80.42
80.42
80.42
80.42
80.42
80.44
80.45
80.45
80.44
80.44
80.46
80.45
80.45
80.45
80.47
80.47
80.48
80.48
80.48
80.47
80.48
80.48
80.49
80.49
80.50
80.48
80.50
80.49
80.48
80.49
80.51
80.51
80.51
80.50
80.51
80.51
80.50
80.51
80.51
80.51
80.50
80.51
80.51
80.51
80.51
80.50
80.50
80.51
80.51
80.50
80.50
80.51
80.50
80.51
80.51
80.51
80.51
80.50
80.48
80.48
80.47
80.48
80.47
80.47
80.46
80.46
80.46
80.45
80.44
80.43
80.43
80.43
80.44
80.44
80.43
80.42
80.43
80.42
80.41
80.41
80.41
80.41
80.40
80.39
80.40
80.40
80.40
80.41
80.40
80.40
80.41
80.42
80.41
80.41
80.41
80.40
80.40
80.41
80.41
80.41
80.42
80.43
80.42
80.41
80.41
80.41
80.41
80.41
80.39
80.38
80.37
80.38
80.38
80.38
80.36
80.35
80.36
80.37
80.38
80.39
80.39
80.39
80.39
80.39
80.38
80.38
80.39
80.39
80.39
80.39
80.39
80.40
80.40
80.39
80.40
80.39
80.38
80.37
80.37
80.38
80.38
80.38
80.37
80.38
80.37
80.36
80.36
80.36
80.36
80.35
80.35
80.33
80.32
80.33
80.33
80.33
80.32
80.32
80.33
80.33
80.33
80.33
80.32
80.32
80.32
80.32
80.32
80.33
80.33
80.32
80.32
80.32
80.32
80.33
80.33
80.33
80.32
80.32
80.25
