71.88
67.97
67.19
67.97
67.19
66.93
64.51
65.04
65.80
65.62
65.77
65.62
65.75
66.41
66.67
67.19
67.19
67.62
67.93
67.89
67.93
67.61
67.53
67.38
66.88
67.01
66.84
66.96
67.30
67.14
67.14
67.43
67.57
67.51
67.63
67.71
67.82
67.52
67.51
67.46
67.30
67.00
67.04
67.12
67.19
67.15
67.09
67.32
67.57
67.69
67.68
67.82
68.01
67.85
67.84
67.58
67.52
67.54
67.51
67.58
67.57
67.57
67.63
67.70
67.79
67.92
67.96
67.81
67.82
67.70
67.72
67.64
67.57
67.57
67.52
67.52
67.67
67.63
67.80
67.81
67.90
67.82
67.81
67.82
67.70
67.82
67.91
67.79
67.80
67.97
67.84
67.80
67.78
67.72
67.68
67.76
67.62
67.60
67.60
67.72
67.68
67.60
67.57
67.52
67.51
67.60
67.58
67.58
67.59
67.54
67.54
67.66
67.57
67.57
67.50
67.55
67.56
67.64
67.52
67.51
67.52
67.39
67.39
67.40
67.33
67.35
67.32
67.36
67.36
67.38
67.25
67.23
67.19
67.20
67.22
67.16
67.22
67.16
67.14
67.10
67.10
67.13
67.09
67.11
67.07
67.07
67.05
67.01
66.98
66.98
67.01
66.99
66.96
66.96
66.92
66.93
66.98
66.94
66.94
66.96
66.97
67.02
66.97
66.96
66.97
66.94
66.92
66.89
66.91
66.90
66.86
66.80
66.80
66.81
66.78
66.81
66.78
66.81
66.75
66.74
66.76
66.78
66.78
66.78
66.77
66.74
66.74
66.75
66.76
66.74
66.75
66.78
66.77
66.80
66.79
66.80
66.81
66.85
66.85
66.81
66.80
66.74
66.79
66.82
66.81
66.79
66.78
66.83
66.83
66.79
66.77
66.77
66.76
66.75
66.75
66.75
66.71
66.79
66.75
66.77
66.78
66.79
66.78
66.83
66.83
66.84
66.86
66.82
66.88
66.88
66.86
66.83
66.86
66.88
66.91
66.91
66.95
66.99
66.98
66.99
67.03
67.03
67.05
67.07
67.05
67.05
67.07
67.00
66.99
67.01
67.03
67.03
66.99
66.96
66.99
66.97
66.99
66.98
66.98
66.99
66.95
66.93
66.90
66.90
66.87
66.84
66.86
66.87
66.86
66.89
66.85
66.87
66.86
66.83
66.80
66.81
66.81
66.81
66.80
66.80
66.77
66.76
66.75
66.76
66.77
66.74
66.75
66.75
66.77
66.77
66.80
66.79
66.79
66.83
66.85
66.84
66.85
66.86
66.87
66.85
66.83
66.86
66.87
66.87
66.84
66.88
66.88
66.89
66.83
66.83
66.87
66.86
66.85
66.86
66.86
66.85
66.88
66.90
66.94
66.96
66.98
66.94
66.92
66.94
66.92
66.95
66.97
66.99
67.02
67.04
67.03
67.04
67.06
67.08
67.10
67.10
67.09
67.08
67.10
67.08
67.05
67.06
67.06
67.07
67.06
67.10
67.11
67.10
67.10
67.14
67.14
67.15
67.18
67.20
67.17
67.19
67.17
67.16
67.17
67.17
67.18
67.20
67.19
67.17
67.19
67.17
67.16
67.16
67.14
67.15
67.15
67.13
67.14
67.14
67.14
67.15
67.13
67.17
67.16
67.18
67.19
67.16
67.16
67.16
67.13
67.14
67.14
67.15
67.18
67.20
67.23
67.24
67.26
67.24
67.23
67.23
67.25
67.27
67.27
67.27
67.27
67.27
67.28
67.31
67.33
67.31
67.29
67.31
67.31
67.30
67.29
67.29
67.30
67.32
67.32
67.29
67.30
67.28
67.30
67.30
67.31
67.30
67.31
67.30
67.30
67.30
67.29
67.32
67.33
67.33
67.33
67.33
67.31
67.31
67.31
67.30
67.29
67.30
67.32
67.30
67.31
67.30
67.30
67.30
67.30
67.30
67.29
67.27
67.26
67.27
67.28
67.31
67.30
67.30
67.30
67.30
67.31
67.30
67.31
67.31
67.33
67.32
67.31
67.31
67.32
67.31
67.29
67.27
67.27
67.25
67.24
67.23
67.21
67.21
67.22
67.21
67.22
67.23
67.21
67.21
67.18
67.18
67.19
67.18
67.20
67.22
67.22
67.21
67.21
67.21
67.22
67.24
67.26
67.26
67.25
67.25
67.25
67.26
67.25
67.28
67.28
67.27
67.26
67.26
67.25
67.24
67.25
67.26
67.26
67.24
67.24
67.23
67.23
67.23
67.24
67.25
67.25
67.26
67.26
67.27
67.27
67.28
67.27
67.26
67.27
67.29
67.29
67.30
67.29
67.29
67.30
67.29
67.30
67.31
67.31
67.33
67.32
67.31
67.32
67.31
67.29
67.29
67.29
67.30
67.31
67.32
67.31
67.30
67.31
67.32
67.32
67.34
67.34
67.34
67.34
67.33
67.31
67.32
67.32
67.32
67.33
67.35
67.37
67.37
67.39
67.37
67.38
67.37
67.37
67.38
67.37
67.37
67.37
67.36
67.37
67.37
67.36
67.36
67.34
67.34
67.34
67.36
67.36
67.38
67.39
67.41
67.41
67.41
67.43
67.44
67.44
67.45
67.46
67.47
67.47
67.47
67.45
67.45
67.45
67.46
67.44
67.43
67.43
67.43
67.44
67.45
67.46
67.45
67.48
67.49
67.48
67.48
67.48
67.51
67.52
67.52
67.53
67.55
67.57
67.57
67.58
67.57
67.57
67.58
67.57
67.56
67.56
67.54
67.56
67.54
67.55
67.55
67.55
67.56
67.56
67.56
67.55
67.55
67.55
67.56
67.56
67.54
67.54
67.55
67.56
67.56
67.56
67.54
67.55
67.54
67.53
67.53
67.53
67.53
67.55
67.55
67.56
67.55
67.56
67.57
67.56
67.56
67.55
67.56
67.56
67.55
67.57
67.56
67.55
67.56
67.58
67.57
67.58
67.57
67.56
67.55
67.55
67.56
67.57
67.57
67.57
67.58
67.59
67.59
67.59
67.58
67.57
67.57
67.57
67.57
67.58
67.59
67.59
67.58
67.57
67.56
67.56
67.55
67.55
67.55
67.55
67.54
67.54
67.54
67.54
67.54
67.55
67.55
67.53
67.54
67.55
67.53
67.52
67.51
67.50
67.50
67.49
67.48
67.49
67.47
67.45
67.43
67.43
67.43
67.43
67.44
67.44
67.45
67.46
67.45
67.45
67.44
67.44
67.44
67.44
67.45
67.44
67.45
67.44
67.43
67.44
67.44
67.43
67.43
67.43
67.42
67.42
67.42
67.41
67.42
67.42
67.43
67.43
67.43
67.43
67.43
67.42
67.42
67.44
67.45
67.44
67.45
67.43
67.43
67.42
67.41
67.41
67.41
67.40
67.41
67.40
67.39
67.39
67.40
67.42
67.40
67.41
67.40
67.41
67.42
67.43
67.35
