71.88
71.88
72.40
71.88
69.69
69.27
69.64
70.51
71.88
72.50
72.87
72.14
72.60
71.99
72.08
71.97
72.06
71.88
71.88
71.72
71.80
71.95
71.74
71.68
71.50
71.45
71.47
71.76
71.66
71.82
71.57
71.44
71.64
71.74
71.83
71.57
71.37
71.42
71.35
71.37
71.34
71.50
71.51
71.56
71.28
71.33
71.58
71.39
71.40
71.25
71.35
71.36
71.31
71.33
71.14
71.23
71.16
71.09
71.19
71.09
71.18
71.14
71.16
71.02
70.99
71.00
70.94
70.84
70.79
70.94
70.93
70.83
70.83
70.84
70.94
71.01
70.98
70.97
70.93
70.98
70.87
70.90
70.86
70.70
70.57
70.60
70.71
70.77
70.80
70.82
70.72
70.79
70.83
70.83
70.86
70.80
70.89
70.92
70.99
70.97
70.84
70.79
70.74
70.78
70.79
70.77
70.84
70.88
70.86
70.88
70.95
70.91
70.89
70.87
70.82
70.86
70.82
70.80
70.77
70.69
70.66
70.59
70.57
70.49
70.45
70.52
70.58
70.64
70.57
70.59
70.59
70.55
70.54
70.53
70.47
70.45
70.40
70.46
70.48
70.51
70.53
70.53
70.49
70.45
70.45
70.45
70.53
70.49
70.48
70.41
70.45
70.49
70.55
70.54
70.52
70.47
70.46
70.42
70.40
70.36
70.36
70.38
70.38
70.35
70.40
70.40
70.40
70.35
70.31
70.26
70.27
70.27
70.24
70.28
70.32
70.33
70.31
70.29
70.23
70.28
70.25
70.25
70.25
70.30
70.21
70.24
70.25
70.28
70.28
70.28
70.26
70.24
70.18
70.16
70.17
70.17
70.18
70.15
70.16
70.13
70.18
70.23
70.22
70.23
70.24
70.25
70.25
70.27
70.28
70.26
70.29
70.31
70.30
70.32
70.33
70.33
70.33
70.33
70.33
70.32
70.35
70.35
70.35
70.32
70.31
70.31
70.31
70.30
70.29
70.28
70.32
70.30
70.30
70.29
70.31
70.34
70.37
70.37
70.36
70.35
70.36
70.34
70.34
70.36
70.43
70.41
70.42
70.47
70.47
70.49
70.51
70.49
70.50
70.48
70.51
70.55
70.56
70.55
70.57
70.56
70.52
70.49
70.48
70.50
70.51
70.52
70.52
70.49
70.47
70.49
70.49
70.49
70.46
70.43
70.44
70.45
70.45
70.49
70.50
70.49
70.47
70.46
70.45
70.42
70.40
70.37
70.36
70.38
70.40
70.41
70.39
70.38
70.39
70.40
70.35
70.38
70.37
70.39
70.40
70.41
70.39
70.39
70.38
70.35
70.36
70.37
70.37
70.42
70.41
70.39
70.41
70.37
70.36
70.38
70.36
70.38
70.42
70.44
70.43
70.43
70.48
70.49
70.48
70.48
70.48
70.49
70.51
70.52
70.55
70.58
70.60
70.60
70.60
70.59
70.57
70.58
70.56
70.54
70.53
70.50
70.48
70.45
70.44
70.43
70.43
70.42
70.38
70.38
70.39
70.42
70.41
70.41
70.39
70.41
70.40
70.40
70.39
70.38
70.36
70.36
70.36
70.37
70.41
70.41
70.40
70.40
70.41
70.42
70.40
70.40
70.40
70.40
70.41
70.42
70.40
70.42
70.41
70.43
70.45
70.46
70.48
70.47
70.45
70.43
70.45
70.45
70.46
70.47
70.46
70.48
70.49
70.50
70.49
70.47
70.47
70.47
70.45
70.45
70.45
70.45
70.45
70.46
70.45
70.44
70.45
70.47
70.47
70.48
70.49
70.51
70.52
70.53
70.55
70.57
70.59
70.60
70.60
70.58
70.59
70.60
70.59
70.59
70.60
70.60
70.62
70.64
70.66
70.65
70.68
70.67
70.71
70.71
70.69
70.71
70.69
70.68
70.68
70.67
70.67
70.69
70.69
70.69
70.69
70.69
70.68
70.70
70.70
70.71
70.72
70.73
70.75
70.76
70.74
70.73
70.73
70.75
70.75
70.75
70.75
70.76
70.75
70.76
70.75
70.73
70.74
70.75
70.75
70.74
70.72
70.71
70.72
70.70
70.70
70.69
70.70
70.68
70.67
70.66
70.67
70.67
70.69
70.70
70.69
70.71
70.72
70.71
70.71
70.71
70.69
70.68
70.70
70.70
70.71
70.71
70.72
70.72
70.72
70.72
70.72
70.70
70.71
70.73
70.73
70.73
70.74
70.74
70.74
70.74
70.74
70.74
70.73
70.75
70.74
70.73
70.74
70.74
70.74
70.73
70.74
70.75
70.75
70.75
70.75
70.75
70.76
70.78
70.78
70.77
70.76
70.77
70.77
70.76
70.75
70.75
70.76
70.76
70.77
70.77
70.77
70.77
70.77
70.76
70.78
70.77
70.78
70.78
70.77
70.77
70.76
70.78
70.79
70.79
70.79
70.78
70.79
70.78
70.78
70.78
70.78
70.78
70.77
70.78
70.76
70.78
70.75
70.76
70.76
70.76
70.75
70.75
70.75
70.75
70.74
70.74
70.74
70.74
70.75
70.75
70.76
70.76
70.76
70.76
70.77
70.77
70.79
70.79
70.78
70.78
70.77
70.78
70.79
70.78
70.77
70.78
70.78
70.79
70.80
70.79
70.78
70.77
70.76
70.77
70.77
70.76
70.78
70.79
70.78
70.79
70.80
70.79
70.77
70.78
70.77
70.78
70.77
70.77
70.77
70.78
70.79
70.79
70.79
70.78
70.80
70.80
70.81
70.81
70.82
70.83
70.82
70.81
70.83
70.82
70.83
70.83
70.84
70.83
70.83
70.83
70.82
70.81
70.81
70.82
70.83
70.83
70.83
70.84
70.84
70.85
70.83
70.82
70.82
70.80
70.81
70.80
70.80
70.79
70.80
70.79
70.80
70.79
70.81
70.80
70.79
70.79
70.81
70.81
70.80
70.79
70.80
70.81
70.81
70.81
70.81
70.82
70.81
70.81
70.82
70.81
70.81
70.83
70.83
70.84
70.85
70.87
70.86
70.85
70.85
70.85
70.86
70.87
70.88
70.88
70.88
70.87
70.87
70.87
70.87
70.86
70.86
70.85
70.86
70.85
70.85
70.85
70.84
70.84
70.85
70.86
70.86
70.86
70.88
70.89
70.89
70.90
70.90
70.91
70.91
70.91
70.92
70.92
70.91
70.91
70.92
70.92
70.91
70.91
70.91
70.89
70.89
70.91
70.91
70.90
70.89
70.90
70.89
70.89
70.90
70.90
70.90
70.90
70.89
70.87
70.87
70.89
70.89
70.87
70.88
70.89
70.89
70.89
70.88
70.87
70.88
70.88
70.88
70.89
70.89
70.89
70.88
70.88
70.87
70.88
70.89
70.88
70.89
70.89
70.87
70.87
70.88
70.89
70.88
70.88
70.89
70.88
70.89
70.89
70.89
70.88
70.88
70.87
70.87
70.80
