1.56
1.56
1.04
1.17
0.94
1.04
1.12
0.98
0.87
0.94
0.99
1.04
0.96
1.00
1.15
1.17
1.38
1.39
1.40
1.64
1.56
1.49
1.43
1.43
1.44
1.38
1.39
1.34
1.29
1.25
1.21
1.22
1.18
1.15
1.16
1.30
1.35
1.36
1.40
1.41
1.45
1.49
1.49
1.49
1.53
1.49
1.50
1.46
1.47
1.44
1.41
1.38
1.42
1.39
1.36
1.37
1.34
1.35
1.32
1.33
1.31
1.31
1.34
1.34
1.35
1.33
1.33
1.31
1.31
1.34
1.34
1.35
1.37
1.39
1.40
1.40
1.40
1.40
1.38
1.37
1.41
1.43
1.41
1.43
1.43
1.45
1.44
1.42
1.46
1.44
1.43
1.43
1.43
1.43
1.41
1.42
1.42
1.40
1.39
1.39
1.41
1.39
1.38
1.37
1.35
1.37
1.37
1.36
1.35
1.36
1.35
1.34
1.34
1.33
1.32
1.31
1.31
1.34
1.33
1.34
1.34
1.36
1.36
1.35
1.34
1.35
1.34
1.33
1.34
1.33
1.34
1.33
1.32
1.32
1.34
1.36
1.35
1.37
1.36
1.35
1.35
1.36
1.35
1.36
1.35
1.34
1.36
1.37
1.37
1.36
1.36
1.35
1.35
1.34
1.36
1.35
1.34
1.35
1.37
1.38
1.37
1.37
1.36
1.35
1.35
1.35
1.34
1.33
1.32
1.32
1.32
1.32
1.32
1.31
1.31
1.31
1.33
1.33
1.34
1.34
1.33
1.32
1.32
1.32
1.32
1.33
1.34
1.35
1.35
1.35
1.34
1.33
1.33
1.32
1.32
1.32
1.32
1.33
1.32
1.31
1.32
1.31
1.31
1.30
1.30
1.30
1.31
1.31
1.30
1.29
1.29
1.28
1.30
1.33
1.32
1.32
1.32
1.31
1.31
1.33
1.32
1.33
1.33
1.33
1.35
1.35
1.36
1.36
1.36
1.36
1.36
1.35
1.35
1.35
1.34
1.36
1.36
1.37
1.36
1.35
1.36
1.36
1.35
1.34
1.34
1.34
1.34
1.35
1.35
1.34
1.35
1.35
1.34
1.33
1.34
1.33
1.34
1.34
1.34
1.34
1.34
1.34
1.34
1.34
1.35
1.35
1.35
1.35
1.35
1.35
1.35
1.36
1.36
1.36
1.36
1.36
1.37
1.37
1.37
1.37
1.36
1.36
1.36
1.37
1.37
1.37
1.37
1.37
1.36
1.36
1.35
1.36
1.36
1.36
1.36
1.35
1.35
1.35
1.35
1.35
1.35
1.35
1.36
1.36
1.36
1.36
1.36
1.36
1.36
1.36
1.36
1.36
1.35
1.35
1.35
1.34
1.35
1.35
1.36
1.36
1.36
1.35
1.35
1.35
1.35
1.34
1.34
1.34
1.34
1.34
1.34
1.33
1.33
1.33
1.33
1.33
1.33
1.32
1.32
1.32
1.32
1.32
1.33
1.33
1.33
1.33
1.33
1.33
1.33
1.33
1.34
1.34
1.34
1.34
1.34
1.34
1.33
1.33
1.33
1.32
1.32
1.32
1.32
1.31
1.31
1.31
1.31
1.30
1.31
1.30
1.30
1.31
1.31
1.31
1.31
1.31
1.31
1.31
1.31
1.31
1.30
1.30
1.31
1.31
1.31
1.31
1.31
1.31
1.31
1.31
1.31
1.31
1.31
1.30
1.30
1.30
1.30
1.30
1.30
1.30
1.30
1.30
1.29
1.30
1.30
1.30
1.30
1.29
1.29
1.29
1.29
1.29
1.29
1.29
1.30
1.30
1.30
1.30
1.30
1.30
1.30
1.30
1.30
1.30
1.30
1.29
1.29
1.29
1.29
1.29
1.29
1.28
1.28
1.28
1.28
1.28
1.29
1.29
1.28
1.29
1.29
1.28
1.28
1.28
1.28
1.28
1.28
1.27
1.27
1.27
1.27
1.27
1.28
1.28
1.28
1.28
1.28
1.28
1.28
1.28
1.28
1.28
1.29
1.29
1.29
1.29
1.30
1.30
1.30
1.30
1.30
1.30
1.30
1.30
1.30
1.30
1.30
1.29
1.29
1.30
1.30
1.30
1.30
1.30
1.30
1.30
1.30
1.30
1.29
1.29
1.29
1.29
1.29
1.29
1.28
1.28
1.28
1.28
1.28
1.28
1.28
1.28
1.28
1.27
1.27
1.28
1.28
1.28
1.28
1.28
1.28
1.28
1.29
1.29
1.29
1.28
1.28
1.29
1.29
1.30
1.30
1.31
1.31
1.30
1.30
1.30
1.30
1.30
1.30
1.30
1.30
1.30
1.30
1.30
1.30
1.29
1.29
1.29
1.30
1.30
1.30
1.30
1.30
1.30
1.31
1.31
1.31
1.31
1.31
1.31
1.31
1.31
1.31
1.31
1.30
1.31
1.31
1.31
1.31
1.31
1.31
1.31
1.31
1.31
1.31
1.31
1.30
1.30
1.30
1.30
1.30
1.30
1.30
1.30
1.30
1.30
1.30
1.29
1.29
1.29
1.29
1.29
1.30
1.29
1.29
1.29
1.30
1.29
1.29
1.29
1.29
1.29
1.29
1.29
1.29
1.29
1.29
1.29
1.29
1.29
1.29
1.30
1.29
1.29
1.29
1.29
1.30
1.30
1.30
1.30
1.30
1.30
1.30
1.30
1.30
1.29
1.29
1.29
1.29
1.29
1.29
1.29
1.29
1.29
1.29
1.29
1.29
1.29
1.29
1.29
1.29
1.29
1.29
1.29
1.29
1.29
1.29
1.29
1.29
1.29
1.29
1.29
1.29
1.29
1.29
1.29
1.29
1.29
1.29
1.28
1.28
1.28
1.28
1.28
1.29
1.29
1.29
1.29
1.29
1.29
1.29
1.29
1.29
1.29
1.29
1.29
1.29
1.28
1.29
1.28
1.28
1.29
1.28
1.29
1.28
1.29
1.29
1.29
1.28
1.28
1.28
1.29
1.29
1.28
1.28
1.28
1.29
1.29
1.29
1.29
1.29
1.29
1.29
1.29
1.29
1.29
1.29
1.29
1.29
1.29
1.29
1.28
1.28
1.28
1.28
1.28
1.28
1.29
1.29
1.29
1.29
1.29
1.28
1.28
1.28
1.28
1.28
1.29
1.29
1.29
1.29
1.29
1.29
1.29
1.29
1.29
1.29
1.29
1.29
1.29
1.30
1.30
1.30
1.29
1.29
1.30
1.30
1.30
1.30
1.30
1.30
1.31
1.31
1.31
1.30
1.30
1.31
1.31
1.31
1.31
1.31
1.31
1.31
1.30
1.30
1.30
1.30
1.30
1.30
1.30
1.30
1.30
1.30
1.30
1.30
1.30
1.30
1.30
1.30
1.30
1.30
1.30
1.30
1.30
1.30
1.30
1.30
1.29
1.30
1.30
1.30
1.30
