53.12
49.22
48.96
47.66
46.25
46.35
46.21
46.09
46.35
47.50
46.59
45.96
45.67
45.54
44.69
44.92
45.04
45.49
45.31
45.31
45.54
45.53
45.38
45.44
45.31
45.19
45.31
45.03
45.10
45.52
45.41
45.31
45.12
45.13
45.22
45.05
44.89
44.74
44.99
45.04
45.01
45.28
45.20
45.28
45.14
44.84
44.71
44.66
44.64
44.53
44.49
44.44
44.52
44.70
44.66
44.61
44.60
44.53
44.36
44.22
44.08
44.28
44.22
44.14
44.04
43.77
43.80
43.73
43.80
43.57
43.60
43.62
43.58
43.56
43.54
43.63
43.61
43.53
43.47
43.55
43.50
43.54
43.58
43.64
43.68
43.66
43.77
43.80
43.86
43.87
43.89
43.94
43.90
43.95
43.83
43.82
43.86
43.94
43.96
43.97
44.07
44.10
44.08
44.05
44.09
44.16
44.20
44.27
44.41
44.38
44.38
44.32
44.29
44.27
44.29
44.30
44.34
44.32
44.28
44.31
44.37
44.33
44.30
44.22
44.26
44.23
44.25
44.23
44.21
44.21
44.24
44.25
44.17
44.18
44.17
44.18
44.09
44.10
44.15
44.11
44.13
44.11
44.12
44.16
44.21
44.23
44.20
44.27
44.24
44.20
44.16
44.19
44.24
44.28
44.24
44.31
44.26
44.20
44.26
44.23
44.27
44.23
44.26
44.27
44.32
44.30
44.23
44.24
44.23
44.20
44.26
44.24
44.22
44.22
44.24
44.21
44.18
44.15
44.20
44.20
44.21
44.22
44.23
44.21
44.20
44.17
44.16
44.18
44.20
44.28
44.29
44.29
44.32
44.38
44.38
44.38
44.41
44.42
44.41
44.48
44.49
44.52
44.52
44.58
44.57
44.52
44.56
44.51
44.53
44.51
44.51
44.52
44.52
44.54
44.49
44.50
44.48
44.45
44.48
44.45
44.44
44.44
44.45
44.46
44.46
44.46
44.45
44.45
44.46
44.40
44.40
44.35
44.33
44.32
44.33
44.37
44.34
44.34
44.32
44.32
44.33
44.32
44.31
44.34
44.37
44.36
44.37
44.42
44.45
44.46
44.48
44.49
44.47
44.49
44.47
44.47
44.50
44.49
44.50
44.47
44.51
44.50
44.47
44.47
44.46
44.43
44.46
44.43
44.44
44.44
44.42
44.35
44.36
44.36
44.39
44.37
44.34
44.31
44.34
44.33
44.34
44.39
44.36
44.34
44.31
44.32
44.32
44.33
44.36
44.36
44.41
44.40
44.43
44.41
44.42
44.44
44.42
44.39
44.39
44.37
44.37
44.42
44.45
44.44
44.44
44.45
44.45
44.46
44.48
44.48
44.51
44.50
44.48
44.47
44.51
44.47
44.49
44.49
44.48
44.47
44.48
44.48
44.48
44.49
44.45
44.45
44.42
44.42
44.46
44.49
44.48
44.48
44.48
44.48
44.51
44.53
44.54
44.54
44.54
44.54
44.52
44.53
44.54
44.54
44.53
44.53
44.52
44.50
44.50
44.52
44.55
44.55
44.53
44.54
44.54
44.53
44.51
44.47
44.49
44.49
44.47
44.45
44.43
44.42
44.41
44.42
44.40
44.42
44.42
44.40
44.40
44.43
44.42
44.41
44.40
44.38
44.40
44.42
44.45
44.41
44.40
44.42
44.42
44.42
44.43
44.43
44.42
44.44
44.44
44.44
44.43
44.45
44.47
44.46
44.44
44.43
44.39
44.37
44.36
44.36
44.37
44.40
44.38
44.37
44.39
44.40
44.41
44.40
44.41
44.41
44.40
44.39
44.38
44.38
44.38
44.38
44.36
44.36
44.34
44.36
44.35
44.36
44.38
44.35
44.37
44.37
44.35
44.33
44.32
44.32
44.32
44.33
44.32
44.30
44.29
44.29
44.28
44.29
44.29
44.28
44.28
44.28
44.29
44.28
44.29
44.29
44.28
44.27
44.27
44.27
44.25
44.23
44.23
44.21
44.22
44.22
44.20
44.21
44.21
44.21
44.19
44.20
44.20
44.22
44.22
44.23
44.23
44.22
44.22
44.21
44.21
44.21
44.23
44.21
44.23
44.23
44.24
44.23
44.25
44.23
44.19
44.20
44.22
44.20
44.18
44.19
44.19
44.20
44.21
44.21
44.23
44.21
44.22
44.22
44.23
44.24
44.23
44.21
44.24
44.21
44.23
44.22
44.23
44.24
44.23
44.23
44.23
44.25
44.24
44.24
44.25
44.24
44.25
44.24
44.23
44.20
44.19
44.19
44.18
44.19
44.18
44.18
44.17
44.15
44.14
44.15
44.13
44.13
44.14
44.14
44.13
44.12
44.13
44.13
44.11
44.12
44.12
44.12
44.11
44.10
44.11
44.12
44.13
44.14
44.12
44.14
44.13
44.12
44.12
44.11
44.12
44.13
44.14
44.15
44.16
44.18
44.18
44.19
44.19
44.20
44.20
44.20
44.21
44.23
44.22
44.22
44.22
44.24
44.21
44.21
44.20
44.19
44.17
44.17
44.17
44.18
44.19
44.18
44.17
44.16
44.16
44.16
44.19
44.19
44.19
44.17
44.17
44.18
44.16
44.14
44.16
44.15
44.14
44.14
44.15
44.14
44.14
44.13
44.13
44.11
44.10
44.10
44.10
44.11
44.13
44.14
44.12
44.13
44.12
44.14
44.14
44.15
44.16
44.15
44.15
44.15
44.15
44.14
44.13
44.14
44.15
44.16
44.16
44.16
44.16
44.16
44.17
44.18
44.17
44.19
44.19
44.17
44.16
44.15
44.15
44.16
44.14
44.14
44.13
44.13
44.14
44.12
44.12
44.12
44.11
44.12
44.10
44.10
44.10
44.11
44.12
44.12
44.13
44.13
44.14
44.14
44.13
44.13
44.12
44.11
44.12
44.12
44.12
44.13
44.12
44.11
44.12
44.11
44.11
44.11
44.11
44.11
44.09
44.11
44.12
44.12
44.13
44.14
44.15
44.15
44.15
44.14
44.14
44.15
44.15
44.16
44.17
44.18
44.18
44.19
44.18
44.19
44.18
44.18
44.18
44.18
44.17
44.17
44.15
44.16
44.15
44.14
44.14
44.15
44.15
44.16
44.17
44.16
44.17
44.17
44.18
44.17
44.17
44.20
44.18
44.17
44.17
44.19
44.17
44.15
44.16
44.16
44.17
44.16
44.15
44.15
44.16
44.14
44.15
44.17
44.16
44.15
44.15
44.15
44.14
44.15
44.14
44.14
44.15
44.13
44.13
44.13
44.12
44.13
44.10
44.11
44.11
44.12
44.12
44.12
44.13
44.13
44.12
44.11
44.12
44.12
44.12
44.11
44.10
44.09
44.09
44.10
44.10
44.10
44.09
44.09
44.10
44.11
44.11
44.11
44.11
44.11
44.10
44.11
44.12
44.12
44.12
44.14
44.13
44.13
44.13
44.09
