70.31
75.00
76.56
77.73
78.75
78.65
78.57
77.73
78.30
78.91
78.84
78.78
78.49
78.24
78.12
78.32
77.94
78.04
77.80
77.66
77.53
77.13
77.45
77.47
77.38
77.58
77.72
77.46
77.32
77.45
77.27
77.29
77.51
77.39
77.37
77.56
77.66
77.55
77.64
77.54
77.55
77.60
77.69
77.49
77.43
77.31
77.43
77.44
77.30
77.44
77.33
77.34
77.30
77.34
77.36
77.43
77.52
77.59
77.57
77.63
77.61
77.70
77.73
77.76
77.86
77.96
78.01
77.96
77.97
77.90
77.90
77.86
77.91
77.98
78.00
77.96
77.94
77.96
77.95
77.97
78.03
77.99
77.94
77.96
78.03
78.12
78.11
78.16
78.14
78.07
78.09
77.97
77.97
78.04
78.09
78.11
78.12
78.22
78.11
78.17
78.22
78.31
78.31
78.34
78.39
78.46
78.49
78.52
78.54
78.57
78.53
78.50
78.48
78.52
78.48
78.42
78.34
78.38
78.37
78.32
78.32
78.28
78.26
78.29
78.25
78.25
78.24
78.19
78.25
78.22
78.20
78.23
78.24
78.18
78.17
78.17
78.16
78.09
78.10
78.08
78.05
78.06
78.11
78.11
78.14
78.19
78.17
78.17
78.17
78.16
78.22
78.21
78.24
78.27
78.23
78.23
78.23
78.25
78.26
78.26
78.24
78.27
78.24
78.19
78.18
78.16
78.15
78.15
78.15
78.13
78.10
78.09
78.10
78.10
78.03
78.02
78.03
77.99
78.02
78.02
78.03
78.02
77.98
77.99
77.97
77.98
77.97
77.93
77.90
77.90
77.95
77.99
78.00
77.98
77.93
77.97
77.95
77.92
77.91
77.90
77.90
77.89
77.90
77.91
77.92
77.88
77.83
77.85
77.86
77.82
77.74
77.73
77.76
77.75
77.75
77.76
77.75
77.69
77.68
77.71
77.71
77.70
77.72
77.69
77.67
77.69
77.70
77.70
77.72
77.70
77.71
77.71
77.73
77.72
77.72
77.71
77.73
77.74
77.74
77.73
77.77
77.78
77.77
77.77
77.76
77.76
77.77
77.77
77.78
77.76
77.77
77.75
77.72
77.76
77.78
77.78
77.80
77.79
77.78
77.76
77.77
77.79
77.80
77.82
77.82
77.81
77.81
77.79
77.78
77.78
77.75
77.72
77.72
77.71
77.73
77.73
77.75
77.76
77.74
77.73
77.74
77.70
77.74
77.74
77.74
77.73
77.72
77.75
77.75
77.73
77.73
77.73
77.73
77.70
77.72
77.72
77.76
77.74
77.73
77.76
77.77
77.77
77.76
77.73
77.76
77.76
77.75
77.74
77.74
77.72
77.72
77.73
77.73
77.72
77.72
77.71
77.70
77.72
77.71
77.69
77.69
77.69
77.71
77.70
77.69
77.67
77.67
77.68
77.66
77.67
77.66
77.65
77.67
77.68
77.70
77.68
77.69
77.67
77.67
77.68
77.69
77.70
77.70
77.70
77.71
77.72
77.73
77.75
77.74
77.73
77.73
77.73
77.75
77.77
77.76
77.77
77.77
77.77
77.79
77.78
77.80
77.80
77.81
77.82
77.79
77.82
77.83
77.85
77.84
77.85
77.86
77.88
77.91
77.86
77.87
77.86
77.87
77.84
77.85
77.86
77.86
77.88
77.89
77.88
77.88
77.89
77.89
77.86
77.87
77.88
77.89
77.90
77.90
77.91
77.90
77.91
77.91
77.92
77.92
77.93
77.90
77.92
77.92
77.93
77.91
77.89
77.88
77.89
77.89
77.87
77.88
77.89
77.91
77.90
77.90
77.89
77.90
77.92
77.91
77.90
77.92
77.92
77.92
77.91
77.92
77.90
77.91
77.90
77.90
77.91
77.90
77.90
77.90
77.92
77.91
77.92
77.90
77.90
77.91
77.89
77.88
77.90
77.91
77.90
77.91
77.90
77.90
77.88
77.89
77.88
77.85
77.85
77.86
77.89
77.90
77.91
77.90
77.91
77.92
77.92
77.90
77.91
77.90
77.92
77.92
77.91
77.91
77.89
77.90
77.91
77.90
77.90
77.89
77.90
77.90
77.89
77.88
77.86
77.86
77.87
77.88
77.88
77.88
77.88
77.88
77.87
77.87
77.86
77.85
77.86
77.87
77.88
77.89
77.88
77.89
77.90
77.91
77.92
77.92
77.93
77.92
77.94
77.95
77.96
77.95
77.95
77.95
77.95
77.96
77.95
77.94
77.95
77.96
77.96
77.94
77.95
77.96
77.98
77.98
77.98
77.99
77.98
77.98
77.99
77.99
77.99
77.98
77.99
78.00
77.99
78.00
78.00
78.00
78.02
78.03
78.03
78.03
78.01
78.00
78.00
78.01
78.02
78.02
78.00
78.00
78.01
78.02
78.02
78.01
78.00
77.99
77.99
77.99
77.99
77.98
77.97
77.98
78.00
77.99
78.00
78.00
78.00
78.00
77.99
77.98
77.99
77.98
77.99
77.99
77.99
77.99
78.00
78.00
77.98
77.99
78.01
78.01
78.01
78.02
78.01
78.01
78.01
78.02
78.01
78.01
78.02
78.02
78.02
78.01
78.02
78.03
78.03
78.04
78.03
78.03
78.03
78.03
78.03
78.02
78.02
78.03
78.02
78.02
78.01
78.01
78.01
77.99
78.00
78.00
77.99
78.00
77.99
78.00
78.02
78.03
78.04
78.04
78.05
78.05
78.04
78.04
78.04
78.04
78.03
78.04
78.05
78.04
78.04
78.04
78.03
78.04
78.04
78.03
78.03
78.04
78.03
78.03
78.04
78.05
78.05
78.05
78.05
78.06
78.06
78.06
78.06
78.05
78.05
78.05
78.04
78.04
78.04
78.04
78.05
78.03
78.03
78.04
78.04
78.04
78.04
78.04
78.04
78.03
78.02
78.00
78.00
78.00
77.98
77.99
77.99
77.99
77.97
77.97
77.97
77.96
77.95
77.95
77.95
77.95
77.95
77.94
77.94
77.94
77.95
77.94
77.95
77.95
77.95
77.95
77.95
77.96
77.96
77.95
77.96
77.95
77.95
77.95
77.95
77.95
77.95
77.95
77.95
77.94
77.93
77.94
77.93
77.93
77.93
77.91
77.92
77.93
77.92
77.91
77.90
77.89
77.88
77.89
77.91
77.90
77.90
77.90
77.89
77.88
77.89
77.89
77.89
77.89
77.90
77.90
77.88
77.88
77.88
77.89
77.89
77.89
77.88
77.87
77.86
77.88
77.88
77.87
77.87
77.87
77.86
77.87
77.87
77.86
77.86
77.87
77.87
77.88
77.88
77.88
77.88
77.87
77.87
77.87
77.88
77.89
77.89
77.89
77.89
77.89
77.89
77.89
77.89
77.90
77.90
77.89
77.90
77.89
77.89
77.89
77.89
77.89
77.89
77.90
77.90
77.90
77.91
77.91
77.84
