85.94
79.69
79.17
79.30
77.50
78.39
78.12
78.12
77.78
77.19
77.41
76.82
77.28
77.79
78.02
78.42
78.95
78.39
78.54
78.91
78.79
78.84
79.21
79.43
79.94
80.05
79.57
79.80
80.12
80.00
79.99
80.22
80.21
80.10
80.09
79.99
79.73
79.89
79.97
80.31
80.26
79.95
79.98
80.08
80.10
80.10
80.12
80.18
80.33
80.19
80.06
80.11
80.07
80.06
80.14
80.13
80.24
80.17
80.35
80.52
80.51
80.65
80.73
80.81
80.82
80.82
80.83
80.79
80.77
80.71
80.68
80.73
80.78
80.79
80.75
80.74
80.68
80.61
80.54
80.53
80.54
80.58
80.61
80.54
80.50
80.51
80.51
80.59
80.67
80.71
80.80
80.71
80.71
80.75
80.74
80.73
80.67
80.66
80.60
80.52
80.46
80.56
80.52
80.54
80.46
80.48
80.45
80.50
80.56
80.55
80.57
80.59
80.54
80.56
80.57
80.56
80.53
80.56
80.61
80.59
80.57
80.55
80.54
80.54
80.54
80.53
80.57
80.52
80.45
80.40
80.37
80.31
80.30
80.33
80.36
80.35
80.33
80.33
80.31
80.33
80.34
80.37
80.34
80.32
80.30
80.30
80.28
80.27
80.21
80.15
80.18
80.22
80.16
80.20
80.20
80.14
80.17
80.14
80.12
80.16
80.15
80.11
80.12
80.09
80.09
80.07
80.07
80.09
80.09
80.14
80.14
80.10
80.07
80.06
80.05
80.10
80.07
80.07
80.07
80.03
80.05
80.07
80.08
80.10
80.09
80.11
80.13
80.14
80.13
80.14
80.19
80.18
80.17
80.19
80.22
80.22
80.24
80.24
80.28
80.28
80.29
80.33
80.36
80.39
80.37
80.38
80.36
80.37
80.41
80.42
80.41
80.38
80.39
80.41
80.37
80.37
80.31
80.30
80.30
80.31
80.29
80.27
80.27
80.24
80.25
80.22
80.22
80.20
80.21
80.18
80.19
80.20
80.21
80.17
80.15
80.13
80.14
80.11
80.09
80.08
80.08
80.04
80.05
80.06
80.05
80.08
80.08
80.06
80.10
80.06
80.02
80.02
80.03
80.04
80.06
80.05
80.03
80.02
80.06
80.03
80.04
80.05
80.05
80.04
80.05
80.07
80.04
80.04
80.05
80.05
80.06
80.06
80.06
80.05
80.06
80.07
80.10
80.12
80.10
80.11
80.10
80.12
80.15
80.14
80.13
80.15
80.13
80.13
80.13
80.11
80.14
80.15
80.12
80.15
80.13
80.14
80.11
80.13
80.13
80.11
80.08
80.08
80.08
80.05
80.04
80.04
80.02
80.03
80.03
80.03
80.04
80.04
80.03
80.02
80.01
80.04
80.07
80.06
80.04
80.05
80.06
80.05
80.04
80.05
80.07
80.07
80.08
80.07
80.07
80.04
80.04
80.04
80.03
80.02
80.02
79.98
79.98
79.96
79.97
79.98
79.99
80.02
80.02
80.03
80.02
80.04
80.03
80.02
80.04
80.04
80.03
80.05
80.05
80.03
80.02
80.00
80.02
80.02
80.03
80.03
80.05
80.06
80.07
80.07
80.04
80.03
80.04
80.04
80.04
80.07
80.10
80.11
80.09
80.11
80.10
80.11
80.12
80.11
80.10
80.09
80.10
80.11
80.10
80.10
80.10
80.09
80.11
80.13
80.12
80.10
80.10
80.11
80.09
80.11
80.12
80.13
80.13
80.12
80.14
80.13
80.14
80.17
80.17
80.16
80.18
80.16
80.16
80.14
80.15
80.14
80.14
80.12
80.10
80.11
80.10
80.10
80.09
80.11
80.11
80.11
80.12
80.12
80.13
80.12
80.12
80.11
80.12
80.13
80.11
80.10
80.11
80.11
80.09
80.09
80.06
80.05
80.05
80.05
80.05
80.04
80.05
80.04
80.03
80.02
80.03
80.03
80.03
80.02
80.02
80.03
80.02
80.02
80.02
80.02
80.00
80.00
80.01
80.02
80.03
80.01
80.01
80.02
80.02
80.02
80.02
80.04
80.05
80.08
80.06
80.06
80.05
80.06
80.06
80.07
80.06
80.06
80.08
80.08
80.11
80.09
80.09
80.09
80.10
80.10
80.12
80.12
80.12
80.13
80.13
80.13
80.15
80.15
80.14
80.14
80.13
80.13
80.14
80.14
80.16
80.16
80.15
80.14
80.14
80.13
80.14
80.14
80.14
80.13
80.13
80.13
80.13
80.13
80.14
80.15
80.15
80.15
80.15
80.16
80.16
80.16
80.17
80.18
80.18
80.19
80.18
80.17
80.15
80.16
80.17
80.17
80.17
80.18
80.19
80.18
80.19
80.18
80.19
80.21
80.23
80.24
80.23
80.25
80.24
80.24
80.24
80.23
80.22
80.22
80.22
80.21
80.22
80.23
80.20
80.21
80.21
80.20
80.19
80.19
80.19
80.18
80.19
80.20
80.20
80.22
80.20
80.21
80.22
80.22
80.21
80.21
80.21
80.21
80.22
80.23
80.22
80.22
80.22
80.22
80.20
80.20
80.22
80.21
80.22
80.22
80.21
80.21
80.20
80.19
80.19
80.19
80.17
80.17
80.16
80.15
80.15
80.15
80.15
80.15
80.16
80.14
80.13
80.14
80.15
80.14
80.13
80.14
80.13
80.14
80.14
80.14
80.14
80.15
80.14
80.13
80.12
80.11
80.11
80.10
80.11
80.09
80.08
80.09
80.08
80.08
80.09
80.09
80.09
80.08
80.09
80.07
80.08
80.06
80.07
80.08
80.07
80.08
80.08
80.08
80.07
80.06
80.05
80.03
80.03
80.02
80.02
80.03
80.02
80.03
80.02
80.02
80.03
80.03
80.04
80.06
80.06
80.07
80.07
80.08
80.09
80.08
80.10
80.11
80.10
80.11
80.11
80.12
80.12
80.12
80.11
80.10
80.10
80.09
80.09
80.09
80.10
80.11
80.11
80.13
80.13
80.12
80.12
80.12
80.13
80.11
80.10
80.11
80.11
80.12
80.12
80.11
80.11
80.10
80.10
80.11
80.12
80.12
80.12
80.13
80.13
80.14
80.15
80.14
80.14
80.13
80.13
80.14
80.13
80.13
80.13
80.13
80.13
80.14
80.14
80.15
80.14
80.14
80.15
80.14
80.13
80.12
80.12
80.12
80.13
80.14
80.14
80.15
80.15
80.14
80.15
80.16
80.16
80.17
80.17
80.16
80.15
80.14
80.15
80.16
80.16
80.16
80.16
80.16
80.15
80.15
80.16
80.17
80.16
80.15
80.13
80.14
80.14
80.15
80.15
80.15
80.15
80.15
80.15
80.14
80.13
80.13
80.14
80.14
80.15
80.16
80.16
80.16
80.17
80.17
80.17
80.16
80.16
80.17
80.17
80.17
80.17
80.17
80.17
80.18
80.18
80.19
80.18
80.11
