76.56
75.78
72.92
71.48
71.88
72.40
72.99
74.80
76.04
75.62
75.43
76.17
75.84
76.34
76.46
76.66
76.75
76.91
77.38
77.73
78.05
78.48
78.33
78.39
78.44
78.19
77.78
77.68
78.02
78.18
78.18
78.42
78.12
77.99
77.95
77.99
77.91
78.00
78.12
78.16
78.28
78.39
78.56
78.66
78.58
78.74
78.86
78.91
78.86
78.91
78.74
78.64
78.60
78.59
78.58
78.54
78.65
78.61
78.76
78.83
78.79
78.78
78.82
78.88
78.75
78.81
78.87
78.84
78.85
78.75
78.72
78.75
78.72
78.80
78.90
78.89
78.84
78.89
78.86
78.87
78.90
78.87
78.90
78.92
78.79
78.74
78.72
78.75
78.72
78.65
78.78
78.86
78.90
78.92
78.93
78.97
79.06
79.10
79.09
79.06
79.10
79.06
79.07
79.07
79.09
79.04
79.04
79.07
79.06
79.12
79.11
79.16
79.16
79.19
79.21
79.16
79.18
79.07
79.02
78.95
78.93
78.91
78.94
78.98
78.95
78.91
78.94
78.93
78.96
78.95
78.97
78.93
78.96
78.91
78.87
78.86
78.88
78.83
78.86
78.83
78.81
78.81
78.80
78.84
78.85
78.82
78.82
78.86
78.90
78.89
78.86
78.84
78.81
78.83
78.88
78.90
78.90
78.87
78.89
78.90
78.95
78.93
78.92
78.91
78.91
78.89
78.90
78.86
78.86
78.82
78.84
78.83
78.82
78.81
78.81
78.80
78.74
78.66
78.64
78.60
78.55
78.60
78.61
78.61
78.63
78.59
78.60
78.63
78.62
78.62
78.61
78.64
78.65
78.68
78.61
78.63
78.59
78.61
78.59
78.59
78.60
78.60
78.59
78.62
78.64
78.57
78.51
78.51
78.51
78.49
78.50
78.51
78.51
78.54
78.50
78.49
78.46
78.47
78.50
78.49
78.50
78.50
78.47
78.48
78.47
78.47
78.43
78.40
78.42
78.40
78.40
78.41
78.41
78.37
78.37
78.35
78.36
78.35
78.39
78.40
78.32
78.33
78.33
78.33
78.34
78.33
78.35
78.33
78.34
78.37
78.38
78.37
78.34
78.31
78.30
78.31
78.31
78.28
78.27
78.27
78.30
78.30
78.29
78.31
78.31
78.33
78.31
78.31
78.32
78.32
78.32
78.31
78.27
78.30
78.31
78.33
78.33
78.35
78.37
78.34
78.35
78.36
78.37
78.38
78.38
78.38
78.40
78.38
78.35
78.32
78.32
78.31
78.32
78.36
78.36
78.37
78.37
78.39
78.41
78.42
78.39
78.37
78.37
78.39
78.40
78.39
78.38
78.38
78.40
78.39
78.39
78.41
78.39
78.40
78.39
78.38
78.39
78.39
78.37
78.36
78.37
78.36
78.30
78.28
78.29
78.29
78.31
78.31
78.34
78.33
78.33
78.37
78.37
78.38
78.39
78.37
78.35
78.37
78.34
78.36
78.35
78.34
78.34
78.32
78.31
78.28
78.31
78.31
78.31
78.33
78.30
78.28
78.29
78.30
78.30
78.31
78.30
78.31
78.31
78.29
78.30
78.31
78.30
78.31
78.30
78.30
78.32
78.29
78.29
78.31
78.32
78.31
78.31
78.32
78.33
78.35
78.34
78.34
78.34
78.33
78.33
78.31
78.33
78.32
78.34
78.35
78.36
78.35
78.36
78.36
78.37
78.39
78.39
78.38
78.39
78.37
78.38
78.36
78.36
78.36
78.37
78.38
78.37
78.35
78.36
78.35
78.37
78.38
78.38
78.37
78.37
78.37
78.37
78.37
78.38
78.39
78.39
78.38
78.38
78.39
78.38
78.38
78.39
78.40
78.42
78.42
78.40
78.40
78.41
78.44
78.46
78.46
78.45
78.45
78.45
78.46
78.47
78.47
78.45
78.46
78.45
78.42
78.42
78.42
78.41
78.41
78.40
78.41
78.40
78.38
78.41
78.41
78.43
78.42
78.43
78.42
78.42
78.40
78.41
78.41
78.40
78.38
78.37
78.37
78.37
78.35
78.37
78.38
78.36
78.38
78.38
78.39
78.40
78.39
78.36
78.35
78.35
78.35
78.34
78.35
78.35
78.36
78.35
78.35
78.37
78.37
78.38
78.38
78.38
78.39
78.36
78.37
78.38
78.38
78.37
78.37
78.35
78.36
78.38
78.37
78.37
78.36
78.35
78.35
78.34
78.35
78.35
78.36
78.35
78.34
78.33
78.35
78.35
78.36
78.37
78.38
78.38
78.39
78.40
78.39
78.39
78.40
78.39
78.38
78.38
78.41
78.42
78.42
78.43
78.43
78.41
78.40
78.39
78.41
78.41
78.41
78.42
78.41
78.40
78.40
78.41
78.39
78.40
78.40
78.41
78.41
78.38
78.38
78.37
78.37
78.37
78.36
78.35
78.34
78.35
78.36
78.37
78.37
78.37
78.36
78.35
78.35
78.35
78.37
78.37
78.37
78.37
78.38
78.37
78.36
78.35
78.35
78.35
78.35
78.35
78.35
78.34
78.34
78.35
78.35
78.35
78.34
78.35
78.35
78.33
78.32
78.33
78.34
78.33
78.32
78.32
78.33
78.34
78.34
78.35
78.35
78.34
78.35
78.36
78.36
78.36
78.35
78.34
78.34
78.34
78.34
78.33
78.34
78.34
78.36
78.37
78.36
78.36
78.36
78.35
78.37
78.36
78.37
78.37
78.38
78.37
78.37
78.36
78.36
78.36
78.36
78.36
78.36
78.36
78.36
78.36
78.36
78.37
78.37
78.37
78.37
78.37
78.37
78.36
78.36
78.35
78.36
78.35
78.36
78.37
78.36
78.36
78.35
78.35
78.34
78.34
78.33
78.31
78.31
78.31
78.30
78.29
78.29
78.29
78.29
78.30
78.30
78.28
78.29
78.28
78.28
78.28
78.26
78.27
78.29
78.29
78.30
78.31
78.30
78.31
78.31
78.32
78.32
78.33
78.33
78.34
78.34
78.36
78.35
78.35
78.36
78.37
78.37
78.36
78.36
78.36
78.36
78.37
78.37
78.37
78.35
78.36
78.36
78.34
78.33
78.33
78.34
78.34
78.35
78.35
78.35
78.35
78.35
78.36
78.36
78.37
78.37
78.36
78.36
78.36
78.35
78.35
78.35
78.35
78.34
78.34
78.35
78.35
78.35
78.35
78.34
78.34
78.34
78.33
78.33
78.32
78.33
78.33
78.33
78.32
78.34
78.34
78.34
78.34
78.33
78.34
78.34
78.33
78.33
78.34
78.33
78.34
78.34
78.35
78.35
78.33
78.33
78.33
78.33
78.33
78.33
78.34
78.34
78.36
78.36
78.34
78.35
78.34
78.35
78.35
78.36
78.36
78.35
78.35
78.35
78.37
78.37
78.37
78.37
78.36
78.35
78.36
78.36
78.36
78.36
78.37
78.29
