67.19
67.97
68.75
68.75
68.12
68.49
70.31
71.48
72.05
72.19
72.59
72.92
72.60
73.10
73.33
73.34
72.79
72.57
72.70
72.97
72.84
73.08
73.17
73.57
73.63
73.62
73.78
73.94
74.03
74.17
74.40
74.61
74.48
74.72
74.78
74.65
74.66
74.71
74.88
74.69
74.62
74.52
74.24
74.04
74.10
74.01
74.04
74.06
74.14
74.16
73.90
73.74
73.67
73.70
73.81
74.02
73.93
74.06
74.07
73.93
73.92
73.89
73.76
73.63
73.58
73.58
73.55
73.48
73.51
73.57
73.42
73.37
73.39
73.37
73.35
73.46
73.40
73.32
73.32
73.36
73.40
73.44
73.53
73.55
73.53
73.46
73.55
73.53
73.54
73.51
73.47
73.37
73.32
73.25
73.27
73.31
73.41
73.39
73.25
73.23
73.31
73.31
73.29
73.24
73.21
73.22
73.22
73.19
73.14
73.10
73.06
73.07
73.06
73.07
73.03
72.95
73.05
72.97
72.91
72.89
72.93
72.87
72.85
72.88
72.82
72.92
72.96
73.02
73.06
73.11
73.02
73.08
73.03
73.02
73.10
73.12
73.10
73.06
73.09
73.08
73.06
73.04
73.06
73.09
73.12
73.12
73.09
73.08
73.10
73.05
73.08
73.01
72.89
72.93
72.95
72.94
72.98
72.96
72.93
72.96
72.95
72.96
73.00
72.98
72.97
73.01
72.98
72.98
72.93
72.91
72.85
72.84
72.85
72.85
72.87
72.94
72.97
72.98
72.98
73.01
73.02
73.01
73.09
73.12
73.09
73.04
73.07
73.11
73.09
73.12
73.09
73.09
73.06
73.01
73.01
73.01
72.99
72.96
73.00
72.93
72.92
72.90
72.94
72.94
72.92
72.98
72.96
72.95
72.93
72.94
72.90
72.97
72.98
72.98
72.97
72.97
72.97
72.94
72.94
72.95
72.96
72.99
73.01
72.96
72.98
72.98
73.00
73.01
73.00
73.02
72.98
72.99
72.97
72.97
72.99
72.97
72.95
72.93
72.91
72.88
72.82
72.79
72.75
72.74
72.70
72.73
72.71
72.73
72.73
72.74
72.74
72.76
72.75
72.73
72.77
72.76
72.74
72.72
72.71
72.69
72.71
72.69
72.69
72.67
72.64
72.67
72.68
72.70
72.72
72.76
72.74
72.76
72.75
72.75
72.76
72.76
72.75
72.77
72.75
72.75
72.73
72.74
72.75
72.77
72.75
72.75
72.75
72.75
72.77
72.76
72.73
72.73
72.74
72.71
72.70
72.74
72.75
72.75
72.77
72.78
72.77
72.79
72.77
72.79
72.82
72.83
72.82
72.79
72.80
72.77
72.77
72.78
72.77
72.79
72.78
72.75
72.72
72.74
72.74
72.72
72.70
72.69
72.70
72.66
72.67
72.69
72.68
72.71
72.72
72.69
72.71
72.68
72.68
72.66
72.64
72.63
72.64
72.64
72.63
72.63
72.63
72.63
72.60
72.62
72.64
72.63
72.66
72.65
72.65
72.66
72.66
72.65
72.65
72.66
72.63
72.63
72.65
72.64
72.66
72.67
72.67
72.65
72.66
72.68
72.70
72.68
72.70
72.70
72.69
72.67
72.66
72.65
72.68
72.69
72.70
72.69
72.71
72.73
72.74
72.73
72.70
72.71
72.72
72.73
72.70
72.70
72.73
72.73
72.73
72.71
72.73
72.74
72.70
72.71
72.71
72.72
72.72
72.73
72.73
72.73
72.72
72.73
72.73
72.75
72.74
72.77
72.75
72.73
72.72
72.72
72.71
72.71
72.73
72.72
72.72
72.72
72.70
72.70
72.69
72.69
72.69
72.70
72.68
72.69
72.69
72.70
72.68
72.66
72.64
72.65
72.65
72.64
72.66
72.66
72.67
72.67
72.67
72.68
72.70
72.71
72.72
72.71
72.73
72.76
72.77
72.76
72.79
72.80
72.80
72.79
72.80
72.83
72.83
72.80
72.80
72.79
72.80
72.79
72.80
72.81
72.82
72.83
72.83
72.83
72.82
72.81
72.80
72.78
72.78
72.76
72.76
72.76
72.73
72.71
72.70
72.70
72.68
72.68
72.67
72.68
72.69
72.67
72.68
72.67
72.69
72.66
72.67
72.69
72.68
72.69
72.71
72.70
72.71
72.70
72.69
72.69
72.66
72.66
72.64
72.63
72.63
72.63
72.61
72.62
72.62
72.63
72.63
72.62
72.62
72.63
72.65
72.64
72.64
72.63
72.65
72.64
72.65
72.67
72.65
72.64
72.64
72.64
72.65
72.67
72.67
72.68
72.66
72.66
72.66
72.66
72.67
72.65
72.66
72.65
72.66
72.66
72.65
72.64
72.65
72.65
72.64
72.64
72.64
72.61
72.61
72.59
72.59
72.61
72.61
72.61
72.61
72.62
72.63
72.62
72.61
72.61
72.61
72.60
72.59
72.60
72.59
72.61
72.60
72.60
72.61
72.62
72.62
72.63
72.63
72.62
72.62
72.60
72.60
72.60
72.60
72.60
72.60
72.59
72.59
72.59
72.58
72.58
72.56
72.57
72.56
72.57
72.58
72.59
72.59
72.61
72.60
72.61
72.60
72.59
72.58
72.57
72.57
72.57
72.57
72.57
72.58
72.57
72.57
72.57
72.58
72.59
72.59
72.59
72.61
72.62
72.60
72.58
72.59
72.59
72.60
72.61
72.61
72.61
72.62
72.61
72.61
72.60
72.61
72.61
72.61
72.62
72.62
72.60
72.60
72.60
72.61
72.62
72.63
72.64
72.65
72.64
72.64
72.64
72.64
72.63
72.62
72.62
72.62
72.62
72.62
72.62
72.62
72.62
72.61
72.62
72.63
72.63
72.64
72.64
72.65
72.64
72.64
72.65
72.64
72.64
72.65
72.65
72.66
72.66
72.65
72.66
72.67
72.68
72.69
72.69
72.68
72.68
72.68
72.68
72.69
72.68
72.67
72.65
72.66
72.66
72.65
72.64
72.65
72.64
72.65
72.64
72.66
72.66
72.67
72.67
72.67
72.67
72.69
72.69
72.70
72.71
72.71
72.72
72.74
72.75
72.76
72.75
72.76
72.76
72.76
72.75
72.74
72.74
72.73
72.73
72.72
72.72
72.72
72.74
72.74
72.74
72.75
72.75
72.76
72.75
72.77
72.78
72.79
72.79
72.78
72.78
72.78
72.78
72.78
72.78
72.77
72.77
72.77
72.78
72.77
72.77
72.75
72.76
72.74
72.74
72.74
72.74
72.74
72.74
72.75
72.75
72.76
72.76
72.76
72.74
72.74
72.74
72.74
72.72
72.71
72.71
72.68
72.68
72.68
72.68
72.67
72.65
72.66
72.65
72.65
72.65
72.65
72.64
72.66
72.66
72.66
72.65
72.65
72.66
72.67
72.66
72.66
72.66
72.66
72.66
72.66
72.59
