90.62
91.41
87.50
83.59
84.38
84.11
83.71
83.40
84.03
83.59
83.38
82.81
82.09
81.70
81.67
81.35
81.34
80.73
80.76
80.62
80.43
80.33
80.30
80.53
80.50
80.17
80.38
80.41
80.55
80.52
80.44
80.37
80.49
80.38
80.40
80.60
80.53
80.55
80.33
80.47
80.49
80.43
80.38
80.26
80.07
80.16
80.29
80.14
80.20
80.16
80.18
80.32
80.28
80.27
80.23
80.36
80.32
80.28
80.27
80.23
80.20
80.17
80.16
80.35
80.43
80.33
80.29
80.35
80.25
80.20
80.15
80.19
80.07
80.07
80.15
80.10
80.11
80.13
80.18
80.18
80.19
80.03
79.88
79.84
79.78
79.85
79.83
79.83
79.86
79.81
79.82
79.89
79.86
79.80
79.69
79.62
79.70
79.69
79.64
79.59
79.61
79.56
79.61
79.58
79.63
79.60
79.57
79.56
79.63
79.57
79.60
79.53
79.48
79.44
79.39
79.43
79.49
79.50
79.42
79.49
79.51
79.53
79.59
79.57
79.49
79.46
79.29
79.28
79.25
79.22
79.25
79.32
79.32
79.38
79.36
79.33
79.37
79.44
79.49
79.51
79.59
79.63
79.65
79.61
79.62
79.68
79.69
79.76
79.71
79.74
79.75
79.75
79.77
79.76
79.79
79.70
79.67
79.67
79.64
79.60
79.59
79.58
79.63
79.66
79.67
79.69
79.70
79.70
79.72
79.73
79.74
79.70
79.67
79.74
79.78
79.71
79.74
79.71
79.71
79.70
79.71
79.70
79.69
79.70
79.73
79.77
79.76
79.75
79.77
79.76
79.76
79.75
79.79
79.80
79.80
79.74
79.74
79.76
79.75
79.78
79.73
79.72
79.74
79.72
79.69
79.69
79.71
79.73
79.76
79.77
79.72
79.73
79.72
79.72
79.73
79.72
79.73
79.74
79.71
79.67
79.67
79.67
79.67
79.65
79.66
79.64
79.63
79.63
79.63
79.66
79.70
79.73
79.73
79.73
79.73
79.75
79.75
79.76
79.76
79.76
79.74
79.71
79.69
79.67
79.69
79.67
79.68
79.71
79.70
79.68
79.67
79.67
79.67
79.68
79.69
79.69
79.68
79.68
79.68
79.68
79.69
79.69
79.72
79.72
79.69
79.72
79.68
79.66
79.62
79.66
79.66
79.68
79.69
79.70
79.69
79.68
79.66
79.67
79.70
79.71
79.69
79.69
79.72
79.73
79.74
79.72
79.73
79.71
79.69
79.71
79.71
79.71
79.70
79.71
79.71
79.71
79.76
79.75
79.71
79.71
79.73
79.75
79.73
79.74
79.73
79.76
79.77
79.76
79.78
79.80
79.81
79.82
79.80
79.81
79.81
79.81
79.82
79.83
79.82
79.81
79.80
79.79
79.79
79.81
79.80
79.81
79.84
79.86
79.87
79.86
79.84
79.84
79.83
79.82
79.83
79.82
79.80
79.81
79.84
79.83
79.82
79.82
79.81
79.82
79.81
79.80
79.80
79.80
79.82
79.83
79.82
79.82
79.82
79.82
79.81
79.79
79.80
79.80
79.78
79.77
79.77
79.76
79.75
79.74
79.77
79.78
79.79
79.80
79.81
79.81
79.78
79.78
79.78
79.79
79.80
79.81
79.80
79.79
79.80
79.81
79.81
79.82
79.83
79.84
79.83
79.82
79.80
79.80
79.80
79.80
79.80
79.81
79.81
79.81
79.79
79.81
79.79
79.79
79.80
79.80
79.83
79.84
79.85
79.85
79.85
79.84
79.85
79.86
79.86
79.86
79.86
79.86
79.86
79.86
79.87
79.85
79.84
79.85
79.84
79.85
79.86
79.87
79.87
79.86
79.86
79.86
79.85
79.85
79.85
79.84
79.86
79.85
79.85
79.84
79.81
79.82
79.82
79.82
79.83
79.84
79.85
79.86
79.88
79.91
79.92
79.92
79.90
79.90
79.90
79.92
79.94
79.93
79.95
79.95
79.96
79.97
79.96
79.98
79.99
79.99
79.98
79.96
79.96
79.95
79.95
79.95
79.94
79.95
79.94
79.94
79.95
79.94
79.94
79.92
79.92
79.94
79.94
79.93
79.93
79.92
79.94
79.94
79.93
79.94
79.93
79.93
79.94
79.93
79.94
79.93
79.94
79.94
79.93
79.93
79.93
79.94
79.94
79.93
79.93
79.92
79.93
79.95
79.95
79.94
79.93
79.94
79.94
79.95
79.96
79.95
79.94
79.94
79.92
79.92
79.93
79.94
79.93
79.94
79.93
79.94
79.94
79.92
79.94
79.93
79.92
79.93
79.92
79.92
79.91
79.91
79.92
79.92
79.92
79.93
79.94
79.92
79.92
79.91
79.91
79.92
79.93
79.93
79.93
79.94
79.95
79.94
79.94
79.93
79.93
79.93
79.94
79.95
79.94
79.94
79.95
79.93
79.92
79.93
79.93
79.93
79.92
79.92
79.90
79.90
79.90
79.90
79.90
79.89
79.89
79.90
79.89
79.88
79.89
79.88
79.89
79.89
79.90
79.91
79.91
79.90
79.89
79.88
79.88
79.88
79.88
79.88
79.90
79.90
79.90
79.90
79.92
79.93
79.92
79.91
79.91
79.91
79.90
79.89
79.90
79.89
79.90
79.88
79.88
79.87
79.87
79.87
79.88
79.89
79.89
79.87
79.87
79.87
79.86
79.86
79.84
79.84
79.84
79.85
79.84
79.84
79.84
79.84
79.85
79.84
79.85
79.85
79.86
79.86
79.88
79.88
79.89
79.89
79.89
79.90
79.90
79.90
79.90
79.91
79.91
79.91
79.92
79.91
79.91
79.91
79.90
79.90
79.90
79.90
79.90
79.90
79.90
79.89
79.89
79.89
79.88
79.88
79.89
79.88
79.88
79.89
79.91
79.91
79.90
79.91
79.92
79.92
79.94
79.95
79.96
79.96
79.96
79.96
79.95
79.95
79.96
79.95
79.95
79.95
79.95
79.96
79.96
79.94
79.94
79.95
79.95
79.95
79.96
79.97
79.97
79.98
79.97
79.95
79.95
79.96
79.95
79.96
79.96
79.96
79.95
79.96
79.95
79.95
79.93
79.93
79.94
79.94
79.94
79.93
79.93
79.93
79.93
79.93
79.93
79.93
79.94
79.94
79.94
79.94
79.95
79.95
79.95
79.95
79.94
79.94
79.95
79.95
79.95
79.95
79.94
79.94
79.93
79.93
79.93
79.93
79.93
79.93
79.93
79.93
79.93
79.92
79.92
79.92
79.92
79.92
79.91
79.92
79.92
79.92
79.93
79.92
79.91
79.91
79.91
79.92
79.92
79.91
79.92
79.91
79.91
79.92
79.94
79.95
79.95
79.95
79.95
79.94
79.95
79.94
79.95
79.95
79.94
79.95
79.94
79.94
79.95
79.94
79.94
79.93
79.93
79.91
79.91
79.83
