79.69
81.25
81.25
81.25
82.19
82.55
83.04
82.62
82.29
82.34
80.97
80.60
80.89
80.69
81.15
81.05
80.97
80.82
81.09
81.17
80.80
80.61
80.37
80.60
80.50
80.23
80.09
80.25
80.33
80.47
80.59
80.57
80.45
80.19
80.27
80.38
80.66
80.67
80.65
80.74
80.83
80.88
80.96
80.79
80.62
80.64
80.65
80.60
80.58
80.56
80.45
80.59
80.42
80.41
80.51
80.25
80.24
80.23
80.27
80.23
80.40
80.37
80.36
80.42
80.36
80.26
80.20
80.19
80.12
80.16
80.13
80.10
80.20
80.17
80.10
80.12
80.22
80.01
80.00
80.04
80.09
80.05
80.01
80.04
79.98
80.05
80.01
80.04
80.02
80.02
80.01
80.04
80.09
80.10
80.08
80.19
80.20
80.21
80.19
80.19
80.20
80.22
80.28
80.29
80.28
80.28
80.24
80.28
80.26
80.21
80.26
80.30
80.28
80.30
80.19
80.21
80.22
80.24
80.24
80.20
80.13
80.08
80.07
80.10
80.08
80.13
80.08
80.04
80.01
80.01
80.01
79.96
79.96
79.96
79.93
79.95
79.95
79.97
79.95
80.00
80.01
80.01
79.99
80.01
80.06
80.03
79.99
80.01
79.95
79.95
79.90
79.90
79.90
79.95
79.98
80.02
80.01
79.99
79.95
79.91
79.92
79.97
79.92
79.93
79.96
79.94
79.91
79.96
79.96
80.02
80.02
80.01
80.01
80.01
80.02
80.02
80.04
80.00
79.98
80.03
80.05
80.06
80.02
80.08
80.08
80.02
80.04
80.00
80.00
80.04
80.03
80.04
79.96
79.99
79.96
79.96
79.94
79.94
79.95
79.91
79.93
79.95
79.97
79.93
79.92
79.88
79.92
79.93
79.96
79.95
79.95
79.93
79.93
79.93
79.90
79.88
79.90
79.90
79.87
79.87
79.88
79.86
79.82
79.83
79.83
79.82
79.80
79.81
79.83
79.82
79.84
79.84
79.83
79.83
79.83
79.82
79.80
79.81
79.79
79.77
79.76
79.76
79.76
79.74
79.78
79.77
79.78
79.78
79.81
79.79
79.80
79.81
79.79
79.78
79.78
79.78
79.71
79.69
79.72
79.69
79.74
79.76
79.76
79.77
79.76
79.77
79.73
79.72
79.71
79.70
79.72
79.69
79.71
79.70
79.74
79.73
79.73
79.74
79.72
79.73
79.75
79.74
79.75
79.74
79.72
79.73
79.73
79.74
79.75
79.77
79.80
79.76
79.76
79.77
79.78
79.79
79.78
79.81
79.82
79.77
79.76
79.79
79.79
79.80
79.79
79.79
79.80
79.80
79.79
79.78
79.75
79.74
79.75
79.73
79.73
79.74
79.75
79.77
79.78
79.78
79.78
79.79
79.78
79.80
79.81
79.81
79.81
79.78
79.78
79.78
79.79
79.77
79.80
79.78
79.78
79.75
79.77
79.75
79.75
79.74
79.75
79.77
79.76
79.78
79.81
79.80
79.75
79.76
79.75
79.76
79.75
79.74
79.74
79.73
79.72
79.71
79.71
79.73
79.72
79.70
79.69
79.70
79.72
79.72
79.70
79.71
79.72
79.73
79.74
79.71
79.71
79.68
79.67
79.68
79.67
79.68
79.69
79.69
79.69
79.68
79.70
79.70
79.70
79.70
79.69
79.69
79.68
79.68
79.65
79.67
79.69
79.68
79.68
79.69
79.68
79.67
79.66
79.66
79.68
79.66
79.66
79.65
79.64
79.66
79.68
79.69
79.70
79.70
79.69
79.68
79.70
79.70
79.69
79.69
79.70
79.69
79.69
79.68
79.69
79.68
79.67
79.67
79.65
79.65
79.63
79.64
79.63
79.61
79.60
79.61
79.60
79.61
79.62
79.62
79.61
79.62
79.61
79.61
79.62
79.62
79.62
79.62
79.62
79.63
79.62
79.61
79.60
79.60
79.60
79.59
79.57
79.57
79.55
79.56
79.56
79.56
79.56
79.56
79.57
79.58
79.58
79.59
79.58
79.58
79.57
79.58
79.59
79.59
79.58
79.58
79.59
79.58
79.57
79.57
79.58
79.57
79.57
79.57
79.56
79.53
79.53
79.53
79.53
79.53
79.52
79.51
79.50
79.50
79.51
79.53
79.53
79.53
79.51
79.53
79.53
79.53
79.53
79.53
79.54
79.55
79.57
79.55
79.55
79.55
79.55
79.55
79.56
79.56
79.58
79.59
79.58
79.56
79.57
79.59
79.60
79.59
79.58
79.57
79.57
79.58
79.58
79.57
79.58
79.59
79.59
79.57
79.57
79.56
79.55
79.55
79.54
79.55
79.54
79.55
79.56
79.55
79.55
79.57
79.57
79.59
79.59
79.58
79.60
79.60
79.62
79.60
79.58
79.59
79.57
79.57
79.56
79.55
79.54
79.54
79.55
79.54
79.55
79.55
79.55
79.54
79.54
79.54
79.55
79.56
79.56
79.57
79.56
79.56
79.54
79.55
79.54
79.53
79.53
79.54
79.55
79.55
79.55
79.54
79.54
79.52
79.52
79.52
79.52
79.52
79.52
79.52
79.53
79.54
79.53
79.53
79.53
79.54
79.53
79.52
79.52
79.52
79.52
79.51
79.51
79.50
79.49
79.47
79.48
79.48
79.46
79.47
79.47
79.48
79.48
79.48
79.49
79.48
79.48
79.46
79.45
79.46
79.45
79.45
79.45
79.44
79.42
79.42
79.44
79.44
79.43
79.42
79.42
79.41
79.40
79.40
79.41
79.42
79.42
79.42
79.43
79.42
79.43
79.43
79.42
79.41
79.42
79.43
79.43
79.43
79.43
79.42
79.42
79.42
79.41
79.41
79.40
79.40
79.40
79.39
79.39
79.38
79.38
79.38
79.38
79.39
79.38
79.38
79.40
79.41
79.40
79.41
79.40
79.40
79.41
79.42
79.42
79.42
79.42
79.42
79.42
79.43
79.42
79.42
79.42
79.43
79.43
79.42
79.41
79.40
79.39
79.38
79.38
79.38
79.38
79.38
79.39
79.39
79.39
79.40
79.41
79.40
79.41
79.42
79.42
79.42
79.40
79.40
79.39
79.38
79.37
79.37
79.37
79.37
79.36
79.36
79.36
79.36
79.35
79.35
79.34
79.34
79.33
79.33
79.34
79.34
79.34
79.33
79.34
79.35
79.36
79.37
79.37
79.37
79.38
79.38
79.38
79.38
79.38
79.38
79.39
79.39
79.38
79.38
79.39
79.38
79.37
79.38
79.39
79.39
79.38
79.39
79.39
79.40
79.40
79.41
79.40
79.40
79.39
79.39
79.39
79.40
79.40
79.39
79.39
79.39
79.39
79.40
79.40
79.40
79.41
79.41
79.41
79.42
79.41
79.40
79.41
79.42
79.42
79.41
79.40
79.40
79.39
79.39
79.39
79.39
79.38
79.31
