71.88
78.91
79.69
76.95
76.25
74.74
75.45
75.78
75.17
75.78
76.85
77.08
77.52
77.57
77.40
77.64
77.11
77.17
77.06
77.50
77.98
77.70
77.51
77.60
77.56
77.88
77.60
77.57
77.53
77.45
77.47
77.59
77.56
77.53
77.59
77.30
77.53
77.43
77.44
77.77
77.90
77.83
77.83
78.02
78.12
78.16
78.09
77.93
78.09
78.09
77.97
78.06
78.12
78.12
78.04
78.10
78.18
78.10
78.15
78.28
78.36
78.43
78.45
78.52
78.56
78.53
78.52
78.56
78.56
78.57
78.61
78.54
78.55
78.51
78.56
78.37
78.41
78.41
78.48
78.40
78.34
78.41
78.48
78.53
78.55
78.62
78.66
78.62
78.62
78.66
78.64
78.65
78.70
78.74
78.77
78.65
78.72
78.78
78.85
78.78
78.77
78.75
78.78
78.76
78.74
78.74
78.71
78.73
78.73
78.76
78.72
78.70
78.58
78.51
78.48
78.46
78.45
78.54
78.47
78.49
78.40
78.39
78.40
78.43
78.50
78.50
78.52
78.55
78.55
78.53
78.54
78.52
78.59
78.60
78.65
78.63
78.62
78.66
78.68
78.71
78.67
78.65
78.69
78.66
78.71
78.69
78.76
78.78
78.76
78.75
78.73
78.74
78.74
78.71
78.67
78.64
78.64
78.71
78.73
78.77
78.74
78.73
78.67
78.66
78.66
78.70
78.67
78.66
78.67
78.65
78.66
78.57
78.57
78.54
78.53
78.56
78.59
78.62
78.63
78.61
78.63
78.61
78.62
78.63
78.73
78.75
78.74
78.72
78.71
78.73
78.72
78.74
78.75
78.75
78.73
78.72
78.66
78.69
78.73
78.73
78.68
78.65
78.64
78.67
78.66
78.66
78.65
78.63
78.60
78.56
78.54
78.54
78.57
78.58
78.58
78.60
78.61
78.59
78.56
78.57
78.55
78.56
78.57
78.56
78.54
78.53
78.59
78.54
78.54
78.53
78.50
78.48
78.49
78.49
78.52
78.52
78.55
78.53
78.50
78.53
78.56
78.53
78.51
78.50
78.49
78.47
78.48
78.47
78.50
78.48
78.48
78.48
78.47
78.48
78.49
78.50
78.48
78.49
78.52
78.50
78.49
78.48
78.44
78.40
78.37
78.37
78.36
78.33
78.36
78.36
78.32
78.33
78.35
78.39
78.39
78.37
78.37
78.36
78.34
78.38
78.38
78.38
78.38
78.41
78.39
78.38
78.38
78.36
78.34
78.32
78.33
78.34
78.34
78.32
78.32
78.32
78.34
78.38
78.39
78.41
78.43
78.44
78.44
78.44
78.45
78.46
78.45
78.45
78.49
78.48
78.50
78.53
78.49
78.48
78.47
78.47
78.47
78.51
78.51
78.50
78.47
78.47
78.49
78.50
78.50
78.51
78.52
78.53
78.52
78.53
78.51
78.51
78.49
78.47
78.46
78.44
78.44
78.43
78.43
78.41
78.40
78.38
78.38
78.38
78.38
78.38
78.39
78.35
78.34
78.31
78.31
78.32
78.28
78.30
78.28
78.29
78.27
78.28
78.26
78.27
78.25
78.23
78.22
78.24
78.25
78.27
78.27
78.27
78.26
78.27
78.27
78.27
78.23
78.22
78.22
78.21
78.22
78.23
78.22
78.21
78.20
78.22
78.23
78.23
78.23
78.23
78.22
78.23
78.24
78.27
78.25
78.27
78.26
78.28
78.28
78.27
78.27
78.26
78.23
78.21
78.24
78.24
78.24
78.26
78.28
78.28
78.28
78.27
78.27
78.26
78.25
78.24
78.27
78.26
78.26
78.26
78.25
78.26
78.27
78.27
78.25
78.25
78.24
78.23
78.24
78.22
78.22
78.22
78.24
78.26
78.26
78.24
78.25
78.26
78.27
78.26
78.26
78.27
78.27
78.28
78.28
78.29
78.32
78.33
78.33
78.34
78.34
78.33
78.34
78.34
78.34
78.36
78.33
78.31
78.30
78.29
78.31
78.33
78.34
78.36
78.36
78.37
78.36
78.35
78.36
78.35
78.33
78.32
78.32
78.33
78.33
78.33
78.32
78.33
78.33
78.32
78.31
78.31
78.29
78.30
78.30
78.31
78.29
78.28
78.27
78.28
78.27
78.27
78.27
78.27
78.26
78.27
78.26
78.27
78.28
78.28
78.28
78.28
78.28
78.29
78.29
78.31
78.30
78.30
78.31
78.30
78.30
78.32
78.32
78.31
78.32
78.32
78.32
78.32
78.31
78.31
78.31
78.32
78.33
78.33
78.33
78.32
78.32
78.32
78.31
78.30
78.30
78.31
78.32
78.32
78.32
78.33
78.34
78.31
78.31
78.32
78.33
78.34
78.35
78.36
78.37
78.38
78.40
78.41
78.41
78.40
78.39
78.40
78.39
78.40
78.39
78.39
78.40
78.41
78.41
78.42
78.41
78.40
78.41
78.42
78.41
78.42
78.42
78.43
78.43
78.44
78.44
78.45
78.44
78.46
78.47
78.47
78.47
78.47
78.46
78.47
78.44
78.44
78.44
78.43
78.42
78.42
78.44
78.44
78.45
78.44
78.46
78.45
78.45
78.46
78.46
78.47
78.45
78.45
78.44
78.43
78.45
78.45
78.45
78.45
78.45
78.44
78.45
78.46
78.46
78.46
78.47
78.47
78.50
78.49
78.49
78.48
78.48
78.47
78.46
78.45
78.44
78.44
78.45
78.46
78.46
78.47
78.47
78.48
78.47
78.49
78.48
78.48
78.48
78.49
78.50
78.49
78.49
78.48
78.48
78.49
78.49
78.49
78.50
78.51
78.52
78.52
78.52
78.52
78.53
78.52
78.51
78.52
78.50
78.50
78.50
78.50
78.48
78.47
78.46
78.46
78.48
78.49
78.49
78.49
78.47
78.48
78.48
78.50
78.50
78.47
78.46
78.47
78.47
78.46
78.46
78.45
78.46
78.46
78.46
78.47
78.47
78.47
78.48
78.49
78.48
78.47
78.47
78.46
78.47
78.47
78.47
78.47
78.45
78.44
78.43
78.44
78.45
78.42
78.41
78.41
78.42
78.43
78.43
78.43
78.43
78.43
78.44
78.44
78.45
78.44
78.45
78.45
78.45
78.45
78.46
78.47
78.47
78.48
78.47
78.47
78.46
78.48
78.49
78.49
78.49
78.49
78.48
78.47
78.46
78.45
78.46
78.46
78.47
78.46
78.46
78.46
78.44
78.44
78.44
78.44
78.44
78.43
78.44
78.44
78.44
78.44
78.44
78.44
78.44
78.43
78.42
78.43
78.42
78.42
78.41
78.42
78.42
78.42
78.41
78.41
78.42
78.43
78.45
78.45
78.45
78.44
78.45
78.45
78.47
78.47
78.46
78.46
78.46
78.46
78.45
78.44
78.44
78.44
78.43
78.43
78.42
78.42
78.42
78.43
78.43
78.35
