90.62
85.94
83.33
82.81
83.12
81.51
82.14
82.42
82.81
82.81
82.67
82.29
82.09
82.14
81.88
81.15
80.70
80.12
80.35
79.92
79.84
80.11
80.10
80.08
80.00
80.29
80.32
80.25
80.39
80.26
80.44
80.37
80.45
80.56
80.89
81.08
80.91
80.76
80.89
80.98
80.91
80.84
80.81
80.72
80.90
80.77
80.75
80.73
80.87
80.72
80.82
80.59
80.57
80.61
80.57
80.39
80.29
80.28
80.38
80.49
80.51
80.57
80.61
80.62
80.62
80.52
80.46
80.47
80.50
80.40
80.44
80.53
80.48
80.45
80.38
80.30
80.22
80.31
80.32
80.35
80.36
80.37
80.38
80.39
80.42
80.36
80.35
80.33
80.34
80.24
80.31
80.18
80.16
80.15
80.16
80.22
80.22
80.20
80.18
80.25
80.23
80.16
80.11
80.17
80.12
80.14
80.15
80.22
80.25
80.20
80.22
80.20
80.25
80.19
80.20
80.27
80.26
80.28
80.29
80.21
80.24
80.28
80.23
80.32
80.36
80.31
80.24
80.31
80.35
80.25
80.19
80.17
80.17
80.13
80.10
80.15
80.12
80.11
80.08
80.07
80.08
80.11
80.10
80.07
80.05
80.06
80.07
80.10
80.08
80.01
80.05
80.06
80.03
80.01
80.06
80.11
80.05
80.05
80.03
80.06
80.09
80.03
80.05
80.02
80.06
80.05
80.07
80.13
80.20
80.19
80.17
80.17
80.18
80.21
80.16
80.16
80.16
80.14
80.13
80.12
80.07
80.08
80.07
80.07
80.08
80.06
80.10
80.07
80.08
80.09
80.09
80.09
80.08
80.09
80.08
80.12
80.16
80.17
80.17
80.16
80.15
80.15
80.11
80.08
80.06
80.01
80.03
80.04
80.02
80.03
80.05
80.05
80.03
80.04
80.07
80.06
80.04
80.09
80.07
80.06
80.02
80.04
79.97
79.94
79.96
79.95
79.94
79.94
79.97
79.93
79.92
79.93
79.90
79.85
79.86
79.87
79.88
79.90
79.89
79.89
79.88
79.89
79.89
79.93
79.94
79.92
79.89
79.89
79.89
79.86
79.84
79.83
79.80
79.79
79.72
79.69
79.71
79.73
79.72
79.74
79.74
79.72
79.72
79.72
79.72
79.73
79.74
79.70
79.69
79.70
79.72
79.72
79.70
79.69
79.69
79.68
79.69
79.72
79.68
79.68
79.67
79.71
79.73
79.74
79.71
79.72
79.74
79.75
79.70
79.70
79.71
79.72
79.74
79.74
79.72
79.70
79.70
79.67
79.68
79.65
79.65
79.66
79.63
79.61
79.61
79.62
79.62
79.63
79.61
79.61
79.62
79.62
79.61
79.61
79.63
79.65
79.68
79.68
79.67
79.66
79.67
79.69
79.69
79.69
79.68
79.70
79.70
79.69
79.71
79.72
79.73
79.73
79.72
79.73
79.74
79.74
79.74
79.75
79.75
79.75
79.76
79.79
79.83
79.82
79.83
79.84
79.84
79.86
79.84
79.83
79.83
79.81
79.81
79.81
79.80
79.81
79.83
79.82
79.82
79.83
79.86
79.86
79.86
79.87
79.88
79.89
79.88
79.90
79.88
79.87
79.86
79.87
79.85
79.84
79.82
79.85
79.85
79.83
79.83
79.84
79.84
79.83
79.82
79.82
79.80
79.80
79.80
79.80
79.83
79.84
79.84
79.86
79.86
79.87
79.88
79.87
79.86
79.86
79.88
79.90
79.90
79.91
79.90
79.90
79.92
79.92
79.93
79.93
79.94
79.94
79.95
79.95
79.96
79.97
79.98
79.98
80.00
80.01
79.99
80.00
79.98
79.98
79.98
79.98
79.97
79.96
79.95
79.96
79.95
79.93
79.93
79.91
79.91
79.91
79.89
79.90
79.89
79.88
79.88
79.90
79.89
79.89
79.88
79.89
79.89
79.90
79.89
79.90
79.91
79.92
79.94
79.93
79.93
79.93
79.93
79.92
79.91
79.91
79.90
79.90
79.90
79.90
79.91
79.93
79.92
79.92
79.91
79.92
79.93
79.93
79.95
79.96
79.94
79.95
79.97
79.97
79.98
79.98
79.99
79.99
79.99
80.00
80.01
80.00
80.00
80.00
80.00
80.00
79.99
79.99
80.00
80.01
79.99
79.99
79.98
79.98
79.98
79.97
79.97
79.98
79.99
79.99
79.97
79.98
79.98
79.97
79.98
79.97
79.98
79.97
79.97
79.97
79.98
79.97
79.98
79.99
80.01
80.02
80.03
80.02
80.02
80.03
80.03
80.02
80.01
80.01
80.02
80.01
80.02
80.02
80.01
80.03
80.03
80.03
80.04
80.04
80.05
80.05
80.05
80.05
80.05
80.05
80.06
80.06
80.06
80.08
80.08
80.09
80.10
80.11
80.11
80.11
80.11
80.12
80.12
80.11
80.12
80.12
80.11
80.13
80.14
80.14
80.15
80.15
80.14
80.13
80.13
80.14
80.15
80.15
80.13
80.13
80.12
80.12
80.13
80.13
80.13
80.13
80.14
80.13
80.13
80.14
80.15
80.14
80.15
80.15
80.15
80.15
80.15
80.14
80.14
80.13
80.12
80.13
80.14
80.14
80.14
80.15
80.15
80.16
80.15
80.15
80.15
80.15
80.15
80.16
80.16
80.17
80.17
80.18
80.19
80.20
80.19
80.18
80.18
80.18
80.19
80.20
80.21
80.20
80.21
80.20
80.20
80.21
80.20
80.20
80.22
80.21
80.21
80.21
80.21
80.22
80.24
80.23
80.23
80.23
80.23
80.23
80.22
80.22
80.23
80.23
80.24
80.22
80.23
80.21
80.22
80.22
80.22
80.22
80.24
80.25
80.25
80.24
80.25
80.25
80.25
80.25
80.26
80.26
80.25
80.26
80.25
80.25
80.26
80.27
80.29
80.29
80.29
80.29
80.30
80.29
80.30
80.30
80.31
80.30
80.31
80.30
80.29
80.31
80.30
80.31
80.30
80.31
80.30
80.30
80.30
80.30
80.29
80.29
80.30
80.29
80.29
80.28
80.28
80.28
80.27
80.28
80.27
80.28
80.29
80.30
80.29
80.30
80.29
80.30
80.31
80.30
80.31
80.31
80.31
80.30
80.30
80.29
80.30
80.30
80.30
80.30
80.30
80.30
80.31
80.32
80.31
80.31
80.30
80.29
80.30
80.29
80.31
80.31
80.32
80.32
80.31
80.32
80.32
80.32
80.31
80.31
80.32
80.33
80.32
80.34
80.34
80.34
80.33
80.33
80.33
80.33
80.33
80.33
80.33
80.32
80.32
80.32
80.32
80.32
80.31
80.31
80.31
80.31
80.31
80.30
80.30
80.30
80.30
80.30
80.31
80.31
80.31
80.32
80.32
80.34
80.33
80.34
80.32
80.31
80.29
80.29
80.30
80.30
80.30
80.22
