75.00
77.34
77.08
76.56
76.56
76.56
77.46
78.32
78.82
78.12
78.41
78.78
78.73
78.91
79.27
79.98
80.51
79.86
79.93
80.23
80.13
80.18
80.16
80.27
80.75
80.95
80.96
80.97
80.98
81.04
81.10
81.01
81.06
81.07
80.89
80.82
80.66
80.55
80.57
80.47
80.64
80.77
80.78
80.54
80.62
80.64
80.62
80.63
80.55
80.53
80.64
80.65
80.75
80.79
80.80
80.61
80.54
80.71
80.61
80.65
80.69
80.72
80.85
80.83
80.87
80.78
80.81
80.72
80.57
80.56
80.61
80.53
80.59
80.57
80.38
80.18
80.11
80.13
80.00
79.92
79.98
79.99
80.06
80.10
80.11
80.05
80.05
80.13
80.13
80.10
80.10
80.10
80.02
80.09
80.10
80.14
80.15
80.13
80.15
80.08
80.12
80.16
80.19
80.21
80.16
80.14
80.04
79.96
79.96
79.99
79.84
79.88
79.94
79.95
79.93
79.92
79.94
79.94
79.96
79.90
79.91
79.96
80.01
79.96
79.97
79.97
79.96
79.93
79.94
79.88
79.91
79.94
79.88
79.89
79.90
79.86
79.94
79.96
79.96
79.93
79.95
79.93
79.94
79.90
79.91
79.89
79.87
79.85
79.82
79.84
79.75
79.80
79.84
79.86
79.89
79.97
79.99
80.03
80.00
79.94
79.88
79.89
79.88
79.89
79.86
79.84
79.82
79.82
79.86
79.90
79.89
79.91
79.96
79.94
79.88
79.88
79.86
79.86
79.87
79.82
79.81
79.81
79.80
79.81
79.86
79.88
79.87
79.84
79.82
79.83
79.83
79.85
79.85
79.85
79.87
79.91
79.89
79.88
79.84
79.87
79.83
79.82
79.84
79.83
79.81
79.77
79.83
79.83
79.83
79.84
79.85
79.89
79.91
79.91
79.92
79.95
79.96
79.93
79.93
79.94
79.90
79.94
79.95
79.95
79.95
79.94
79.98
79.97
79.96
79.95
79.95
79.99
80.00
79.97
79.97
79.97
79.98
79.98
80.01
79.99
79.99
80.00
80.01
80.03
80.06
80.04
80.05
80.04
80.08
80.11
80.11
80.13
80.14
80.12
80.15
80.14
80.16
80.14
80.11
80.14
80.17
80.13
80.13
80.14
80.14
80.13
80.11
80.13
80.12
80.13
80.15
80.14
80.16
80.16
80.14
80.17
80.16
80.12
80.09
80.06
80.05
80.09
80.10
80.08
80.08
80.10
80.10
80.14
80.14
80.16
80.17
80.16
80.18
80.17
80.17
80.14
80.16
80.16
80.14
80.15
80.14
80.17
80.16
80.15
80.17
80.15
80.15
80.15
80.16
80.14
80.15
80.13
80.15
80.17
80.17
80.18
80.21
80.21
80.21
80.20
80.19
80.19
80.22
80.21
80.20
80.21
80.20
80.20
80.20
80.18
80.19
80.20
80.20
80.22
80.22
80.23
80.24
80.24
80.24
80.27
80.27
80.27
80.28
80.27
80.28
80.27
80.28
80.28
80.29
80.29
80.32
80.30
80.31
80.29
80.29
80.29
80.31
80.29
80.29
80.30
80.31
80.29
80.30
80.33
80.34
80.33
80.33
80.32
80.34
80.36
80.35
80.35
80.35
80.35
80.33
80.31
80.30
80.29
80.29
80.30
80.29
80.31
80.30
80.31
80.32
80.34
80.37
80.38
80.36
80.37
80.37
80.37
80.35
80.35
80.35
80.35
80.34
80.33
80.33
80.34
80.35
80.36
80.34
80.35
80.35
80.33
80.30
80.29
80.29
80.28
80.27
80.28
80.30
80.30
80.31
80.29
80.31
80.30
80.27
80.27
80.27
80.25
80.25
80.26
80.27
80.27
80.28
80.27
80.27
80.29
80.27
80.28
80.28
80.27
80.29
80.30
80.30
80.31
80.32
80.33
80.33
80.33
80.34
80.34
80.32
80.31
80.31
80.32
80.32
80.33
80.29
80.29
80.29
80.29
80.29
80.30
80.31
80.29
80.30
80.31
80.31
80.30
80.31
80.30
80.30
80.30
80.31
80.31
80.32
80.31
80.33
80.34
80.34
80.36
80.36
80.37
80.37
80.36
80.38
80.39
80.40
80.41
80.40
80.41
80.42
80.41
80.39
80.38
80.38
80.40
80.40
80.40
80.41
80.41
80.43
80.42
80.40
80.38
80.39
80.41
80.40
80.42
80.40
80.40
80.41
80.41
80.40
80.41
80.41
80.42
80.42
80.43
80.45
80.45
80.45
80.45
80.45
80.44
80.43
80.44
80.45
80.44
80.46
80.46
80.46
80.47
80.48
80.47
80.47
80.46
80.47
80.46
80.46
80.45
80.44
80.42
80.41
80.43
80.43
80.42
80.43
80.43
80.42
80.42
80.42
80.42
80.42
80.43
80.44
80.42
80.41
80.41
80.40
80.40
80.39
80.40
80.41
80.40
80.41
80.40
80.41
80.43
80.42
80.41
80.41
80.43
80.43
80.42
80.42
80.41
80.40
80.41
80.41
80.40
80.38
80.37
80.35
80.36
80.35
80.36
80.35
80.35
80.36
80.36
80.36
80.35
80.34
80.35
80.34
80.35
80.35
80.36
80.36
80.36
80.35
80.37
80.37
80.37
80.36
80.36
80.37
80.37
80.38
80.38
80.38
80.39
80.38
80.38
80.39
80.38
80.39
80.39
80.39
80.39
80.39
80.40
80.39
80.40
80.41
80.43
80.41
80.43
80.43
80.43
80.43
80.42
80.42
80.41
80.41
80.40
80.40
80.40
80.40
80.40
80.41
80.42
80.42
80.41
80.41
80.41
80.39
80.39
80.40
80.40
80.40
80.40
80.41
80.41
80.41
80.41
80.41
80.41
80.42
80.43
80.42
80.42
80.42
80.42
80.40
80.40
80.40
80.41
80.42
80.42
80.42
80.42
80.42
80.41
80.41
80.40
80.39
80.39
80.39
80.38
80.38
80.39
80.39
80.39
80.39
80.37
80.36
80.36
80.36
80.36
80.37
80.38
80.39
80.38
80.38
80.39
80.38
80.39
80.38
80.38
80.38
80.38
80.39
80.39
80.39
80.39
80.39
80.38
80.37
80.38
80.37
80.36
80.36
80.36
80.36
80.36
80.37
80.38
80.38
80.39
80.38
80.38
80.38
80.37
80.37
80.37
80.38
80.37
80.35
80.35
80.35
80.35
80.36
80.36
80.38
80.37
80.37
80.37
80.37
80.37
80.36
80.35
80.34
80.34
80.35
80.35
80.35
80.34
80.35
80.35
80.36
80.36
80.38
80.37
80.37
80.38
80.38
80.38
80.37
80.38
80.38
80.37
80.36
80.36
80.35
80.35
80.34
80.33
80.33
80.33
80.31
80.31
80.31
80.32
80.33
80.33
80.33
80.33
80.33
80.33
80.33
80.33
80.33
80.32
80.32
80.33
80.32
80.24
