78.12
73.44
72.92
75.00
76.56
77.34
78.79
79.30
79.34
79.22
79.26
79.17
79.57
79.02
78.65
78.71
78.58
78.82
78.95
79.14
78.94
78.91
78.74
78.78
79.06
79.27
79.28
79.19
79.09
78.91
78.88
78.71
78.84
78.91
79.02
79.17
79.27
79.32
79.09
78.95
78.96
78.79
78.71
78.69
78.54
78.46
78.66
78.74
78.89
79.06
78.98
78.73
78.71
78.73
78.81
78.82
78.87
78.99
79.05
79.09
79.10
79.11
78.94
78.96
78.94
78.84
78.87
78.88
78.94
79.00
78.92
79.01
79.00
78.91
78.88
78.80
78.84
78.91
78.94
78.89
79.09
79.13
79.07
79.15
79.12
79.11
79.08
79.14
79.11
79.13
79.16
79.16
79.10
79.04
79.08
79.22
79.14
79.19
79.18
79.17
79.13
79.20
79.17
79.22
79.27
79.22
79.21
79.21
79.31
79.28
79.27
79.23
79.23
79.22
79.21
79.23
79.19
79.25
79.18
79.14
79.15
79.18
79.15
79.16
79.24
79.25
79.16
79.13
79.14
79.16
79.16
79.12
79.16
79.17
79.16
79.15
79.16
79.18
79.26
79.31
79.31
79.26
79.21
79.20
79.19
79.18
79.17
79.17
79.19
79.23
79.25
79.27
79.25
79.28
79.25
79.27
79.23
79.17
79.14
79.08
79.12
79.14
79.17
79.19
79.24
79.26
79.27
79.28
79.34
79.36
79.37
79.35
79.34
79.33
79.33
79.31
79.32
79.29
79.29
79.27
79.26
79.32
79.29
79.29
79.29
79.32
79.30
79.29
79.34
79.33
79.34
79.33
79.35
79.35
79.33
79.34
79.35
79.36
79.38
79.40
79.41
79.42
79.43
79.43
79.44
79.42
79.39
79.40
79.38
79.40
79.44
79.43
79.45
79.49
79.53
79.52
79.50
79.50
79.49
79.51
79.50
79.44
79.43
79.47
79.51
79.53
79.50
79.48
79.45
79.46
79.48
79.51
79.52
79.55
79.53
79.52
79.48
79.47
79.47
79.51
79.49
79.49
79.48
79.47
79.47
79.49
79.48
79.47
79.47
79.48
79.45
79.45
79.46
79.45
79.46
79.48
79.49
79.49
79.51
79.50
79.50
79.51
79.49
79.51
79.52
79.55
79.55
79.55
79.53
79.51
79.50
79.53
79.54
79.54
79.51
79.49
79.49
79.50
79.47
79.49
79.49
79.47
79.46
79.49
79.49
79.53
79.54
79.54
79.53
79.53
79.56
79.56
79.54
79.53
79.51
79.51
79.51
79.51
79.47
79.49
79.48
79.51
79.54
79.53
79.56
79.56
79.54
79.56
79.56
79.55
79.54
79.55
79.53
79.54
79.52
79.52
79.52
79.52
79.55
79.55
79.55
79.53
79.52
79.50
79.51
79.51
79.52
79.52
79.50
79.51
79.54
79.56
79.54
79.53
79.53
79.55
79.54
79.55
79.56
79.57
79.58
79.57
79.56
79.54
79.52
79.53
79.53
79.53
79.50
79.49
79.49
79.49
79.46
76.56
76.56
76.04
76.17
75.62
77.34
77.01
78.12
79.34
80.16
80.82
80.99
80.65
81.03
80.94
81.25
81.07
81.08
80.92
80.70
80.43
80.40
79.96
79.62
79.81
79.75
79.63
79.46
79.20
79.17
79.13
79.05
79.26
79.32
79.20
79.43
79.39
79.03
79.05
79.26
79.15
79.35
79.40
79.30
79.24
79.35
79.22
79.39
79.40
79.53
79.60
79.54
79.42
79.31
79.32
79.19
79.28
79.36
79.29
79.38
79.43
79.54
79.56
79.61
79.52
79.33
79.31
79.43
79.42
79.33
79.38
79.38
79.28
79.31
79.33
79.36
79.34
79.27
79.21
79.14
79.01
79.00
79.01
79.07
78.99
79.00
79.13
79.15
79.13
79.15
79.16
79.25
79.37
79.29
79.33
79.23
79.16
79.21
79.18
79.12
79.12
79.07
79.04
79.04
79.17
79.19
79.22
79.28
79.26
79.26
79.28
79.28
79.25
79.29
79.23
79.23
79.18
79.22
79.27
79.21
79.26
79.24
79.27
79.31
79.30
79.27
79.28
79.27
79.29
79.19
79.17
79.23
79.21
79.21
79.24
79.27
79.33
79.31
79.34
79.29
79.28
79.26
79.25
79.26
79.20
79.18
79.17
79.17
79.21
79.17
79.11
79.10
79.05
79.02
79.01
79.01
78.97
79.02
79.00
78.96
78.97
79.01
78.98
78.95
78.96
78.99
79.03
79.06
79.08
79.11
79.11
79.08
79.14
79.12
79.14
79.17
79.19
79.25
79.27
79.28
79.29
79.34
79.32
79.31
79.22
79.24
79.28
79.29
79.25
79.25
79.20
79.18
79.19
79.19
79.20
79.18
79.16
79.14
79.13
79.15
79.21
79.23
79.22
79.24
79.21
79.16
79.18
79.18
79.15
79.17
79.17
79.14
79.12
79.16
79.19
79.17
79.18
79.21
79.19
79.18
79.22
79.19
79.18
79.20
79.22
79.21
79.22
79.24
79.25
79.27
79.25
79.26
79.27
79.28
79.30
79.29
79.28
79.28
79.30
79.24
79.24
79.24
79.22
79.20
79.20
79.20
79.23
79.24
79.23
79.21
79.21
79.23
79.24
79.24
79.22
79.24
79.26
79.23
79.20
79.22
79.18
79.20
79.24
79.24
79.22
79.21
79.24
79.21
79.18
79.16
79.17
79.19
79.18
79.14
79.18
79.16
79.12
79.14
79.14
79.10
79.11
79.13
79.15
79.14
79.17
79.17
79.15
79.17
79.18
79.19
79.21
79.22
79.19
79.20
79.21
79.23
79.24
79.21
79.21
79.19
79.18
79.21
79.20
79.24
79.24
79.23
79.22
79.21
79.21
79.23
79.23
79.23
79.23
79.22
79.24
79.22
79.22
79.23
79.23
79.23
79.23
79.19
79.22
79.24
79.25
79.24
79.24
79.26
79.26
79.25
79.23
79.22
79.22
79.20
79.18
79.20
79.20
79.22
79.20
79.20
79.21
79.23
79.24
79.23
79.24
79.22
79.22
79.23
79.23
79.23
79.24
79.26
79.24
79.25
79.22
79.22
79.23
79.26
79.27
79.24
79.26
79.28
79.25
79.26
79.26
79.24
79.25
79.26
79.26
79.26
79.24
79.24
79.24
79.22
79.21
79.22
79.23
79.22
79.19
79.18
79.19
79.20
79.19
79.19
79.20
79.21
79.20
79.20
79.21
79.22
79.22
79.23
79.23
79.24
79.24
79.25
79.25
79.24
79.25
79.27
79.28
79.28
79.27
79.27
79.28
79.25
79.24
79.26
79.25
79.27
79.27
79.24
79.27
79.27
79.28
79.26
79.26
79.27
79.27
79.29
79.29
79.30
79.30
79.30
79.31
79.32
79.28
79.27
79.29
79.28
79.29
79.29
79.27
79.28
79.29
79.29
79.28
79.31
79.31
79.32
79.30
79.30
79.30
79.30
79.30
79.30
79.31
79.30
79.28
79.29
79.29
79.29
79.29
79.32
79.33
79.31
79.30
79.30
79.28
79.30
79.30
79.30
79.29
79.29
79.27
79.27
79.26
79.27
79.27
79.27
79.25
79.24
79.24
79.23
79.24
79.24
79.23
79.23
79.24
79.26
79.25
79.24
79.24
79.24
79.23
79.24
79.24
79.22
79.21
79.22
79.21
79.21
79.22
79.22
79.21
79.22
79.22
79.21
79.22
79.24
79.22
79.22
79.22
79.21
79.22
79.21
79.21
79.21
79.22
79.23
79.22
79.23
79.22
79.22
79.23
79.24
79.25
79.26
79.26
79.24
79.24
79.24
79.25
79.24
79.26
79.23
79.23
79.23
79.22
79.23
79.24
79.25
79.25
79.24
79.25
79.25
79.24
79.24
79.25
79.25
79.25
79.25
79.25
79.27
79.26
79.27
79.26
79.27
79.27
79.26
79.26
79.27
79.26
79.26
79.24
79.24
79.24
79.25
79.27
79.27
79.27
79.29
79.27
79.27
79.29
79.30
79.31
79.30
79.30
79.28
79.27
79.26
79.25
79.26
79.26
79.25
79.26
79.25
79.25
79.26
79.27
79.27
79.27
79.28
79.29
79.28
79.28
79.29
79.29
79.30
79.29
79.31
79.31
79.32
79.33
79.32
79.32
79.31
79.30
79.29
79.29
79.29
79.29
79.30
79.30
79.31
79.30
79.31
79.30
79.30
79.30
79.29
79.29
79.29
79.29
79.30
79.29
79.28
79.28
79.27
79.27
79.27
79.28
79.28
79.29
79.29
79.29
79.28
79.29
79.28
79.29
79.29
79.29
79.28
79.29
79.27
79.28
79.27
79.27
79.28
79.29
79.28
79.28
79.28
79.28
79.29
79.29
79.28
79.28
79.28
79.28
79.28
79.28
79.27
79.29
79.29
79.29
79.29
79.29
79.30
79.32
79.31
79.31
79.32
79.32
79.32
79.32
79.32
79.33
79.33
79.32
79.33
79.32
79.32
79.32
79.34
79.34
79.35
79.36
79.35
79.36
79.36
79.37
79.37
79.37
79.37
79.37
79.36
79.35
79.35
79.34
79.34
79.33
79.34
79.35
79.36
79.35
79.35
79.36
79.36
79.34
79.35
79.35
79.35
79.35
79.34
79.34
79.33
79.33
79.33
79.33
79.33
79.32
79.33
79.34
79.34
79.34
79.33
79.34
79.34
79.34
79.33
79.34
79.34
79.34
79.34
79.33
79.33
79.33
79.33
79.33
79.33
79.33
79.34
79.34
79.35
79.34
79.35
79.35
79.35
79.35
79.35
79.35
79.36
79.35
79.36
79.37
79.36
79.36
79.36
79.36
79.36
79.36
79.36
79.37
79.37
79.36
79.37
79.37
79.37
79.38
79.37
79.37
79.37
79.37
79.37
79.37
79.37
79.37
79.39
79.39
79.40
79.39
79.39
79.37
79.38
79.37
79.37
79.37
79.38
79.37
79.30
