82.81
81.25
81.25
81.64
81.25
80.99
81.92
81.84
82.12
82.50
82.10
82.16
81.61
81.47
81.04
80.47
80.70
81.25
81.17
81.17
81.70
81.68
82.13
81.97
81.62
81.67
81.71
81.36
81.52
81.35
81.45
81.40
81.49
81.20
81.16
81.29
81.38
81.21
81.21
81.02
80.87
81.03
81.18
81.18
81.28
81.22
81.28
81.38
81.19
81.19
81.07
81.07
81.10
81.02
81.19
81.31
81.36
81.30
81.30
81.35
81.25
81.28
81.37
81.49
81.42
81.49
81.41
81.43
81.27
81.29
81.14
81.05
81.10
81.14
81.08
81.15
81.15
81.13
81.03
81.07
81.10
81.10
81.16
81.06
80.99
80.98
80.98
80.97
80.92
80.87
80.77
80.81
80.85
80.77
80.76
80.68
80.64
80.72
80.76
80.81
80.86
80.84
80.73
80.74
80.79
80.70
80.72
80.74
80.69
80.71
80.67
80.65
80.56
80.59
80.46
80.37
80.36
80.27
80.27
80.29
80.29
80.35
80.42
80.41
80.34
80.30
80.28
80.27
80.22
80.28
80.34
80.36
80.38
80.36
80.31
80.31
80.31
80.36
80.41
80.39
80.40
80.40
80.42
80.41
80.44
80.48
80.48
80.46
80.48
80.46
80.47
80.50
80.50
80.52
80.51
80.54
80.53
80.52
80.48
80.54
80.51
80.52
80.56
80.57
80.59
80.54
80.52
80.57
80.58
80.56
80.59
80.64
80.64
80.68
80.69
80.72
80.70
80.67
80.67
80.63
80.63
80.66
80.68
80.66
80.64
80.64
80.61
80.59
80.58
80.62
80.62
80.62
80.63
80.60
80.60
80.59
80.60
80.60
80.57
80.55
80.54
80.52
80.54
80.53
80.54
80.57
80.59
80.60
80.56
80.57
80.59
80.59
80.60
80.59
80.58
80.59
80.56
80.56
80.59
80.63
80.62
80.59
80.59
80.62
80.61
80.61
80.60
80.62
80.62
80.66
80.67
80.68
80.67
80.66
80.61
80.61
80.61
80.60
80.61
80.60
80.58
80.60
80.56
80.55
80.53
80.53
80.52
80.51
80.50
80.50
80.49
80.47
80.48
80.50
80.48
80.48
80.47
80.43
80.41
80.41
80.43
80.46
80.47
80.49
80.48
80.47
80.47
80.44
80.44
80.41
80.40
80.40
80.40
80.40
80.38
80.37
80.42
80.41
80.42
80.41
80.41
80.40
80.40
80.40
80.39
80.38
80.37
80.40
80.43
80.42
80.44
80.44
80.46
80.45
80.46
80.45
80.48
80.46
80.43
80.45
80.47
80.43
80.41
80.41
80.44
80.43
80.41
80.39
80.40
80.39
80.39
80.42
80.41
80.42
80.42
80.44
80.44
80.44
80.44
80.45
80.48
80.48
80.45
80.45
80.45
80.43
80.43
80.46
80.47
80.45
80.46
80.48
80.45
80.47
80.47
80.49
80.48
80.49
80.48
80.49
80.51
80.51
80.53
80.53
80.51
80.50
80.48
80.49
80.50
80.49
80.48
80.50
80.51
80.52
80.55
80.54
80.53
80.53
80.54
80.54
80.54
80.51
80.51
80.52
80.53
80.53
80.51
80.49
80.48
80.48
80.47
80.47
80.47
80.48
80.46
80.46
80.45
80.45
80.45
80.46
80.44
80.45
80.45
80.47
80.47
80.48
80.46
80.46
80.47
80.48
80.45
80.46
80.49
80.47
80.46
80.44
80.42
80.44
80.46
80.45
80.44
80.44
80.42
80.43
80.42
80.43
80.42
80.43
80.43
80.45
80.44
80.43
80.43
80.43
80.42
80.41
80.43
80.42
80.40
80.42
80.43
80.41
80.40
80.39
80.37
80.37
80.37
80.37
80.35
80.34
80.35
80.34
80.34
80.35
80.33
80.33
80.33
80.33
80.35
80.37
80.39
80.39
80.40
80.42
80.42
80.42
80.40
80.41
80.41
80.40
80.41
80.43
80.43
80.45
80.45
80.44
80.44
80.44
80.45
80.47
80.46
80.48
80.48
80.49
80.49
80.49
80.49
80.51
80.53
80.52
80.51
80.50
80.49
80.48
80.49
80.47
80.47
80.49
80.49
80.49
80.50
80.51
80.50
80.52
80.52
80.50
80.50
80.50
80.49
80.49
80.49
80.49
80.49
80.48
80.49
80.48
80.49
80.49
80.50
80.50
80.50
80.48
80.49
80.47
80.47
80.47
80.47
80.46
80.46
80.47
80.48
80.47
80.47
80.48
80.47
80.47
80.47
80.47
80.46
80.45
80.44
80.44
80.44
80.44
80.44
80.44
80.43
80.43
80.43
80.43
80.43
80.44
80.46
80.45
80.46
80.44
80.44
80.45
80.47
80.46
80.46
80.46
80.47
80.45
80.46
80.47
80.43
80.44
80.45
80.45
80.44
80.43
80.43
80.43
80.43
80.42
80.44
80.45
80.46
80.46
80.47
80.49
80.48
80.49
80.50
80.47
80.46
80.48
80.47
80.48
80.48
80.48
80.48
80.47
80.48
80.47
80.47
80.47
80.46
80.46
80.45
80.44
80.44
80.42
80.40
80.40
80.40
80.38
80.37
80.38
80.38
80.36
80.37
80.37
80.37
80.36
80.37
80.37
80.39
80.39
80.38
80.38
80.37
80.37
80.37
80.38
80.39
80.38
80.37
80.36
80.35
80.34
80.36
80.35
80.36
80.37
80.38
80.37
80.36
80.36
80.34
80.34
80.34
80.33
80.34
80.35
80.35
80.35
80.34
80.33
80.34
80.35
80.34
80.34
80.33
80.31
80.32
80.31
80.32
80.32
80.32
80.33
80.33
80.33
80.33
80.33
80.34
80.34
80.34
80.34
80.34
80.34
80.33
80.33
80.33
80.34
80.33
80.35
80.36
80.37
80.37
80.37
80.38
80.36
80.35
80.36
80.35
80.34
80.34
80.35
80.36
80.35
80.36
80.36
80.35
80.36
80.35
80.36
80.37
80.36
80.37
80.37
80.36
80.36
80.37
80.37
80.36
80.35
80.35
80.34
80.34
80.34
80.33
80.33
80.33
80.33
80.32
80.33
80.33
80.33
80.33
80.33
80.34
80.34
80.33
80.32
80.32
80.33
80.33
80.32
80.30
80.30
80.29
80.29
80.29
80.29
80.29
80.29
80.29
80.29
80.29
80.29
80.30
80.31
80.32
80.31
80.30
80.29
80.28
80.28
80.27
80.27
80.27
80.28
80.28
80.28
80.28
80.28
80.27
80.27
80.26
80.26
80.26
80.26
80.26
80.27
80.26
80.26
80.27
80.26
80.27
80.27
80.26
80.26
80.27
80.27
80.28
80.28
80.28
80.28
80.28
80.28
80.28
80.29
80.28
80.29
80.27
80.27
80.28
80.28
80.28
80.29
80.27
80.27
80.27
80.27
80.27
80.28
80.27
80.27
80.27
80.20
