85.94
81.25
78.65
77.34
80.31
79.69
78.35
79.49
80.21
80.62
80.68
80.34
80.29
79.91
80.52
80.37
80.24
80.47
80.76
80.62
80.58
80.11
79.82
80.21
80.31
80.23
80.27
80.41
80.33
80.47
80.65
80.76
80.59
80.42
80.31
80.43
80.32
80.43
80.37
80.23
80.26
80.25
80.23
80.11
79.93
79.89
79.89
79.69
79.78
79.72
79.72
79.72
79.69
79.72
79.69
79.60
79.69
79.66
79.61
79.51
79.56
79.59
79.61
79.74
79.86
79.81
79.78
79.66
79.82
79.84
79.84
79.84
79.77
79.73
79.73
79.75
79.73
79.77
79.73
79.82
79.82
79.76
79.74
79.67
79.74
79.78
79.81
79.85
79.83
79.79
79.76
79.81
79.81
79.84
79.79
79.82
79.83
79.78
79.77
79.78
79.80
79.84
79.78
79.75
79.67
79.69
79.72
79.70
79.64
79.70
79.74
79.80
79.72
79.69
79.73
79.80
79.77
79.90
79.87
79.87
79.84
79.85
79.85
79.86
79.89
79.87
79.93
79.96
79.95
79.89
79.91
79.91
79.88
79.94
79.97
79.99
79.97
80.02
80.00
80.02
80.04
80.05
80.04
80.06
80.08
80.08
80.09
80.08
80.13
80.12
80.16
80.16
80.17
80.19
80.11
80.09
80.12
80.10
80.13
80.14
80.12
80.13
80.15
80.14
80.14
80.16
80.16
80.18
80.20
80.22
80.16
80.15
80.18
80.21
80.23
80.20
80.22
80.20
80.19
80.12
80.14
80.11
80.13
80.16
80.15
80.17
80.17
80.15
80.14
80.09
80.07
80.09
80.08
80.09
80.11
80.13
80.11
80.10
80.07
80.06
80.10
80.01
80.03
80.01
80.04
80.02
80.03
80.01
80.02
80.04
80.04
80.02
80.02
80.05
80.06
80.09
80.12
80.11
80.10
80.09
80.09
80.05
80.04
80.07
80.10
80.10
80.09
80.05
80.05
79.99
80.00
80.00
80.00
79.96
79.98
79.99
79.94
79.93
79.92
79.90
79.91
79.91
79.89
79.89
79.90
79.91
79.89
79.87
79.87
79.88
79.88
79.89
79.88
79.88
79.88
79.86
79.87
79.89
79.88
79.87
79.87
79.89
79.92
79.91
79.91
79.90
79.90
79.94
79.93
79.93
79.90
79.91
79.93
79.90
79.87
79.88
79.87
79.89
79.89
79.91
79.88
79.90
79.88
79.90
79.90
79.91
79.90
79.89
79.91
79.96
79.97
79.94
79.92
79.93
79.95
79.95
79.98
79.98
79.98
79.99
79.98
80.00
80.00
79.99
79.98
79.98
79.98
79.98
79.97
79.97
79.97
79.94
79.95
79.98
80.01
80.04
80.03
80.02
79.99
80.00
79.97
79.96
79.97
79.98
79.96
79.96
79.96
79.98
79.97
79.98
79.98
79.98
79.96
79.95
79.92
79.91
79.91
79.92
79.92
79.91
79.92
79.92
79.92
79.93
79.94
79.94
79.93
79.92
79.92
79.91
79.90
79.89
79.88
79.88
79.87
79.87
79.87
79.87
79.88
79.87
79.89
79.88
79.86
79.85
79.86
79.85
79.82
79.82
79.81
79.81
79.83
79.83
79.83
79.82
79.83
79.80
79.81
79.79
79.79
79.80
79.82
79.82
79.81
79.79
79.81
79.80
79.78
79.77
79.75
79.77
79.80
79.80
79.81
79.81
79.81
79.79
79.81
79.82
79.83
79.83
79.83
79.84
79.85
79.85
79.86
79.86
79.84
79.86
79.87
79.86
79.87
79.88
79.88
79.87
79.89
79.90
79.90
79.90
79.91
79.91
79.90
79.88
79.89
79.89
79.89
79.90
79.90
79.91
79.90
79.91
79.93
79.92
79.90
79.90
79.89
79.89
79.89
79.90
79.91
79.90
79.90
79.91
79.92
79.91
79.91
79.92
79.90
79.90
79.90
79.89
79.89
79.89
79.90
79.88
79.90
79.90
79.90
79.90
79.91
79.91
79.90
79.92
79.96
79.96
79.95
79.95
79.95
79.95
79.97
79.96
79.96
79.96
79.96
79.95
79.96
79.96
79.96
79.94
79.94
79.93
79.93
79.93
79.94
79.93
79.91
79.93
79.94
79.93
79.95
79.94
79.93
79.93
79.93
79.92
79.93
79.93
79.94
79.96
79.96
79.97
79.98
79.98
79.99
80.00
80.00
80.00
80.00
80.00
79.98
79.96
79.97
79.98
79.97
79.96
79.97
79.98
79.97
79.98
79.97
79.97
79.96
79.95
79.94
79.95
79.95
79.96
79.96
79.97
79.96
79.97
79.96
79.95
79.96
79.96
79.96
79.96
79.98
79.99
79.99
79.99
79.98
79.98
79.98
79.99
79.99
79.99
79.98
79.99
79.99
79.99
79.99
80.00
80.01
80.02
80.02
80.03
80.05
80.05
80.04
80.03
80.03
80.03
80.04
80.04
80.04
80.06
80.07
80.07
80.08
80.07
80.08
80.09
80.10
80.09
80.09
80.09
80.09
80.09
80.11
80.10
80.10
80.10
80.10
80.09
80.08
80.07
80.07
80.08
80.08
80.08
80.08
80.09
80.08
80.07
80.06
80.06
80.06
80.06
80.06
80.07
80.07
80.07
80.07
80.08
80.08
80.08
80.08
80.08
80.07
80.08
80.08
80.08
80.09
80.08
80.07
80.05
80.06
80.03
80.03
80.03
80.04
80.04
80.04
80.04
80.06
80.05
80.06
80.07
80.07
80.06
80.06
80.06
80.05
80.05
80.07
80.08
80.07
80.06
80.06
80.05
80.07
80.07
80.05
80.04
80.03
80.03
80.03
80.04
80.04
80.03
80.04
80.04
80.05
80.05
80.05
80.04
80.05
80.05
80.06
80.06
80.05
80.05
80.04
80.04
80.06
80.06
80.06
80.06
80.07
80.07
80.07
80.07
80.07
80.07
80.08
80.08
80.08
80.08
80.08
80.08
80.07
80.07
80.07
80.08
80.08
80.08
80.09
80.09
80.09
80.09
80.09
80.09
80.08
80.09
80.09
80.10
80.10
80.09
80.09
80.09
80.10
80.08
80.09
80.09
80.09
80.10
80.09
80.10
80.10
80.10
80.09
80.09
80.09
80.09
80.09
80.09
80.09
80.08
80.09
80.08
80.08
80.07
80.08
80.08
80.09
80.08
80.09
80.09
80.08
80.09
80.08
80.08
80.08
80.08
80.09
80.09
80.09
80.08
80.08
80.08
80.08
80.07
80.08
80.06
80.06
80.07
80.07
80.07
80.07
80.06
80.07
80.07
80.06
80.06
80.06
80.06
80.06
80.05
80.05
80.04
80.03
80.03
80.03
80.03
80.03
80.03
80.03
80.02
80.02
80.02
80.00
80.00
79.99
79.98
79.99
80.00
80.00
79.99
80.00
80.00
79.99
79.92
