10.94
10.16
9.90
8.98
9.69
9.90
9.82
9.96
9.90
9.69
9.38
9.24
8.89
8.48
8.75
8.59
8.73
8.33
7.98
8.12
8.26
8.31
8.22
8.33
8.25
8.23
8.22
8.15
7.92
7.76
7.81
7.76
7.95
7.77
7.72
7.73
7.77
7.94
7.85
7.85
7.93
7.89
7.85
7.74
7.74
7.98
7.91
7.91
7.91
7.88
7.90
7.90
7.99
8.02
8.12
8.09
8.11
8.05
8.10
8.12
8.07
8.04
8.06
8.01
7.96
7.95
8.00
7.97
8.04
8.06
8.08
8.03
8.09
8.04
8.04
8.04
8.04
8.03
7.97
8.03
8.04
8.02
8.04
8.04
8.05
8.07
8.03
8.01
7.97
7.95
7.97
8.00
7.96
8.03
8.06
8.09
8.10
8.08
8.08
8.09
8.09
8.09
8.06
8.11
8.11
8.09
8.13
8.12
8.10
8.10
8.12
8.09
8.08
8.09
8.06
8.08
8.05
8.06
8.09
8.10
8.08
8.08
8.07
8.09
8.06
8.07
8.11
8.09
8.04
8.02
8.03
8.05
8.07
8.08
8.06
8.02
8.02
8.03
8.01
8.02
8.01
8.01
8.03
8.02
8.04
8.03
8.04
8.03
8.03
8.05
8.05
8.06
8.06
8.10
8.12
8.14
8.15
8.11
8.16
8.12
8.10
8.09
8.14
8.14
8.15
8.15
8.12
8.12
8.10
8.10
8.10
8.09
8.09
8.11
8.11
8.10
8.11
8.12
8.13
8.11
8.11
8.11
8.09
8.09
8.07
8.10
8.09
8.09
8.07
8.06
8.09
8.09
8.11
8.11
8.10
8.11
8.09
8.07
8.05
8.06
8.08
8.05
8.02
8.04
8.04
8.02
8.01
8.02
8.01
8.00
7.98
7.97
7.96
7.98
7.97
8.01
8.00
8.01
7.99
7.99
8.00
8.00
8.01
7.99
7.99
7.99
7.98
8.00
7.99
7.98
7.97
7.96
7.97
7.97
7.98
7.98
7.98
7.97
7.95
7.96
7.97
7.94
7.95
7.97
7.97
7.96
7.98
8.01
8.01
7.99
8.01
8.00
8.01
8.00
7.98
7.97
7.96
7.96
7.98
7.97
7.97
8.00
8.00
7.99
8.00
7.97
7.95
7.99
7.99
7.99
8.00
8.01
8.01
8.01
8.02
7.99
8.00
8.04
8.03
8.02
8.02
8.01
8.01
8.02
8.02
8.00
7.99
7.99
7.97
7.99
7.99
7.98
7.97
7.97
7.97
7.99
7.98
7.96
7.97
7.98
7.98
7.99
7.98
7.98
7.98
8.01
8.01
8.00
7.99
7.99
8.00
8.01
8.01
8.01
8.01
8.03
8.02
8.01
8.01
8.01
8.02
8.03
8.02
8.00
8.00
8.00
8.01
8.03
8.03
8.03
8.02
8.02
8.03
8.06
8.06
8.08
8.08
8.08
8.09
8.10
8.11
8.13
8.12
8.12
8.12
8.12
8.11
8.10
8.13
8.12
8.12
8.11
8.13
8.13
8.14
8.14
8.15
8.15
8.15
8.15
8.14
8.14
8.16
8.15
8.15
8.15
8.14
8.14
8.15
8.15
8.15
8.15
8.16
8.18
8.16
8.15
8.15
8.16
8.17
8.17
8.17
8.17
8.18
8.17
8.16
8.15
8.16
8.15
8.15
8.17
8.17
8.18
8.19
8.19
8.20
8.19
8.20
8.20
8.19
8.18
8.18
8.18
8.19
8.19
8.19
8.18
8.18
8.19
8.20
8.20
8.20
8.20
8.20
8.21
8.22
8.22
8.21
8.21
8.24
8.24
8.22
8.22
8.22
8.23
8.23
8.22
8.22
8.22
8.22
8.21
8.20
8.19
8.18
8.18
8.18
8.17
8.18
8.20
8.20
8.19
8.20
8.19
8.20
8.20
8.21
8.21
8.20
8.19
8.21
8.21
8.20
8.21
8.20
8.21
8.20
8.20
8.21
8.20
8.22
8.22
8.22
8.22
8.22
8.22
8.22
8.23
8.23
8.23
8.22
8.22
8.24
8.26
8.27
8.27
8.28
8.27
8.26
8.27
8.28
8.28
8.29
8.29
8.29
8.30
8.30
8.29
8.29
8.29
8.29
8.29
8.29
8.30
8.30
8.30
8.29
8.28
8.27
8.27
8.28
8.27
8.26
8.26
8.27
8.27
8.26
8.26
8.26
8.27
8.27
8.26
8.25
8.26
8.26
8.27
8.27
8.27
8.27
8.27
8.27
8.26
8.26
8.25
8.23
8.24
8.24
8.25
8.25
8.24
8.24
8.24
8.22
8.23
8.23
8.22
8.22
8.22
8.21
8.21
8.20
8.20
8.21
8.20
8.20
8.21
8.21
8.21
8.21
8.21
8.21
8.21
8.21
8.20
8.20
8.20
8.21
8.21
8.22
8.23
8.22
8.21
8.21
8.20
8.22
8.22
8.21
8.20
8.20
8.20
8.20
8.20
8.20
8.20
8.20
8.20
8.20
8.20
8.20
8.20
8.20
8.21
8.21
8.20
8.20
8.21
8.21
8.21
8.21
8.21
8.21
8.20
8.19
8.19
8.19
8.19
8.19
8.18
8.19
8.19
8.19
8.18
8.19
8.18
8.19
8.20
8.19
8.20
8.20
8.20
8.20
8.19
8.20
8.19
8.19
8.20
8.20
8.20
8.20
8.19
8.19
8.19
8.19
8.19
8.19
8.18
8.18
8.17
8.17
8.17
8.18
8.18
8.18
8.17
8.17
8.17
8.17
8.17
8.18
8.17
8.18
8.19
8.19
8.19
8.19
8.19
8.18
8.20
8.19
8.20
8.20
8.21
8.20
8.20
8.20
8.19
8.19
8.19
8.19
8.19
8.20
8.21
8.21
8.22
8.22
8.22
8.22
8.21
8.22
8.21
8.21
8.20
8.20
8.21
8.20
8.20
8.21
8.21
8.20
8.19
8.19
8.19
8.18
8.18
8.17
8.17
8.16
8.16
8.16
8.16
8.15
8.15
8.15
8.15
8.15
8.15
8.15
8.14
8.15
8.15
8.15
8.15
8.15
8.16
8.16
8.16
8.16
8.17
8.16
8.17
8.17
8.16
8.17
8.17
8.17
8.17
8.17
8.17
8.17
8.17
8.17
8.18
8.19
8.19
8.19
8.19
8.18
8.18
8.18
8.18
8.18
8.18
8.18
8.18
8.17
8.18
8.19
8.18
8.18
8.19
8.19
8.18
8.18
8.18
8.17
8.18
8.18
8.17
8.18
8.18
8.18
8.17
8.17
8.18
8.17
8.17
8.16
8.17
8.17
8.16
8.16
8.16
8.16
8.16
8.17
8.17
8.17
8.18
8.17
8.17
8.16
8.16
8.16
8.15
8.15
8.16
8.16
8.16
8.16
8.17
8.18
8.18
8.19
8.19
