81.25
78.12
76.04
76.17
77.50
77.86
78.12
77.93
78.47
78.44
77.70
77.47
77.40
77.34
77.81
77.93
78.12
78.04
77.71
77.50
77.68
77.56
77.72
77.67
78.31
78.49
78.30
78.46
78.66
78.96
78.68
78.61
78.31
78.49
78.62
78.69
78.89
78.62
78.61
78.52
78.54
78.72
78.78
78.87
79.06
79.14
79.22
79.13
79.18
79.09
79.20
79.30
79.30
79.43
79.52
79.60
79.80
79.90
79.87
80.03
80.10
80.02
80.16
80.03
79.76
79.76
79.71
79.60
79.64
79.64
79.71
79.62
79.43
79.37
79.33
79.30
79.38
79.49
79.55
79.67
79.59
79.42
79.48
79.50
79.54
79.61
79.65
79.58
79.56
79.58
79.62
79.57
79.60
79.52
79.51
79.51
79.51
79.48
79.34
79.44
79.47
79.52
79.51
79.57
79.67
79.63
79.67
79.66
79.66
79.67
79.65
79.58
79.58
79.55
79.50
79.49
79.51
79.48
79.50
79.40
79.46
79.44
79.46
79.41
79.34
79.37
79.38
79.36
79.36
79.36
79.38
79.45
79.49
79.47
79.41
79.39
79.43
79.40
79.37
79.39
79.30
79.27
79.25
79.34
79.34
79.36
79.36
79.33
79.28
79.27
79.25
79.31
79.31
79.31
79.30
79.27
79.29
79.28
79.25
79.26
79.25
79.23
79.25
79.19
79.19
79.21
79.21
79.25
79.27
79.28
79.27
79.26
79.31
79.29
79.29
79.33
79.36
79.36
79.34
79.36
79.33
79.31
79.34
79.29
79.27
79.28
79.23
79.24
79.25
79.19
79.21
79.20
79.19
79.20
79.22
79.26
79.21
79.23
79.22
79.20
79.20
79.21
79.22
79.20
79.16
79.16
79.14
79.15
79.16
79.17
79.17
79.18
79.21
79.20
79.24
79.27
79.31
79.26
79.25
79.26
79.28
79.28
79.27
79.28
79.31
79.32
79.28
79.28
79.30
79.27
79.31
79.33
79.38
79.41
79.44
79.46
79.44
79.40
79.41
79.42
79.41
79.44
79.46
79.48
79.48
79.47
79.46
79.49
79.50
79.49
79.49
79.50
79.52
79.52
79.53
79.53
79.54
79.53
79.55
79.57
79.59
79.56
79.58
79.60
79.60
79.61
79.62
79.62
79.61
79.64
79.67
79.69
79.65
79.66
79.64
79.64
79.66
79.65
79.66
79.68
79.72
79.74
79.75
79.75
79.73
79.75
79.74
79.75
79.76
79.74
79.73
79.74
79.75
79.74
79.75
79.78
79.75
79.75
79.71
79.73
79.73
79.71
79.69
79.71
79.72
79.68
79.69
79.70
79.71
79.72
79.72
79.70
79.71
79.69
79.69
79.70
79.69
79.68
79.68
79.69
79.68
79.70
79.72
79.73
79.74
79.74
79.71
79.71
79.69
79.71
79.70
79.69
79.66
79.63
79.63
79.65
79.65
79.66
79.67
79.70
79.71
79.69
79.68
79.69
79.68
79.67
79.66
79.67
79.67
79.66
79.66
79.67
79.65
79.67
79.66
79.68
79.67
79.66
79.67
79.63
79.63
79.62
79.62
79.59
79.59
79.60
79.59
79.57
79.58
79.57
79.53
79.54
79.55
79.55
79.55
79.54
79.52
79.51
79.51
79.51
79.51
79.50
79.50
79.51
79.50
79.51
79.52
79.52
79.51
79.51
79.49
79.50
79.54
79.55
79.55
79.53
79.52
79.52
79.52
79.51
79.52
79.51
79.49
79.49
79.48
79.48
79.48
79.50
79.50
79.51
79.49
79.49
79.49
79.49
79.51
79.50
79.51
79.52
79.49
79.51
79.49
79.49
79.48
79.49
79.50
79.49
79.49
79.47
79.47
79.48
79.47
79.46
79.47
79.47
79.44
79.45
79.44
79.46
79.45
79.46
79.46
79.46
79.47
79.47
79.46
79.47
79.46
79.46
79.45
79.45
79.45
79.46
79.46
79.47
79.46
79.44
79.43
79.45
79.45
79.45
79.45
79.44
79.43
79.42
79.44
79.44
79.44
79.44
79.45
79.45
79.43
79.44
79.43
79.42
79.43
79.44
79.45
79.45
79.44
79.44
79.46
79.46
79.47
79.46
79.47
79.46
79.46
79.47
79.48
79.47
79.48
79.49
79.48
79.47
79.47
79.46
79.46
79.46
79.45
79.45
79.44
79.43
79.45
79.44
79.44
79.43
79.43
79.44
79.43
79.42
79.41
79.41
79.40
79.40
79.39
79.38
79.38
79.37
79.37
79.37
79.38
79.38
79.37
79.35
79.34
79.35
79.35
79.34
79.34
79.34
79.33
79.35
79.35
79.35
79.35
79.36
79.35
79.34
79.35
79.35
79.33
79.32
79.33
79.31
79.30
79.29
79.30
79.29
79.29
79.29
79.29
79.29
79.29
79.28
79.27
79.27
79.27
79.26
79.26
79.25
79.26
79.26
79.25
79.27
79.27
79.26
79.25
79.26
79.27
79.27
79.27
79.26
79.26
79.27
79.28
79.28
79.27
79.26
79.26
79.24
79.23
79.22
79.21
79.20
79.20
79.21
79.22
79.21
79.20
79.22
79.21
79.21
79.19
79.19
79.20
79.21
79.21
79.21
79.23
79.23
79.22
79.22
79.23
79.23
79.23
79.23
79.23
79.23
79.22
79.23
79.23
79.25
79.25
79.26
79.26
79.25
79.26
79.26
79.26
79.26
79.26
79.26
79.26
79.27
79.27
79.28
79.28
79.28
79.28
79.28
79.30
79.30
79.31
79.30
79.31
79.32
79.31
79.32
79.32
79.31
79.30
79.30
79.31
79.31
79.31
79.30
79.29
79.29
79.29
79.29
79.30
79.31
79.31
79.31
79.32
79.32
79.32
79.33
79.33
79.33
79.31
79.32
79.33
79.32
79.33
79.33
79.32
79.32
79.32
79.33
79.32
79.31
79.33
79.31
79.31
79.33
79.32
79.32
79.32
79.32
79.34
79.33
79.33
79.32
79.31
79.30
79.31
79.32
79.32
79.33
79.33
79.33
79.33
79.34
79.33
79.34
79.34
79.34
79.35
79.36
79.36
79.36
79.36
79.37
79.37
79.37
79.37
79.38
79.37
79.36
79.37
79.37
79.37
79.37
79.36
79.36
79.36
79.37
79.35
79.36
79.36
79.37
79.37
79.37
79.37
79.37
79.37
79.37
79.38
79.38
79.38
79.38
79.38
79.38
79.39
79.39
79.39
79.40
79.41
79.41
79.41
79.41
79.40
79.40
79.41
79.42
79.42
79.42
79.41
79.41
79.41
79.41
79.42
79.42
79.42
79.42
79.43
79.43
79.44
79.45
79.45
79.46
79.47
79.47
79.47
79.48
79.49
79.49
79.50
79.49
79.49
79.49
79.50
79.49
79.50
79.51
79.51
79.53
79.53
79.54
79.54
79.47
