73.44
74.22
79.69
78.91
79.38
78.91
78.79
79.30
79.34
79.84
79.40
79.56
79.57
79.46
79.17
78.71
78.77
78.99
79.03
78.98
79.32
79.55
79.82
79.30
79.69
79.75
79.75
79.85
80.23
80.00
80.04
79.88
79.92
79.83
79.82
79.99
79.86
79.73
79.81
79.73
79.46
79.54
79.65
79.79
79.76
79.79
79.85
79.85
79.69
79.69
79.78
79.72
79.86
79.92
80.00
80.08
80.10
80.20
80.32
80.29
80.38
80.42
80.46
80.49
80.46
80.49
80.62
80.68
80.55
80.42
80.44
80.34
80.31
80.30
80.31
80.28
80.24
80.11
80.14
80.08
80.02
80.01
80.06
80.00
80.02
80.01
80.06
80.10
79.95
79.91
79.89
79.94
79.96
80.00
79.95
79.83
79.82
79.82
79.88
79.89
79.95
79.95
79.87
79.93
79.94
79.88
79.88
79.86
79.85
79.80
79.69
79.69
79.69
79.69
79.62
79.66
79.66
79.67
79.66
79.70
79.64
79.66
79.66
79.60
79.64
79.66
79.69
79.65
79.65
79.65
79.69
79.68
79.71
79.71
79.72
79.69
79.71
79.73
79.72
79.74
79.75
79.75
79.71
79.69
79.68
79.67
79.64
79.62
79.65
79.69
79.72
79.79
79.79
79.81
79.87
79.88
79.89
79.87
79.86
79.88
79.92
79.95
79.97
79.96
79.98
80.00
80.00
79.92
79.90
79.90
79.87
79.91
79.90
79.90
79.88
79.84
79.86
79.86
79.84
79.87
79.89
79.89
79.85
79.89
79.90
79.89
79.90
79.93
79.89
79.88
79.88
79.87
79.87
79.87
79.85
79.83
79.79
79.81
79.79
79.84
79.84
79.84
79.83
79.80
79.78
79.78
79.77
79.79
79.78
79.81
79.78
79.78
79.81
79.83
79.83
79.84
79.81
79.85
79.84
79.83
79.82
79.82
79.82
79.85
79.88
79.91
79.92
79.93
79.93
79.94
79.92
79.92
79.94
79.97
79.95
79.95
79.92
79.91
79.91
79.89
79.88
79.90
79.92
79.91
79.93
79.96
79.97
79.97
80.01
80.03
80.05
80.06
80.05
80.05
80.03
80.04
80.04
80.04
80.02
80.06
80.08
80.05
80.06
80.05
80.05
80.04
80.05
80.04
80.04
80.03
80.05
80.08
80.10
80.13
80.10
80.09
80.09
80.11
80.10
80.10
80.10
80.11
80.13
80.11
80.11
80.14
80.13
80.14
80.12
80.12
80.14
80.14
80.15
80.14
80.13
80.13
80.14
80.13
80.12
80.11
80.09
80.08
80.06
80.08
80.07
80.06
80.06
80.07
80.06
80.05
80.05
80.07
80.05
80.03
80.03
80.03
80.04
80.06
80.06
80.07
80.10
80.07
80.08
80.09
80.12
80.12
80.14
80.16
80.17
80.18
80.19
80.17
80.17
80.18
80.17
80.15
80.16
80.17
80.16
80.16
80.16
80.13
80.15
80.15
80.16
80.13
80.15
80.13
80.14
80.15
80.18
80.16
80.17
80.17
80.17
80.16
80.16
80.16
80.15
80.15
80.14
80.13
80.11
80.10
80.10
80.11
80.13
80.13
80.14
80.11
80.12
80.11
80.12
80.11
80.10
80.09
80.08
80.08
80.09
80.11
80.12
80.10
80.12
80.11
80.11
80.11
80.11
80.14
80.12
80.12
80.12
80.12
80.12
80.14
80.14
80.14
80.14
80.14
80.12
80.13
80.14
80.12
80.13
80.14
80.14
80.14
80.12
80.14
80.15
80.16
80.17
80.17
80.17
80.17
80.18
80.19
80.19
80.17
80.19
80.20
80.20
80.21
80.22
80.23
80.24
80.24
80.22
80.23
80.24
80.23
80.24
80.24
80.24
80.25
80.26
80.24
80.25
80.23
80.22
80.22
80.21
80.22
80.20
80.18
80.19
80.19
80.19
80.20
80.20
80.20
80.21
80.22
80.22
80.21
80.22
80.22
80.23
80.25
80.25
80.25
80.25
80.23
80.24
80.24
80.25
80.25
80.24
80.24
80.25
80.25
80.24
80.23
80.24
80.23
80.24
80.24
80.24
80.25
80.25
80.25
80.24
80.26
80.26
80.26
80.26
80.26
80.25
80.26
80.26
80.24
80.24
80.23
80.24
80.23
80.21
80.22
80.22
80.21
80.21
80.21
80.21
80.21
80.21
80.22
80.23
80.23
80.23
80.23
80.24
80.24
80.23
80.23
80.24
80.24
80.25
80.25
80.25
80.26
80.27
80.28
80.26
80.26
80.27
80.26
80.25
80.24
80.26
80.28
80.27
80.27
80.27
80.28
80.29
80.30
80.29
80.27
80.25
80.25
80.26
80.25
80.26
80.26
80.26
80.26
80.27
80.27
80.27
80.27
80.27
80.27
80.28
80.28
80.28
80.28
80.28
80.27
80.27
80.28
80.29
80.31
80.30
80.30
80.29
80.29
80.28
80.28
80.29
80.28
80.28
80.28
80.28
80.27
80.26
80.25
80.23
80.20
80.22
80.23
80.24
80.23
80.23
80.24
80.24
80.24
80.25
80.25
80.27
80.25
80.25
80.26
80.26
80.26
80.24
80.25
80.25
80.25
80.24
80.24
80.23
80.23
80.24
80.24
80.23
80.24
80.22
80.23
80.24
80.24
80.22
80.22
80.22
80.22
80.22
80.22
80.22
80.23
80.22
80.24
80.25
80.26
80.27
80.27
80.28
80.30
80.29
80.30
80.30
80.29
80.29
80.30
80.31
80.31
80.31
80.31
80.31
80.31
80.30
80.30
80.31
80.31
80.30
80.31
80.31
80.31
80.31
80.30
80.31
80.30
80.31
80.30
80.30
80.31
80.32
80.33
80.30
80.29
80.30
80.30
80.29
80.28
80.29
80.28
80.30
80.30
80.30
80.30
80.31
80.32
80.33
80.32
80.32
80.30
80.30
80.31
80.31
80.32
80.31
80.31
80.31
80.31
80.31
80.31
80.31
80.31
80.30
80.29
80.30
80.30
80.30
80.30
80.30
80.31
80.32
80.31
80.32
80.32
80.32
80.32
80.31
80.31
80.32
80.33
80.33
80.33
80.33
80.33
80.34
80.34
80.34
80.33
80.32
80.32
80.32
80.32
80.32
80.32
80.33
80.32
80.31
80.29
80.29
80.29
80.29
80.30
80.30
80.31
80.31
80.30
80.30
80.31
80.32
80.31
80.31
80.31
80.31
80.32
80.33
80.32
80.32
80.32
80.32
80.31
80.31
80.30
80.31
80.29
80.30
80.30
80.29
80.30
80.30
80.30
80.30
80.29
80.30
80.28
80.29
80.31
80.31
80.31
80.32
80.33
80.33
80.34
80.35
80.35
80.35
80.35
80.35
80.35
80.36
80.36
80.35
80.35
80.36
80.36
80.36
80.36
80.36
80.37
80.37
80.29
