76.56
75.78
78.12
76.95
78.75
78.12
78.35
79.30
80.03
79.84
80.26
80.08
80.77
80.92
81.15
81.05
80.88
80.73
81.00
81.02
80.80
81.04
81.05
81.38
81.69
82.09
81.71
81.81
81.57
81.61
81.55
81.84
81.87
81.71
81.79
81.64
81.84
81.83
81.77
81.88
81.86
81.77
81.80
81.57
81.56
81.56
81.25
81.25
81.12
80.91
81.13
81.10
81.28
81.16
81.02
80.92
80.87
80.90
80.80
80.68
80.79
80.70
80.70
80.64
80.60
80.66
80.55
80.63
80.59
80.47
80.44
80.43
80.42
80.47
80.35
80.45
80.44
80.29
80.26
80.29
80.23
80.28
80.23
80.21
80.17
80.16
80.14
80.08
80.14
80.24
80.29
80.18
80.19
80.25
80.18
80.21
80.22
80.20
80.22
80.27
80.26
80.28
80.29
80.30
80.25
80.28
80.30
80.35
80.36
80.36
80.29
80.32
80.31
80.32
80.22
80.28
80.32
80.30
80.37
80.31
80.35
80.33
80.37
80.30
80.31
80.26
80.33
80.30
80.24
80.22
80.28
80.22
80.13
80.14
80.09
80.07
80.06
80.05
80.06
80.08
80.14
80.11
80.14
80.14
80.18
80.18
80.18
80.19
80.21
80.23
80.17
80.20
80.24
80.25
80.29
80.30
80.28
80.23
80.26
80.26
80.25
80.28
80.32
80.31
80.30
80.31
80.35
80.38
80.35
80.34
80.28
80.21
80.21
80.27
80.27
80.23
80.30
80.33
80.36
80.36
80.36
80.37
80.38
80.40
80.45
80.48
80.53
80.53
80.56
80.55
80.52
80.55
80.54
80.52
80.50
80.49
80.53
80.55
80.58
80.56
80.55
80.55
80.57
80.58
80.61
80.65
80.62
80.58
80.58
80.60
80.55
80.53
80.57
80.58
80.58
80.55
80.54
80.53
80.49
80.50
80.47
80.43
80.40
80.39
80.39
80.36
80.36
80.35
80.38
80.38
80.39
80.39
80.41
80.37
80.37
80.38
80.40
80.39
80.39
80.36
80.36
80.36
80.34
80.38
80.38
80.39
80.41
80.41
80.45
80.44
80.45
80.46
80.46
80.47
80.48
80.51
80.46
80.46
80.45
80.47
80.44
80.43
80.44
80.45
80.46
80.46
80.44
80.47
80.48
80.47
80.44
80.46
80.44
80.45
80.45
80.46
80.45
80.45
80.47
80.49
80.50
80.52
80.52
80.55
80.56
80.55
80.57
80.57
80.56
80.57
80.54
80.59
80.61
80.57
80.57
80.57
80.56
80.59
80.60
80.59
80.60
80.60
80.62
80.63
80.64
80.64
80.63
80.63
80.62
80.60
80.60
80.60
80.60
80.56
80.56
80.55
80.55
80.57
80.55
80.57
80.56
80.55
80.55
80.55
80.53
80.51
80.50
80.49
80.49
80.49
80.49
80.49
80.49
80.50
80.49
80.46
80.47
80.48
80.49
80.47
80.47
80.45
80.48
80.48
80.48
80.49
80.48
80.47
80.47
80.47
80.47
80.49
80.50
80.50
80.52
80.53
80.49
80.47
80.46
80.46
80.46
80.46
80.46
80.47
80.46
80.46
80.48
80.50
80.52
80.49
80.50
80.48
80.48
80.50
80.50
80.49
80.50
80.51
80.51
80.49
80.47
80.46
80.47
80.49
80.49
80.51
80.52
80.53
80.54
80.54
80.53
80.53
80.53
80.54
80.54
80.56
80.56
80.57
80.56
80.59
80.60
80.59
80.59
80.60
80.61
80.62
80.61
80.60
80.62
80.62
80.61
80.63
80.63
80.64
80.64
80.61
80.59
80.58
80.56
80.57
80.54
80.54
80.53
80.51
80.52
80.52
80.51
80.51
80.51
80.50
80.49
80.48
80.49
80.48
80.49
80.49
80.48
80.49
80.49
80.48
80.47
80.48
80.48
80.49
80.50
80.50
80.49
80.48
80.47
80.46
80.44
80.43
80.44
80.43
80.42
80.41
80.40
80.40
80.40
80.38
80.38
80.39
80.40
80.41
80.41
80.42
80.41
80.43
80.42
80.44
80.44
80.42
80.41
80.42
80.39
80.40
80.39
80.37
80.39
80.40
80.39
80.39
80.40
80.37
80.36
80.34
80.34
80.35
80.32
80.31
80.32
80.33
80.32
80.33
80.32
80.32
80.31
80.29
80.29
80.29
80.30
80.32
80.32
80.33
80.32
80.33
80.32
80.34
80.34
80.33
80.32
80.34
80.35
80.35
80.34
80.34
80.36
80.38
80.38
80.38
80.39
80.38
80.40
80.40
80.40
80.40
80.40
80.40
80.40
80.38
80.40
80.39
80.39
80.40
80.40
80.40
80.38
80.39
80.39
80.38
80.39
80.39
80.40
80.40
80.39
80.41
80.42
80.41
80.41
80.39
80.41
80.41
80.41
80.40
80.41
80.39
80.39
80.39
80.39
80.39
80.37
80.37
80.38
80.37
80.38
80.38
80.38
80.37
80.37
80.38
80.39
80.40
80.40
80.41
80.41
80.40
80.39
80.40
80.39
80.39
80.39
80.40
80.40
80.40
80.38
80.39
80.37
80.38
80.38
80.36
80.37
80.37
80.38
80.39
80.39
80.37
80.38
80.38
80.37
80.38
80.38
80.38
80.37
80.38
80.37
80.37
80.37
80.38
80.38
80.39
80.38
80.38
80.39
80.38
80.39
80.38
80.38
80.36
80.35
80.36
80.35
80.36
80.35
80.36
80.37
80.37
80.35
80.35
80.36
80.36
80.34
80.34
80.34
80.33
80.33
80.34
80.35
80.36
80.36
80.35
80.35
80.35
80.34
80.35
80.34
80.35
80.34
80.34
80.34
80.34
80.35
80.35
80.35
80.36
80.36
80.36
80.37
80.38
80.37
80.38
80.39
80.40
80.40
80.41
80.42
80.43
80.44
80.43
80.43
80.43
80.43
80.44
80.44
80.42
80.41
80.40
80.39
80.38
80.39
80.39
80.38
80.38
80.38
80.38
80.36
80.37
80.36
80.36
80.35
80.36
80.37
80.37
80.37
80.37
80.36
80.36
80.36
80.35
80.34
80.35
80.36
80.36
80.36
80.36
80.37
80.38
80.38
80.38
80.38
80.37
80.37
80.37
80.36
80.37
80.37
80.37
80.36
80.36
80.36
80.35
80.35
80.35
80.35
80.35
80.35
80.35
80.34
80.33
80.33
80.33
80.33
80.34
80.34
80.33
80.34
80.33
80.33
80.33
80.33
80.33
80.32
80.31
80.31
80.31
80.31
80.32
80.32
80.31
80.30
80.30
80.31
80.30
80.31
80.30
80.31
80.30
80.31
80.31
80.31
80.32
80.33
80.34
80.34
80.34
80.34
80.34
80.35
80.34
80.34
80.35
80.35
80.35
80.34
80.34
80.33
80.34
80.32
80.33
80.32
80.30
80.31
80.23
