87.50
79.69
78.65
80.08
79.06
78.91
78.57
78.71
79.34
79.22
79.40
79.04
79.45
79.91
79.90
79.59
79.60
79.60
78.95
78.91
79.02
78.98
78.94
78.97
79.25
79.09
79.11
78.68
78.61
78.33
78.28
77.93
78.03
78.03
78.26
78.17
78.42
78.41
78.29
78.48
78.70
78.79
78.85
78.91
78.96
78.94
79.06
79.07
79.15
79.03
79.23
79.21
79.27
79.25
79.26
79.41
79.39
79.39
79.42
79.45
79.46
79.33
79.32
79.27
79.23
79.31
79.24
79.20
79.12
79.11
79.09
79.06
79.07
79.05
79.08
79.19
79.28
79.27
79.43
79.45
79.44
79.42
79.37
79.32
79.30
79.36
79.35
79.28
79.21
79.10
79.04
79.01
79.05
79.07
79.06
79.02
79.06
79.07
79.18
79.19
79.25
79.30
79.34
79.45
79.43
79.36
79.41
79.50
79.46
79.47
79.46
79.51
79.54
79.51
79.50
79.43
79.49
79.44
79.45
79.44
79.46
79.38
79.40
79.32
79.31
79.30
79.20
79.22
79.26
79.31
79.38
79.44
79.49
79.52
79.55
79.53
79.53
79.50
79.50
79.50
79.48
79.50
79.50
79.54
79.48
79.45
79.51
79.50
79.49
79.54
79.56
79.58
79.60
79.61
79.66
79.67
79.71
79.73
79.75
79.77
79.77
79.76
79.75
79.73
79.70
79.72
79.72
79.70
79.69
79.72
79.73
79.71
79.72
79.74
79.73
79.71
79.76
79.75
79.77
79.72
79.75
79.75
79.70
79.70
79.64
79.65
79.65
79.64
79.65
79.61
79.65
79.66
79.66
79.66
79.66
79.63
79.61
79.61
79.63
79.65
79.59
79.59
79.58
79.58
79.57
79.57
79.58
79.57
79.57
79.58
79.61
79.61
79.64
79.64
79.65
79.65
79.64
79.64
79.66
79.69
79.67
79.71
79.72
79.72
79.69
79.65
79.65
79.64
79.63
79.65
79.68
79.69
79.67
79.66
79.65
79.66
79.65
79.63
79.62
79.61
79.59
79.62
79.62
79.61
79.59
79.60
79.61
79.62
79.63
79.64
79.63
79.61
79.64
79.64
79.65
79.65
79.64
79.66
79.66
79.64
79.63
79.62
79.62
79.63
79.61
79.58
79.56
79.58
79.57
79.54
79.56
79.59
79.61
79.61
79.62
79.58
79.55
79.55
79.56
79.56
79.57
79.55
79.57
79.57
79.56
79.57
79.58
79.59
79.56
79.57
79.56
79.58
79.59
79.58
79.58
79.56
79.56
79.55
79.56
79.56
79.57
79.57
79.58
79.58
79.59
79.58
79.59
79.58
79.58
79.57
79.57
79.58
79.56
79.57
79.57
79.58
79.59
79.59
79.59
79.59
79.61
79.63
79.64
79.67
79.63
79.63
79.62
79.64
79.61
79.61
79.60
79.60
79.59
79.59
79.56
79.58
79.56
79.55
79.56
79.56
79.54
79.55
79.54
79.53
79.55
79.56
79.57
79.57
79.57
79.56
79.56
79.55
79.54
79.52
79.52
79.54
79.53
79.54
79.54
79.55
79.51
79.50
79.51
79.49
79.49
79.47
79.45
79.46
79.45
79.46
79.46
79.46
79.48
79.48
79.48
79.48
79.46
79.47
79.48
79.47
79.46
79.45
79.47
79.47
79.48
79.47
79.48
79.47
79.46
79.46
79.45
79.44
79.46
79.44
79.45
79.44
79.44
79.44
79.43
79.44
79.42
79.43
79.43
79.42
79.43
79.45
79.44
79.43
79.45
79.44
79.44
79.45
79.45
79.44
79.42
79.40
79.42
79.42
79.42
79.40
79.41
79.40
79.40
79.41
79.42
79.43
79.45
79.43
79.42
79.43
79.43
79.42
79.43
79.42
79.43
79.43
79.42
79.41
79.40
79.41
79.42
79.43
79.43
79.45
79.46
79.46
79.47
79.49
79.51
79.51
79.50
79.50
79.52
79.51
79.51
79.50
79.51
79.53
79.51
79.52
79.51
79.52
79.53
79.54
79.54
79.53
79.51
79.51
79.52
79.50
79.52
79.53
79.54
79.54
79.55
79.56
79.55
79.54
79.52
79.51
79.51
79.51
79.48
79.49
79.50
79.50
79.49
79.49
79.48
79.49
79.50
79.50
79.51
79.51
79.52
79.53
79.54
79.53
79.51
79.52
79.53
79.54
79.54
79.54
79.54
79.54
79.54
79.54
79.55
79.53
79.52
79.52
79.54
79.52
79.53
79.52
79.52
79.52
79.52
79.53
79.54
79.54
79.53
79.52
79.54
79.52
79.52
79.52
79.52
79.52
79.53
79.54
79.54
79.53
79.54
79.55
79.56
79.58
79.57
79.57
79.57
79.59
79.58
79.58
79.57
79.58
79.58
79.56
79.55
79.55
79.54
79.54
79.55
79.54
79.54
79.55
79.56
79.56
79.58
79.58
79.58
79.58
79.58
79.58
79.60
79.62
79.62
79.63
79.62
79.62
79.62
79.62
79.64
79.65
79.64
79.65
79.62
79.62
79.62
79.62
79.61
79.62
79.62
79.62
79.63
79.64
79.66
79.65
79.63
79.63
79.62
79.61
79.62
79.62
79.62
79.63
79.62
79.61
79.61
79.61
79.61
79.62
79.61
79.61
79.62
79.62
79.63
79.64
79.65
79.64
79.65
79.67
79.66
79.66
79.65
79.65
79.64
79.63
79.63
79.62
79.62
79.62
79.61
79.60
79.60
79.60
79.59
79.59
79.61
79.61
79.61
79.62
79.61
79.61
79.61
79.62
79.62
79.62
79.62
79.63
79.63
79.64
79.64
79.64
79.64
79.64
79.65
79.66
79.66
79.66
79.66
79.65
79.66
79.67
79.66
79.65
79.64
79.64
79.62
79.63
79.63
79.62
79.64
79.64
79.65
79.66
79.66
79.65
79.65
79.64
79.65
79.67
79.67
79.66
79.67
79.68
79.69
79.68
79.68
79.69
79.70
79.70
79.70
79.70
79.70
79.70
79.70
79.70
79.69
79.70
79.70
79.71
79.71
79.72
79.71
79.72
79.73
79.72
79.73
79.73
79.73
79.73
79.72
79.72
79.73
79.73
79.73
79.73
79.73
79.75
79.75
79.73
79.73
79.74
79.74
79.73
79.73
79.72
79.71
79.72
79.72
79.72
79.73
79.74
79.73
79.72
79.71
79.72
79.72
79.70
79.70
79.71
79.71
79.71
79.70
79.71
79.72
79.70
79.70
79.70
79.70
79.71
79.71
79.71
79.71
79.71
79.72
79.72
79.72
79.73
79.72
79.72
79.72
79.72
79.73
79.73
79.73
79.73
79.73
79.73
79.72
79.72
79.72
79.72
79.72
79.72
79.71
79.70
79.69
79.69
79.70
79.68
79.68
79.70
79.69
79.69
79.69
79.70
79.70
79.70
79.70
79.62
