81.25
78.12
76.56
75.39
76.25
77.60
76.79
77.54
78.12
77.19
77.41
78.26
78.73
78.46
78.65
79.10
79.14
78.91
78.95
78.91
78.94
79.26
79.21
79.17
78.81
78.55
78.70
78.96
78.93
78.91
79.03
79.10
78.93
78.77
78.93
78.86
79.05
79.32
79.25
79.06
78.93
78.98
78.92
78.91
78.96
78.91
78.76
78.87
78.92
78.97
79.01
79.06
79.13
78.96
79.03
78.93
79.08
79.18
79.10
79.09
79.18
79.16
79.19
79.15
79.11
79.10
79.06
79.04
79.08
79.00
79.09
79.28
79.32
79.33
79.31
79.30
79.28
79.35
79.27
79.28
79.19
79.19
79.14
79.15
79.21
79.25
79.36
79.40
79.42
79.39
79.41
79.52
79.50
79.57
79.61
79.65
79.70
79.64
79.61
79.70
79.69
79.75
79.81
79.76
79.81
79.73
79.78
79.75
79.82
79.86
79.80
79.79
79.74
79.74
79.76
79.75
79.78
79.81
79.81
79.78
79.80
79.84
79.89
79.84
79.84
79.84
79.87
79.92
79.92
79.99
79.97
79.96
79.96
79.97
79.97
79.99
80.00
80.04
80.05
80.08
80.05
80.03
80.03
80.01
80.06
80.09
80.10
80.11
80.03
80.03
80.07
80.06
80.07
80.04
80.08
80.12
80.11
80.16
80.19
80.13
80.10
80.07
80.13
80.13
80.13
80.10
80.16
80.16
80.12
80.11
80.13
80.14
80.16
80.15
80.14
80.17
80.16
80.18
80.19
80.19
80.16
80.17
80.16
80.17
80.16
80.09
80.11
80.10
80.13
80.11
80.07
80.09
80.12
80.12
80.15
80.17
80.14
80.11
80.10
80.08
80.12
80.13
80.12
80.10
80.09
80.13
80.12
80.12
80.12
80.16
80.17
80.17
80.19
80.20
80.20
80.22
80.24
80.24
80.20
80.22
80.20
80.17
80.19
80.19
80.20
80.19
80.18
80.13
80.17
80.16
80.15
80.12
80.15
80.15
80.15
80.14
80.12
80.12
80.10
80.09
80.10
80.11
80.10
80.10
80.11
80.14
80.09
80.08
80.10
80.09
80.09
80.04
80.06
80.08
80.08
80.11
80.12
80.11
80.10
80.11
80.08
80.06
80.07
80.10
80.14
80.15
80.15
80.14
80.16
80.18
80.21
80.19
80.20
80.22
80.22
80.24
80.23
80.23
80.23
80.24
80.24
80.26
80.26
80.27
80.29
80.28
80.26
80.26
80.27
80.24
80.22
80.24
80.25
80.27
80.28
80.26
80.29
80.31
80.30
80.29
80.29
80.30
80.30
80.28
80.28
80.25
80.27
80.26
80.25
80.23
80.18
80.19
80.20
80.21
80.21
80.21
80.23
80.20
80.19
80.17
80.18
80.21
80.21
80.21
80.17
80.16
80.17
80.19
80.20
80.19
80.19
80.18
80.18
80.18
80.17
80.16
80.18
80.19
80.18
80.20
80.20
80.20
80.18
80.21
80.23
80.22
80.23
80.25
80.25
80.25
80.24
80.24
80.25
80.26
80.29
80.28
80.30
80.29
80.30
80.31
80.32
80.32
80.33
80.31
80.30
80.32
80.33
80.32
80.34
80.34
80.35
80.37
80.37
80.38
80.39
80.40
80.38
80.39
80.38
80.40
80.40
80.41
80.41
80.42
80.42
80.40
80.38
80.40
80.40
80.42
80.40
80.42
80.44
80.45
80.46
80.45
80.45
80.45
80.42
80.41
80.42
80.43
80.44
80.45
80.45
80.46
80.48
80.49
80.47
80.48
80.47
80.47
80.46
80.47
80.49
80.51
80.49
80.50
80.48
80.47
80.44
80.46
80.47
80.48
80.50
80.49
80.50
80.48
80.50
80.49
80.50
80.51
80.51
80.52
80.51
80.50
80.52
80.51
80.49
80.49
80.50
80.51
80.52
80.53
80.53
80.52
80.54
80.53
80.54
80.54
80.56
80.56
80.55
80.54
80.54
80.54
80.55
80.55
80.56
80.57
80.57
80.55
80.56
80.57
80.57
80.55
80.56
80.55
80.56
80.56
80.56
80.56
80.56
80.57
80.57
80.58
80.56
80.57
80.57
80.57
80.55
80.55
80.55
80.54
80.53
80.53
80.52
80.53
80.53
80.54
80.54
80.54
80.54
80.54
80.54
80.54
80.53
80.52
80.51
80.49
80.50
80.50
80.50
80.52
80.51
80.51
80.53
80.53
80.53
80.53
80.53
80.54
80.53
80.53
80.53
80.53
80.53
80.51
80.51
80.51
80.50
80.50
80.50
80.50
80.49
80.49
80.50
80.50
80.52
80.51
80.51
80.51
80.49
80.48
80.48
80.48
80.48
80.49
80.49
80.49
80.48
80.49
80.50
80.51
80.51
80.52
80.51
80.51
80.50
80.50
80.50
80.50
80.50
80.49
80.50
80.49
80.48
80.48
80.49
80.48
80.48
80.49
80.48
80.50
80.49
80.50
80.51
80.49
80.48
80.48
80.48
80.49
80.48
80.47
80.45
80.45
80.43
80.43
80.43
80.41
80.42
80.42
80.43
80.44
80.43
80.43
80.43
80.43
80.41
80.41
80.40
80.41
80.41
80.41
80.40
80.42
80.43
80.43
80.42
80.42
80.43
80.43
80.44
80.46
80.47
80.47
80.47
80.46
80.45
80.45
80.47
80.48
80.48
80.48
80.47
80.48
80.49
80.49
80.50
80.50
80.52
80.51
80.51
80.50
80.49
80.50
80.49
80.49
80.48
80.48
80.49
80.48
80.48
80.49
80.48
80.48
80.47
80.47
80.48
80.49
80.50
80.49
80.49
80.49
80.48
80.48
80.48
80.48
80.48
80.48
80.47
80.46
80.46
80.48
80.48
80.49
80.48
80.48
80.47
80.46
80.46
80.46
80.47
80.47
80.46
80.46
80.45
80.45
80.44
80.45
80.45
80.45
80.45
80.45
80.45
80.44
80.44
80.43
80.43
80.43
80.41
80.40
80.40
80.41
80.40
80.39
80.39
80.38
80.38
80.37
80.38
80.38
80.36
80.36
80.36
80.36
80.36
80.36
80.36
80.36
80.37
80.35
80.34
80.33
80.33
80.34
80.34
80.35
80.34
80.33
80.33
80.34
80.34
80.34
80.34
80.34
80.33
80.32
80.32
80.33
80.34
80.33
80.32
80.33
80.33
80.33
80.33
80.34
80.33
80.34
80.34
80.35
80.35
80.34
80.33
80.33
80.32
80.32
80.32
80.32
80.32
80.32
80.34
80.33
80.34
80.34
80.35
80.34
80.33
80.33
80.33
80.32
80.32
80.31
80.30
80.31
80.31
80.32
80.33
80.33
80.33
80.33
80.33
80.31
80.31
80.32
80.30
80.30
80.30
80.28
80.29
80.28
80.28
80.29
80.28
80.28
80.28
80.28
80.27
80.27
80.29
80.21
