76.56
77.34
76.04
76.17
77.50
78.65
79.02
77.73
77.26
78.12
78.84
79.17
79.21
79.02
79.27
78.61
78.86
78.73
78.78
78.83
79.02
79.19
79.35
79.36
79.44
79.21
79.28
79.58
79.69
79.74
79.79
79.79
79.59
79.55
79.82
79.77
79.81
79.93
80.01
80.04
80.14
80.06
80.23
80.33
80.28
80.30
80.35
80.21
80.20
80.19
80.02
79.96
79.98
79.95
79.97
79.94
79.85
79.69
79.77
79.51
79.69
79.71
79.69
79.74
79.66
79.59
79.41
79.53
79.60
79.71
79.71
79.67
79.67
79.69
79.60
79.63
79.61
79.61
79.65
79.73
79.84
79.88
79.86
79.85
79.96
79.98
79.90
79.95
79.88
79.88
79.88
79.94
79.89
79.85
79.87
79.88
79.85
79.86
79.92
79.92
79.81
79.75
79.66
79.72
79.72
79.64
79.63
79.64
79.72
79.73
79.67
79.73
79.69
79.62
79.61
79.59
79.58
79.59
79.61
79.64
79.67
79.70
79.74
79.76
79.80
79.81
79.76
79.70
79.65
79.70
79.69
79.70
79.78
79.82
79.84
79.83
79.79
79.76
79.75
79.81
79.81
79.79
79.75
79.74
79.75
79.73
79.82
79.89
79.90
79.86
79.83
79.88
79.89
79.85
79.85
79.79
79.80
79.85
79.79
79.81
79.81
79.78
79.81
79.84
79.84
79.86
79.83
79.85
79.87
79.89
79.85
79.82
79.80
79.82
79.83
79.85
79.86
79.78
79.77
79.79
79.77
79.81
79.84
79.83
79.81
79.75
79.73
79.70
79.70
79.74
79.74
79.76
79.74
79.70
79.70
79.62
79.62
79.62
79.59
79.60
79.57
79.55
79.55
79.58
79.57
79.60
79.59
79.61
79.63
79.63
79.60
79.56
79.60
79.58
79.56
79.49
79.51
79.55
79.59
79.62
79.63
79.66
79.66
79.68
79.65
79.66
79.65
79.64
79.61
79.62
79.64
79.65
79.65
79.69
79.70
79.68
79.68
79.65
79.67
79.62
79.58
79.60
79.63
79.60
79.60
79.61
79.63
79.65
79.68
79.64
79.63
79.64
79.66
79.64
79.64
79.70
79.71
79.71
79.68
79.69
79.69
79.68
79.67
79.68
79.69
79.70
79.63
79.62
79.63
79.63
79.66
79.68
79.68
79.64
79.66
79.65
79.67
79.67
79.65
79.64
79.62
79.63
79.63
79.62
79.61
79.61
79.62
79.63
79.62
79.61
79.63
79.63
79.61
79.60
79.60
79.59
79.63
79.62
79.63
79.60
79.59
79.60
79.61
79.65
79.66
79.66
79.67
79.64
79.62
79.63
79.65
79.66
79.67
79.68
79.68
79.69
79.71
79.71
79.73
79.71
79.71
79.71
79.71
79.71
79.72
79.75
79.74
79.74
79.71
79.73
79.75
79.75
79.78
79.78
79.78
79.77
79.75
79.77
79.78
79.78
79.80
79.78
79.79
79.77
79.76
79.79
79.79
79.78
79.79
79.79
79.82
79.80
79.82
79.79
79.80
79.80
79.82
79.81
79.83
79.83
79.79
79.80
79.78
79.78
79.77
79.75
79.74
79.74
79.73
79.74
79.74
79.73
79.73
79.73
79.75
79.75
79.74
79.74
79.74
79.75
79.76
79.78
79.77
79.76
79.76
79.78
79.79
79.79
79.78
79.80
79.80
79.83
79.83
79.83
79.84
79.84
79.83
79.84
79.84
79.86
79.86
79.85
79.84
79.86
79.85
79.83
79.84
79.85
79.86
79.85
79.87
79.87
79.87
79.86
79.86
79.86
79.86
79.86
79.87
79.88
79.90
79.90
79.90
79.89
79.88
79.86
79.86
79.86
79.86
79.86
79.85
79.84
79.84
79.85
79.85
79.87
79.87
79.86
79.82
79.80
79.82
79.83
79.83
79.82
79.80
79.81
79.81
79.81
79.80
79.81
79.83
79.83
79.83
79.83
79.82
79.83
79.83
79.83
79.81
79.81
79.80
79.79
79.81
79.80
79.80
79.78
79.78
79.79
79.77
79.76
79.77
79.77
79.77
79.75
79.77
79.78
79.79
79.79
79.80
79.78
79.78
79.79
79.78
79.76
79.74
79.74
79.74
79.73
79.75
79.73
79.72
79.71
79.71
79.71
79.71
79.71
79.71
79.69
79.69
79.68
79.71
79.72
79.72
79.70
79.69
79.72
79.72
79.70
79.69
79.67
79.66
79.67
79.69
79.69
79.68
79.68
79.69
79.70
79.70
79.69
79.69
79.71
79.73
79.72
79.71
79.72
79.71
79.71
79.73
79.73
79.73
79.74
79.74
79.74
79.72
79.72
79.73
79.73
79.75
79.74
79.73
79.73
79.73
79.72
79.74
79.74
79.74
79.73
79.74
79.72
79.72
79.73
79.73
79.72
79.72
79.70
79.70
79.69
79.70
79.70
79.71
79.72
79.71
79.70
79.70
79.70
79.70
79.71
79.71
79.72
79.72
79.72
79.73
79.72
79.73
79.72
79.73
79.73
79.72
79.72
79.72
79.73
79.71
79.73
79.74
79.75
79.75
79.76
79.76
79.75
79.76
79.74
79.73
79.73
79.73
79.73
79.73
79.73
79.72
79.72
79.72
79.72
79.72
79.72
79.73
79.73
79.74
79.75
79.74
79.73
79.74
79.73
79.73
79.73
79.73
79.73
79.74
79.73
79.73
79.73
79.72
79.73
79.74
79.74
79.72
79.73
79.72
79.73
79.73
79.72
79.73
79.74
79.74
79.76
79.75
79.76
79.74
79.74
79.75
79.74
79.76
79.77
79.78
79.77
79.77
79.77
79.77
79.77
79.77
79.76
79.76
79.77
79.79
79.78
79.77
79.77
79.78
79.78
79.79
79.80
79.80
79.80
79.80
79.81
79.82
79.80
79.80
79.78
79.79
79.79
79.79
79.79
79.79
79.79
79.79
79.80
79.79
79.79
79.79
79.80
79.81
79.82
79.82
79.82
79.82
79.83
79.83
79.83
79.83
79.84
79.85
79.85
79.84
79.85
79.84
79.84
79.85
79.85
79.85
79.84
79.85
79.85
79.84
79.85
79.85
79.85
79.86
79.87
79.87
79.86
79.86
79.86
79.85
79.85
79.85
79.86
79.85
79.86
79.85
79.85
79.84
79.84
79.84
79.83
79.84
79.85
79.86
79.85
79.83
79.85
79.85
79.85
79.85
79.86
79.84
79.86
79.85
79.86
79.87
79.85
79.86
79.87
79.86
79.86
79.86
79.85
79.85
79.84
79.83
79.83
79.84
79.83
79.83
79.83
79.83
79.82
79.82
79.81
79.81
79.82
79.83
79.83
79.83
79.82
79.82
79.82
79.82
79.82
79.82
79.82
79.81
79.81
79.81
79.81
79.80
79.82
79.82
79.82
79.81
79.82
79.80
79.73
