81.25
83.59
80.21
81.64
82.19
82.29
81.70
82.23
82.29
81.72
81.82
80.99
81.13
81.03
80.73
81.15
81.25
80.82
80.51
80.94
80.95
81.04
81.18
80.92
81.12
81.37
81.48
81.53
81.41
81.15
81.05
81.10
81.01
80.93
80.85
80.38
80.49
80.35
80.33
80.43
80.37
80.17
80.31
80.40
80.45
80.57
80.55
80.63
80.64
80.66
80.79
80.74
80.60
80.64
80.71
80.78
80.92
80.77
80.75
80.76
80.74
80.80
80.65
80.64
80.62
80.54
80.64
80.72
80.82
80.87
80.81
80.88
80.71
80.70
80.60
80.49
80.42
80.45
80.44
80.41
80.38
80.32
80.25
80.23
80.28
80.14
80.05
80.02
80.06
80.12
80.08
80.15
80.28
80.25
80.28
80.29
80.24
80.23
80.38
80.28
80.31
80.30
80.19
80.23
80.16
80.13
80.15
80.22
80.19
80.24
80.25
80.29
80.32
80.32
80.31
80.28
80.33
80.26
80.21
80.18
80.27
80.34
80.30
80.30
80.31
80.33
80.33
80.33
80.29
80.36
80.31
80.28
80.29
80.27
80.37
80.32
80.29
80.32
80.33
80.31
80.29
80.31
80.29
80.24
80.25
80.21
80.19
80.15
80.20
80.23
80.22
80.22
80.24
80.25
80.25
80.25
80.25
80.23
80.16
80.18
80.21
80.22
80.29
80.29
80.29
80.29
80.24
80.22
80.27
80.27
80.27
80.22
80.25
80.24
80.27
80.30
80.31
80.28
80.25
80.26
80.28
80.26
80.29
80.30
80.33
80.35
80.37
80.37
80.35
80.35
80.38
80.40
80.40
80.40
80.42
80.37
80.36
80.37
80.36
80.38
80.38
80.38
80.35
80.33
80.31
80.33
80.34
80.31
80.32
80.31
80.27
80.27
80.26
80.25
80.21
80.19
80.15
80.13
80.14
80.10
80.12
80.10
80.14
80.10
80.08
80.11
80.10
80.06
80.09
80.06
80.07
80.06
80.02
80.01
80.04
80.05
80.02
80.00
80.00
80.01
80.04
80.08
80.08
80.10
80.12
80.12
80.14
80.14
80.16
80.13
80.15
80.14
80.18
80.18
80.17
80.18
80.17
80.17
80.16
80.16
80.17
80.21
80.23
80.23
80.26
80.26
80.27
80.31
80.30
80.31
80.30
80.30
80.32
80.31
80.32
80.33
80.31
80.32
80.32
80.32
80.33
80.34
80.36
80.35
80.34
80.35
80.32
80.28
80.24
80.26
80.26
80.28
80.28
80.28
80.26
80.25
80.26
80.24
80.24
80.25
80.24
80.27
80.26
80.28
80.27
80.27
80.27
80.28
80.28
80.28
80.26
80.25
80.24
80.21
80.22
80.22
80.21
80.23
80.23
80.24
80.23
80.21
80.23
80.23
80.25
80.28
80.27
80.28
80.28
80.29
80.26
80.28
80.27
80.24
80.27
80.28
80.29
80.30
80.30
80.30
80.30
80.30
80.30
80.28
80.28
80.26
80.25
80.26
80.27
80.29
80.31
80.30
80.30
80.26
80.25
80.27
80.29
80.30
80.29
80.26
80.28
80.25
80.24
80.24
80.24
80.26
80.25
80.24
80.23
80.25
80.26
80.27
80.27
80.28
80.27
80.25
80.24
80.23
80.22
80.23
80.23
80.24
80.24
80.24
80.26
80.26
80.26
80.28
80.26
80.25
80.25
80.24
80.23
80.23
80.23
80.24
80.25
80.24
80.23
80.23
80.25
80.25
80.23
80.23
80.24
80.23
80.22
80.22
80.22
80.22
80.22
80.22
80.21
80.22
80.21
80.23
80.23
80.23
80.24
80.25
80.24
80.25
80.26
80.26
80.27
80.28
80.30
80.30
80.28
80.29
80.30
80.30
80.32
80.33
80.32
80.29
80.30
80.32
80.31
80.31
80.31
80.30
80.29
80.27
80.26
80.26
80.26
80.28
80.27
80.25
80.26
80.27
80.27
80.28
80.29
80.30
80.31
80.31
80.32
80.32
80.31
80.32
80.32
80.32
80.32
80.31
80.32
80.32
80.31
80.30
80.29
80.29
80.30
80.28
80.27
80.27
80.26
80.25
80.25
80.24
80.24
80.24
80.24
80.23
80.23
80.23
80.21
80.21
80.20
80.20
80.20
80.19
80.19
80.21
80.21
80.20
80.22
80.24
80.24
80.23
80.24
80.23
80.23
80.23
80.23
80.23
80.23
80.23
80.25
80.24
80.23
80.23
80.22
80.22
80.23
80.22
80.21
80.20
80.21
80.19
80.16
80.17
80.17
80.18
80.19
80.20
80.19
80.18
80.19
80.19
80.18
80.19
80.19
80.20
80.19
80.21
80.21
80.21
80.22
80.21
80.21
80.22
80.21
80.20
80.21
80.19
80.19
80.18
80.17
80.19
80.18
80.18
80.17
80.18
80.18
80.17
80.17
80.17
80.16
80.16
80.15
80.14
80.13
80.14
80.15
80.13
80.15
80.15
80.15
80.16
80.15
80.16
80.16
80.16
80.15
80.16
80.16
80.15
80.14
80.17
80.19
80.18
80.17
80.19
80.19
80.19
80.20
80.20
80.21
80.20
80.19
80.19
80.18
80.17
80.17
80.18
80.17
80.17
80.16
80.15
80.16
80.17
80.17
80.17
80.16
80.16
80.18
80.18
80.17
80.17
80.18
80.16
80.18
80.17
80.15
80.16
80.15
80.15
80.15
80.14
80.14
80.14
80.15
80.16
80.15
80.14
80.12
80.12
80.12
80.10
80.12
80.12
80.13
80.13
80.13
80.13
80.14
80.14
80.14
80.12
80.13
80.15
80.15
80.15
80.15
80.15
80.16
80.15
80.15
80.14
80.15
80.15
80.16
80.16
80.15
80.15
80.14
80.14
80.15
80.16
80.16
80.17
80.17
80.17
80.16
80.16
80.15
80.16
80.15
80.16
80.17
80.17
80.18
80.19
80.19
80.19
80.19
80.19
80.20
80.21
80.20
80.20
80.20
80.20
80.20
80.21
80.22
80.24
80.24
80.24
80.24
80.24
80.24
80.25
80.24
80.23
80.23
80.22
80.22
80.21
80.21
80.20
80.20
80.20
80.21
80.21
80.21
80.21
80.21
80.22
80.23
80.24
80.24
80.24
80.24
80.24
80.24
80.24
80.25
80.25
80.24
80.24
80.24
80.24
80.24
80.24
80.24
80.25
80.26
80.27
80.27
80.27
80.27
80.28
80.28
80.28
80.28
80.28
80.28
80.29
80.29
80.30
80.29
80.29
80.29
80.30
80.29
80.29
80.29
80.29
80.29
80.29
80.29
80.29
80.29
80.29
80.28
80.28
80.27
80.27
80.28
80.28
80.28
80.29
80.30
80.31
80.30
80.31
80.31
80.32
80.32
80.33
80.33
80.33
80.33
80.32
80.32
80.31
80.32
80.32
80.33
80.25
