43.75
43.75
47.92
50.00
52.81
52.60
50.89
51.76
52.60
53.12
52.84
51.56
51.44
50.89
51.15
51.86
51.10
50.61
50.82
50.86
50.60
50.36
50.61
50.39
50.19
50.06
50.06
50.11
50.32
50.26
50.10
50.29
50.33
50.60
50.49
50.52
50.59
50.74
50.32
50.39
50.27
50.19
50.15
50.14
50.17
50.37
50.50
50.49
50.57
50.66
50.80
50.63
50.53
50.41
50.34
50.53
50.49
50.43
50.45
50.49
50.54
50.50
50.60
50.51
50.46
50.50
50.37
50.39
50.25
50.16
50.33
50.37
50.36
50.27
50.27
50.14
50.12
50.06
49.96
49.90
49.96
49.92
49.89
49.96
49.94
49.82
49.80
49.70
49.63
49.50
49.59
49.68
49.66
49.62
49.62
49.54
49.48
49.62
49.81
49.86
49.92
49.95
49.94
50.06
50.04
50.03
49.93
49.88
49.89
49.89
50.03
50.06
49.99
49.93
49.89
49.82
49.91
49.81
49.75
49.64
49.66
49.68
49.61
49.53
49.54
49.53
49.57
49.52
49.47
49.47
49.48
49.49
49.49
49.53
49.53
49.45
49.50
49.52
49.48
49.51
49.60
49.61
49.56
49.48
49.44
49.41
49.44
49.37
49.37
49.35
49.39
49.43
49.44
49.39
49.34
49.40
49.41
49.42
49.44
49.50
49.56
49.59
49.59
49.61
49.64
49.60
49.64
49.61
49.57
49.51
49.51
49.58
49.58
49.59
49.58
49.62
49.58
49.56
49.60
49.62
49.59
49.54
49.59
49.63
49.60
49.65
49.63
49.65
49.68
49.70
49.76
49.78
49.80
49.74
49.76
49.73
49.67
49.74
49.73
49.75
49.76
49.72
49.75
49.75
49.71
49.70
49.65
49.68
49.74
49.77
49.74
49.76
49.75
49.76
49.76
49.70
49.70
49.70
49.74
49.75
49.77
49.73
49.73
49.77
49.78
49.79
49.83
49.86
49.89
49.88
49.91
49.91
49.93
49.96
49.93
49.91
49.95
49.95
49.93
49.93
49.92
49.90
49.92
49.92
49.92
49.95
49.94
49.92
49.90
49.92
49.92
49.88
49.90
49.94
49.92
49.91
49.90
49.89
49.89
49.90
49.88
49.89
49.89
49.86
49.90
49.89
49.94
49.98
50.01
50.00
50.01
49.99
49.99
49.98
49.95
49.95
49.94
49.96
49.94
49.98
50.01
49.97
49.96
49.94
49.96
50.00
49.95
49.93
49.89
49.89
49.89
49.91
49.91
49.87
49.86
49.89
49.88
49.87
49.84
49.85
49.84
49.87
49.88
49.90
49.90
49.93
49.89
49.88
49.85
49.79
49.79
49.81
49.83
49.81
49.82
49.80
49.79
49.79
49.78
49.78
49.80
49.76
49.74
49.75
49.78
49.79
49.79
49.79
49.79
49.82
49.80
49.77
49.78
49.76
49.76
49.79
49.79
49.82
49.81
49.78
49.78
49.80
49.80
49.80
49.77
49.75
49.73
49.72
49.68
49.67
49.68
49.67
49.64
49.64
49.65
49.67
49.66
49.63
49.63
49.62
49.61
49.65
49.66
49.69
49.68
49.67
49.66
49.69
49.67
49.67
49.66
49.66
49.67
49.65
49.65
49.63
49.64
49.67
49.69
49.68
49.68
49.66
49.69
49.70
49.70
49.70
49.71
49.72
49.70
49.73
49.71
49.73
49.74
49.73
49.71
49.70
49.72
49.73
49.73
49.73
49.72
49.72
49.71
49.71
49.74
49.74
49.75
49.75
49.78
49.79
49.78
49.78
49.77
49.75
49.74
49.71
49.70
49.68
49.68
49.68
49.67
49.69
49.69
49.69
49.68
49.66
49.67
49.66
49.64
49.64
49.65
49.63
49.62
49.61
49.62
49.61
49.61
49.64
49.66
49.66
49.66
49.65
49.63
49.62
49.62
49.61
49.59
49.58
49.59
49.59
49.58
49.57
49.59
49.59
49.60
49.60
49.60
49.58
49.60
49.60
49.60
49.59
49.60
49.60
49.61
49.62
49.61
49.61
49.58
49.59
