73.44
81.25
79.69
80.47
81.56
82.29
82.81
82.42
82.64
82.81
82.24
82.16
81.37
81.25
80.83
80.86
81.25
80.73
80.26
80.16
80.36
79.97
79.62
79.36
79.56
80.05
80.15
80.19
80.12
79.95
80.09
80.08
80.02
80.01
80.09
80.47
80.28
80.14
80.33
80.35
80.41
80.17
80.20
80.26
80.14
80.16
80.09
80.11
80.01
79.94
79.99
80.20
80.16
80.09
80.17
80.08
79.93
80.06
80.08
80.23
80.15
80.04
80.01
80.03
80.07
79.97
79.99
79.94
79.94
79.91
80.02
79.93
80.03
80.11
80.19
80.16
80.15
80.09
80.04
80.04
80.02
79.92
79.95
79.82
79.82
79.89
79.92
79.97
79.93
80.02
80.07
80.11
80.14
80.07
80.13
80.13
80.19
80.12
80.16
80.20
80.11
80.16
80.10
80.08
80.01
80.07
80.05
80.06
80.07
80.06
80.18
80.11
80.10
80.13
80.16
80.05
80.07
80.08
80.02
80.03
80.06
80.03
80.01
80.07
80.08
80.12
80.08
80.08
80.09
80.12
80.09
80.07
80.05
80.04
80.06
80.08
80.12
80.12
80.14
80.11
80.13
80.12
80.15
80.10
80.16
80.24
80.29
80.28
80.25
80.27
80.28
80.25
80.24
80.22
80.23
80.24
80.25
80.24
80.26
80.21
80.24
80.23
80.21
80.20
80.22
80.22
80.23
80.25
80.23
80.22
80.23
80.20
80.18
80.16
80.14
80.15
80.14
80.10
80.09
80.12
80.11
80.13
80.14
80.14
80.14
80.13
80.13
80.15
80.16
80.16
80.14
80.12
80.12
80.11
80.13
80.16
80.13
80.10
80.10
80.12
80.12
80.12
80.13
80.10
80.12
80.13
80.14
80.17
80.14
80.15
80.14
80.11
80.11
80.13
80.15
80.14
80.16
80.17
80.17
80.13
80.14
80.15
80.16
80.16
80.15
80.16
80.18
80.20
80.18
80.18
80.18
80.19
80.15
80.15
80.17
80.15
80.14
80.13
80.15
80.12
80.12
80.16
80.13
80.14
80.16
80.16
80.17
80.21
80.23
80.22
80.20
80.21
80.21
80.20
80.23
80.26
80.26
80.26
80.25
80.26
80.27
80.27
80.23
80.27
80.28
80.27
80.24
80.24
80.22
80.23
80.22
80.26
80.28
80.27
80.27
80.29
80.28
80.28
80.27
80.27
80.27
80.29
80.28
80.30
80.28
80.29
80.31
80.32
80.31
80.32
80.29
80.31
80.35
80.35
80.34
80.35
80.37
80.38
80.38
80.39
80.38
80.40
80.41
80.40
80.40
80.39
80.41
80.43
80.42
80.41
80.39
80.41
80.41
80.39
80.38
80.39
80.41
80.41
80.36
80.35
80.33
80.31
80.31
80.31
80.30
80.32
80.31
80.28
80.28
80.25
80.22
80.22
80.21
80.21
80.21
80.21
80.21
80.21
80.20
80.19
80.19
80.15
80.17
80.17
80.18
80.17
80.17
80.16
80.15
80.14
80.16
80.14
80.17
80.19
80.18
80.17
80.16
80.19
80.20
80.20
80.18
80.19
80.19
80.19
80.20
80.19
80.20
80.18
80.14
80.14
80.12
80.13
80.12
80.11
80.09
80.10
80.12
80.12
80.13
80.14
80.15
80.17
80.17
80.16
80.16
80.16
80.15
80.14
80.14
80.15
80.17
80.19
80.18
80.19
80.19
80.18
80.19
80.19
80.17
80.18
80.18
80.20
80.21
80.22
80.23
80.25
80.26
80.27
80.27
80.29
80.29
80.29
80.30
80.30
80.32
80.30
80.31
80.32
80.32
80.30
80.30
80.31
80.30
80.28
80.28
80.27
80.28
80.29
80.31
80.30
80.30
80.30
80.28
80.30
80.32
80.32
80.31
80.31
80.32
80.33
80.31
80.32
80.34
80.34
80.35
80.34
80.34
80.33
80.31
80.31
80.31
80.32
80.33
80.32
80.34
80.33
80.32
80.32
80.33
80.33
80.32
80.32
80.29
80.28
80.27
80.25
80.25
80.25
80.24
80.25
80.26
80.28
80.29
80.28
80.30
80.29
80.27
80.25
80.27
80.27
80.28
80.28
80.29
80.28
80.27
80.27
80.29
80.30
80.32
80.31
80.31
80.32
80.31
80.31
80.31
80.30
80.31
80.31
80.32
80.33
80.34
80.34
80.36
80.36
80.37
80.37
80.36
80.34
80.34
80.32
80.31
80.32
80.32
80.33
80.32
80.31
80.32
80.32
80.32
80.30
80.31
80.32
80.33
80.31
80.31
80.28
80.29
80.30
80.32
80.32
80.31
80.32
80.33
80.33
80.33
80.32
80.33
80.33
80.33
80.34
80.34
80.36
80.36
80.36
80.36
80.37
80.38
80.39
80.39
80.40
80.39
80.38
80.38
80.36
80.37
80.37
80.37
80.37
80.37
80.36
80.38
80.37
80.36
80.37
80.39
80.38
80.39
80.38
80.39
80.39
80.39
80.38
80.38
80.37
80.36
80.35
80.34
80.33
80.34
80.33
80.34
80.34
80.33
80.32
80.32
80.32
80.32
80.31
80.33
80.33
80.34
80.33
80.34
80.33
80.32
80.31
80.31
80.30
80.30
80.30
80.31
80.31
80.30
80.29
80.29
80.30
80.28
80.29
80.29
80.30
80.29
80.29
80.29
80.30
80.28
80.29
80.30
80.30
80.29
80.29
80.28
80.28
80.26
80.26
80.26
80.27
80.28
80.29
80.29
80.30
80.29
80.28
80.28
80.29
80.30
80.31
80.31
80.30
80.31
80.31
80.30
80.31
80.32
80.31
80.30
80.30
80.31
80.30
80.31
80.32
80.31
80.31
80.30
80.30
80.30
80.29
80.29
80.28
80.29
80.28
80.28
80.28
80.28
80.28
80.28
80.28
80.28
80.28
80.27
80.26
80.27
80.29
80.27
80.27
80.26
80.26
80.26
80.24
80.24
80.25
80.23
80.24
80.23
80.22
80.23
80.22
80.23
80.21
80.21
80.20
80.20
80.19
80.20
80.21
80.21
80.22
80.20
80.19
80.19
80.19
80.19
80.19
80.20
80.20
80.21
80.22
80.22
80.22
80.22
80.22
80.23
80.23
80.23
80.23
80.23
80.22
80.23
80.23
80.22
80.23
80.24
80.25
80.24
80.24
80.24
80.24
80.25
80.25
80.25
80.26
80.27
80.28
80.29
80.29
80.29
80.28
80.29
80.28
80.29
80.29
80.29
80.28
80.27
80.28
80.29
80.30
80.29
80.30
80.30
80.29
80.28
80.28
80.28
80.28
80.29
80.30
80.30
80.30
80.30
80.31
80.32
80.33
80.33
80.33
80.33
80.33
80.33
80.34
80.34
80.34
80.34
80.34
80.34
80.34
80.34
80.34
80.34
80.33
80.34
80.33
80.33
80.25
