75.00
72.66
77.08
78.91
80.31
80.47
79.46
79.10
78.12
78.12
77.27
77.34
77.76
78.12
78.12
78.12
78.31
78.56
78.21
78.05
77.98
77.91
78.12
78.39
78.50
78.06
77.89
77.90
78.02
77.76
77.42
77.59
77.56
77.71
77.59
77.52
77.62
77.67
77.60
77.46
77.52
77.64
77.80
77.81
77.85
77.65
77.83
77.83
77.93
77.94
77.97
77.97
77.95
78.10
78.01
78.01
78.02
78.04
77.86
77.76
77.74
77.70
77.73
77.91
77.84
77.79
77.82
77.90
77.90
77.95
78.01
77.93
77.85
77.81
77.71
77.84
77.72
77.80
77.89
77.79
77.87
77.93
77.97
77.99
78.05
78.07
78.12
78.16
78.34
78.26
78.23
78.24
78.36
78.41
78.36
78.30
78.30
78.30
78.36
78.38
78.30
78.25
78.17
78.08
78.17
78.12
78.15
78.18
78.17
78.12
78.10
78.08
78.11
78.07
78.08
78.15
78.22
78.27
78.22
78.19
78.16
78.19
78.12
78.10
78.03
78.01
78.01
78.00
78.05
78.06
78.07
78.17
78.14
78.11
78.04
78.01
78.05
78.01
77.98
77.99
77.99
78.03
78.03
78.05
78.04
78.05
78.13
78.09
78.08
78.08
78.11
78.14
78.17
78.20
78.17
78.18
78.16
78.15
78.20
78.19
78.17
78.18
78.13
78.10
78.13
78.14
78.16
78.15
78.19
78.22
78.14
78.12
78.12
78.09
78.09
78.09
78.14
78.09
78.08
78.10
78.10
78.10
78.10
78.10
78.12
78.13
78.10
78.12
78.12
78.08
78.12
78.11
78.17
78.08
78.09
78.07
78.05
78.03
78.01
78.05
78.01
77.97
77.96
77.93
77.90
77.90
77.91
77.94
77.98
78.00
77.98
77.98
77.96
77.99
77.98
77.99
77.98
77.98
77.94
77.92
77.93
77.92
77.94
77.91
77.90
77.95
77.94
77.94
77.94
77.91
77.91
77.90
77.86
77.84
77.84
77.83
77.83
77.83
77.83
77.87
77.88
77.85
77.82
77.86
77.85
77.81
77.81
77.75
77.74
77.72
77.72
77.75
77.72
77.73
77.68
77.64
77.63
77.61
77.60
77.63
77.62
77.64
77.64
77.66
77.65
77.67
77.67
77.66
77.64
77.62
77.61
77.62
77.64
77.65
77.64
77.65
77.66
77.63
77.61
77.62
77.60
77.59
77.58
77.61
77.63
77.61
77.60
77.59
77.58
77.58
77.57
77.55
77.53
77.52
77.49
77.48
77.47
77.44
77.42
77.41
77.42
77.42
77.43
77.42
77.43
77.41
77.40
77.36
77.34
77.31
77.32
77.31
77.30
77.33
77.32
77.33
77.33
77.33
77.33
77.34
77.33
77.30
77.29
77.27
77.27
77.28
77.26
77.28
77.30
77.29
77.29
77.25
77.25
77.27
77.28
77.26
77.25
77.26
77.26
77.25
77.26
77.28
77.29
77.27
77.27
77.27
77.28
77.28
77.27
77.29
77.27
77.29
77.27
77.26
77.25
77.25
77.26
77.26
77.26
77.27
77.26
77.24
77.23
77.21
77.25
77.25
77.22
77.23
77.23
77.20
77.22
77.22
77.22
77.21
77.21
77.21
77.22
77.23
77.23
77.24
77.25
77.25
77.27
77.27
77.27
77.26
77.27
77.26
77.25
77.26
77.24
77.21
77.21
77.21
77.20
77.22
77.21
77.22
77.21
77.22
77.22
77.22
77.21
77.19
77.18
77.17
77.16
77.18
77.18
77.17
77.17
77.17
77.16
77.17
77.16
77.14
77.14
77.15
77.16
77.15
77.16
77.17
77.16
77.17
77.16
77.17
77.17
77.14
77.13
77.13
77.13
77.13
77.12
77.13
77.14
77.14
77.14
77.15
77.13
77.14
77.14
77.15
77.15
77.16
77.15
77.15
77.15
77.15
77.15
77.12
77.12
77.13
77.14
77.12
77.13
77.12
77.14
77.16
77.15
77.14
77.15
77.14
77.13
77.12
77.12
77.13
77.10
77.12
77.12
77.12
77.11
77.15
77.15
77.16
77.13
77.13
77.11
77.10
77.12
77.12
77.11
77.09
77.09
77.10
77.10
77.11
77.11
77.09
77.08
77.09
77.10
77.12
77.09
77.10
77.09
77.10
77.09
77.08
77.06
77.07
77.07
77.08
77.08
77.08
77.08
77.08
77.08
77.09
77.10
77.09
77.10
77.11
77.10
77.08
77.09
77.09
77.08
77.08
77.06
77.05
77.04
77.04
77.05
77.05
77.05
77.05
77.07
77.08
77.08
77.07
77.07
77.07
77.07
77.05
77.05
77.06
77.05
77.03
77.03
77.05
77.05
77.05
77.06
77.06
77.05
77.04
77.04
77.03
77.02
77.01
77.01
77.01
77.00
77.00
77.00
76.99
77.00
76.99
76.98
76.99
77.00
76.99
76.99
76.99
76.99
77.00
76.97
76.97
76.97
76.99
76.99
76.99
76.99
76.98
76.97
76.96
76.94
76.92
76.91
76.91
76.92
76.93
76.92
76.91
76.90
76.91
76.91
76.91
76.93
76.92
76.92
76.93
76.93
76.92
76.90
76.89
76.89
76.89
76.89
76.90
76.86
76.86
76.87
76.88
76.87
76.88
76.88
76.89
76.89
76.90
76.91
76.92
76.92
76.91
76.90
76.90
76.90
76.90
76.89
76.91
76.90
76.90
76.90
76.90
76.90
76.90
76.90
76.90
76.89
76.90
76.88
76.90
76.91
76.90
76.90
76.90
76.91
76.91
76.90
76.91
76.91
76.91
76.91
76.91
76.91
76.90
76.89
76.88
76.87
76.87
76.87
76.85
76.85
76.85
76.86
76.86
76.85
76.85
76.86
76.85
76.86
76.86
76.87
76.86
76.85
76.83
76.84
76.83
76.84
76.85
76.85
76.84
76.85
76.84
76.84
76.83
76.83
76.84
76.84
76.83
76.83
76.84
76.83
76.83
76.83
76.83
76.83
76.83
76.85
76.85
76.85
76.84
76.82
76.81
76.83
76.81
76.80
76.80
76.80
76.79
76.79
76.77
76.76
76.77
76.76
76.77
76.76
76.77
76.76
76.77
76.78
76.79
76.79
76.76
76.75
76.75
76.77
76.77
76.76
76.78
76.78
76.78
76.78
76.76
76.77
76.76
76.77
76.76
76.75
76.73
76.72
76.71
76.72
76.71
76.72
76.73
76.72
76.72
76.73
76.72
76.73
76.74
76.75
76.74
76.73
76.73
76.73
76.73
76.73
76.73
76.73
76.73
76.72
76.71
76.70
76.70
76.70
76.71
76.71
76.71
76.71
76.72
76.72
76.73
76.72
76.73
76.73
76.74
76.73
76.73
76.74
76.73
76.72
76.71
76.70
76.71
76.71
76.72
76.73
76.73
76.71
76.64
