81.25
81.25
80.73
79.69
79.06
80.47
78.79
79.69
80.56
79.69
79.97
80.73
80.53
80.02
80.21
79.88
79.41
79.17
79.03
79.30
79.32
78.91
78.87
78.71
79.06
78.91
78.99
78.91
79.31
79.38
79.03
78.86
78.84
79.04
79.15
79.34
79.35
79.32
79.57
79.49
79.54
79.58
79.54
79.69
79.83
79.59
79.72
79.85
79.82
79.88
79.81
79.81
79.81
79.83
79.86
79.72
79.63
79.66
79.66
79.71
79.59
79.56
79.56
79.61
79.71
79.69
79.62
79.64
79.71
79.69
79.69
79.80
79.79
79.92
79.90
79.87
79.83
79.87
79.87
79.84
79.80
79.80
79.80
79.78
79.76
79.71
79.76
79.76
79.63
79.62
79.70
79.76
79.82
79.80
79.82
79.90
79.96
80.07
80.15
80.16
80.15
80.13
80.07
80.05
80.07
80.04
80.14
80.16
80.12
80.07
80.10
80.06
79.98
80.00
80.04
80.02
80.02
80.02
80.11
80.09
80.07
80.06
80.02
80.09
80.14
80.07
80.06
80.09
80.10
80.10
80.16
80.18
80.19
80.12
80.09
80.07
80.04
80.06
80.09
80.09
80.05
80.02
80.03
79.98
79.98
79.99
79.93
79.93
79.90
79.84
79.82
79.81
79.83
79.83
79.82
79.81
79.82
79.79
79.75
79.81
79.80
79.77
79.75
79.79
79.78
79.81
79.79
79.78
79.75
79.74
79.76
79.78
79.83
79.80
79.79
79.79
79.78
79.80
79.81
79.83
79.80
79.86
79.90
79.93
79.92
79.93
79.97
79.95
79.93
79.95
79.98
79.94
79.93
79.96
79.91
79.93
79.90
79.90
79.90
79.91
79.90
79.89
79.91
79.89
79.91
79.88
79.88
79.90
79.88
79.89
79.92
79.95
79.97
80.01
80.06
80.09
80.12
80.11
80.12
80.13
80.15
80.19
80.18
80.18
80.18
80.21
80.24
80.24
80.23
80.24
80.27
80.29
80.28
80.31
80.30
80.28
80.30
80.30
80.30
80.27
80.28
80.30
80.29
80.30
80.30
80.28
80.29
80.31
80.31
80.33
80.32
80.36
80.37
80.38
80.39
80.37
80.33
80.35
80.35
80.33
80.34
80.37
80.38
80.36
80.33
80.36
80.34
80.36
80.40
80.41
80.40
80.43
80.41
80.38
80.38
80.38
80.39
80.37
80.37
80.37
80.39
80.40
80.41
80.41
80.41
80.39
80.39
80.39
80.42
80.41
80.42
80.45
80.45
80.44
80.41
80.38
80.40
80.42
80.43
80.42
80.40
80.43
80.41
80.39
80.38
80.39
80.41
80.38
80.39
80.39
80.39
80.37
80.40
80.40
80.44
80.44
80.44
80.43
80.44
80.43
80.46
80.45
80.45
80.42
80.38
80.36
80.37
80.36
80.39
80.39
80.38
80.37
80.39
80.39
80.38
80.39
80.40
80.38
80.37
80.36
80.36
80.35
80.33
80.31
80.32
80.32
80.31
80.32
80.29
80.29
80.25
80.25
80.25
80.23
80.23
80.23
80.22
80.23
80.22
80.24
80.25
80.26
80.26
80.25
80.25
80.25
80.27
80.27
80.29
80.31
80.29
80.32
80.29
80.30
80.30
80.29
80.28
80.29
80.29
80.30
80.30
80.32
80.30
80.29
80.28
80.31
80.32
80.34
80.34
80.34
80.34
80.36
80.36
80.37
80.38
80.37
80.38
80.37
80.37
80.38
80.37
80.38
80.39
80.39
80.37
80.34
80.33
80.32
80.32
80.31
80.30
80.31
80.32
80.31
80.32
80.32
80.33
80.34
80.31
80.32
80.34
80.33
80.34
80.34
80.34
80.34
80.34
80.34
80.36
80.37
80.35
80.33
80.33
80.34
80.34
80.34
80.32
80.30
80.29
80.27
80.29
80.30
80.30
80.29
80.30
80.29
80.28
80.28
80.28
80.26
80.28
80.28
80.27
80.27
80.27
80.29
80.28
80.24
80.26
80.26
80.28
80.26
80.26
80.25
80.24
80.25
80.25
80.24
80.23
80.23
80.23
80.23
80.24
80.23
80.24
80.25
80.25
80.25
80.25
80.25
80.26
80.25
80.25
80.25
80.25
80.26
80.26
80.27
80.26
80.26
80.25
80.24
80.24
80.25
80.24
80.23
80.22
80.23
80.24
80.24
80.26
80.24
80.23
80.22
80.22
80.23
80.25
80.24
80.25
80.26
80.26
80.27
80.28
80.30
80.29
80.30
80.30
80.30
80.29
80.28
80.27
80.26
80.25
80.26
80.26
80.25
80.24
80.23
80.25
80.25
80.27
80.27
80.27
80.28
80.28
80.29
80.29
80.29
80.27
80.27
80.28
80.28
80.28
80.29
80.30
80.29
80.30
80.31
80.32
80.31
80.31
80.30
80.31
80.31
80.31
80.32
80.31
80.31
80.32
80.31
80.31
80.32
80.31
80.32
80.30
80.30
80.30
80.29
80.30
80.30
80.31
80.32
80.32
80.31
80.32
80.33
80.33
80.32
80.34
80.35
80.36
80.37
80.37
80.38
80.37
80.36
80.36
80.34
80.34
80.34
80.33
80.33
80.32
80.32
80.32
80.31
80.31
80.30
80.30
80.29
80.30
80.29
80.29
80.30
80.29
80.30
80.29
80.28
80.29
80.30
80.30
80.31
80.32
80.32
80.32
80.33
80.32
80.32
80.31
80.32
80.32
80.31
80.31
80.32
80.33
80.32
80.33
80.33
80.32
80.32
80.32
80.34
80.34
80.35
80.36
80.35
80.36
80.36
80.36
80.36
80.35
80.36
80.37
80.35
80.37
80.38
80.38
80.38
80.39
80.39
80.39
80.39
80.38
80.37
80.38
80.39
80.37
80.37
80.37
80.38
80.38
80.37
80.38
80.37
80.37
80.36
80.36
80.36
80.36
80.35
80.35
80.35
80.35
80.35
80.35
80.36
80.37
80.37
80.38
80.38
80.38
80.37
80.37
80.37
80.36
80.37
80.37
80.36
80.36
80.37
80.38
80.38
80.39
80.39
80.40
80.40
80.40
80.40
80.40
80.39
80.39
80.38
80.37
80.37
80.37
80.38
80.38
80.39
80.39
80.39
80.39
80.39
80.40
80.39
80.39
80.38
80.38
80.38
80.38
80.38
80.37
80.36
80.35
80.34
80.35
80.33
80.33
80.34
80.34
80.33
80.33
80.32
80.32
80.32
80.31
80.31
80.30
80.30
80.30
80.29
80.30
80.30
80.30
80.31
80.31
80.32
80.32
80.32
80.32
80.32
80.32
80.31
80.30
80.29
80.30
80.30
80.30
80.31
80.30
80.31
80.31
80.31
80.31
80.32
80.32
80.31
80.31
80.31
80.31
80.32
80.33
80.33
80.31
80.31
80.32
80.32
80.32
80.32
80.31
80.31
80.32
80.24
