81.25
78.91
78.12
76.56
77.19
77.60
78.57
78.91
80.38
80.94
81.25
81.12
81.13
80.80
80.10
80.08
79.69
79.17
78.70
78.83
79.02
79.12
79.35
79.30
79.38
79.15
79.22
79.30
79.42
79.48
79.54
79.59
79.50
79.41
79.24
79.56
79.43
79.52
79.45
79.53
79.50
79.58
79.69
79.76
79.72
79.62
79.69
79.82
79.82
79.66
79.72
79.60
79.72
79.75
79.63
79.69
79.69
79.80
79.74
79.69
79.79
79.66
79.69
79.79
79.74
79.73
79.76
79.73
79.71
79.84
79.84
79.69
79.73
79.79
79.77
79.81
79.85
79.85
79.85
79.84
79.90
79.92
80.01
79.99
80.00
79.96
79.92
79.87
79.90
79.90
79.93
79.87
79.79
79.79
79.80
79.85
79.80
79.80
79.70
79.64
79.66
79.69
79.63
79.66
79.58
79.54
79.51
79.53
79.46
79.59
79.62
79.65
79.66
79.66
79.73
79.77
79.81
79.85
79.87
79.87
79.86
79.80
79.83
79.84
79.83
79.79
79.79
79.76
79.70
79.66
79.69
79.68
79.64
79.64
79.58
79.55
79.54
79.53
79.50
79.51
79.51
79.46
79.46
79.43
79.38
79.36
79.34
79.38
79.40
79.39
79.35
79.35
79.35
79.35
79.33
79.33
79.31
79.33
79.34
79.30
79.25
79.25
79.30
79.30
79.31
79.34
79.36
79.38
79.35
79.30
79.30
79.27
79.26
79.26
79.30
79.31
79.32
79.36
79.35
79.37
79.34
79.34
79.39
79.37
79.31
79.34
79.29
79.31
79.31
79.33
79.37
79.35
79.36
79.37
79.42
79.42
79.43
79.40
79.40
79.41
79.42
79.42
79.46
79.48
79.46
79.45
79.48
79.48
79.45
79.46
79.44
79.41
79.43
79.43
79.45
79.43
79.44
79.44
79.43
79.44
79.42
79.42
79.42
79.43
79.42
79.43
79.43
79.41
79.43
79.44
79.42
79.41
79.42
79.41
79.41
79.42
79.37
79.37
79.37
79.40
79.46
79.50
79.50
79.51
79.43
79.40
79.36
79.37
79.36
79.34
79.36
79.32
79.30
79.29
79.31
79.30
79.30
79.31
79.33
79.32
79.33
79.37
79.34
79.34
79.33
79.34
79.33
79.31
79.32
79.34
79.35
79.33
79.31
79.33
79.35
79.35
79.34
79.34
79.35
79.35
79.35
79.36
79.36
79.32
79.31
79.34
79.34
79.38
79.39
79.38
79.38
79.36
79.35
79.37
79.39
79.41
79.41
79.44
79.45
79.47
79.49
79.48
79.47
79.47
79.47
79.45
79.44
79.43
79.41
79.41
79.40
79.41
79.42
79.40
79.41
79.41
79.40
79.40
79.40
79.41
79.39
79.37
79.37
79.37
79.35
79.35
79.35
79.37
79.36
79.34
79.34
79.35
79.35
79.36
79.37
79.37
79.39
79.41
79.39
79.40
79.40
79.41
79.41
79.41
79.42
79.42
79.41
79.42
79.43
79.43
79.45
79.45
79.46
79.47
79.45
79.46
79.46
79.44
79.42
79.44
79.42
79.41
79.41
79.43
79.41
79.39
79.39
79.38
79.39
79.40
79.41
79.42
79.44
79.43
79.44
79.45
79.45
79.46
79.43
79.42
79.42
79.41
79.42
79.41
79.42
79.40
79.40
79.40
79.38
79.38
79.38
79.37
79.37
79.36
79.36
79.35
79.37
79.37
79.37
79.39
79.38
79.36
79.35
79.35
79.33
79.33
79.32
79.32
79.32
79.33
79.32
79.30
79.31
79.30
79.30
79.29
79.29
79.29
79.28
79.28
79.29
79.29
79.28
79.28
79.25
79.24
79.23
79.25
79.27
79.27
79.29
79.29
79.30
79.30
79.32
79.33
79.34
79.33
79.34
79.36
79.34
79.34
79.33
79.35
79.35
79.35
79.36
79.34
79.33
79.34
79.34
79.36
79.37
79.36
79.35
79.36
79.38
79.38
79.40
79.41
79.40
79.40
79.39
79.39
79.40
79.38
79.38
79.39
79.39
79.39
79.38
79.41
79.39
79.39
79.39
79.39
79.39
79.37
79.36
79.34
79.36
79.37
79.36
79.37
79.38
79.37
79.34
79.34
79.35
79.36
79.36
79.37
79.35
79.35
79.36
79.36
79.37
79.35
79.33
79.33
79.32
79.33
79.32
79.32
79.32
79.33
79.32
79.33
79.33
79.34
79.31
79.32
79.30
79.30
79.28
79.27
79.27
79.27
79.28
79.30
79.30
79.28
79.27
79.26
79.27
79.27
79.28
79.29
79.28
79.28
79.28
79.27
79.27
79.26
79.24
79.25
79.23
79.21
79.20
79.22
79.21
79.22
79.23
79.22
79.22
79.22
79.24
79.25
79.25
79.26
79.27
79.29
79.29
79.28
79.29
79.29
79.30
79.30
79.31
79.31
79.29
79.29
79.30
79.30
79.31
79.31
79.31
79.32
79.32
79.32
79.32
79.32
79.31
79.30
79.29
79.30
79.29
79.29
79.29
79.30
79.29
79.30
79.30
79.30
79.30
79.30
79.30
79.29
79.30
79.30
79.30
79.32
79.31
79.30
79.29
79.30
79.31
79.33
79.32
79.32
79.32
79.31
79.33
79.34
79.32
79.32
79.33
79.33
79.32
79.32
79.31
79.31
79.31
79.32
79.33
79.31
79.30
79.31
79.31
79.31
79.31
79.31
79.31
79.30
79.31
79.31
79.31
79.31
79.30
79.31
79.31
79.31
79.32
79.31
79.32
79.34
79.34
79.33
79.33
79.34
79.34
79.33
79.32
79.32
79.31
79.32
79.34
79.34
79.33
79.32
79.32
79.32
79.32
79.31
79.32
79.31
79.32
79.32
79.33
79.32
79.32
79.32
79.32
79.32
79.33
79.33
79.34
79.35
79.35
79.36
79.36
79.36
79.36
79.37
79.37
79.37
79.37
79.37
79.37
79.38
79.39
79.39
79.39
79.39
79.40
79.40
79.40
79.39
79.37
79.38
79.37
79.38
79.38
79.38
79.38
79.38
79.38
79.38
79.38
79.38
79.38
79.38
79.38
79.37
79.38
79.37
79.37
79.38
79.37
79.38
79.38
79.38
79.37
79.37
79.37
79.38
79.38
79.39
79.38
79.38
79.38
79.38
79.39
79.40
79.40
79.40
79.39
79.40
79.39
79.41
79.41
79.41
79.41
79.41
79.40
79.40
79.40
79.41
79.41
79.40
79.40
79.41
79.41
79.42
79.42
79.42
79.42
79.43
79.43
79.43
79.43
79.43
79.41
79.41
79.41
79.41
79.41
79.41
79.41
79.40
79.40
79.39
79.40
79.39
79.40
79.42
79.41
79.42
79.41
79.41
79.41
79.41
79.41
79.40
79.40
79.40
79.40
79.40
79.40
79.41
79.42
79.34
