87.50
85.16
81.25
78.12
79.06
79.95
80.58
79.69
79.51
80.16
80.68
80.73
80.77
80.92
80.73
80.66
79.96
80.21
79.93
80.00
80.13
80.47
80.50
80.60
80.81
81.01
81.42
81.14
81.25
81.25
81.40
81.25
81.25
81.16
81.29
81.47
81.29
81.46
81.57
81.52
81.59
81.58
81.58
81.78
81.67
81.73
81.65
81.45
81.44
81.34
81.22
81.16
80.84
80.73
80.68
80.61
80.62
80.58
80.46
80.42
80.40
80.44
80.28
80.35
80.43
80.49
80.36
80.47
80.59
80.51
80.57
80.49
80.46
80.49
80.58
80.61
80.58
80.55
80.52
80.45
80.50
80.41
80.40
80.39
80.40
80.41
80.37
80.33
80.41
80.45
80.49
80.52
80.46
80.39
80.39
80.42
80.46
80.50
80.46
80.48
80.49
80.39
80.42
80.39
80.36
80.32
80.36
80.31
80.29
80.28
80.25
80.23
80.28
80.26
80.22
80.17
80.14
80.16
80.17
80.18
80.20
80.14
80.17
80.19
80.17
80.18
80.19
80.22
80.27
80.22
80.20
80.24
80.22
80.15
80.22
80.24
80.27
80.28
80.31
80.31
80.31
80.35
80.31
80.28
80.29
80.34
80.39
80.36
80.36
80.32
80.35
80.34
80.41
80.41
80.37
80.39
80.43
80.40
80.43
80.49
80.45
80.43
80.40
80.43
80.47
80.50
80.45
80.39
80.43
80.49
80.47
80.42
80.43
80.41
80.42
80.44
80.46
80.46
80.42
80.47
80.44
80.45
80.46
80.43
80.46
80.52
80.56
80.53
80.56
80.57
80.56
80.53
80.50
80.53
80.52
80.52
80.54
80.56
80.54
80.53
80.53
80.53
80.53
80.52
80.52
80.48
80.46
80.48
80.49
80.52
80.49
80.49
80.49
80.49
80.44
80.41
80.38
80.39
80.39
80.33
80.35
80.36
80.33
80.32
80.35
80.35
80.35
80.37
80.38
80.42
80.41
80.39
80.40
80.42
80.41
80.42
80.43
80.39
80.37
80.36
80.36
80.39
80.41
80.41
80.42
80.42
80.41
80.39
80.42
80.44
80.47
80.47
80.47
80.44
80.44
80.42
80.42
80.41
80.42
80.42
80.40
80.37
80.37
80.36
80.39
80.39
80.38
80.39
80.40
80.38
80.39
80.36
80.37
80.39
80.40
80.41
80.41
80.42
80.41
80.45
80.45
80.46
80.47
80.46
80.46
80.47
80.48
80.47
80.46
80.47
80.49
80.50
80.52
80.53
80.50
80.50
80.51
80.51
80.49
80.49
80.50
80.46
80.46
80.46
80.47
80.46
80.46
80.46
80.48
80.48
80.45
80.43
80.42
80.43
80.44
80.44
80.42
80.44
80.44
80.41
80.41
80.41
80.42
80.44
80.41
80.42
80.41
80.39
80.40
80.37
80.37
80.36
80.36
80.34
80.36
80.36
80.38
80.39
80.40
80.40
80.39
80.39
80.37
80.37
80.39
80.38
80.38
80.36
80.35
80.35
80.36
80.37
80.38
80.38
80.39
80.39
80.37
80.36
80.39
80.40
80.41
80.40
80.41
80.40
80.39
80.40
80.39
80.38
80.41
80.41
80.40
80.39
80.40
80.40
80.42
80.44
80.44
80.45
80.45
80.46
80.47
80.50
80.47
80.46
80.45
80.45
80.46
80.46
80.46
80.45
80.47
80.47
80.46
80.45
80.44
80.44
80.43
80.44
80.45
80.45
80.46
80.46
80.47
80.47
80.45
80.43
80.44
80.41
80.39
80.39
80.40
80.40
80.41
80.39
80.40
80.42
80.44
80.42
80.43
80.42
80.40
80.41
80.41
80.41
80.40
80.41
80.42
80.42
80.41
80.41
80.39
80.41
80.41
80.43
80.43
80.43
80.42
80.42
80.39
80.38
80.38
80.36
80.38
80.39
80.40
80.43
80.43
80.41
80.40
80.40
80.39
80.42
80.39
80.37
80.37
80.36
80.35
80.35
80.34
80.35
80.34
80.33
80.34
80.33
80.35
80.35
80.37
80.38
80.38
80.39
80.37
80.39
80.41
80.42
80.42
80.44
80.41
80.41
80.40
80.42
80.40
80.39
80.41
80.41
80.42
80.43
80.43
80.43
80.45
80.47
80.46
80.48
80.48
80.49
80.49
80.48
80.48
80.48
80.48
80.49
80.49
80.49
80.50
80.50
80.50
80.51
80.52
80.52
80.52
80.52
80.52
80.52
80.53
80.52
80.53
80.54
80.53
80.54
80.55
80.54
80.55
80.55
80.56
80.56
80.56
80.57
80.57
80.57
80.56
80.56
80.56
80.55
80.55
80.55
80.55
80.56
80.55
80.54
80.54
80.56
80.57
80.56
80.55
80.56
80.55
80.56
80.54
80.54
80.54
80.55
80.55
80.54
80.54
80.53
80.53
80.54
80.53
80.52
80.51
80.52
80.50
80.49
80.50
80.49
80.50
80.50
80.49
80.50
80.51
80.51
80.50
80.50
80.49
80.50
80.49
80.50
80.50
80.50
80.50
80.50
80.50
80.51
80.49
80.49
80.48
80.50
80.50
80.50
80.52
80.51
80.50
80.50
80.50
80.50
80.49
80.49
80.50
80.51
80.51
80.52
80.53
80.53
80.52
80.53
80.53
80.53
80.53
80.52
80.53
80.52
80.53
80.51
80.51
80.51
80.52
80.52
80.52
80.53
80.53
80.52
80.52
80.51
80.50
80.51
80.50
80.50
80.49
80.49
80.48
80.47
80.47
80.46
80.45
80.45
80.44
80.44
80.44
80.43
80.42
80.42
80.42
80.42
80.40
80.40
80.38
80.37
80.38
80.37
80.38
80.38
80.38
80.37
80.37
80.37
80.38
80.38
80.38
80.39
80.40
80.41
80.39
80.39
80.39
80.39
80.39
80.40
80.40
80.39
80.39
80.38
80.38
80.38
80.38
80.38
80.38
80.40
80.40
80.40
80.41
80.40
80.41
80.41
80.41
80.41
80.42
80.42
80.42
80.43
80.44
80.43
80.43
80.43
80.44
80.43
80.41
80.41
80.40
80.38
80.38
80.38
80.39
80.38
80.38
80.38
80.37
80.36
80.37
80.37
80.36
80.37
80.38
80.39
80.39
80.39
80.38
80.36
80.37
80.37
80.37
80.35
80.34
80.34
80.34
80.35
80.34
80.34
80.34
80.35
80.34
80.34
80.35
80.34
80.34
80.34
80.33
80.34
80.34
80.35
80.35
80.35
80.36
80.36
80.35
80.36
80.35
80.36
80.36
80.36
80.36
80.35
80.34
80.34
80.34
80.34
80.34
80.34
80.34
80.34
80.34
80.35
80.34
80.35
80.34
80.34
80.36
80.35
80.35
80.34
80.35
80.34
80.34
80.35
80.34
80.35
80.35
80.36
80.35
80.36
80.36
80.35
80.35
80.27
