65.62
62.50
60.94
60.55
61.25
62.24
62.28
62.89
62.33
61.09
61.93
62.24
62.50
62.05
62.81
63.38
63.51
63.37
63.32
63.36
63.39
63.49
63.72
63.80
63.94
64.06
64.24
64.17
63.95
63.80
63.61
63.67
63.45
63.56
63.39
63.50
63.39
63.24
63.34
63.40
63.45
63.54
63.26
63.49
63.33
63.42
63.40
63.48
63.49
63.47
63.42
63.52
63.30
63.25
63.35
63.48
63.51
63.31
63.37
63.39
63.45
63.56
63.49
63.38
63.25
63.16
63.18
63.26
63.20
63.28
63.38
63.35
63.06
63.15
62.94
63.06
62.97
63.02
63.05
63.05
63.06
63.07
63.10
63.10
63.16
63.06
63.06
63.00
62.97
63.00
63.00
63.11
63.09
63.05
63.12
63.15
63.19
63.15
63.04
63.06
63.13
63.16
63.27
63.36
63.26
63.27
63.27
63.19
63.15
63.24
63.26
63.23
63.19
63.13
63.19
63.17
63.19
63.23
63.21
63.29
63.35
63.32
63.30
63.38
63.36
63.29
63.30
63.34
63.34
63.27
63.28
63.15
63.11
63.16
63.14
63.15
63.18
63.15
63.21
63.23
63.19
63.25
63.23
63.23
63.16
63.22
63.23
63.18
63.13
63.16
63.17
63.22
63.21
63.27
63.35
63.27
63.26
63.26
63.20
63.18
63.10
63.11
63.11
63.06
63.04
63.02
63.03
63.05
63.00
63.03
63.08
63.08
63.07
63.09
63.13
63.19
63.18
63.23
63.15
63.19
63.25
63.29
63.30
63.32
63.36
63.35
63.37
63.33
63.29
63.31
63.30
63.28
63.27
63.29
63.28
63.26
63.27
63.27
63.30
63.24
63.22
63.23
63.23
63.27
63.30
63.33
63.30
63.28
63.31
63.32
63.33
63.38
63.39
63.45
63.42
63.43
63.49
63.46
63.45
63.47
63.44
63.37
63.32
63.35
63.36
63.37
63.34
63.32
63.34
63.34
63.38
63.42
63.45
63.45
63.42
63.40
63.41
63.41
63.40
63.34
63.38
63.37
63.39
63.38
63.40
63.39
63.39
63.34
63.35
63.36
63.36
63.32
63.34
63.32
63.31
63.28
63.22
63.20
63.16
63.19
63.20
63.21
63.21
63.19
63.20
63.19
63.18
63.20
63.17
63.19
63.22
63.18
63.22
63.24
63.28
63.25
63.24
63.24
63.24
63.26
63.24
63.28
63.29
63.32
63.35
63.35
63.38
63.38
63.37
63.35
63.35
63.35
63.32
63.28
63.29
63.30
63.29
63.29
63.33
63.29
63.29
63.31
63.30
63.31
63.30
63.31
63.31
63.32
63.33
63.35
63.34
63.35
63.36
63.37
63.37
63.34
63.32
63.32
63.33
63.33
63.32
63.32
63.33
63.34
63.34
63.37
63.36
63.38
63.38
63.39
63.37
63.38
63.38
63.37
63.39
63.40
63.40
63.41
63.40
63.39
63.38
63.39
63.38
63.38
63.40
63.36
63.39
63.40
63.37
63.34
63.33
63.33
63.31
63.32
63.35
63.36
63.37
63.37
63.34
63.31
63.27
63.28
63.27
63.26
63.27
63.25
63.24
63.22
63.25
63.28
63.26
63.29
63.28
63.28
63.29
63.29
63.30
63.31
63.29
63.27
63.26
63.28
63.28
63.29
63.30
63.29
63.28
63.29
63.30
63.30
63.34
63.33
63.31
63.33
63.33
63.33
63.31
63.29
63.29
63.29
63.28
63.27
63.28
63.29
63.29
63.30
63.33
63.32
63.31
63.32
63.33
63.31
63.30
63.31
63.32
63.32
63.31
63.32
63.31
63.31
63.32
63.34
63.35
63.36
63.37
63.39
63.40
63.40
63.43
63.43
63.43
63.44
63.48
63.47
63.47
63.46
63.46
63.48
63.49
63.49
63.48
63.48
63.47
63.47
63.47
63.46
63.49
63.51
63.52
63.53
63.53
63.54
63.56
63.54
63.55
63.53
63.55
63.55
63.57
63.55
63.55
63.56
63.55
63.56
63.57
63.56
63.56
63.55
63.57
63.58
63.59
63.58
63.60
63.59
63.60
63.59
63.59
63.62
63.64
63.64
63.65
63.63
63.62
63.63
63.65
63.63
63.64
63.61
63.59
63.57
63.56
63.56
63.56
63.53
63.54
63.51
63.52
63.52
63.51
63.52
63.51
63.52
63.52
63.51
63.52
63.51
63.52
63.50
63.51
63.50
63.50
63.49
63.50
63.52
63.51
63.51
63.50
63.52
63.51
63.51
63.50
63.49
63.49
63.49
63.49
63.52
63.53
63.54
63.53
63.55
63.55
63.56
63.56
63.58
63.57
63.56
63.55
63.54
63.53
63.53
63.52
63.52
63.51
63.50
63.49
63.50
63.50
63.50
63.52
63.51
63.52
63.51
63.53
63.54
63.52
63.53
63.53
63.52
63.52
63.53
63.51
63.51
63.50
63.50
63.51
63.50
63.51
63.49
63.48
63.47
63.46
63.48
63.47
63.46
63.45
63.46
63.47
63.45
63.46
63.45
63.46
63.45
63.45
63.46
63.46
63.47
63.46
63.44
63.44
63.45
63.45
63.46
63.45
63.46
63.47
63.48
63.49
63.50
63.49
63.49
63.50
63.49
63.49
63.49
63.49
63.51
63.52
63.51
63.53
63.52
63.52
63.51
63.51
63.51
63.51
63.50
63.51
63.50
63.49
63.48
63.49
63.50
63.50
63.49
63.49
63.48
63.47
63.48
63.47
63.46
63.47
63.46
63.47
63.46
63.48
63.48
63.48
63.47
63.46
63.45
63.44
63.44
63.43
63.43
63.44
63.42
63.43
63.43
63.43
63.43
63.43
63.45
63.44
63.44
63.43
63.42
63.41
63.40
63.38
63.37
63.36
63.38
63.39
63.39
63.40
63.39
63.39
63.41
63.42
63.42
63.43
63.43
63.41
63.42
63.42
63.42
63.40
63.38
63.39
63.40
63.41
63.42
63.44
63.44
63.44
63.44
63.43
63.42
63.42
63.42
63.40
63.42
63.43
63.44
63.44
63.43
63.43
63.42
63.45
63.45
63.45
63.45
63.46
63.46
63.46
63.46
63.46
63.47
63.47
63.47
63.47
63.47
63.46
63.45
63.46
63.45
63.45
63.45
63.46
63.45
63.46
63.47
63.49
63.49
63.49
63.48
63.49
63.49
63.49
63.50
63.49
63.51
63.50
63.50
63.49
63.49
63.49
63.49
63.49
63.50
63.49
63.50
63.49
63.49
63.50
63.50
63.49
63.48
63.47
63.46
63.47
63.47
63.48
63.48
63.47
63.48
63.47
63.47
63.46
63.47
63.46
63.47
63.47
63.47
63.48
63.49
63.50
63.50
63.51
63.50
63.51
63.51
63.51
63.51
63.49
63.48
63.48
63.48
63.47
63.47
63.47
63.41
