46.88
50.78
52.60
54.30
55.00
57.55
55.80
57.03
56.60
56.56
56.82
57.42
58.05
57.70
57.92
57.62
57.44
57.29
57.73
57.42
57.14
56.82
56.32
56.25
56.06
56.25
55.84
55.64
55.66
55.42
55.65
55.62
55.45
55.74
55.94
56.08
56.21
56.04
56.09
55.90
56.02
56.03
55.85
56.25
56.46
56.66
56.75
56.77
56.89
56.81
56.77
56.82
57.02
57.06
57.24
57.31
57.13
57.03
57.02
57.03
57.04
57.08
56.75
56.62
56.75
56.70
56.76
56.80
56.86
56.83
56.60
56.66
56.59
56.50
56.35
56.27
56.29
56.25
56.37
56.58
56.56
56.69
56.68
56.68
56.67
56.65
56.59
56.59
56.57
56.49
56.51
56.45
56.43
56.33
56.33
56.28
56.25
56.31
56.22
56.23
56.27
56.19
56.25
56.20
56.16
56.24
56.22
56.21
56.21
56.18
56.18
56.25
56.36
56.30
56.28
56.25
56.22
56.18
56.16
56.13
56.16
56.12
56.16
56.12
56.12
56.20
56.23
56.25
56.25
56.18
56.18
56.20
56.27
56.24
56.30
56.31
56.32
56.30
56.31
56.31
56.37
56.34
56.34
56.35
56.28
56.28
56.15
56.17
56.20
56.21
56.23
56.17
56.12
56.18
56.21
56.08
56.00
55.98
55.95
55.91
55.93
55.92
55.90
55.89
55.86
55.84
55.90
56.01
56.03
56.03
56.01
56.09
56.06
56.07
56.05
56.10
56.06
56.05
56.07
56.09
56.09
56.04
56.04
56.03
56.11
56.06
56.07
56.02
56.00
56.01
56.00
56.00
56.07
56.05
56.07
56.06
56.12
56.12
56.12
56.12
56.12
56.09
56.08
56.01
56.01
56.03
55.99
56.02
56.00
55.97
56.01
56.07
56.07
56.06
56.03
56.00
56.01
55.96
55.93
55.96
55.96
55.98
55.99
55.96
55.97
55.95
55.95
55.90
55.98
56.06
56.04
56.03
56.07
56.06
56.07
56.02
56.01
55.99
56.02
56.06
56.10
56.08
56.06
56.08
56.14
56.14
56.14
56.16
56.14
56.16
56.19
56.17
56.16
56.17
56.14
56.17
56.13
56.20
56.17
56.14
56.11
56.14
56.14
56.18
56.18
56.14
56.14
56.17
56.19
56.15
56.12
56.08
56.10
56.11
56.07
56.06
56.08
56.05
56.03
56.02
56.01
56.01
56.05
56.07
56.11
56.06
56.06
56.03
56.02
56.00
55.97
55.98
55.98
55.98
56.00
56.01
55.99
56.00
56.03
56.04
56.06
56.05
56.06
56.08
56.09
56.11
56.09
56.13
56.15
56.18
56.17
56.18
56.20
56.23
56.22
56.24
56.25
56.27
56.28
56.28
56.29
56.30
56.31
56.31
56.32
56.31
56.31
56.33
56.34
56.36
56.35
56.36
56.34
56.33
56.34
56.34
56.34
56.35
56.35
56.37
56.36
56.36
56.37
56.36
56.36
56.33
56.34
56.35
56.33
56.30
56.33
56.33
56.35
56.35
56.36
56.40
56.40
56.37
56.38
56.39
56.38
56.38
56.41
56.42
56.43
56.43
56.41
56.40
56.43
56.49
56.49
56.48
56.48
56.48
56.49
56.50
56.47
56.44
56.44
56.45
56.47
56.47
56.49
56.48
56.44
56.46
56.47
56.46
56.47
56.46
56.48
56.48
56.50
56.52
56.52
56.53
56.51
56.51
56.49
56.52
56.53
56.52
56.54
56.56
56.55
56.55
56.56
56.58
56.59
56.55
56.55
56.55
56.55
56.55
56.56
56.55
56.56
56.55
56.56
56.54
56.56
56.56
56.56
56.57
56.61
56.63
56.62
56.63
56.67
56.66
56.64
56.63
56.64
56.68
56.68
56.71
56.70
56.70
56.72
56.71
56.70
56.71
56.72
56.70
56.70
56.69
56.68
56.67
56.67
56.67
56.66
56.65
56.63
56.64
56.63
56.62
56.63
56.62
56.63
56.64
56.65
56.64
56.64
56.63
56.65
56.67
56.67
56.65
56.66
56.67
56.68
56.68
56.67
56.68
56.68
56.67
56.68
56.66
56.66
56.69
56.71
56.71
56.68
56.65
56.66
56.67
56.65
56.65
56.68
56.69
56.69
56.71
56.73
56.76
56.75
56.74
56.75
56.75
56.73
56.73
56.72
56.72
56.72
56.73
56.73
56.74
56.76
56.76
56.78
56.79
56.79
56.80
56.82
56.85
56.83
56.84
56.84
56.82
56.83
56.84
56.83
56.83
56.83
56.84
56.86
56.83
56.84
56.84
56.84
56.82
56.80
56.78
56.79
56.79
56.79
56.78
56.77
56.76
56.75
56.75
56.75
56.75
56.75
56.74
56.75
56.77
56.78
56.78
56.77
56.77
56.75
56.75
56.74
56.72
56.71
56.71
56.72
56.70
56.69
56.69
56.68
56.68
56.66
56.66
56.65
56.67
56.68
56.68
56.67
56.66
56.64
56.64
56.65
56.65
56.64
56.63
56.63
56.65
56.64
56.62
56.63
56.63
56.62
56.62
56.61
56.62
56.60
56.61
56.62
56.63
56.64
56.63
56.63
56.65
56.64
56.64
56.64
56.64
56.63
56.62
56.62
56.63
56.62
56.61
56.62
56.63
56.64
56.64
56.63
56.63
56.64
56.64
56.64
56.64
56.62
56.63
56.61
56.60
56.59
56.61
56.61
56.62
56.62
56.62
56.62
56.63
56.62
56.63
56.64
56.64
56.65
56.65
56.65
56.64
56.67
56.66
56.64
56.64
56.63
56.62
56.62
56.62
56.61
56.60
56.61
56.60
56.59
56.60
56.61
56.60
56.59
56.60
56.61
56.60
56.61
56.62
56.63
56.62
56.62
56.62
56.62
56.61
56.62
56.64
56.63
56.63
56.64
56.64
56.65
56.64
56.65
56.63
56.63
56.61
56.59
56.59
56.59
56.58
56.58
56.58
56.58
56.57
56.57
56.57
56.58
56.57
56.57
56.57
56.58
56.59
56.57
56.57
56.57
56.58
56.58
56.58
56.58
56.59
56.59
56.59
56.58
56.56
56.57
56.57
56.59
56.58
56.58
56.57
56.57
56.59
56.60
56.61
56.62
56.63
56.63
56.64
56.65
56.66
56.64
56.63
56.62
56.61
56.60
56.59
56.61
56.62
56.62
56.62
56.62
56.62
56.63
56.64
56.63
56.62
56.62
56.62
56.63
56.65
56.64
56.62
56.62
56.60
56.63
56.64
56.64
56.63
56.63
56.63
56.64
56.64
56.66
56.65
56.65
56.65
56.66
56.67
56.68
56.68
56.69
56.70
56.69
56.68
56.69
56.68
56.67
56.68
56.68
56.68
56.69
56.69
56.68
56.69
56.69
56.68
56.68
56.67
56.67
56.66
56.66
56.66
56.66
56.61
