85.94
83.59
83.33
82.03
79.69
80.47
79.69
79.69
78.82
77.50
77.70
78.12
78.00
78.35
78.65
78.22
78.86
78.91
79.03
78.83
79.32
79.26
79.28
79.36
79.12
79.03
78.70
78.85
78.99
78.80
78.83
78.96
79.17
79.18
79.06
79.12
79.18
79.03
79.01
79.18
79.23
79.32
79.32
79.15
79.20
79.21
79.16
78.84
78.83
78.84
78.80
78.88
78.86
78.82
78.72
78.49
78.51
78.48
78.55
78.57
78.64
78.50
78.52
78.52
78.39
78.39
78.43
78.56
78.51
78.44
78.30
78.30
78.21
78.15
78.02
77.88
77.78
77.58
77.51
77.58
77.60
77.59
77.67
77.66
77.70
77.63
77.66
77.66
77.65
77.66
77.64
77.67
77.65
77.68
77.71
77.77
77.79
77.77
77.81
77.83
77.83
77.83
77.79
77.76
77.74
77.71
77.76
77.69
77.62
77.66
77.67
77.72
77.70
77.66
77.55
77.55
77.54
77.57
77.59
77.63
77.67
77.69
77.73
77.70
77.66
77.72
77.69
77.62
77.69
77.70
77.72
77.78
77.80
77.85
77.85
77.83
77.81
77.77
77.82
77.82
77.83
77.88
77.90
77.86
77.89
77.89
77.90
77.87
77.88
77.91
77.90
77.88
77.91
77.95
78.01
78.00
78.04
78.04
78.02
78.02
78.00
78.01
78.03
78.06
78.05
78.08
78.09
78.12
78.06
78.06
78.07
78.05
78.08
78.05
78.05
78.06
78.06
78.05
78.05
78.08
78.10
78.15
78.17
78.15
78.17
78.13
78.18
78.22
78.25
78.29
78.30
78.32
78.36
78.34
78.38
78.33
78.34
78.31
78.28
78.32
78.30
78.33
78.31
78.30
78.32
78.37
78.40
78.41
78.39
78.39
78.40
78.41
78.41
78.42
78.38
78.36
78.38
78.38
78.37
78.35
78.32
78.32
78.29
78.29
78.29
78.27
78.23
78.26
78.28
78.26
78.25
78.25
78.25
78.23
78.20
78.23
78.23
78.22
78.21
78.21
78.25
78.24
78.23
78.24
78.21
78.20
78.19
78.18
78.17
78.18
78.19
78.17
78.17
78.16
78.13
78.11
78.14
78.14
78.14
78.16
78.20
78.21
78.23
78.24
78.24
78.25
78.22
78.22
78.23
78.22
78.25
78.25
78.23
78.21
78.22
78.24
78.25
78.28
78.28
78.30
78.31
78.30
78.33
78.32
78.32
78.31
78.31
78.30
78.30
78.31
78.27
78.29
78.28
78.30
78.28
78.28
78.29
78.29
78.28
78.30
78.29
78.29
78.28
78.22
78.22
78.21
78.23
78.26
78.24
78.25
78.24
78.20
78.16
78.15
78.15
78.13
78.13
78.13
78.10
78.11
78.11
78.10
78.10
78.11
78.10
78.11
78.10
78.11
78.10
78.11
78.09
78.08
78.08
78.10
78.11
78.09
78.12
78.12
78.07
78.05
78.07
78.05
78.05
78.04
78.04
78.05
78.05
78.04
78.03
78.03
78.00
77.99
78.01
78.00
78.01
78.01
78.01
78.03
78.03
77.99
78.00
77.99
77.97
77.99
78.00
78.00
77.99
78.02
78.00
77.99
78.00
78.00
78.00
78.00
77.99
78.00
78.01
77.99
77.99
77.97
77.96
77.97
77.97
77.97
77.97
77.96
77.96
77.95
77.97
77.96
77.97
77.95
77.95
77.95
77.93
77.94
77.94
77.95
77.94
77.94
77.96
77.94
77.93
77.94
77.92
77.92
77.93
77.93
77.91
77.93
77.93
77.95
77.95
77.96
77.96
77.98
77.99
77.99
77.97
77.97
77.97
77.97
77.99
78.01
77.99
78.00
77.99
77.99
78.00
78.01
78.02
78.01
78.01
78.02
78.03
78.04
78.05
78.03
78.02
78.01
78.02
78.00
78.01
78.01
78.01
78.01
78.00
78.01
78.02
78.01
78.02
78.02
78.00
78.00
77.99
77.98
77.98
77.99
78.02
78.01
78.00
77.99
77.98
77.98
77.98
77.97
77.93
77.92
77.93
77.93
77.95
77.96
77.95
77.94
77.96
77.97
77.97
77.95
77.96
77.95
77.94
77.95
77.94
77.95
77.97
77.96
77.95
77.96
77.98
77.99
77.99
77.98
77.99
77.97
77.99
77.99
77.99
78.00
78.00
78.01
78.01
77.99
77.99
77.97
77.98
77.99
77.98
77.96
77.97
77.98
77.98
78.01
78.01
78.01
77.98
77.98
77.97
77.97
77.98
77.97
77.99
77.98
77.99
78.00
78.00
77.99
77.99
78.00
78.00
77.99
78.00
78.00
78.00
78.00
78.01
78.03
78.02
78.01
78.01
78.02
78.03
78.03
78.03
78.04
78.04
78.03
78.04
78.05
78.07
78.07
78.05
78.04
78.05
78.05
78.06
78.05
78.04
78.04
78.03
78.03
78.02
78.02
78.01
78.01
78.01
78.01
78.02
78.00
78.01
78.01
78.00
78.00
78.00
78.00
78.00
78.01
78.01
78.02
78.01
78.01
78.02
78.01
78.03
78.02
78.02
78.01
78.01
78.01
78.00
78.00
78.00
78.01
78.02
78.02
78.03
78.02
78.03
78.04
78.03
78.04
78.04
78.06
78.07
78.07
78.07
78.06
78.05
78.05
78.03
78.03
78.03
78.04
78.05
78.05
78.05
78.05
78.05
78.05
78.05
78.05
78.04
78.05
78.04
78.04
78.04
78.04
78.05
78.04
78.03
78.03
78.02
78.02
78.02
78.01
78.00
78.01
78.02
78.01
78.00
78.00
77.99
77.99
77.99
77.98
77.98
77.98
77.98
77.98
77.97
77.98
77.97
77.97
77.98
77.97
77.95
77.95
77.95
77.95
77.94
77.95
77.94
77.94
77.94
77.94
77.95
77.96
77.96
77.96
77.96
77.97
77.95
77.96
77.97
77.97
77.98
77.97
77.97
77.96
77.97
77.98
77.98
77.99
78.00
78.00
78.01
78.00
78.00
77.99
77.99
77.98
77.98
77.98
77.97
77.98
77.97
77.98
77.97
77.98
77.99
77.98
77.98
77.99
78.00
78.01
78.01
78.01
78.00
77.99
77.99
77.99
77.98
77.98
77.98
77.99
77.99
77.99
77.99
77.98
77.98
77.97
77.96
77.97
77.97
77.96
77.97
77.97
77.96
77.96
77.97
77.96
77.97
77.97
77.97
77.98
77.97
77.96
77.97
77.97
77.96
77.97
77.98
77.98
77.97
77.98
77.97
77.97
77.96
77.96
77.97
77.97
77.97
77.97
77.96
77.96
77.96
77.96
77.95
77.95
77.95
77.94
77.94
77.94
77.95
77.94
77.93
77.93
77.94
77.93
77.93
77.91
77.91
77.91
77.88
77.89
77.87
77.88
77.88
77.88
77.86
77.86
77.86
77.79
