82.81
82.03
79.69
80.47
80.94
80.73
81.25
81.45
81.94
82.81
82.53
82.55
82.45
82.59
82.29
82.13
81.71
81.86
82.07
82.27
81.77
81.32
81.59
81.64
81.75
82.03
82.35
82.48
82.44
82.24
82.36
82.13
82.24
82.08
81.79
81.64
81.46
81.29
81.37
81.33
81.33
81.44
81.32
81.43
81.32
81.39
81.45
81.35
81.35
81.22
81.19
81.13
81.10
81.11
81.14
81.11
80.98
80.87
80.69
80.78
80.79
80.80
80.73
80.88
80.82
80.85
81.04
81.14
81.25
81.29
81.32
81.38
81.31
81.36
81.38
81.31
81.13
81.15
81.07
81.04
81.13
81.04
81.02
81.01
81.01
81.12
81.12
81.13
81.06
81.11
81.13
81.17
81.22
81.30
81.23
81.22
81.27
81.28
81.27
81.27
81.23
81.28
81.27
81.33
81.26
81.28
81.21
81.22
81.19
81.07
81.12
81.12
81.15
81.15
81.09
81.03
81.01
81.00
80.97
81.05
81.10
81.08
81.10
81.06
81.04
81.08
81.05
81.05
81.00
81.01
81.01
80.97
80.92
80.94
80.88
80.91
80.90
80.87
80.79
80.78
80.77
80.78
80.85
80.84
80.85
80.85
80.88
80.87
80.88
80.85
80.89
80.92
80.93
80.86
80.88
80.90
80.92
80.95
80.97
80.95
80.92
80.96
80.95
80.97
80.98
81.01
81.01
81.03
81.04
81.04
81.06
81.06
81.02
81.00
80.95
80.96
80.88
80.89
80.89
80.87
80.84
80.82
80.83
80.82
80.81
80.80
80.80
80.82
80.83
80.80
80.84
80.87
80.89
80.83
80.80
80.83
80.79
80.83
80.83
80.83
80.85
80.85
80.79
80.75
80.73
80.73
80.72
80.74
80.76
80.74
80.70
80.70
80.70
80.68
80.63
80.62
80.62
80.65
80.69
80.70
80.68
80.72
80.70
80.71
80.69
80.68
80.69
80.67
80.64
80.68
80.67
80.65
80.67
80.69
80.69
80.69
80.70
80.70
80.71
80.67
80.69
80.66
80.66
80.68
80.66
80.64
80.65
80.62
80.62
80.66
80.65
80.67
80.67
80.65
80.65
80.67
80.64
80.64
80.65
80.65
80.67
80.68
80.68
80.68
80.64
80.63
80.64
80.63
80.60
80.60
80.58
80.58
80.56
80.57
80.56
80.58
80.58
80.60
80.58
80.57
80.60
80.59
80.60
80.58
80.58
80.59
80.59
80.61
80.61
80.63
80.64
80.66
80.63
80.62
80.63
80.62
80.62
80.62
80.64
80.65
80.66
80.65
80.66
80.65
80.66
80.66
80.67
80.66
80.68
80.69
80.67
80.64
80.61
80.59
80.59
80.59
80.59
80.59
80.60
80.56
80.56
80.57
80.59
80.59
80.58
80.58
80.59
80.60
80.59
80.59
80.59
80.61
80.63
80.60
80.61
80.59
80.59
80.58
80.54
80.55
80.54
80.55
80.56
80.55
80.55
80.55
80.54
80.55
80.54
80.55
80.55
80.54
80.55
80.54
80.57
80.57
80.56
80.56
80.55
80.54
80.54
80.53
80.54
80.55
80.56
80.57
80.57
80.55
80.55
80.54
80.53
80.55
80.55
80.56
80.55
80.53
80.54
80.52
80.50
80.48
80.46
80.46
80.46
80.45
80.47
80.44
80.44
80.44
80.42
80.44
80.43
80.42
80.43
80.44
80.44
80.43
80.42
80.45
80.46
80.45
80.47
80.47
80.47
80.46
80.44
80.43
80.41
80.41
80.42
80.42
80.43
80.43
80.42
80.40
80.39
80.39
80.38
80.38
80.35
80.35
80.35
80.34
80.34
80.33
80.33
80.31
80.30
80.31
80.32
80.32
80.33
80.31
80.30
80.29
80.28
80.26
80.26
80.25
80.26
80.26
80.24
80.25
80.26
80.28
80.28
80.29
80.29
80.28
80.28
80.28
80.27
80.30
80.31
80.30
80.30
80.31
80.32
80.31
80.32
80.33
80.32
80.30
80.31
80.31
80.32
80.32
80.31
80.31
80.31
80.31
80.31
80.32
80.33
80.35
80.35
80.35
80.35
80.34
80.36
80.33
80.33
80.34
80.32
80.34
80.34
80.35
80.35
80.35
80.35
80.36
80.36
80.35
80.36
80.36
80.36
80.35
80.34
80.34
80.33
80.33
80.31
80.32
80.30
80.30
80.32
80.32
80.32
80.32
80.33
80.32
80.33
80.33
80.35
80.36
80.35
80.35
80.36
80.38
80.37
80.38
80.38
80.38
80.39
80.38
80.39
80.41
80.41
80.42
80.42
80.41
80.41
80.42
80.41
80.42
80.41
80.41
80.41
80.40
80.40
80.42
80.41
80.42
80.42
80.42
80.42
80.41
80.42
80.42
80.42
80.43
80.43
80.44
80.44
80.44
80.44
80.44
80.44
80.44
80.44
80.43
80.43
80.43
80.44
80.44
80.44
80.45
80.46
80.47
80.48
80.48
80.47
80.49
80.49
80.48
80.47
80.47
80.46
80.47
80.48
80.48
80.48
80.47
80.45
80.44
80.44
80.44
80.44
80.45
80.45
80.43
80.44
80.43
80.42
80.41
80.41
80.41
80.40
80.41
80.41
80.41
80.41
80.41
80.41
80.42
80.43
80.42
80.43
80.43
80.43
80.43
80.44
80.44
80.44
80.45
80.45
80.46
80.45
80.46
80.46
80.46
80.47
80.46
80.45
80.46
80.45
80.45
80.44
80.44
80.43
80.43
80.43
80.42
80.42
80.41
80.41
80.41
80.41
80.41
80.40
80.42
80.42
80.42
80.42
80.44
80.44
80.43
80.43
80.44
80.44
80.44
80.43
80.43
80.42
80.41
80.42
80.42
80.42
80.42
80.41
80.42
80.41
80.42
80.41
80.42
80.41
80.41
80.41
80.40
80.41
80.41
80.40
80.41
80.40
80.41
80.41
80.40
80.41
80.42
80.42
80.43
80.43
80.43
80.44
80.43
80.42
80.42
80.41
80.40
80.39
80.37
80.37
80.36
80.36
80.35
80.35
80.35
80.34
80.33
80.33
80.33
80.33
80.33
80.33
80.33
80.33
80.33
80.32
80.32
80.32
80.32
80.31
80.31
80.31
80.30
80.30
80.30
80.30
80.30
80.31
80.31
80.31
80.30
80.31
80.31
80.31
80.31
80.31
80.30
80.30
80.29
80.27
80.27
80.28
80.29
80.27
80.29
80.28
80.28
80.29
80.30
80.29
80.29
80.28
80.29
80.29
80.29
80.30
80.30
80.30
80.30
80.31
80.30
80.30
80.31
80.31
80.31
80.31
80.31
80.30
80.31
80.31
80.32
80.33
80.32
80.33
80.33
80.34
80.33
80.34
80.34
80.33
80.34
80.34
80.35
80.35
80.36
80.35
80.35
80.35
80.34
80.35
80.27
