75.00
82.03
79.69
80.86
80.62
80.99
79.69
79.10
79.86
80.00
80.97
80.21
79.81
79.35
79.69
80.08
80.42
80.38
80.18
80.78
80.65
80.75
81.05
80.92
80.75
80.95
80.84
80.86
80.93
80.83
80.70
80.52
80.68
80.56
80.45
80.60
80.57
80.59
80.45
80.55
80.45
80.28
80.34
80.40
80.28
80.10
79.95
79.88
80.01
80.03
79.99
80.05
80.22
80.32
80.37
80.27
80.37
80.39
80.51
80.42
80.53
80.44
80.43
80.42
80.43
80.37
80.50
80.42
80.55
80.51
80.52
80.60
80.63
80.57
80.65
80.53
80.64
80.57
80.56
80.55
80.57
80.58
80.69
80.58
80.57
80.58
80.66
80.66
80.62
80.66
80.68
80.66
80.51
80.49
80.51
80.50
80.54
80.58
80.60
80.55
80.49
80.44
80.46
80.44
80.36
80.35
80.40
80.45
80.45
80.41
80.35
80.41
80.42
80.46
80.43
80.48
80.49
80.50
80.48
80.48
80.53
80.48
80.45
80.37
80.35
80.37
80.43
80.40
80.43
80.44
80.43
80.41
80.42
80.42
80.38
80.40
80.41
80.34
80.35
80.31
80.32
80.30
80.29
80.30
80.29
80.28
80.28
80.31
80.33
80.34
80.34
80.38
80.36
80.33
80.32
80.34
80.37
80.40
80.40
80.35
80.38
80.38
80.39
80.41
80.41
80.40
80.41
80.42
80.39
80.41
80.38
80.39
80.33
80.27
80.27
80.22
80.24
80.23
80.25
80.27
80.32
80.31
80.34
80.36
80.31
80.29
80.26
80.25
80.26
80.25
80.27
80.23
80.25
80.25
80.26
80.25
80.24
80.22
80.20
80.15
80.14
80.16
80.14
80.15
80.17
80.18
80.18
80.15
80.17
80.16
80.15
80.16
80.13
80.19
80.17
80.20
80.26
80.26
80.22
80.22
80.20
80.20
80.22
80.27
80.29
80.30
80.31
80.28
80.29
80.26
80.25
80.25
80.26
80.30
80.27
80.28
80.26
80.22
80.24
80.25
80.23
80.22
80.23
80.24
80.24
80.26
80.23
80.24
80.23
80.23
80.21
80.24
80.22
80.23
80.24
80.24
80.24
80.23
80.23
80.21
80.23
80.18
80.19
80.21
80.21
80.23
80.24
80.24
80.25
80.26
80.27
80.28
80.28
80.31
80.28
80.26
80.27
80.27
80.28
80.30
80.32
80.31
80.32
80.33
80.32
80.30
80.30
80.32
80.29
80.30
80.31
80.33
80.33
80.31
80.33
80.32
80.34
80.36
80.36
80.35
80.36
80.40
80.37
80.37
80.39
80.40
80.40
80.40
80.39
80.39
80.38
80.40
80.41
80.38
80.39
80.37
80.38
80.38
80.36
80.38
80.36
80.37
80.40
80.41
80.42
80.40
80.39
80.39
80.40
80.40
80.41
80.42
80.44
80.45
80.46
80.45
80.44
80.44
80.41
80.41
80.41
80.40
80.42
80.43
80.43
80.45
80.44
80.44
80.45
80.46
80.43
80.41
80.42
80.43
80.44
80.46
80.45
80.45
80.46
80.48
80.51
80.48
80.48
80.48
80.49
80.50
80.53
80.53
80.55
80.56
80.55
80.56
80.55
80.55
80.55
80.57
80.58
80.58
80.59
80.60
80.60
80.60
80.60
80.59
80.57
80.58
80.59
80.58
80.59
80.60
80.59
80.60
80.60
80.62
80.64
80.64
80.64
80.64
80.65
80.63
80.63
80.65
80.65
80.66
80.67
80.66
80.67
80.67
80.67
80.68
80.68
80.67
80.67
80.68
80.67
80.68
80.68
80.70
80.69
80.71
80.70
80.70
80.70
80.68
80.65
80.64
80.64
80.63
80.60
80.62
80.62
80.63
80.62
80.63
80.63
80.62
80.62
80.63
80.62
80.60
80.62
80.61
80.63
80.64
80.65
80.63
80.63
80.64
80.64
80.62
80.63
80.62
80.63
80.62
80.60
80.60
80.60
80.59
80.60
80.61
80.61
80.61
80.61
80.62
80.61
80.60
80.60
80.60
80.61
80.61
80.61
80.61
80.61
80.58
80.57
80.57
80.58
80.57
80.57
80.58
80.57
80.57
80.54
80.54
80.55
80.56
80.55
80.54
80.55
80.55
80.56
80.55
80.56
80.54
80.54
80.52
80.51
80.50
80.53
80.52
80.51
80.51
80.51
80.50
80.50
80.50
80.49
80.48
80.48
80.48
80.48
80.48
80.48
80.48
80.48
80.48
80.47
80.48
80.50
80.49
80.51
80.50
80.49
80.48
80.50
80.50
80.51
80.50
80.50
80.49
80.49
80.48
80.49
80.48
80.47
80.46
80.47
80.46
80.47
80.47
80.48
80.47
80.46
80.48
80.46
80.48
80.48
80.48
80.48
80.47
80.46
80.45
80.44
80.43
80.44
80.44
80.45
80.43
80.41
80.40
80.40
80.39
80.39
80.39
80.39
80.39
80.38
80.40
80.39
80.38
80.38
80.37
80.37
80.36
80.35
80.34
80.33
80.31
80.32
80.32
80.32
80.32
80.32
80.32
80.31
80.32
80.33
80.30
80.32
80.31
80.32
80.32
80.31
80.31
80.30
80.30
80.31
80.29
80.30
80.30
80.31
80.33
80.33
80.32
80.33
80.34
80.34
80.34
80.36
80.36
80.36
80.37
80.38
80.38
80.38
80.37
80.37
80.35
80.36
80.35
80.34
80.33
80.33
80.34
80.34
80.34
80.34
80.34
80.34
80.35
80.35
80.34
80.34
80.33
80.33
80.33
80.33
80.34
80.33
80.32
80.33
80.33
80.35
80.36
80.36
80.35
80.35
80.35
80.35
80.36
80.36
80.34
80.33
80.34
80.33
80.33
80.32
80.32
80.31
80.31
80.29
80.29
80.28
80.29
80.29
80.30
80.30
80.31
80.32
80.33
80.33
80.32
80.32
80.32
80.32
80.31
80.32
80.31
80.31
80.30
80.31
80.30
80.30
80.30
80.29
80.28
80.27
80.26
80.25
80.26
80.26
80.25
80.26
80.25
80.24
80.24
80.22
80.22
80.22
80.23
80.23
80.23
80.23
80.23
80.23
80.22
80.22
80.22
80.22
80.22
80.21
80.21
80.22
80.22
80.24
80.23
80.22
80.22
80.20
80.20
80.20
80.21
80.21
80.22
80.23
80.25
80.25
80.24
80.24
80.25
80.25
80.24
80.23
80.23
80.22
80.22
80.23
80.22
80.23
80.23
80.22
80.23
80.22
80.23
80.23
80.23
80.23
80.23
80.23
80.23
80.24
80.24
80.25
80.25
80.25
80.24
80.25
80.25
80.25
80.25
80.26
80.26
80.26
80.26
80.27
80.26
80.26
80.26
80.26
80.27
80.27
80.28
80.27
80.26
80.26
80.26
80.26
80.26
80.26
80.25
80.25
80.17
