7.81
10.16
6.77
5.86
4.69
4.43
4.69
5.27
4.86
5.47
5.26
4.95
4.81
4.69
4.79
4.59
4.50
4.34
4.52
4.45
4.69
4.62
4.55
4.56
4.56
4.57
4.69
4.63
4.53
4.64
4.74
4.64
4.69
4.78
4.73
4.73
4.73
4.73
4.65
4.69
4.69
4.65
4.58
4.72
4.62
4.59
4.52
4.69
4.69
4.78
4.78
4.78
4.78
4.80
4.83
4.77
4.82
4.74
4.71
4.69
4.69
4.69
4.61
4.57
4.59
4.64
4.64
4.60
4.57
4.55
4.53
4.54
4.54
4.50
4.54
4.48
4.53
4.49
4.55
4.49
4.48
4.54
4.56
4.58
4.56
4.56
4.60
4.58
4.56
4.51
4.46
4.50
4.47
4.47
4.51
4.49
4.53
4.50
4.50
4.48
4.49
4.47
4.49
4.48
4.45
4.42
4.42
4.44
4.42
4.43
4.43
4.41
4.38
4.36
4.36
4.35
4.35
4.36
4.33
4.32
4.33
4.32
4.37
4.35
4.34
4.33
4.34
4.33
4.35
4.33
4.37
4.34
4.31
4.33
4.32
4.32
4.30
4.27
4.29
4.29
4.31
4.32
4.33
4.35
4.36
4.36
4.36
4.36
4.37
4.39
4.41
4.42
4.40
4.40
4.39
4.39
4.37
4.37
4.36
4.37
4.36
4.33
4.34
4.34
4.33
4.32
4.33
4.33
4.35
4.36
4.36
4.35
4.37
4.37
4.38
4.37
4.38
4.38
4.39
4.37
4.38
4.39
4.38
4.39
4.40
4.40
4.40
4.39
4.40
4.39
4.38
4.38
4.37
4.37
4.37
4.41
4.40
4.41
4.40
4.40
4.38
4.41
4.40
4.40
4.39
4.39
4.39
4.40
4.41
4.42
4.41
4.40
4.40
4.40
4.42
4.43
4.41
4.41
4.42
4.42
4.40
4.38
4.39
4.41
4.42
4.42
4.43
4.45
4.45
4.45
4.47
4.48
4.47
4.48
4.49
4.48
4.47
4.48
4.48
4.47
4.49
4.47
4.48
4.46
4.45
4.43
4.42
4.41
4.41
4.40
4.39
4.41
4.40
4.40
4.39
4.39
4.40
4.39
4.40
4.39
4.39
4.39
4.39
4.39
4.40
4.41
4.39
4.40
4.39
4.39
4.38
4.38
4.38
4.39
4.39
4.38
4.37
4.36
4.35
4.36
4.36
4.35
4.35
4.36
4.36
4.36
4.37
4.38
4.38
4.37
4.37
4.39
4.38
4.37
4.36
4.35
4.36
4.35
4.34
4.35
4.33
4.34
4.35
4.35
4.35
4.38
4.37
4.38
4.38
4.38
4.36
4.36
4.36
4.36
4.36
4.36
4.36
4.35
4.35
4.35
4.36
4.36
4.35
4.35
4.35
4.36
4.38
4.39
4.38
4.38
4.38
4.38
4.37
4.38
4.39
4.40
4.40
4.40
4.40
4.40
4.39
4.40
4.40
4.40
4.39
4.39
4.39
4.40
4.39
4.40
4.39
4.39
4.40
4.40
4.38
4.38
4.39
4.40
4.40
4.40
4.40
4.42
4.41
4.41
4.40
4.40
4.40
4.40
4.39
4.38
4.39
4.39
4.41
4.40
4.40
4.40
4.41
4.41
4.41
4.40
4.40
4.39
4.39
4.39
4.39
4.38
4.38
4.39
4.38
4.38
4.38
4.38
4.39
4.39
4.38
4.39
4.40
4.39
4.38
4.38
4.38
4.38
4.38
4.37
4.37
4.37
4.38
4.38
4.37
4.37
4.36
4.37
4.37
4.37
4.37
4.37
4.36
4.35
4.37
4.38
4.38
4.38
4.37
4.37
4.36
4.36
4.37
4.36
4.35
4.35
4.35
4.35
4.35
4.34
4.34
4.35
4.35
4.35
4.35
4.35
4.34
4.34
4.34
4.34
4.35
4.34
4.36
4.35
4.35
4.34
4.34
4.35
4.35
4.34
4.34
4.34
4.35
4.34
4.34
4.35
4.36
4.35
4.35
4.36
4.36
4.35
4.35
4.35
4.35
4.36
4.36
4.37
4.38
4.37
4.37
4.37
4.38
4.38
4.38
4.38
4.38
4.38
4.37
4.37
4.38
4.37
4.36
4.37
4.38
4.38
4.37
4.38
4.38
4.38
4.38
4.37
4.38
4.39
4.39
4.39
4.38
4.39
4.38
4.38
4.39
4.40
4.39
4.38
4.38
4.38
4.39
4.39
4.40
4.40
4.41
4.41
4.41
4.42
4.42
4.42
4.42
4.43
4.43
4.43
4.42
4.42
4.42
4.42
4.42
4.42
4.41
4.41
4.41
4.42
4.42
4.42
4.42
4.42
4.42
4.42
4.43
4.43
4.43
4.43
4.43
4.43
4.43
4.43
4.43
4.42
4.42
4.42
4.41
4.40
4.40
4.40
4.40
4.40
4.39
4.40
4.40
4.41
4.41
4.41
4.41
4.41
4.40
4.40
4.40
4.40
4.40
4.40
4.40
4.40
4.40
4.39
4.39
4.38
4.38
4.38
4.39
4.39
4.39
4.39
4.39
4.39
4.39
4.40
4.40
4.40
4.39
4.39
4.39
4.38
4.39
4.39
4.39
4.39
4.38
4.38
4.38
4.38
4.37
4.37
4.38
4.39
4.39
4.39
4.38
4.39
4.39
4.39
4.39
4.39
4.39
4.38
4.37
4.37
4.37
4.37
4.37
4.37
4.37
4.37
4.37
4.38
4.38
4.38
4.38
4.38
4.38
4.38
4.37
4.37
4.37
4.37
4.37
4.37
4.36
4.37
4.37
4.37
4.37
4.37
4.37
4.36
4.36
4.35
4.35
4.36
4.36
4.36
4.36
4.36
4.36
4.36
4.35
4.36
4.36
4.36
4.36
4.37
4.36
4.36
4.36
4.37
4.36
4.37
4.37
4.37
4.37
4.37
4.36
4.37
4.37
4.36
4.37
4.37
4.37
4.36
4.36
4.36
4.35
4.35
4.35
4.35
4.36
4.35
4.36
4.36
4.36
4.36
4.36
4.36
4.37
4.37
4.37
4.37
4.37
4.36
4.36
4.36
4.36
4.36
4.36
4.36
4.35
4.35
4.35
4.35
4.34
4.34
4.34
4.35
4.34
4.34
4.35
4.35
4.35
4.36
4.36
4.36
4.36
4.36
4.36
4.36
4.36
4.37
4.36
4.36
4.36
4.36
4.37
4.36
4.36
4.36
4.35
4.35
4.35
4.35
4.35
4.35
4.35
4.35
4.35
4.35
4.35
4.35
4.35
4.36
4.36
4.36
4.36
4.36
4.36
4.36
4.36
4.36
4.36
4.36
4.35
4.36
4.36
4.36
4.35
4.35
4.36
4.36
4.36
4.36
4.36
4.35
4.35
4.35
4.36
4.36
4.36
4.36
4.35
4.35
4.35
4.34
