75.00
73.44
76.04
76.56
76.88
77.34
78.12
79.10
77.78
78.44
78.27
78.52
78.12
78.24
78.54
78.52
78.40
78.73
79.03
79.06
78.79
78.84
79.01
78.65
78.38
78.12
78.47
78.46
78.77
78.54
78.83
78.71
78.84
78.86
78.97
79.12
79.27
79.11
79.13
78.91
78.93
78.76
78.71
78.87
78.72
78.77
78.92
78.97
78.92
78.97
78.95
78.97
79.10
79.14
79.32
79.32
79.36
79.28
79.37
79.51
79.56
79.66
79.61
79.44
79.52
79.55
79.62
79.50
79.60
79.69
79.60
79.49
79.41
79.35
79.50
79.63
79.61
79.61
79.75
79.77
79.84
79.82
79.86
79.85
79.91
79.89
79.92
79.95
79.83
79.90
79.93
79.96
79.86
79.87
79.88
79.90
79.91
79.89
79.86
79.84
79.81
79.81
79.79
79.81
79.78
79.82
79.88
79.90
79.96
79.99
80.00
80.09
80.10
80.08
80.10
80.12
80.19
80.15
80.11
80.13
80.14
80.17
80.13
80.17
80.18
80.15
80.12
80.09
80.15
80.19
80.20
80.20
80.15
80.17
80.20
80.22
80.25
80.22
80.25
80.25
80.26
80.26
80.30
80.33
80.33
80.36
80.37
80.37
80.41
80.45
80.45
80.41
80.42
80.39
80.42
80.41
80.40
80.44
80.47
80.51
80.47
80.42
80.44
80.46
80.43
80.39
80.36
80.32
80.35
80.35
80.35
80.36
80.40
80.38
80.38
80.42
80.46
80.41
80.42
80.42
80.39
80.37
80.35
80.32
80.34
80.35
80.35
80.34
80.32
80.33
80.36
80.40
80.42
80.43
80.44
80.38
80.35
80.37
80.38
80.34
80.34
80.34
80.36
80.36
80.34
80.32
80.36
80.35
80.37
80.36
80.37
80.33
80.35
80.37
80.36
80.35
80.34
80.31
80.32
80.28
80.28
80.24
80.23
80.22
80.20
80.19
80.20
80.18
80.17
80.18
80.17
80.17
80.16
80.13
80.10
80.11
80.11
80.11
80.12
80.14
80.13
80.10
80.14
80.12
80.15
80.20
80.20
80.18
80.18
80.20
80.20
80.23
80.20
80.22
80.19
80.16
80.18
80.18
80.20
80.20
80.20
80.19
80.19
80.20
80.19
80.19
80.18
80.15
80.15
80.15
80.15
80.14
80.15
80.09
80.10
80.09
80.08
80.09
80.10
80.12
80.12
80.12
80.11
80.11
80.09
80.09
80.08
80.09
80.08
80.06
80.06
80.05
80.06
80.04
80.06
80.08
80.09
80.08
80.09
80.07
80.07
80.05
80.06
80.06
80.04
80.08
80.08
80.08
80.07
80.06
80.06
80.07
80.07
80.08
80.10
80.11
80.13
80.13
80.15
80.18
80.17
80.18
80.19
80.20
80.20
80.20
80.20
80.20
80.21
80.21
80.20
80.19
80.19
80.17
80.18
80.18
80.18
80.17
80.16
80.15
80.15
80.17
80.17
80.16
80.14
80.17
80.16
80.15
80.18
80.17
80.16
80.17
80.18
80.19
80.18
80.16
80.15
80.16
80.14
80.15
80.14
80.15
80.13
80.12
80.13
80.13
80.15
80.17
80.16
80.15
80.13
80.12
80.13
80.13
80.13
80.14
80.16
80.16
80.17
80.17
80.16
80.16
80.15
80.16
80.17
80.21
80.22
80.23
80.24
80.26
80.25
80.25
80.27
80.28
80.28
80.30
80.30
80.29
80.27
80.24
80.26
80.26
80.27
80.27
80.30
80.28
80.28
80.28
80.26
80.27
80.25
80.25
80.22
80.24
80.23
80.24
80.23
80.23
80.24
80.25
80.23
80.23
80.21
80.22
80.22
80.19
80.18
80.18
80.18
80.18
80.17
80.17
80.18
80.17
80.18
80.18
80.18
80.18
80.17
80.18
80.17
80.18
80.20
80.22
80.21
80.21
80.22
80.22
80.21
80.21
80.21
80.20
80.20
80.21
80.21
80.21
80.22
80.23
80.25
80.28
80.26
80.25
80.25
80.25
80.25
80.26
80.26
80.26
80.27
80.28
80.27
80.27
80.27
80.28
80.29
80.29
80.28
80.29
80.26
80.28
80.28
80.29
80.30
80.31
80.31
80.30
80.31
80.32
80.31
80.32
80.31
80.32
80.33
80.33
80.35
80.35
80.35
80.34
80.34
80.34
80.35
80.35
80.34
80.33
80.32
80.32
80.32
80.33
80.34
80.34
80.35
80.35
80.34
80.35
80.33
80.32
80.32
80.31
80.30
80.31
80.31
80.31
80.31
80.30
80.30
80.31
80.32
80.32
80.31
80.31
80.31
80.30
80.31
80.32
80.32
80.30
80.30
80.30
80.32
80.31
80.31
80.31
80.31
80.31
80.33
80.33
80.33
80.33
80.36
80.37
80.39
80.37
80.38
80.38
80.39
80.39
80.40
80.39
80.39
80.40
80.39
80.39
80.39
80.38
80.38
80.38
80.39
80.38
80.38
80.39
80.38
80.39
80.40
80.40
80.41
80.41
80.41
80.41
80.42
80.42
80.41
80.41
80.41
80.38
80.38
80.38
80.37
80.37
80.37
80.37
80.35
80.36
80.36
80.36
80.36
80.36
80.35
80.35
80.36
80.36
80.35
80.36
80.38
80.38
80.37
80.37
80.37
80.38
80.38
80.37
80.38
80.38
80.38
80.38
80.39
80.40
80.40
80.39
80.40
80.39
80.39
80.38
80.38
80.39
80.39
80.39
80.39
80.38
80.38
80.37
80.35
80.34
80.34
80.33
80.33
80.33
80.34
80.33
80.33
80.34
80.35
80.35
80.35
80.35
80.34
80.36
80.35
80.36
80.35
80.36
80.36
80.36
80.37
80.38
80.38
80.38
80.38
80.37
80.36
80.37
80.37
80.38
80.37
80.38
80.38
80.38
80.38
80.39
80.38
80.38
80.38
80.39
80.39
80.38
80.38
80.39
80.40
80.40
80.39
80.38
80.38
80.37
80.37
80.36
80.36
80.35
80.36
80.35
80.35
80.35
80.35
80.35
80.35
80.36
80.35
80.36
80.37
80.37
80.36
80.36
80.36
80.36
80.38
80.39
80.39
80.38
80.37
80.37
80.37
80.37
80.38
80.37
80.38
80.39
80.38
80.38
80.37
80.38
80.37
80.38
80.39
80.39
80.38
80.38
80.37
80.38
80.37
80.38
80.38
80.38
80.38
80.39
80.37
80.37
80.37
80.38
80.37
80.37
80.37
80.37
80.38
80.37
80.38
80.38
80.38
80.38
80.37
80.37
80.37
80.37
80.37
80.37
80.37
80.37
80.36
80.36
80.37
80.36
80.37
80.37
80.36
80.36
80.36
80.37
80.37
80.36
80.36
80.37
80.37
80.37
80.37
80.37
80.36
80.34
80.34
80.34
80.35
80.35
80.35
80.34
80.34
80.26
