35.94
31.25
31.77
32.03
32.50
32.81
32.59
33.01
33.51
34.53
33.81
33.72
33.65
34.04
34.48
34.18
33.82
33.59
33.55
33.59
32.96
33.24
33.22
33.27
33.62
34.19
34.49
34.65
34.48
34.17
34.07
34.23
34.09
34.05
34.38
34.20
34.33
34.13
34.09
34.02
34.07
33.93
33.79
33.66
33.54
33.42
33.38
33.40
33.32
33.19
33.12
33.05
33.02
33.22
33.24
33.34
33.22
33.11
32.94
32.89
32.61
32.59
32.71
32.89
32.98
32.93
32.81
32.63
32.61
32.63
32.72
32.68
32.68
32.88
32.85
32.73
32.79
32.75
32.75
32.64
32.66
32.49
32.44
32.53
32.44
32.45
32.36
32.42
32.46
32.38
32.37
32.35
32.39
32.35
32.29
32.23
32.15
32.19
32.21
32.17
32.07
32.00
32.05
32.05
32.10
32.18
32.24
32.29
32.22
32.20
32.19
32.24
32.19
32.17
32.11
32.14
32.12
32.10
32.17
32.16
32.17
32.21
32.22
32.17
32.20
32.16
32.15
32.17
32.15
32.13
32.11
32.07
32.07
32.04
32.01
32.02
32.05
32.08
32.10
32.14
32.09
32.05
32.03
32.07
32.06
32.02
32.03
32.01
32.04
32.04
32.02
32.01
31.94
31.91
31.94
31.95
31.94
31.98
32.00
32.00
31.99
31.94
32.00
32.08
32.05
32.01
31.96
31.94
31.96
31.97
31.98
31.99
31.96
31.97
31.97
31.95
31.97
31.98
31.97
31.99
31.97
31.98
31.93
32.00
32.00
31.96
31.99
32.05
32.00
32.01
32.04
32.06
32.08
32.04
32.01
32.01
32.01
32.03
32.01
32.00
31.97
31.94
31.89
31.89
31.88
31.87
31.85
31.85
31.82
31.86
31.86
31.88
31.84
31.87
31.87
31.94
31.98
31.93
31.93
31.92
31.89
31.90
31.95
31.93
31.91
31.91
31.92
31.91
31.88
31.88
31.88
31.84
31.86
31.87
31.86
31.83
31.82
31.80
31.78
31.80
31.78
31.77
31.78
31.74
31.75
31.76
31.79
31.83
31.87
31.88
31.85
31.85
31.82
31.80
31.80
31.77
31.77
31.78
31.82
31.82
31.87
31.87
31.86
31.83
31.83
31.81
31.81
31.78
31.80
31.78
31.77
31.80
31.79
31.77
31.77
31.79
31.79
31.77
31.76
31.78
31.77
31.77
31.77
31.75
31.76
31.73
31.73
31.76
31.76
31.78
31.79
31.78
31.80
31.81
31.81
31.80
31.79
31.77
31.77
31.73
31.74
31.77
31.74
31.73
31.73
31.76
31.76
31.77
31.77
31.78
31.79
31.76
31.75
31.77
31.78
31.80
31.77
31.78
31.75
31.77
31.76
31.79
31.78
31.78
31.77
31.76
31.76
31.79
31.81
31.85
31.84
31.88
31.87
31.87
31.88
31.87
31.88
31.87
31.89
31.88
31.87
31.88
31.91
31.89
31.89
31.85
31.87
31.89
31.93
31.91
31.90
31.90
31.89
31.91
31.96
31.97
31.97
31.97
31.99
31.95
31.95
31.95
31.93
31.91
31.91
31.89
31.88
31.88
31.91
31.90
31.93
31.94
31.94
31.92
31.93
31.96
31.96
31.98
31.99
31.98
31.96
31.96
31.98
31.97
31.97
31.98
31.98
31.97
31.99
31.98
31.97
31.98
31.99
31.99
31.97
31.96
31.97
31.95
31.97
31.95
31.96
31.99
31.98
31.98
31.98
31.98
31.99
32.00
32.00
32.00
31.99
32.00
32.02
32.02
32.01
32.02
31.99
32.00
31.99
32.00
32.01
32.01
32.02
32.04
32.03
32.05
32.04
32.03
32.03
32.03
32.06
32.05
32.05
32.05
32.04
32.04
32.04
32.04
32.04
32.01
32.03
32.02
32.00
32.01
32.00
32.03
32.04
32.04
32.05
32.05
32.03
32.02
32.01
32.02
32.00
32.00
32.01
31.99
31.99
31.98
31.98
31.98
31.98
31.96
31.93
31.93
31.94
31.94
31.94
31.94
31.95
31.93
31.94
31.94
31.92
31.93
31.93
31.93
31.92
31.94
31.93
31.92
31.93
31.92
31.91
31.90
31.88
31.88
31.90
31.88
31.89
31.88
31.89
31.89
31.88
31.87
31.88
31.89
31.91
31.90
31.90
31.88
31.88
31.88
31.87
31.85
31.85
31.85
31.84
31.84
31.83
31.84
31.86
31.85
31.87
31.86
31.87
31.88
31.87
31.86
31.86
31.85
31.86
31.85
31.84
31.85
31.87
31.87
31.87
31.87
31.87
31.89
31.90
31.89
31.89
31.87
31.87
31.85
31.86
31.86
31.86
31.86
31.86
31.87
31.86
31.87
31.86
31.87
31.86
31.85
31.85
31.86
31.86
31.86
31.86
31.85
31.86
31.86
31.84
31.84
31.84
31.82
31.83
31.82
31.83
31.83
31.84
31.83
31.80
31.81
31.80
31.81
31.81
31.79
31.79
31.79
31.80
31.80
31.81
31.81
31.80
31.81
31.80
31.79
31.79
31.79
31.79
31.77
31.76
31.76
31.76
31.76
31.76
31.78
31.78
31.77
31.78
31.78
31.79
31.79
31.79
31.80
31.81
31.81
31.82
31.84
31.83
31.84
31.85
31.84
31.84
31.84
31.86
31.85
31.87
31.85
31.85
31.84
31.84
31.83
31.84
31.84
31.82
31.80
31.81
31.82
31.83
31.83
31.83
31.85
31.84
31.85
31.84
31.84
31.85
31.86
31.87
31.87
31.86
31.88
31.87
31.86
31.86
31.86
31.84
31.85
31.84
31.82
31.83
31.82
31.82
31.82
31.83
31.84
31.84
31.84
31.84
31.83
31.83
31.84
31.81
31.83
31.83
31.83
31.82
31.81
31.81
31.81
31.80
31.80
31.80
31.80
31.80
31.81
31.81
31.82
31.82
31.82
31.82
31.82
31.81
31.81
31.82
31.83
31.82
31.83
31.81
31.82
31.81
31.83
31.83
31.82
31.83
31.85
31.84
31.84
31.83
31.82
31.81
31.82
31.82
31.82
31.81
31.81
31.80
31.81
31.82
31.82
31.83
31.83
31.83
31.83
31.84
31.84
31.85
31.85
31.86
31.85
31.86
31.86
31.86
31.85
31.86
31.86
31.86
31.84
31.83
31.82
31.82
31.82
31.82
31.83
31.84
31.85
31.84
31.85
31.84
31.84
31.84
31.84
31.84
31.84
31.82
31.80
31.81
31.80
31.80
31.80
31.80
31.80
31.81
31.81
31.81
31.82
31.82
31.82
31.83
31.82
31.82
31.81
31.82
31.82
31.82
31.82
31.83
31.83
31.83
31.84
31.84
31.83
31.82
31.83
31.84
31.85
31.86
31.87
31.87
31.86
31.86
31.87
31.86
31.83
