71.88
78.12
73.96
75.00
77.19
77.08
77.90
77.34
78.30
78.44
78.55
77.86
77.88
77.68
77.60
78.03
78.31
77.95
78.12
77.89
77.75
77.84
77.85
77.73
78.06
78.25
78.01
78.01
78.07
78.12
78.38
78.08
77.94
77.76
77.86
77.47
77.36
77.38
77.36
77.38
77.55
77.46
77.40
77.38
77.43
77.38
77.43
77.34
77.23
77.09
77.21
77.31
77.45
77.34
77.16
77.20
77.11
77.21
77.22
77.21
77.33
77.37
77.50
77.51
77.52
77.63
77.61
77.62
77.65
77.66
77.60
77.67
77.76
77.81
77.90
77.90
77.98
78.02
78.03
77.97
78.05
77.97
78.01
77.94
77.94
77.98
77.98
77.95
77.91
77.88
77.95
77.97
77.97
78.01
78.03
78.01
78.09
78.16
78.24
78.17
78.23
78.29
78.37
78.38
78.39
78.45
78.52
78.53
78.51
78.52
78.49
78.47
78.55
78.58
78.63
78.64
78.58
78.47
78.41
78.41
78.43
78.50
78.48
78.52
78.54
78.60
78.60
78.65
78.65
78.64
78.67
78.67
78.67
78.63
78.67
78.70
78.64
78.59
78.57
78.58
78.56
78.51
78.51
78.60
78.60
78.57
78.56
78.62
78.63
78.59
78.64
78.63
78.63
78.68
78.70
78.71
78.65
78.63
78.55
78.51
78.48
78.42
78.48
78.49
78.45
78.51
78.46
78.48
78.46
78.41
78.44
78.42
78.41
78.39
78.38
78.37
78.39
78.43
78.39
78.39
78.32
78.33
78.36
78.32
78.29
78.30
78.33
78.33
78.33
78.39
78.35
78.33
78.33
78.32
78.35
78.32
78.33
78.31
78.33
78.34
78.33
78.32
78.33
78.33
78.34
78.37
78.38
78.35
78.36
78.30
78.29
78.28
78.27
78.29
78.30
78.33
78.31
78.28
78.31
78.35
78.37
78.38
78.38
78.40
78.43
78.42
78.40
78.45
78.46
78.44
78.42
78.43
78.38
78.39
78.40
78.40
78.43
78.38
78.34
78.32
78.32
78.34
78.35
78.36
78.34
78.35
78.38
78.40
78.42
78.43
78.41
78.41
78.44
78.44
78.44
78.45
78.47
78.46
78.44
78.40
78.36
78.39
78.42
78.44
78.46
78.46
78.42
78.42
78.43
78.47
78.47
78.48
78.47
78.45
78.43
78.43
78.42
78.43
78.41
78.44
78.46
78.46
78.48
78.50
78.51
78.52
78.53
78.56
78.57
78.59
78.57
78.56
78.58
78.59
78.58
78.60
78.60
78.62
78.64
78.65
78.64
78.63
78.62
78.60
78.59
78.57
78.56
78.56
78.56
78.59
78.57
78.59
78.58
78.54
78.54
78.53
78.53
78.52
78.51
78.52
78.49
78.49
78.47
78.48
78.47
78.46
78.45
78.48
78.49
78.49
78.50
78.46
78.47
78.48
78.47
78.46
78.46
78.46
78.46
78.44
78.45
78.45
78.45
78.47
78.47
78.49
78.48
78.49
78.50
78.48
78.46
78.45
78.46
78.46
78.46
78.45
78.48
78.47
78.49
78.49
78.50
78.52
78.53
78.52
78.52
78.52
78.54
78.55
78.54
78.55
78.54
78.55
78.55
78.56
78.57
78.59
78.59
78.59
78.57
78.56
78.57
78.56
78.55
78.54
78.55
78.54
78.55
78.55
78.59
78.61
78.62
78.62
78.62
78.62
78.63
78.62
78.59
78.62
78.64
78.64
78.64
78.63
78.62
78.61
78.61
78.65
78.66
78.66
78.64
78.64
78.63
78.61
78.62
78.63
78.65
78.65
78.65
78.63
78.64
78.63
78.64
78.65
78.65
78.65
78.65
78.66
78.66
78.65
78.64
78.66
78.63
78.63
78.60
78.61
78.62
78.62
78.60
78.60
78.61
78.60
78.61
78.61
78.62
78.63
78.63
78.63
78.62
78.60
78.61
78.61
78.58
78.59
78.60
78.60
78.62
78.62
78.63
78.64
78.63
78.63
78.63
78.65
78.63
78.62
78.63
78.62
78.61
78.61
78.60
78.63
78.64
78.64
78.64
78.65
78.65
78.65
78.64
78.64
78.65
78.66
78.64
78.62
78.63
78.62
78.61
78.62
78.64
78.63
78.60
78.59
78.59
78.58
78.59
78.61
78.62
78.62
78.63
78.64
78.63
78.64
78.65
78.63
78.63
78.63
78.63
78.63
78.62
78.62
78.63
78.64
78.63
78.62
78.62
78.62
78.63
78.63
78.64
78.62
78.62
78.61
78.62
78.61
78.62
78.61
78.60
78.61
78.61
78.60
78.60
78.61
78.63
78.63
78.62
78.62
78.63
78.62
78.63
78.62
78.61
78.61
78.61
78.61
78.61
78.61
78.59
78.60
78.60
78.62
78.63
78.63
78.61
78.61
78.60
78.58
78.59
78.58
78.59
78.58
78.59
78.58
78.57
78.56
78.56
78.56
78.54
78.53
78.54
78.53
78.55
78.54
78.54
78.53
78.52
78.53
78.55
78.56
78.56
78.56
78.56
78.56
78.56
78.56
78.55
78.55
78.55
78.56
78.55
78.56
78.55
78.54
78.53
78.54
78.55
78.55
78.54
78.54
78.53
78.53
78.55
78.56
78.56
78.56
78.57
78.57
78.56
78.56
78.55
78.55
78.56
78.57
78.57
78.57
78.57
78.57
78.58
78.58
78.59
78.59
78.60
78.60
78.60
78.60
78.60
78.61
78.62
78.62
78.62
78.61
78.61
78.62
78.62
78.62
78.61
78.63
78.62
78.63
78.63
78.63
78.64
78.62
78.62
78.61
78.63
78.62
78.60
78.60
78.59
78.58
78.58
78.58
78.58
78.58
78.58
78.58
78.58
78.58
78.58
78.58
78.58
78.58
78.58
78.58
78.58
78.58
78.58
78.57
78.57
78.57
78.57
78.55
78.55
78.56
78.56
78.56
78.55
78.56
78.56
78.57
78.55
78.55
78.56
78.55
78.55
78.55
78.55
78.54
78.53
78.51
78.51
78.51
78.52
78.51
78.51
78.50
78.51
78.50
78.49
78.49
78.49
78.49
78.50
78.51
78.52
78.52
78.52
78.51
78.51
78.51
78.50
78.50
78.50
78.48
78.49
78.49
78.49
78.48
78.47
78.49
78.49
78.49
78.48
78.49
78.49
78.48
78.48
78.48
78.48
78.47
78.48
78.49
78.48
78.48
78.49
78.48
78.49
78.49
78.48
78.48
78.48
78.48
78.47
78.47
78.47
78.47
78.47
78.47
78.48
78.48
78.47
78.47
78.46
78.46
78.47
78.47
78.47
78.47
78.47
78.49
78.49
78.48
78.48
78.47
78.47
78.48
78.47
78.48
78.47
78.47
78.47
78.46
78.45
78.44
78.43
78.42
78.42
78.41
78.40
78.40
78.40
78.40
78.40
78.33
