71.88
78.91
77.60
77.34
78.12
78.12
79.02
78.52
77.43
77.97
77.70
78.39
79.09
79.58
80.21
80.47
80.24
80.56
80.84
81.09
81.18
81.32
81.32
80.66
80.75
80.89
81.13
80.92
81.03
81.20
81.00
81.01
81.11
80.84
80.98
80.82
80.79
80.80
80.77
80.55
80.49
80.39
80.49
80.47
80.59
80.54
80.49
80.40
80.45
80.47
80.24
80.41
80.28
80.24
80.28
80.13
80.04
80.15
80.01
80.05
79.97
79.96
80.03
79.81
79.81
79.81
79.78
79.69
79.71
79.75
79.71
79.73
79.64
79.71
79.60
79.61
79.69
79.83
79.89
79.84
79.82
79.84
79.74
79.72
79.83
80.00
79.92
79.90
79.81
79.76
79.77
79.77
79.77
79.74
79.69
79.67
79.67
79.62
79.58
79.56
79.56
79.58
79.61
79.58
79.52
79.54
79.60
79.63
79.64
79.67
79.60
79.59
79.55
79.51
79.57
79.61
79.66
79.69
79.66
79.64
79.65
79.59
79.61
79.61
79.70
79.76
79.75
79.77
79.76
79.81
79.77
79.79
79.82
79.78
79.81
79.84
79.78
79.82
79.87
79.92
79.93
79.94
79.87
79.90
79.92
79.93
79.95
79.94
79.96
80.05
80.07
80.06
80.09
80.09
80.09
80.12
80.13
80.13
80.13
80.15
80.19
80.23
80.26
80.26
80.27
80.26
80.27
80.24
80.22
80.25
80.24
80.27
80.27
80.25
80.22
80.22
80.20
80.19
80.19
80.23
80.19
80.21
80.22
80.19
80.18
80.18
80.23
80.23
80.23
80.21
80.20
80.18
80.17
80.15
80.14
80.13
80.14
80.16
80.10
80.07
80.13
80.14
80.14
80.13
80.12
80.14
80.13
80.15
80.14
80.13
80.14
80.13
80.16
80.15
80.17
80.15
80.18
80.22
80.23
80.26
80.24
80.24
80.23
80.25
80.24
80.20
80.20
80.18
80.19
80.20
80.20
80.18
80.14
80.13
80.13
80.11
80.12
80.10
80.13
80.13
80.13
80.11
80.12
80.08
80.10
80.09
80.10
80.08
80.06
80.06
80.10
80.09
80.12
80.14
80.17
80.21
80.20
80.16
80.17
80.17
80.20
80.22
80.23
80.24
80.27
80.25
80.25
80.24
80.25
80.28
80.29
80.31
80.28
80.26
80.26
80.23
80.24
80.26
80.27
80.27
80.27
80.27
80.27
80.25
80.24
80.26
80.28
80.29
80.28
80.30
80.29
80.31
80.30
80.27
80.30
80.28
80.25
80.26
80.29
80.28
80.27
80.27
80.28
80.29
80.30
80.30
80.30
80.29
80.30
80.27
80.28
80.25
80.27
80.28
80.28
80.27
80.25
80.24
80.24
80.22
80.20
80.20
80.21
80.20
80.23
80.24
80.27
80.27
80.28
80.26
80.27
80.28
80.29
80.27
80.28
80.25
80.28
80.26
80.25
80.25
80.25
80.24
80.23
80.25
80.23
80.24
80.22
80.21
80.20
80.21
80.23
80.24
80.23
80.22
80.18
80.19
80.19
80.18
80.19
80.17
80.15
80.14
80.13
80.14
80.14
80.13
80.14
80.16
80.17
80.18
80.19
80.17
80.18
80.17
80.15
80.12
80.11
80.12
80.11
80.12
80.11
80.08
80.07
80.09
80.09
80.07
80.07
80.05
80.04
80.04
80.04
80.02
80.04
80.05
80.05
80.05
80.03
80.01
80.03
80.06
80.05
80.04
80.02
80.03
80.03
80.04
80.03
80.04
80.05
80.05
80.04
80.03
80.04
80.05
80.04
80.06
80.08
80.09
80.08
80.06
80.06
80.07
80.06
80.04
80.05
80.07
80.07
80.06
80.06
80.05
80.07
80.09
80.09
80.08
80.10
80.11
80.12
80.11
80.12
80.13
80.15
80.16
80.15
80.13
80.12
80.10
80.10
80.10
80.10
80.09
80.10
80.11
80.11
80.12
80.11
80.12
80.11
80.13
80.13
80.13
80.13
80.13
80.12
80.12
80.11
80.10
80.10
80.08
80.09
80.10
80.10
80.11
80.10
80.09
80.09
80.07
80.08
80.09
80.10
80.08
80.06
80.06
80.05
80.06
80.08
80.07
80.07
80.07
80.05
80.06
80.07
80.07
80.08
80.08
80.09
80.11
80.11
80.11
80.11
80.12
80.13
80.13
80.13
80.12
80.11
80.12
80.10
80.12
80.11
80.12
80.13
80.13
80.14
80.14
80.14
80.12
80.13
80.13
80.12
80.11
80.11
80.08
80.07
80.08
80.08
80.09
80.09
80.08
80.10
80.11
80.14
80.12
80.12
80.13
80.13
80.13
80.13
80.14
80.15
80.15
80.15
80.15
80.15
80.14
80.13
80.13
80.11
80.11
80.12
80.13
80.13
80.15
80.15
80.14
80.15
80.13
80.14
80.14
80.14
80.15
80.14
80.13
80.12
80.13
80.14
80.14
80.13
80.13
80.12
80.12
80.12
80.12
80.10
80.10
80.10
80.10
80.10
80.10
80.11
80.12
80.14
80.15
80.15
80.16
80.17
80.15
80.13
80.13
80.14
80.14
80.15
80.13
80.14
80.14
80.15
80.14
80.15
80.16
80.16
80.16
80.16
80.15
80.16
80.16
80.17
80.18
80.17
80.17
80.17
80.16
80.16
80.17
80.18
80.18
80.19
80.19
80.20
80.19
80.18
80.18
80.19
80.18
80.18
80.19
80.18
80.17
80.18
80.18
80.18
80.18
80.17
80.17
80.18
80.18
80.19
80.18
80.18
80.17
80.19
80.18
80.17
80.18
80.19
80.18
80.17
80.18
80.18
80.19
80.19
80.19
80.19
80.19
80.21
80.20
80.20
80.21
80.22
80.22
80.23
80.22
80.22
80.23
80.24
80.24
80.22
80.22
80.23
80.23
80.23
80.23
80.23
80.24
80.22
80.22
80.22
80.21
80.22
80.22
80.22
80.23
80.23
80.22
80.23
80.23
80.21
80.22
80.23
80.22
80.21
80.20
80.21
80.22
80.22
80.22
80.22
80.23
80.23
80.24
80.23
80.24
80.24
80.23
80.22
80.22
80.22
80.21
80.22
80.21
80.22
80.22
80.23
80.23
80.22
80.22
80.23
80.25
80.25
80.25
80.24
80.25
80.24
80.24
80.25
80.24
80.23
80.24
80.24
80.24
80.23
80.23
80.23
80.24
80.23
80.23
80.22
80.23
80.23
80.22
80.21
80.22
80.22
80.23
80.23
80.22
80.22
80.22
80.23
80.22
80.22
80.21
80.22
80.21
80.22
80.21
80.21
80.22
80.21
80.20
80.21
80.21
80.19
80.19
80.20
80.20
80.19
80.19
80.18
80.18
80.17
80.17
80.17
80.18
80.18
80.17
80.16
80.16
80.17
80.16
80.16
80.16
80.15
80.08
