82.81
81.25
78.65
79.30
79.38
79.95
80.13
81.05
80.56
80.47
80.40
80.47
80.65
80.47
80.62
79.88
79.87
79.86
79.93
79.84
80.13
79.90
79.62
79.56
79.69
79.69
79.22
79.35
79.09
79.22
79.39
79.25
79.26
79.46
79.42
79.30
79.31
79.48
79.29
79.38
79.50
79.46
79.32
79.37
79.44
79.48
79.59
79.65
79.85
79.94
80.06
80.11
80.10
80.09
80.03
79.97
80.02
79.98
79.95
80.08
80.10
80.14
80.13
80.05
80.02
80.09
80.13
80.10
80.10
80.18
80.15
80.01
79.99
79.98
80.04
80.06
80.03
80.09
80.12
80.14
80.15
80.13
80.18
80.13
80.15
80.16
80.14
80.18
80.23
80.19
80.13
80.11
80.17
80.14
80.07
80.09
80.17
80.15
80.18
80.28
80.21
80.16
80.13
80.15
80.10
80.16
80.23
80.28
80.28
80.24
80.18
80.22
80.20
80.18
80.15
80.09
80.07
80.06
80.03
80.01
80.01
80.05
80.12
80.10
80.16
80.17
80.14
80.20
80.18
80.23
80.19
80.17
80.15
80.08
80.06
80.08
80.05
80.07
80.08
80.09
80.06
80.04
80.06
80.02
80.03
80.04
80.00
80.01
80.05
80.04
80.06
80.03
80.08
80.08
80.12
80.03
80.00
79.95
79.97
79.97
79.97
79.97
79.92
79.91
79.87
79.90
79.96
79.99
80.03
80.05
80.09
80.12
80.15
80.11
80.10
80.07
80.07
79.99
79.96
79.93
79.90
79.87
79.89
79.93
79.89
79.90
79.89
79.85
79.90
79.93
79.92
79.92
79.95
79.96
79.98
79.98
80.00
80.00
80.04
80.03
80.00
79.99
80.00
79.97
79.98
80.01
80.02
80.03
80.04
80.07
80.04
80.07
80.07
80.10
80.05
80.03
80.02
80.04
80.05
80.06
80.08
80.05
80.07
80.09
80.06
80.03
80.01
80.02
80.03
80.05
80.09
80.08
80.10
80.11
80.12
80.12
80.14
80.17
80.16
80.18
80.17
80.17
80.15
80.13
80.13
80.12
80.13
80.13
80.15
80.14
80.14
80.16
80.18
80.17
80.19
80.19
80.21
80.19
80.17
80.15
80.18
80.16
80.14
80.14
80.17
80.15
80.14
80.11
80.12
80.11
80.13
80.14
80.15
80.15
80.14
80.13
80.14
80.13
80.15
80.16
80.17
80.16
80.14
80.14
80.15
80.15
80.17
80.19
80.21
80.19
80.18
80.18
80.18
80.18
80.21
80.23
80.25
80.26
80.23
80.22
80.22
80.24
80.24
80.22
80.24
80.26
80.24
80.22
80.19
80.20
80.19
80.20
80.22
80.25
80.25
80.25
80.26
80.26
80.27
80.25
80.26
80.27
80.26
80.26
80.29
80.31
80.29
80.26
80.25
80.26
80.25
80.24
80.25
80.22
80.23
80.23
80.23
80.21
80.19
80.21
80.20
80.22
80.23
80.22
80.22
80.21
80.21
80.19
80.22
80.19
80.19
80.20
80.20
80.19
80.21
80.22
80.21
80.23
80.23
80.23
80.25
80.25
80.25
80.24
80.24
80.24
80.22
80.22
80.22
80.23
80.24
80.21
80.23
80.23
80.23
80.22
80.21
80.22
80.22
80.23
80.24
80.22
80.23
80.24
80.23
80.21
80.20
80.22
80.23
80.24
80.24
80.25
80.26
80.24
80.23
80.25
80.27
80.26
80.27
80.29
80.28
80.27
80.25
80.25
80.27
80.25
80.25
80.23
80.23
80.22
80.24
80.24
80.26
80.26
80.26
80.25
80.24
80.25
80.24
80.25
80.27
80.26
80.26
80.28
80.28
80.29
80.26
80.27
80.28
80.28
80.27
80.26
80.26
80.25
80.24
80.23
80.24
80.23
80.21
80.20
80.20
80.20
80.21
80.22
80.23
80.23
80.25
80.26
80.27
80.24
80.26
80.26
80.24
80.23
80.20
80.21
80.22
80.19
80.18
80.20
80.20
80.19
80.18
80.18
80.17
80.18
80.19
80.20
80.20
80.20
80.19
80.19
80.20
80.20
80.20
80.21
80.20
80.20
80.20
80.19
80.19
80.19
80.19
80.17
80.19
80.20
80.22
80.22
80.21
80.21
80.20
80.21
80.21
80.20
80.17
80.15
80.16
80.17
80.17
80.16
80.16
80.16
80.15
80.15
80.15
80.15
80.15
80.15
80.15
80.14
80.13
80.13
80.14
80.14
80.15
80.15
80.13
80.13
80.13
80.14
80.14
80.15
80.15
80.13
80.13
80.12
80.13
80.13
80.12
80.13
80.13
80.13
80.14
80.14
80.13
80.14
80.13
80.12
80.11
80.09
80.09
80.09
80.09
80.10
80.11
80.10
80.10
80.09
80.08
80.08
80.09
80.09
80.10
80.09
80.07
80.06
80.07
80.06
80.06
80.05
80.06
80.05
80.04
80.04
80.03
80.03
80.05
80.05
80.04
80.04
80.05
80.04
80.04
80.04
80.03
80.04
80.04
80.04
80.03
80.04
80.02
80.02
80.03
80.02
80.03
80.04
80.05
80.06
80.05
80.05
80.04
80.04
80.06
80.07
80.07
80.08
80.07
80.08
80.09
80.09
80.09
80.10
80.10
80.11
80.12
80.12
80.13
80.13
80.13
80.13
80.12
80.14
80.14
80.15
80.16
80.16
80.18
80.17
80.18
80.18
80.19
80.18
80.18
80.18
80.19
80.19
80.20
80.21
80.22
80.21
80.20
80.20
80.19
80.21
80.21
80.21
80.21
80.21
80.21
80.21
80.21
80.20
80.21
80.21
80.22
80.21
80.20
80.20
80.20
80.22
80.22
80.22
80.23
80.24
80.25
80.26
80.26
80.27
80.26
80.25
80.24
80.25
80.24
80.24
80.24
80.25
80.26
80.27
80.29
80.28
80.27
80.28
80.28
80.28
80.28
80.29
80.29
80.30
80.30
80.30
80.30
80.31
80.31
80.30
80.29
80.31
80.31
80.32
80.32
80.31
80.30
80.30
80.31
80.31
80.31
80.31
80.32
80.33
80.33
80.34
80.35
80.35
80.34
80.33
80.33
80.32
80.32
80.32
80.32
80.32
80.32
80.33
80.33
80.33
80.32
80.32
80.32
80.31
80.31
80.31
80.31
80.31
80.31
80.31
80.31
80.31
80.32
80.32
80.31
80.32
80.33
80.34
80.34
80.35
80.35
80.34
80.35
80.34
80.35
80.35
80.34
80.34
80.34
80.34
80.33
80.34
80.33
80.34
80.35
80.34
80.34
80.34
80.34
80.33
80.34
80.34
80.33
80.33
80.33
80.33
80.34
80.34
80.33
80.33
80.34
80.34
80.34
80.34
80.34
80.35
80.36
80.35
80.36
80.36
80.36
80.37
80.37
80.37
80.37
80.37
80.38
80.30
