79.69
80.47
80.21
82.03
81.25
80.73
80.58
80.86
81.60
81.72
82.10
82.03
81.49
81.81
81.15
81.15
80.97
81.42
80.84
80.55
80.65
80.82
80.98
81.12
81.19
81.25
81.02
80.92
80.93
80.68
80.80
80.86
80.82
80.84
80.89
80.86
80.57
80.43
80.49
80.66
80.75
80.73
80.52
80.54
80.52
80.60
80.85
80.83
80.84
80.72
80.61
80.50
80.48
80.50
80.57
80.47
80.46
80.44
80.43
80.18
80.07
80.07
80.01
79.98
79.93
79.95
79.83
79.85
79.87
79.87
79.82
79.88
79.82
79.86
79.88
79.89
79.81
79.69
79.67
79.69
79.73
79.84
79.88
79.87
80.00
80.03
80.08
79.99
80.02
79.93
79.93
79.91
79.87
79.87
79.93
79.82
79.75
79.78
79.83
79.91
79.89
79.90
79.85
79.88
79.94
79.94
79.86
79.80
79.72
79.72
79.73
79.70
79.70
79.76
79.80
79.80
79.81
79.81
79.82
79.78
79.71
79.66
79.62
79.60
79.54
79.56
79.53
79.52
79.47
79.44
79.44
79.40
79.39
79.35
79.32
79.30
79.24
79.21
79.24
79.25
79.27
79.27
79.28
79.32
79.32
79.29
79.23
79.25
79.28
79.30
79.26
79.29
79.28
79.27
79.25
79.25
79.27
79.24
79.26
79.35
79.34
79.29
79.25
79.27
79.25
79.28
79.30
79.33
79.35
79.37
79.40
79.42
79.46
79.44
79.48
79.45
79.48
79.44
79.42
79.47
79.48
79.49
79.50
79.52
79.54
79.52
79.52
79.53
79.51
79.56
79.56
79.55
79.56
79.62
79.67
79.70
79.74
79.73
79.72
79.70
79.72
79.73
79.73
79.75
79.68
79.66
79.72
79.68
79.70
79.72
79.69
79.71
79.71
79.71
79.70
79.71
79.71
79.68
79.69
79.67
79.65
79.64
79.62
79.61
79.62
79.62
79.60
79.63
79.64
79.65
79.67
79.63
79.66
79.66
79.63
79.67
79.66
79.66
79.67
79.65
79.67
79.67
79.64
79.61
79.61
79.60
79.61
79.61
79.61
79.62
79.64
79.63
79.63
79.60
79.60
79.57
79.58
79.59
79.60
79.58
79.57
79.58
79.58
79.55
79.56
79.57
79.57
79.58
79.59
79.58
79.58
79.58
79.61
79.63
79.66
79.64
79.66
79.68
79.68
79.67
79.68
79.73
79.70
79.69
79.69
79.73
79.74
79.71
79.70
79.68
79.68
79.70
79.70
79.68
79.69
79.68
79.70
79.71
79.69
79.67
79.67
79.67
79.68
79.69
79.69
79.67
79.67
79.61
79.62
79.61
79.63
79.64
79.62
79.63
79.63
79.63
79.63
79.63
79.63
79.59
79.60
79.58
79.56
79.56
79.58
79.58
79.60
79.59
79.60
79.61
79.62
79.61
79.62
79.62
79.62
79.62
79.63
79.63
79.65
79.66
79.64
79.64
79.62
79.63
79.64
79.67
79.67
79.66
79.63
79.62
79.60
79.59
79.60
79.59
79.56
79.57
79.56
79.56
79.54
79.54
79.52
79.53
79.52
79.51
79.53
79.54
79.56
79.56
79.54
79.52
79.53
79.51
79.52
79.53
79.56
79.56
79.58
79.58
79.56
79.58
79.56
79.56
79.57
79.58
79.55
79.55
79.54
79.54
79.51
79.51
79.51
79.51
79.48
79.48
79.49
79.49
79.49
79.51
79.50
79.50
79.51
79.52
79.53
79.53
79.54
79.55
79.54
79.55
79.53
79.55
79.54
79.56
79.55
79.55
79.56
79.57
79.56
79.55
79.54
79.55
79.57
79.55
79.55
79.56
79.57
79.58
79.59
79.60
79.61
79.61
79.60
79.60
79.59
79.61
79.61
79.62
79.60
79.61
79.61
79.62
79.63
79.66
79.67
79.67
79.66
79.64
79.63
79.63
79.61
79.61
79.63
79.64
79.60
79.60
79.61
79.61
79.60
79.61
79.61
79.63
79.63
79.62
79.63
79.62
79.61
79.60
79.59
79.57
79.56
79.56
79.56
79.56
79.57
79.55
79.54
79.54
79.54
79.55
79.52
79.52
79.53
79.52
79.51
79.50
79.49
79.49
79.47
79.46
79.48
79.47
79.44
79.44
79.44
79.44
79.45
79.43
79.42
79.42
79.43
79.43
79.42
79.39
79.40
79.38
79.37
79.35
79.36
79.37
79.37
79.36
79.36
79.35
79.36
79.35
79.34
79.35
79.33
79.33
79.32
79.32
79.34
79.33
79.32
79.31
79.33
79.32
79.33
79.29
79.30
79.30
79.29
79.29
79.29
79.30
79.30
79.30
79.32
79.31
79.30
79.31
79.30
79.30
79.30
79.30
79.29
79.28
79.28
79.29
79.30
79.31
79.29
79.29
79.29
79.30
79.29
79.28
79.28
79.29
79.29
79.27
79.27
79.27
79.26
79.25
79.25
79.27
79.28
79.27
79.25
79.26
79.24
79.22
79.22
79.23
79.22
79.22
79.22
79.22
79.22
79.20
79.19
79.18
79.18
79.18
79.17
79.18
79.17
79.16
79.16
79.16
79.16
79.17
79.19
79.20
79.19
79.18
79.18
79.20
79.19
79.19
79.20
79.21
79.21
79.21
79.20
79.20
79.20
79.21
79.20
79.19
79.20
79.20
79.20
79.20
79.20
79.21
79.19
79.19
79.20
79.20
79.21
79.22
79.21
79.21
79.20
79.22
79.22
79.21
79.21
79.21
79.21
79.22
79.22
79.22
79.21
79.22
79.21
79.21
79.20
79.20
79.20
79.21
79.21
79.22
79.23
79.23
79.22
79.21
79.21
79.20
79.20
79.20
79.19
79.20
79.21
79.22
79.22
79.21
79.21
79.21
79.21
79.21
79.21
79.21
79.22
79.22
79.22
79.22
79.22
79.22
79.22
79.22
79.23
79.24
79.25
79.25
79.25
79.25
79.25
79.26
79.25
79.25
79.26
79.28
79.28
79.28
79.29
79.29
79.30
79.30
79.30
79.30
79.30
79.29
79.28
79.27
79.27
79.27
79.27
79.27
79.28
79.28
79.28
79.29
79.30
79.29
79.28
79.28
79.29
79.28
79.29
79.30
79.31
79.31
79.31
79.31
79.31
79.32
79.33
79.33
79.33
79.33
79.33
79.32
79.33
79.34
79.34
79.34
79.34
79.34
79.33
79.33
79.32
79.31
79.32
79.32
79.30
79.29
79.30
79.30
79.30
79.30
79.31
79.32
79.33
79.32
79.31
79.32
79.31
79.31
79.31
79.32
79.31
79.30
79.30
79.29
79.30
79.30
79.30
79.30
79.30
79.31
79.31
79.31
79.30
79.31
79.30
79.29
79.29
79.29
79.29
79.29
79.28
79.28
79.29
79.28
79.27
79.27
79.27
79.27
79.27
79.19
