53.12
53.12
52.08
54.30
53.44
52.34
53.57
53.91
53.65
53.44
53.12
52.34
52.16
52.12
52.19
51.95
51.65
51.13
50.82
50.94
51.41
51.21
51.36
51.30
51.44
51.80
51.91
51.95
52.05
52.24
52.47
52.34
52.18
52.30
52.32
52.34
52.15
52.26
52.20
51.99
52.10
52.01
51.89
51.78
51.81
52.07
51.96
52.12
52.04
52.22
52.33
52.34
52.36
52.43
52.50
52.32
52.36
52.21
52.46
52.68
52.74
52.72
52.53
52.44
52.43
52.53
52.64
52.71
52.65
52.75
52.62
52.65
52.70
52.72
52.69
52.78
52.84
52.82
52.87
52.93
52.91
52.84
52.77
52.81
52.78
52.85
52.86
52.86
52.98
52.95
52.94
52.87
52.91
52.91
52.89
52.95
53.01
53.09
53.08
53.17
53.22
53.20
53.13
53.11
53.02
53.04
52.95
52.98
52.90
52.84
52.90
52.93
52.95
52.99
53.02
53.00
53.02
52.98
52.97
52.96
53.03
53.10
53.16
53.21
53.16
53.19
53.11
53.14
53.13
53.14
53.17
53.13
53.09
53.09
53.09
53.13
53.11
53.08
53.08
53.09
53.15
53.16
53.22
53.22
53.22
53.24
53.34
53.34
53.28
53.27
53.22
53.17
53.14
53.13
53.16
53.17
53.16
53.18
53.14
53.09
53.08
53.12
53.07
53.00
52.97
53.05
52.99
52.99
52.99
52.96
53.00
53.02
53.03
53.04
53.04
53.05
52.99
53.02
53.06
53.07
53.05
53.09
53.12
53.16
53.13
53.13
53.11
53.05
53.06
53.08
53.10
53.13
53.11
53.12
53.08
53.07
53.09
53.14
53.17
53.10
53.09
53.11
53.11
53.17
53.21
53.26
53.22
53.25
53.21
53.21
53.23
53.19
53.20
53.22
53.22
53.17
53.18
53.20
53.17
53.16
53.17
53.14
53.15
53.17
53.19
53.21
53.21
53.20
53.21
53.18
53.17
53.12
53.10
53.12
53.12
53.09
53.06
53.04
53.06
53.03
53.03
53.05
53.07
53.09
53.09
53.15
53.17
53.14
53.12
53.11
53.09
53.09
53.09
53.03
53.06
53.11
53.12
53.13
53.12
53.11
53.15
53.12
53.13
53.11
53.10
53.09
53.13
53.13
53.10
53.09
53.10
53.06
53.06
53.07
53.05
53.03
53.03
53.01
53.01
53.04
53.05
53.07
53.06
53.09
53.11
53.12
53.11
53.10
53.09
53.07
53.08
53.08
53.08
53.03
53.03
53.03
53.04
53.04
53.05
53.02
53.03
53.05
53.06
53.07
53.06
53.08
53.06
53.07
53.11
53.12
53.12
53.14
53.16
53.18
53.17
53.21
53.20
53.21
53.21
53.23
53.24
53.28
53.27
53.26
53.23
53.20
53.22
53.19
53.20
53.20
53.21
53.20
53.15
53.13
53.10
53.10
53.10
53.12
53.13
53.11
53.12
53.12
53.11
53.08
53.09
53.08
53.07
53.06
53.10
53.15
53.17
53.15
53.13
53.14
53.14
53.17
53.17
53.17
53.20
53.17
53.18
53.17
53.16
53.14
53.15
53.16
53.15
53.17
53.15
53.18
53.16
53.18
53.17
53.18
53.17
53.18
53.19
53.19
53.14
53.17
53.17
53.17
53.14
53.13
53.12
53.10
53.09
53.09
53.08
53.05
53.05
53.07
53.07
53.07
53.06
53.06
53.05
53.01
53.01
52.98
52.99
52.98
52.97
52.97
52.99
52.99
53.01
53.00
52.99
52.99
53.00
52.98
53.02
53.04
53.05
53.06
53.07
53.05
53.03
53.02
53.02
53.02
53.04
53.06
53.05
53.10
53.10
53.13
53.14
53.13
53.12
53.14
53.14
53.15
53.14
53.18
53.16
53.16
53.16
53.20
53.21
53.18
53.16
53.17
53.19
53.19
53.18
53.19
53.19
53.19
53.19
53.20
53.21
53.19
53.17
53.17
53.16
53.17
53.17
53.16
53.17
53.16
53.15
53.15
53.15
53.14
53.14
53.14
53.12
53.13
53.13
53.13
53.13
53.11
53.13
53.11
53.12
53.14
53.14
53.13
53.13
53.12
53.10
53.08
53.08
53.08
53.09
53.11
53.11
53.11
53.11
53.10
53.11
53.10
53.10
53.10
53.11
53.11
53.10
53.09
53.11
53.11
53.12
53.12
53.14
53.14
53.13
53.15
53.15
53.14
53.13
53.12
53.10
53.09
53.07
53.08
53.08
53.07
53.09
53.07
53.05
53.05
53.04
53.05
53.07
53.08
53.07
53.05
53.07
53.08
53.08
53.07
53.08
53.05
53.06
53.04
53.03
53.03
53.04
53.04
53.05
53.04
53.01
53.02
53.02
53.00
53.01
53.02
53.01
53.01
53.01
53.01
53.00
52.97
52.98
52.96
52.97
52.97
52.95
52.96
52.95
52.95
52.94
52.93
52.92
52.92
52.92
52.93
52.93
52.94
52.96
52.94
52.94
52.94
52.93
52.93
52.94
52.93
52.92
52.91
52.93
52.92
52.93
52.95
52.96
52.97
52.97
52.98
52.99
53.00
52.98
52.99
53.00
53.00
53.00
53.01
53.01
53.00
53.00
53.01
53.00
53.00
52.98
52.98
52.96
52.97
52.97
52.97
52.96
52.94
52.95
52.95
52.97
52.99
52.99
53.00
52.99
52.98
52.97
52.98
52.97
52.97
52.98
53.00
53.01
53.00
52.98
52.98
52.98
53.00
53.00
53.00
53.01
53.02
53.03
53.04
53.04
53.04
53.04
53.06
53.06
53.06
53.07
53.07
53.07
53.07
53.07
53.07
53.07
53.06
53.05
53.03
53.06
53.07
53.06
53.06
53.06
53.06
53.04
53.06
53.05
53.05
53.04
53.03
53.02
53.03
53.01
53.01
53.01
53.01
53.00
52.99
52.98
52.97
52.96
52.94
52.96
52.98
53.01
53.01
53.01
53.01
53.02
53.03
53.03
53.00
52.98
52.98
52.96
52.98
52.99
52.99
52.99
52.99
52.99
53.01
53.02
53.02
53.03
53.02
53.02
53.02
53.02
53.01
53.00
52.99
52.99
52.99
53.00
52.99
52.98
52.98
52.97
52.98
52.98
52.97
52.96
52.95
52.94
52.93
52.91
52.91
52.90
52.89
52.89
52.88
52.89
52.88
52.89
52.90
52.90
52.91
52.91
52.90
52.91
52.91
52.92
52.92
52.92
52.91
52.90
52.90
52.90
52.90
52.89
52.90
52.90
52.93
52.92
52.93
52.93
52.94
52.93
52.93
52.94
52.94
52.94
52.94
52.95
52.95
52.94
52.94
52.95
52.94
52.95
52.96
52.97
52.97
52.98
52.98
52.98
52.99
53.00
53.00
53.00
52.99
52.99
52.98
52.99
52.97
52.98
52.93
