75.00
74.22
73.44
70.70
70.00
71.61
72.32
71.68
72.22
72.66
72.59
72.79
72.12
72.66
73.12
72.56
72.89
73.18
72.86
72.89
72.40
72.87
72.83
72.85
72.62
72.66
72.97
73.38
73.28
73.33
73.24
73.14
73.15
73.07
72.99
72.96
73.10
73.44
73.60
73.59
73.55
73.47
73.40
73.44
73.54
73.51
73.57
73.63
73.66
73.53
73.47
73.47
73.50
73.50
73.66
73.58
73.57
73.55
73.41
73.44
73.46
73.39
73.36
73.36
73.29
73.25
73.20
73.30
73.23
73.15
73.24
73.31
73.37
73.44
73.50
73.46
73.46
73.48
73.56
73.48
73.51
73.51
73.59
73.60
73.58
73.60
73.53
73.63
73.68
73.63
73.56
73.57
73.49
73.49
73.50
73.55
73.58
73.45
73.52
73.61
73.61
73.62
73.65
73.71
73.69
73.75
73.82
73.77
73.85
73.88
73.90
73.93
74.00
74.05
74.10
74.15
74.24
74.27
74.37
74.43
74.50
74.50
74.54
74.47
74.49
74.54
74.48
74.50
74.44
74.45
74.42
74.42
74.46
74.37
74.36
74.37
74.41
74.43
74.39
74.39
74.45
74.46
74.53
74.61
74.68
74.63
74.66
74.63
74.58
74.65
74.64
74.62
74.60
74.58
74.58
74.58
74.56
74.53
74.51
74.50
74.55
74.51
74.49
74.50
74.53
74.52
74.52
74.51
74.48
74.49
74.48
74.44
74.41
74.40
74.36
74.36
74.36
74.39
74.40
74.34
74.34
74.31
74.33
74.31
74.30
74.32
74.31
74.25
74.22
74.20
74.17
74.12
74.17
74.15
74.13
74.13
74.14
74.16
74.19
74.19
74.15
74.19
74.15
74.15
74.13
74.14
74.13
74.12
74.10
74.09
74.07
74.10
74.11
74.10
74.11
74.12
74.13
74.18
74.17
74.17
74.17
74.18
74.24
74.25
74.26
74.30
74.27
74.29
74.30
74.31
74.30
74.34
74.34
74.35
74.32
74.27
74.29
74.28
74.25
74.28
74.25
74.27
74.29
74.30
74.28
74.26
74.25
74.23
74.22
74.24
74.20
74.18
74.18
74.11
74.09
74.10
74.09
74.10
74.13
74.12
74.17
74.18
74.17
74.15
74.19
74.21
74.19
74.20
74.19
74.20
74.24
74.22
74.20
74.19
74.19
74.18
74.21
74.21
74.20
74.24
74.24
74.24
74.22
74.21
74.22
74.24
74.24
74.28
74.27
74.28
74.25
74.23
74.23
74.23
74.24
74.18
74.17
74.19
74.20
74.20
74.22
74.23
74.22
74.21
74.18
74.16
74.14
74.15
74.15
74.14
74.16
74.16
74.15
74.14
74.12
74.11
74.10
74.09
74.09
74.09
74.09
74.09
74.11
74.13
74.14
74.13
74.11
74.10
74.08
74.09
74.09
74.09
74.10
74.11
74.10
74.10
74.11
74.12
74.12
74.11
74.12
74.15
74.18
74.19
74.23
74.21
74.17
74.16
74.16
74.18
74.18
74.17
74.15
74.17
74.15
74.19
74.18
74.20
74.22
74.21
74.20
74.21
74.23
74.20
74.20
74.21
74.20
74.20
74.23
74.21
74.20
74.22
74.24
74.25
74.26
74.26
74.24
74.26
74.24
74.24
74.23
74.20
74.21
74.19
74.18
74.19
74.20
74.19
74.18
74.18
74.20
74.21
74.22
74.23
74.22
74.20
74.21
74.20
74.19
74.21
74.18
74.17
74.17
74.16
74.20
74.22
74.23
74.22
74.24
74.23
74.26
74.27
74.26
74.27
74.27
74.26
74.28
74.30
74.30
74.30
74.29
74.29
74.27
74.28
74.29
74.29
74.30
74.29
74.28
74.28
74.30
74.30
74.29
74.29
74.28
74.27
74.26
74.25
74.25
74.24
74.26
74.24
74.23
74.22
74.23
74.22
74.21
74.20
74.17
74.16
74.15
74.15
74.13
74.13
74.13
74.14
74.15
74.15
74.15
74.13
74.10
74.10
74.08
74.08
74.07
74.04
74.04
74.04
74.05
74.05
74.05
74.04
74.04
74.03
74.04
74.03
74.01
73.99
73.98
73.98
74.00
74.01
74.02
74.01
74.01
74.01
74.01
73.99
74.00
74.00
73.99
73.99
74.01
73.99
73.99
74.00
74.00
73.99
73.98
73.98
73.99
73.99
73.99
73.98
73.98
73.99
74.00
73.99
73.99
74.00
74.02
74.01
73.99
74.00
74.00
73.99
73.98
73.98
73.98
73.99
73.99
73.97
73.99
73.97
73.97
73.98
73.98
73.99
73.98
73.97
73.97
73.97
73.97
73.96
73.96
73.94
73.94
73.94
73.94
73.94
73.91
73.92
73.91
73.91
73.90
73.88
73.89
73.91
73.90
73.92
73.93
73.93
73.94
73.94
73.92
73.92
73.90
73.92
73.93
73.92
73.92
73.91
73.90
73.90
73.90
73.88
73.89
73.86
73.87
73.85
73.85
73.86
73.83
73.82
73.80
73.78
73.77
73.77
73.77
73.78
73.77
73.78
73.79
73.78
73.76
73.75
73.75
73.76
73.77
73.75
73.77
73.78
73.79
73.80
73.82
73.84
73.85
73.85
73.86
73.86
73.85
73.86
73.86
73.85
73.85
73.84
73.85
73.84
73.86
73.87
73.86
73.87
73.87
73.87
73.87
73.86
73.86
73.86
73.86
73.87
73.87
73.87
73.86
73.86
73.86
73.86
73.84
73.85
73.86
73.85
73.86
73.86
73.86
73.87
73.86
73.86
73.85
73.86
73.88
73.87
73.89
73.89
73.88
73.88
73.85
73.84
73.83
73.84
73.85
73.84
73.84
73.84
73.83
73.85
73.85
73.85
73.85
73.86
73.87
73.87
73.88
73.88
73.89
73.89
73.88
73.87
73.86
73.87
73.87
73.86
73.86
73.85
73.83
73.83
73.83
73.82
73.82
73.84
73.83
73.84
73.84
73.84
73.86
73.86
73.84
73.84
73.85
73.86
73.86
73.86
73.87
73.86
73.85
73.85
73.85
73.85
73.84
73.84
73.84
73.84
73.84
73.84
73.84
73.83
73.83
73.82
73.82
73.83
73.81
73.80
73.81
73.80
73.81
73.81
73.81
73.81
73.81
73.81
73.80
73.80
73.79
73.79
73.79
73.79
73.79
73.79
73.80
73.80
73.80
73.80
73.79
73.79
73.77
73.77
73.77
73.78
73.77
73.78
73.79
73.79
73.79
73.78
73.78
73.78
73.78
73.78
73.78
73.78
73.77
73.77
73.77
73.76
73.76
73.76
73.76
73.75
73.76
73.77
73.78
73.78
73.79
73.78
73.77
73.76
73.76
73.76
73.77
73.76
73.76
73.76
73.76
73.75
73.74
73.73
73.74
73.76
73.76
73.76
73.77
73.78
73.78
73.70
