42.19
50.00
49.48
49.61
47.50
47.66
46.43
46.29
47.05
47.03
46.88
46.88
47.48
47.66
47.71
48.44
48.25
48.44
48.52
49.45
49.33
49.22
48.51
48.89
49.12
49.10
48.61
48.21
48.60
48.39
48.14
48.39
48.30
48.58
48.48
48.18
48.31
48.15
48.04
48.05
48.29
48.18
47.97
47.90
48.19
48.00
47.94
47.82
47.77
47.72
47.73
47.75
47.82
47.89
47.78
47.74
47.72
47.60
47.78
47.79
47.77
47.68
47.59
47.66
47.60
47.70
47.74
47.66
47.85
47.81
47.78
47.96
48.03
47.97
48.06
48.07
48.03
47.94
47.90
47.89
47.80
47.77
47.85
47.88
47.78
47.77
47.81
47.76
47.86
47.92
47.85
47.98
47.90
47.86
47.83
47.74
47.70
47.58
47.57
47.55
47.59
47.63
47.59
47.64
47.69
47.79
47.74
47.64
47.59
47.56
47.59
47.59
47.59
47.55
47.53
47.62
47.64
47.63
47.62
47.57
47.55
47.48
47.43
47.47
47.49
47.37
47.39
47.45
47.38
47.34
47.27
47.17
47.17
47.25
47.21
47.20
47.15
47.15
47.21
47.31
47.29
47.27
47.31
47.31
47.22
47.20
47.24
47.26
47.22
47.18
47.21
47.27
47.28
47.31
47.24
47.24
47.25
47.26
47.26
47.29
47.26
47.25
47.22
47.22
47.23
47.24
47.28
47.31
47.35
47.40
47.39
47.37
47.41
47.38
47.46
47.43
47.49
47.48
47.46
47.45
47.49
47.47
47.49
47.55
47.54
47.53
47.52
47.56
47.61
47.59
47.55
47.56
47.53
47.51
47.49
47.49
47.48
47.46
47.42
47.47
47.47
47.45
47.48
47.45
47.42
47.41
47.40
47.37
47.40
47.40
47.45
47.44
47.49
47.53
47.54
47.53
47.54
47.53
47.56
47.56
47.57
47.57
47.58
47.56
47.53
47.55
47.60
47.61
47.61
47.57
47.60
47.57
47.63
47.62
47.62
47.63
47.59
47.53
47.54
47.53
47.55
47.55
47.58
47.57
47.60
47.64
47.62
47.65
47.68
47.67
47.69
47.69
47.72
47.72
47.74
47.73
47.72
47.70
47.73
47.75
47.75
47.77
47.73
47.71
47.73
47.72
47.72
47.70
47.73
47.74
47.74
47.75
47.75
47.77
47.81
47.77
47.80
47.85
47.87
47.83
47.84
47.85
47.85
47.87
47.87
47.86
47.87
47.87
47.92
47.90
47.86
47.87
47.85
47.89
47.86
47.85
47.84
47.85
47.85
47.83
47.82
47.81
47.83
47.86
47.84
47.87
47.87
47.87
47.87
47.87
47.84
47.85
47.86
47.90
47.87
47.85
47.83
47.81
47.82
47.82
47.79
47.80
47.80
47.83
47.85
47.84
47.84
47.85
47.82
47.81
47.82
47.82
47.82
47.82
47.82
47.81
47.79
47.79
47.82
47.82
47.79
47.79
47.82
47.81
47.81
47.81
47.81
47.82
47.84
47.82
47.86
47.84
47.84
47.82
47.79
47.80
47.78
47.76
47.78
47.78
47.80
47.79
47.83
47.83
47.84
47.82
47.85
47.85
47.83
47.83
47.84
47.87
47.86
47.84
47.84
47.82
47.83
47.84
47.83
47.82
47.83
47.84
47.84
47.84
47.82
47.81
47.84
47.83
47.80
47.81
47.79
47.78
47.75
47.77
47.75
47.75
47.74
47.77
47.76
47.73
47.74
47.75
47.70
47.68
47.69
47.70
47.72
47.71
47.72
47.75
47.75
47.74
47.76
47.75
47.74
47.74
47.76
47.76
47.75
47.74
47.74
47.74
47.74
47.73
47.76
47.74
47.73
47.77
47.77
47.74
47.73
47.72
47.71
47.73
47.71
47.74
47.71
47.71
47.70
47.69
47.68
47.70
47.68
47.66
47.64
47.64
47.65
47.66
47.66
47.66
47.65
47.64
47.64
47.68
47.71
47.69
47.68
47.67
47.69
47.68
47.68
47.69
47.70
47.69
47.67
47.69
47.69
47.69
47.68
47.68
47.70
47.70
47.71
47.71
47.72
47.70
47.69
47.70
47.71
47.71
47.72
47.75
47.75
47.76
47.78
47.77
47.80
47.80
47.81
47.81
47.80
47.78
47.78
47.76
47.78
47.80
47.83
47.81
47.81
47.80
47.77
47.78
47.79
47.79
47.79
47.78
47.77
47.75
47.77
47.78
47.80
47.80
47.79
47.80
47.81
47.81
47.81
47.82
47.82
47.83
47.83
47.83
47.84
47.85
47.86
47.87
47.86
47.85
47.87
47.87
47.84
47.85
47.85
47.87
47.86
47.87
47.88
47.88
47.87
47.88
47.89
47.91
47.89
47.88
47.88
47.88
47.86
47.87
47.87
47.87
47.87
47.89
47.88
47.90
47.88
47.90
47.90
47.90
47.90
47.91
47.91
47.89
47.88
47.87
47.89
47.91
47.91
47.91
47.92
47.91
47.91
47.90
47.92
47.93
47.92
47.90
47.92
47.90
47.90
47.90
47.90
47.90
47.90
47.88
47.90
47.90
47.89
47.90
47.91
47.90
47.89
47.88
47.88
47.90
47.91
47.92
47.93
47.94
47.93
47.93
47.92
47.92
47.92
47.92
47.92
47.91
47.92
47.92
47.91
47.93
47.93
47.94
47.92
47.92
47.90
47.90
47.90
47.88
47.87
47.88
47.90
47.91
47.90
47.89
47.89
47.89
47.88
47.89
47.90
47.89
47.88
47.89
47.91
47.90
47.89
47.89
47.87
47.86
47.87
47.86
47.87
47.87
47.86
47.85
47.84
47.84
47.85
47.86
47.86
47.86
47.86
47.86
47.86
47.87
47.89
47.89
47.89
47.88
47.89
47.89
47.88
47.89
47.90
47.89
47.90
47.90
47.90
47.89
47.89
47.88
47.89
47.88
47.88
47.89
47.90
47.90
47.90
47.89
47.89
47.90
47.90
47.89
47.89
47.88
47.90
47.90
47.92
47.92
47.92
47.92
47.91
47.90
47.90
47.89
47.90
47.89
47.89
47.89
47.88
47.88
47.88
47.88
47.88
47.86
47.87
47.87
47.87
47.89
47.91
47.91
47.92
47.93
47.92
47.93
47.94
47.93
47.92
47.92
47.91
47.90
47.89
47.89
47.90
47.89
47.89
47.89
47.90
47.89
47.90
47.91
47.91
47.90
47.91
47.91
47.92
47.92
47.91
47.91
47.91
47.90
47.89
47.89
47.89
47.90
47.89
47.88
47.88
47.88
47.88
47.89
47.90
47.91
47.91
47.91
47.90
47.90
47.91
47.91
47.91
47.91
47.90
47.89
47.87
47.87
47.87
47.88
47.86
47.88
47.87
47.87
47.86
47.86
47.87
47.88
47.87
47.86
47.86
47.87
47.87
47.86
47.86
47.82
