73.44
77.34
77.08
79.69
79.38
78.65
79.02
79.49
79.51
80.16
80.68
80.60
80.05
80.58
80.21
79.98
79.87
79.43
79.28
79.45
79.84
80.11
80.23
80.14
80.31
80.35
80.27
79.97
80.01
80.00
80.34
80.22
80.35
80.28
80.27
80.30
80.28
80.47
80.33
80.43
80.49
80.54
80.52
80.36
80.38
80.23
80.19
80.14
80.10
80.03
80.12
80.02
80.07
79.95
79.97
79.97
79.93
79.85
79.85
79.74
79.82
79.64
79.56
79.64
79.76
79.81
79.83
79.85
79.96
79.96
79.95
79.97
79.82
79.92
80.04
80.14
80.13
80.13
80.18
80.18
80.15
80.09
80.14
80.08
80.07
80.14
80.23
80.11
80.18
80.19
80.17
80.18
80.16
80.17
80.15
80.13
80.11
80.18
80.02
80.00
79.94
79.86
79.90
79.97
79.97
80.01
80.04
80.05
80.06
80.07
80.05
80.02
79.98
79.99
80.01
79.98
80.03
80.11
80.07
80.10
80.09
80.08
80.17
80.22
80.15
80.17
80.19
80.24
80.26
80.26
80.31
80.27
80.32
80.34
80.43
80.43
80.39
80.39
80.41
80.36
80.32
80.33
80.35
80.35
80.39
80.42
80.50
80.46
80.46
80.51
80.49
80.51
80.49
80.48
80.46
80.45
80.44
80.46
80.44
80.48
80.44
80.38
80.41
80.38
80.37
80.37
80.37
80.33
80.32
80.32
80.34
80.33
80.27
80.28
80.29
80.30
80.32
80.29
80.25
80.24
80.27
80.25
80.24
80.26
80.29
80.31
80.32
80.30
80.29
80.27
80.27
80.27
80.24
80.23
80.18
80.19
80.23
80.21
80.23
80.23
80.23
80.24
80.21
80.20
80.17
80.19
80.16
80.18
80.19
80.21
80.24
80.18
80.20
80.21
80.20
80.19
80.16
80.15
80.17
80.18
80.19
80.22
80.20
80.23
80.19
80.19
80.16
80.16
80.14
80.12
80.11
80.13
80.11
80.08
80.10
80.09
80.08
80.09
80.09
80.10
80.08
80.11
80.11
80.15
80.18
80.20
80.16
80.14
80.12
80.11
80.12
80.10
80.12
80.12
80.11
80.12
80.17
80.18
80.20
80.22
80.23
80.24
80.22
80.20
80.21
80.25
80.24
80.27
80.28
80.27
80.25
80.27
80.27
80.27
80.28
80.28
80.27
80.28
80.27
80.24
80.26
80.27
80.26
80.28
80.30
80.33
80.31
80.30
80.28
80.28
80.28
80.27
80.23
80.22
80.23
80.25
80.28
80.29
80.28
80.25
80.25
80.24
80.23
80.24
80.23
80.24
80.25
80.27
80.27
80.28
80.29
80.31
80.29
80.30
80.31
80.29
80.29
80.26
80.28
80.27
80.27
80.27
80.27
80.25
80.25
80.25
80.24
80.24
80.24
80.26
80.27
80.27
80.28
80.28
80.29
80.29
80.27
80.29
80.29
80.29
80.30
80.31
80.30
80.29
80.27
80.26
80.25
80.24
80.24
80.25
80.22
80.22
80.20
80.22
80.23
80.24
80.26
80.24
80.24
80.26
80.25
80.25
80.25
80.27
80.29
80.30
80.28
80.29
80.28
80.29
80.31
80.30
80.29
80.30
80.29
80.30
80.31
80.33
80.32
80.32
80.31
80.30
80.32
80.32
80.33
80.33
80.33
80.33
80.34
80.34
80.35
80.36
80.36
80.35
80.32
80.31
80.29
80.30
80.30
80.30
80.30
80.31
80.29
80.28
80.28
80.30
80.30
80.29
80.29
80.31
80.30
80.32
80.31
80.33
80.34
80.33
80.34
80.35
80.33
80.35
80.35
80.35
80.34
80.35
80.35
80.32
80.33
80.33
80.33
80.30
80.27
80.27
80.28
80.28
80.31
80.33
80.31
80.33
80.33
80.34
80.33
80.33
80.33
80.32
80.33
80.32
80.31
80.31
80.28
80.27
80.27
80.26
80.27
80.27
80.26
80.26
80.26
80.25
80.26
80.26
80.25
80.26
80.26
80.26
80.28
80.28
80.29
80.29
80.30
80.31
80.31
80.33
80.34
80.36
80.36
80.36
80.35
80.34
80.33
80.33
80.32
80.33
80.33
80.32
80.31
80.33
80.32
80.32
80.32
80.32
80.32
80.33
80.32
80.31
80.31
80.33
80.34
80.34
80.35
80.35
80.35
80.36
80.35
80.34
80.34
80.33
80.35
80.35
80.33
80.33
80.34
80.34
80.34
80.34
80.35
80.34
80.33
80.32
80.32
80.32
80.34
80.33
80.34
80.35
80.36
80.37
80.37
80.37
80.37
80.37
80.36
80.36
80.36
80.37
80.37
80.36
80.38
80.38
80.38
80.39
80.40
80.39
80.39
80.39
80.39
80.39
80.38
80.37
80.38
80.37
80.38
80.37
80.38
80.39
80.39
80.39
80.38
80.37
80.37
80.37
80.36
80.37
80.37
80.36
80.36
80.37
80.39
80.38
80.39
80.38
80.38
80.38
80.38
80.39
80.38
80.38
80.38
80.38
80.38
80.39
80.40
80.40
80.41
80.41
80.40
80.40
80.41
80.41
80.42
80.42
80.42
80.43
80.43
80.45
80.44
80.43
80.44
80.45
80.45
80.47
80.48
80.47
80.46
80.47
80.46
80.45
80.45
80.44
80.44
80.46
80.45
80.45
80.44
80.43
80.44
80.44
80.43
80.44
80.43
80.42
80.42
80.42
80.43
80.45
80.44
80.45
80.44
80.45
80.46
80.46
80.46
80.46
80.46
80.46
80.46
80.46
80.47
80.46
80.46
80.46
80.45
80.45
80.45
80.46
80.45
80.46
80.46
80.45
80.47
80.48
80.48
80.48
80.48
80.48
80.48
80.47
80.47
80.48
80.47
80.47
80.48
80.49
80.47
80.48
80.48
80.46
80.46
80.45
80.45
80.45
80.44
80.45
80.45
80.45
80.45
80.44
80.43
80.44
80.44
80.45
80.44
80.44
80.42
80.42
80.42
80.41
80.41
80.41
80.42
80.42
80.43
80.44
80.43
80.43
80.43
80.44
80.43
80.41
80.40
80.40
80.39
80.39
80.38
80.38
80.38
80.37
80.37
80.38
80.38
80.37
80.38
80.37
80.38
80.38
80.38
80.37
80.38
80.38
80.38
80.38
80.38
80.39
80.38
80.38
80.37
80.38
80.38
80.36
80.36
80.37
80.37
80.37
80.37
80.37
80.37
80.36
80.36
80.36
80.36
80.37
80.37
80.37
80.37
80.37
80.36
80.37
80.37
80.36
80.37
80.37
80.37
80.36
80.37
80.38
80.38
80.38
80.38
80.37
80.36
80.35
80.35
80.34
80.34
80.35
80.34
80.34
80.33
80.32
80.30
80.31
80.31
80.30
80.31
80.30
80.31
80.31
80.31
80.31
80.31
80.33
80.33
80.25
