71.88
73.44
75.00
75.78
74.69
73.70
75.67
75.98
76.39
76.09
75.85
75.39
76.56
76.34
76.77
76.07
76.38
76.65
76.89
76.72
76.56
76.35
75.75
75.59
75.44
75.48
75.64
75.67
75.48
75.31
75.55
75.49
75.66
75.87
75.98
75.95
75.80
75.82
75.72
75.59
75.65
75.74
75.84
75.82
75.94
75.82
75.73
75.72
75.80
75.62
75.74
75.84
75.83
75.84
75.99
76.09
75.88
75.97
75.85
75.83
75.95
75.98
75.99
75.93
75.89
75.85
75.75
75.83
75.82
75.87
75.88
75.89
76.07
76.06
76.02
76.07
76.06
75.92
75.93
75.80
75.79
75.78
75.87
75.87
75.83
75.78
75.77
75.69
75.70
75.75
75.76
75.80
75.74
75.71
75.74
75.75
75.68
75.65
75.74
75.73
75.76
75.84
75.88
75.90
75.94
75.93
75.89
75.95
75.97
75.99
75.90
75.84
75.88
75.85
75.86
75.90
75.91
75.91
75.85
75.94
75.89
75.92
75.91
75.93
75.95
75.95
75.94
76.03
75.99
75.97
76.01
76.01
76.03
76.04
76.01
76.00
75.89
75.92
75.91
75.87
75.85
75.81
75.81
75.82
75.77
75.77
75.84
75.83
75.84
75.88
75.87
75.86
75.89
75.89
75.88
75.93
75.96
76.00
76.07
76.05
76.04
76.09
76.08
76.05
76.04
76.04
76.06
76.09
76.16
76.16
76.14
76.11
76.11
76.10
76.12
76.17
76.15
76.15
76.16
76.16
76.17
76.20
76.21
76.15
76.11
76.13
76.13
76.17
76.21
76.22
76.20
76.17
76.16
76.13
76.13
76.16
76.16
76.18
76.19
76.19
76.18
76.15
76.12
76.11
76.15
76.15
76.15
76.15
76.17
76.12
76.10
76.11
76.09
76.06
76.08
76.10
76.11
76.08
76.04
76.04
76.05
76.04
76.05
76.06
76.08
76.04
76.03
76.02
76.04
76.04
76.07
76.09
76.06
76.03
76.07
76.07
76.11
76.10
76.08
76.04
76.06
76.06
76.05
76.06
76.06
76.08
76.08
76.05
76.08
76.07
76.05
76.04
76.07
76.11
76.09
76.08
76.11
76.08
76.08
76.07
76.05
76.07
76.06
76.06
76.08
76.09
76.07
76.10
76.12
76.15
76.15
76.15
76.13
76.15
76.18
76.18
76.17
76.16
76.19
76.20
76.22
76.26
76.24
76.28
76.27
76.27
76.26
76.29
76.29
76.30
76.30
76.28
76.27
76.26
76.25
76.28
76.28
76.30
76.30
76.31
76.31
76.34
76.34
76.36
76.35
76.36
76.35
76.33
76.34
76.33
76.34
76.32
76.34
76.36
76.32
76.33
76.36
76.36
76.36
76.39
76.37
76.38
76.39
76.38
76.39
76.38
76.40
76.39
76.39
76.40
76.41
76.41
76.41
76.40
76.40
76.42
76.43
76.47
76.47
76.47
76.47
76.46
76.46
76.48
76.48
76.48
76.48
76.48
76.47
76.48
76.51
76.52
76.54
76.54
76.53
76.53
76.51
76.52
76.51
76.49
76.48
76.50
76.48
76.47
76.49
76.49
76.47
76.48
76.46
76.46
76.45
76.43
76.42
76.42
76.43
76.42
76.38
76.37
76.36
76.37
76.37
76.38
76.40
76.38
76.36
76.35
76.36
76.36
76.34
76.35
76.38
76.37
76.36
76.36
76.34
76.35
76.35
76.37
76.38
76.37
76.36
76.35
76.37
76.39
76.37
76.39
76.39
76.38
76.37
76.37
76.36
76.37
76.38
76.37
76.36
76.37
76.38
76.39
76.40
76.42
76.43
76.43
76.43
76.42
76.42
76.41
76.41
76.42
76.42
76.43
76.44
76.45
76.42
76.42
76.42
76.40
76.38
76.36
76.37
76.38
76.39
76.40
76.40
76.40
76.42
76.44
76.44
76.44
76.43
76.44
76.44
76.42
76.41
76.43
76.41
76.40
76.41
76.40
76.39
76.39
76.39
76.38
76.37
76.38
76.38
76.38
76.40
76.39
76.39
76.40
76.40
76.42
76.42
76.44
76.44
76.44
76.44
76.44
76.43
76.44
76.43
76.44
76.44
76.43
76.44
76.43
76.42
76.42
76.43
76.44
76.42
76.40
76.40
76.39
76.41
76.40
76.41
76.42
76.42
76.43
76.43
76.43
76.43
76.44
76.44
76.44
76.43
76.46
76.46
76.46
76.46
76.48
76.49
76.49
76.48
76.48
76.48
76.49
76.50
76.50
76.49
76.48
76.48
76.48
76.49
76.49
76.49
76.49
76.49
76.50
76.49
76.48
76.50
76.50
76.50
76.50
76.49
76.48
76.49
76.49
76.49
76.48
76.47
76.47
76.46
76.45
76.45
76.46
76.46
76.47
76.45
76.46
76.46
76.47
76.47
76.47
76.46
76.47
76.47
76.48
76.48
76.50
76.52
76.52
76.53
76.54
76.54
76.54
76.55
76.54
76.54
76.55
76.54
76.55
76.54
76.52
76.54
76.52
76.51
76.51
76.50
76.50
76.50
76.49
76.49
76.48
76.48
76.49
76.47
76.47
76.46
76.46
76.46
76.45
76.44
76.45
76.44
76.46
76.46
76.46
76.46
76.44
76.42
76.42
76.42
76.43
76.41
76.40
76.42
76.42
76.42
76.43
76.42
76.43
76.44
76.44
76.44
76.44
76.44
76.45
76.46
76.48
76.47
76.47
76.47
76.47
76.47
76.48
76.49
76.47
76.48
76.48
76.48
76.48
76.49
76.48
76.48
76.48
76.47
76.48
76.48
76.49
76.49
76.49
76.49
76.49
76.49
76.50
76.50
76.50
76.50
76.50
76.51
76.51
76.50
76.50
76.50
76.50
76.51
76.51
76.50
76.49
76.48
76.47
76.48
76.47
76.46
76.45
76.45
76.45
76.44
76.43
76.43
76.43
76.43
76.41
76.40
76.40
76.41
76.41
76.39
76.40
76.40
76.40
76.40
76.40
76.40
76.39
76.40
76.39
76.39
76.39
76.38
76.36
76.37
76.37
76.38
76.39
76.39
76.39
76.39
76.38
76.37
76.36
76.37
76.37
76.37
76.37
76.36
76.36
76.36
76.36
76.37
76.37
76.36
76.36
76.36
76.38
76.38
76.39
76.37
76.37
76.38
76.37
76.37
76.37
76.36
76.36
76.35
76.35
76.35
76.36
76.35
76.35
76.35
76.36
76.36
76.37
76.37
76.36
76.35
76.36
76.37
76.37
76.37
76.37
76.36
76.36
76.35
76.35
76.36
76.36
76.36
76.36
76.37
76.36
76.36
76.36
76.37
76.36
76.35
76.34
76.34
76.35
76.35
76.35
76.36
76.37
76.36
76.36
76.37
76.38
76.39
76.39
76.38
76.37
76.36
76.36
76.37
76.38
76.38
76.31
