81.25
83.59
81.77
81.64
81.88
82.29
81.47
81.25
81.08
81.25
81.39
80.99
81.01
80.92
80.73
80.57
80.61
80.56
80.43
80.00
80.13
80.11
80.10
80.21
80.19
79.99
79.98
80.13
80.12
80.16
80.24
80.18
80.30
80.42
80.45
80.47
80.45
80.30
80.25
80.08
80.07
80.06
80.16
80.15
80.21
80.37
80.12
80.11
80.23
80.38
80.51
80.41
80.45
80.44
80.45
80.47
80.32
80.31
80.38
80.31
80.28
80.29
80.28
80.25
80.31
80.35
80.48
80.45
80.48
80.47
80.50
80.51
80.52
80.62
80.58
80.53
80.50
80.47
80.28
80.23
80.30
80.24
80.31
80.34
80.33
80.40
80.33
80.29
80.35
80.36
80.44
80.49
80.41
80.42
80.48
80.53
80.56
80.45
80.52
80.47
80.51
80.51
80.49
80.53
80.49
80.48
80.46
80.47
80.49
80.57
80.52
80.52
80.56
80.59
80.64
80.60
80.56
80.56
80.59
80.64
80.66
80.72
80.67
80.68
80.73
80.72
80.72
80.70
80.68
80.72
80.77
80.74
80.74
80.77
80.76
80.76
80.75
80.81
80.80
80.87
80.91
80.91
80.92
80.86
80.85
80.82
80.78
80.77
80.76
80.74
80.73
80.72
80.75
80.75
80.79
80.74
80.74
80.79
80.81
80.77
80.78
80.76
80.74
80.78
80.74
80.70
80.66
80.68
80.66
80.64
80.64
80.62
80.65
80.60
80.64
80.63
80.61
80.62
80.57
80.53
80.45
80.47
80.46
80.43
80.44
80.42
80.45
80.48
80.43
80.44
80.36
80.36
80.40
80.43
80.42
80.41
80.44
80.45
80.40
80.41
80.38
80.36
80.34
80.38
80.37
80.39
80.38
80.39
80.42
80.42
80.42
80.44
80.47
80.46
80.44
80.42
80.41
80.38
80.40
80.42
80.41
80.42
80.41
80.40
80.38
80.34
80.35
80.34
80.33
80.34
80.34
80.35
80.33
80.34
80.34
80.33
80.32
80.35
80.37
80.36
80.38
80.38
80.38
80.40
80.41
80.44
80.45
80.45
80.46
80.46
80.45
80.47
80.47
80.44
80.44
80.45
80.47
80.47
80.47
80.50
80.47
80.49
80.48
80.50
80.52
80.50
80.53
80.52
80.53
80.54
80.54
80.53
80.51
80.48
80.44
80.45
80.44
80.39
80.41
80.45
80.47
80.51
80.53
80.55
80.55
80.57
80.58
80.60
80.62
80.63
80.61
80.61
80.60
80.60
80.60
80.61
80.59
80.61
80.60
80.60
80.62
80.60
80.58
80.59
80.59
80.58
80.54
80.54
80.56
80.55
80.54
80.54
80.54
80.53
80.54
80.53
80.55
80.55
80.54
80.56
80.53
80.51
80.53
80.54
80.55
80.56
80.57
80.55
80.54
80.56
80.58
80.61
80.60
80.60
80.60
80.60
80.62
80.60
80.62
80.62
80.59
80.59
80.59
80.59
80.60
80.60
80.60
80.61
80.61
80.63
80.63
80.62
80.64
80.65
80.64
80.63
80.62
80.61
80.60
80.61
80.62
80.64
80.65
80.67
80.68
80.67
80.66
80.66
80.66
80.69
80.71
80.71
80.71
80.69
80.67
80.66
80.68
80.70
80.71
80.72
80.69
80.70
80.71
80.70
80.71
80.69
80.68
80.67
80.68
80.66
80.67
80.68
80.68
80.69
80.69
80.70
80.70
80.68
80.69
80.70
80.71
80.69
80.71
80.70
80.71
80.70
80.68
80.68
80.67
80.66
80.66
80.66
80.67
80.66
80.66
80.66
80.67
80.65
80.65
80.65
80.66
80.66
80.66
80.66
80.64
80.65
80.64
80.64
80.63
80.62
80.62
80.61
80.63
80.62
80.62
80.61
80.60
80.61
80.60
80.59
80.58
80.56
80.56
80.55
80.54
80.54
80.55
80.54
80.52
80.51
80.51
80.49
80.48
80.49
80.49
80.50
80.46
80.47
80.46
80.46
80.45
80.46
80.47
80.49
80.47
80.47
80.48
80.50
80.50
80.51
80.50
80.51
80.49
80.50
80.51
80.50
80.49
80.50
80.50
80.51
80.51
80.53
80.51
80.49
80.50
80.50
80.51
80.51
80.52
80.51
80.52
80.49
80.49
80.49
80.49
80.48
80.48
80.50
80.50
80.50
80.51
80.51
80.50
80.49
80.48
80.47
80.47
80.46
80.45
80.45
80.45
80.44
80.46
80.46
80.46
80.45
80.46
80.47
80.46
80.47
80.48
80.47
80.46
80.47
80.47
80.48
80.49
80.48
80.47
80.47
80.49
80.49
80.50
80.50
80.50
80.49
80.49
80.48
80.49
80.50
80.50
80.50
80.51
80.50
80.49
80.49
80.49
80.50
80.49
80.49
80.52
80.51
80.50
80.51
80.51
80.50
80.49
80.50
80.50
80.49
80.49
80.47
80.47
80.46
80.47
80.47
80.48
80.47
80.47
80.47
80.46
80.47
80.46
80.47
80.44
80.43
80.42
80.43
80.43
80.43
80.44
80.43
80.42
80.43
80.43
80.44
80.45
80.45
80.44
80.44
80.43
80.42
80.41
80.41
80.41
80.42
80.43
80.43
80.42
80.42
80.42
80.43
80.44
80.42
80.42
80.42
80.43
80.43
80.44
80.43
80.43
80.43
80.43
80.43
80.43
80.42
80.42
80.43
80.42
80.42
80.43
80.43
80.43
80.43
80.45
80.46
80.45
80.44
80.46
80.46
80.45
80.45
80.45
80.44
80.44
80.44
80.43
80.44
80.44
80.44
80.44
80.43
80.43
80.42
80.41
80.42
80.41
80.41
80.42
80.42
80.42
80.42
80.41
80.39
80.39
80.39
80.38
80.38
80.38
80.38
80.38
80.38
80.38
80.36
80.38
80.38
80.38
80.36
80.37
80.39
80.39
80.38
80.38
80.37
80.38
80.39
80.39
80.39
80.38
80.38
80.37
80.37
80.38
80.35
80.36
80.35
80.36
80.36
80.37
80.36
80.36
80.35
80.35
80.35
80.35
80.35
80.36
80.36
80.36
80.37
80.37
80.38
80.38
80.38
80.39
80.38
80.39
80.38
80.38
80.37
80.36
80.36
80.35
80.34
80.34
80.32
80.32
80.33
80.32
80.31
80.31
80.31
80.31
80.30
80.29
80.31
80.31
80.30
80.29
80.30
80.29
80.29
80.29
80.30
80.29
80.31
80.29
80.29
80.29
80.29
80.29
80.29
80.30
80.30
80.32
80.31
80.30
80.29
80.29
80.29
80.28
80.28
80.27
80.28
80.28
80.28
80.27
80.28
80.28
80.28
80.28
80.29
80.29
80.29
80.30
80.30
80.30
80.31
80.31
80.30
80.31
80.31
80.32
80.31
80.32
80.32
80.33
80.32
80.33
80.33
80.33
80.25
