81.25
77.34
73.96
75.78
75.00
75.26
75.67
75.59
77.08
76.72
77.27
77.47
77.28
78.12
78.96
78.81
78.77
78.99
79.11
79.14
79.39
79.62
79.48
79.69
79.69
79.57
79.75
79.52
79.80
79.90
80.04
80.18
80.11
80.01
80.09
80.16
80.24
80.39
80.25
80.20
80.18
80.21
80.05
80.08
80.03
80.23
80.25
80.11
79.97
80.00
79.96
79.81
79.78
79.72
79.80
79.88
79.80
79.69
79.79
79.61
79.59
79.71
79.74
79.81
79.86
79.95
79.73
79.71
79.69
79.71
79.78
79.88
79.90
79.86
79.98
79.95
79.87
79.99
79.96
79.94
79.86
79.78
79.71
79.67
79.76
79.80
79.81
79.92
79.95
79.97
80.00
80.08
80.11
80.07
80.02
80.03
80.06
80.07
80.07
80.09
80.12
80.25
80.34
80.29
80.30
80.29
80.30
80.31
80.35
80.41
80.38
80.37
80.35
80.30
80.24
80.21
80.19
80.26
80.29
80.22
80.24
80.20
80.22
80.18
80.16
80.23
80.17
80.15
80.14
80.14
80.10
80.08
80.11
80.17
80.27
80.20
80.20
80.17
80.19
80.19
80.18
80.09
80.09
80.14
80.12
80.16
80.17
80.13
80.12
80.15
80.13
80.17
80.21
80.22
80.17
80.18
80.21
80.22
80.28
80.27
80.26
80.28
80.33
80.34
80.34
80.32
80.33
80.29
80.25
80.26
80.26
80.27
80.28
80.25
80.29
80.28
80.26
80.21
80.18
80.19
80.21
80.20
80.19
80.21
80.20
80.21
80.12
80.05
80.03
80.03
80.01
80.01
80.00
80.03
80.05
80.05
80.03
80.07
80.08
80.09
80.09
80.11
80.13
80.15
80.15
80.20
80.22
80.25
80.26
80.26
80.26
80.25
80.25
80.21
80.21
80.21
80.18
80.20
80.19
80.19
80.20
80.19
80.18
80.18
80.15
80.12
80.13
80.15
80.12
80.12
80.09
80.08
80.04
80.03
80.03
80.01
80.00
80.02
80.04
80.06
80.08
80.08
80.03
80.05
80.06
80.07
80.09
80.04
80.06
80.04
80.04
80.02
80.02
80.03
80.01
80.02
80.02
80.03
80.06
80.05
80.04
80.03
80.03
80.04
80.05
80.07
80.06
80.08
80.09
80.10
80.10
80.09
80.10
80.12
80.12
80.12
80.10
80.09
80.08
80.07
80.04
80.06
80.09
80.11
80.07
80.05
80.06
80.01
79.98
79.98
79.98
79.98
79.95
79.95
79.96
79.94
79.95
79.95
79.95
79.96
79.97
79.97
79.94
79.95
79.96
79.94
79.94
79.96
79.97
79.97
79.98
79.97
79.98
79.97
79.99
80.00
79.99
79.98
79.99
79.99
79.97
79.94
79.94
79.96
79.97
79.97
79.97
79.98
79.99
80.00
80.00
80.02
80.02
80.04
80.04
80.05
80.05
80.07
80.06
80.04
80.06
80.08
80.07
80.08
80.09
80.08
80.09
80.09
80.09
80.08
80.09
80.07
80.08
80.09
80.08
80.10
80.10
80.09
80.11
80.10
80.11
80.11
80.08
80.09
80.08
80.08
80.07
80.10
80.11
80.10
80.10
80.12
80.11
80.11
80.10
80.09
80.12
80.10
80.12
80.11
80.11
80.11
80.11
80.11
80.11
80.12
80.11
80.11
80.09
80.10
80.08
80.09
80.08
80.08
80.07
80.09
80.11
80.10
80.10
80.10
80.09
80.11
80.11
80.10
80.12
80.14
80.13
80.12
80.10
80.10
80.11
80.11
80.10
80.10
80.12
80.09
80.09
80.07
80.08
80.07
80.07
80.07
80.05
80.05
80.07
80.07
80.07
80.06
80.07
80.07
80.08
80.06
80.04
80.05
80.06
80.05
80.04
80.04
80.02
80.04
80.04
80.04
80.03
80.04
80.06
80.07
80.09
80.09
80.07
80.07
80.07
80.06
80.07
80.08
80.09
80.07
80.07
80.06
80.08
80.10
80.09
80.09
80.09
80.10
80.10
80.10
80.09
80.10
80.09
80.09
80.11
80.10
80.10
80.11
80.12
80.12
80.12
80.14
80.11
80.11
80.11
80.09
80.09
80.08
80.10
80.10
80.09
80.08
80.07
80.07
80.08
80.07
80.07
80.08
80.09
80.08
80.09
80.10
80.07
80.07
80.06
80.06
80.07
80.05
80.04
80.04
80.06
80.06
80.05
80.05
80.06
80.05
80.07
80.07
80.07
80.08
80.10
80.10
80.09
80.09
80.09
80.08
80.08
80.09
80.07
80.07
80.06
80.06
80.06
80.07
80.07
80.06
80.07
80.07
80.08
80.07
80.07
80.04
80.05
80.05
80.02
80.02
80.01
80.00
80.01
80.00
80.02
80.02
80.01
80.01
80.02
80.01
80.02
80.03
80.03
80.02
80.03
80.02
80.01
80.02
80.02
80.02
80.03
80.04
80.05
80.05
80.05
80.05
80.06
80.07
80.08
80.09
80.09
80.08
80.08
80.09
80.08
80.09
80.11
80.10
80.12
80.12
80.11
80.10
80.10
80.10
80.10
80.09
80.10
80.10
80.09
80.09
80.10
80.11
80.11
80.12
80.12
80.13
80.13
80.14
80.14
80.14
80.15
80.14
80.14
80.14
80.14
80.14
80.14
80.15
80.16
80.16
80.17
80.16
80.16
80.16
80.15
80.16
80.17
80.17
80.18
80.18
80.17
80.18
80.17
80.15
80.17
80.16
80.14
80.14
80.15
80.15
80.16
80.15
80.14
80.13
80.13
80.13
80.13
80.14
80.13
80.13
80.13
80.13
80.12
80.12
80.13
80.15
80.15
80.16
80.16
80.16
80.17
80.17
80.17
80.17
80.18
80.18
80.18
80.18
80.19
80.20
80.20
80.19
80.20
80.20
80.20
80.20
80.20
80.19
80.20
80.20
80.19
80.19
80.20
80.20
80.21
80.22
80.21
80.20
80.19
80.20
80.20
80.19
80.20
80.20
80.20
80.20
80.19
80.19
80.18
80.18
80.18
80.19
80.18
80.17
80.16
80.16
80.16
80.16
80.17
80.16
80.17
80.18
80.19
80.20
80.20
80.19
80.20
80.20
80.20
80.20
80.20
80.21
80.21
80.21
80.22
80.23
80.25
80.24
80.24
80.23
80.23
80.24
80.24
80.25
80.25
80.25
80.26
80.26
80.26
80.26
80.27
80.26
80.26
80.26
80.26
80.27
80.27
80.27
80.27
80.27
80.28
80.28
80.29
80.30
80.30
80.29
80.30
80.30
80.30
80.31
80.32
80.32
80.32
80.32
80.32
80.33
80.33
80.34
80.33
80.34
80.34
80.34
80.35
80.35
80.36
80.35
80.35
80.35
80.35
80.35
80.35
80.34
80.34
80.34
80.35
80.35
80.35
80.36
80.36
80.28
