82.81
83.59
81.77
83.59
81.56
80.73
81.25
81.64
81.08
81.41
80.40
80.73
80.77
80.02
79.79
80.27
80.51
80.47
80.18
80.08
79.46
79.55
79.69
79.56
79.38
79.39
79.22
78.91
79.15
79.22
79.03
79.10
79.12
79.14
79.02
79.17
79.01
78.70
78.77
78.75
78.89
78.94
79.00
78.98
79.03
78.91
78.92
78.91
78.89
78.69
78.55
78.49
78.48
78.33
78.47
78.57
78.45
78.45
78.52
78.41
78.36
78.28
78.35
78.44
78.51
78.50
78.50
78.52
78.65
78.73
78.74
78.78
78.83
78.91
78.96
78.99
79.04
79.03
79.09
79.10
79.17
79.17
79.22
79.11
78.95
78.98
78.88
78.92
78.92
78.89
78.86
78.86
78.86
78.86
78.82
78.82
78.77
78.73
78.66
78.70
78.73
78.81
78.87
78.97
79.02
78.98
79.03
79.01
79.04
79.05
79.01
78.99
78.95
78.87
78.86
78.79
78.71
78.69
78.68
78.78
78.76
78.77
78.80
78.82
78.84
78.82
78.88
78.92
78.96
78.94
78.97
78.93
78.92
78.89
78.90
78.88
78.85
78.86
78.82
78.84
78.82
78.81
78.78
78.86
78.89
78.90
78.90
78.94
78.90
78.90
78.88
78.90
78.89
78.84
78.85
78.92
78.87
78.84
78.84
78.79
78.76
78.76
78.81
78.82
78.84
78.84
78.87
78.87
78.86
78.87
78.87
78.88
78.90
78.92
78.95
78.97
78.93
78.95
78.92
78.92
78.92
78.93
78.94
78.97
78.96
78.92
78.92
78.89
78.87
78.89
78.89
78.87
78.88
78.88
78.87
78.87
78.88
78.85
78.83
78.83
78.83
78.86
78.89
78.91
78.92
78.95
78.89
78.88
78.84
78.86
78.86
78.82
78.82
78.83
78.82
78.86
78.83
78.83
78.83
78.87
78.83
78.84
78.83
78.87
78.87
78.85
78.86
78.82
78.83
78.85
78.86
78.88
78.90
78.90
78.84
78.83
78.82
78.86
78.87
78.89
78.94
78.89
78.89
78.91
78.92
78.87
78.88
78.91
78.91
78.92
78.93
78.97
78.98
78.96
78.96
78.94
78.93
78.92
78.92
78.93
78.95
78.94
78.95
78.95
78.92
78.91
78.92
78.94
78.97
78.97
79.00
79.02
79.04
79.01
79.00
79.00
79.00
79.00
79.01
79.03
79.01
79.01
79.00
79.00
79.02
79.02
79.07
79.09
79.12
79.13
79.12
79.11
79.10
79.09
79.09
79.09
79.09
79.13
79.10
79.12
79.11
79.11
79.11
79.13
79.09
79.12
79.11
79.12
79.12
79.11
79.14
79.14
79.15
79.12
79.06
79.08
79.09
79.10
79.12
79.11
79.12
79.12
79.12
79.14
79.13
79.13
79.11
79.12
79.14
79.15
79.14
79.15
79.14
79.11
79.10
79.09
79.08
79.07
79.07
79.08
79.11
79.09
79.07
79.04
79.01
79.00
78.99
78.97
78.99
79.01
79.02
79.00
79.01
78.98
78.98
78.98
78.97
78.97
78.98
78.98
78.98
79.00
78.96
78.98
78.99
79.00
78.99
78.97
78.96
78.96
78.95
78.95
78.96
78.96
78.95
78.97
78.95
78.95
78.93
78.93
78.93
78.93
78.92
78.92
78.94
78.94
78.95
78.96
78.95
78.97
78.98
78.99
78.99
78.98
78.98
78.99
78.99
79.01
79.00
79.01
79.02
79.02
79.03
79.02
79.05
79.07
79.08
79.08
79.10
79.12
79.14
79.14
79.14
79.16
79.16
79.15
79.14
79.14
79.15
79.17
79.16
79.18
79.21
79.21
79.21
79.21
79.21
79.16
79.14
79.16
79.18
79.16
79.15
79.15
79.16
79.15
79.15
79.14
79.14
79.15
79.15
79.15
79.17
79.17
79.19
79.18
79.19
79.18
79.18
79.18
79.19
79.18
79.17
79.16
79.16
79.17
79.17
79.18
79.16
79.17
79.17
79.17
79.17
79.16
79.16
79.16
79.15
79.15
79.15
79.14
79.13
79.13
79.13
79.13
79.14
79.16
79.14
79.12
79.10
79.10
79.09
79.10
79.10
79.10
79.10
79.12
79.12
79.13
79.12
79.13
79.11
79.09
79.10
79.10
79.08
79.07
79.07
79.06
79.06
79.06
79.07
79.06
79.07
79.06
79.06
79.04
79.04
79.04
79.04
79.04
79.03
79.03
79.02
79.01
78.99
78.98
78.97
78.98
78.98
78.99
79.00
79.01
79.02
79.02
79.03
79.04
79.04
79.04
79.03
79.03
79.04
79.06
79.05
79.05
79.05
79.03
79.04
79.03
79.03
79.02
79.02
79.02
79.04
79.04
79.04
79.01
79.02
79.01
79.01
79.02
79.02
79.03
79.03
79.03
79.03
79.04
79.05
79.06
79.06
79.05
79.04
79.04
79.04
79.04
79.04
79.03
79.03
79.04
79.03
79.05
79.03
79.02
79.02
79.02
79.01
79.00
78.99
79.00
79.00
79.01
79.02
79.03
79.04
79.04
79.05
79.05
79.05
79.06
79.07
79.06
79.07
79.05
79.05
79.06
79.07
79.07
79.07
79.08
79.08
79.08
79.07
79.06
79.05
79.04
79.03
79.04
79.03
79.03
79.03
79.04
79.05
79.05
79.04
79.04
79.05
79.05
79.05
79.06
79.07
79.07
79.06
79.06
79.06
79.07
79.07
79.08
79.08
79.08
79.08
79.07
79.09
79.08
79.08
79.07
79.06
79.05
79.05
79.06
79.06
79.06
79.05
79.04
79.04
79.03
79.02
79.01
79.02
79.02
79.02
79.02
79.02
79.01
79.01
79.00
79.00
79.00
79.02
79.03
79.02
79.02
79.02
79.03
79.03
79.03
79.04
79.05
79.05
79.05
79.04
79.04
79.04
79.03
79.03
79.04
79.04
79.04
79.06
79.05
79.06
79.06
79.06
79.05
79.05
79.05
79.06
79.06
79.06
79.07
79.08
79.09
79.08
79.09
79.09
79.09
79.07
79.07
79.08
79.07
79.07
79.06
79.07
79.07
79.07
79.06
79.06
79.07
79.06
79.05
79.06
79.06
79.07
79.07
79.07
79.06
79.08
79.07
79.07
79.07
79.07
79.08
79.09
79.09
79.10
79.10
79.10
79.10
79.10
79.09
79.09
79.08
79.08
79.10
79.09
79.09
79.09
79.09
79.10
79.09
79.10
79.10
79.11
79.11
79.10
79.10
79.09
79.09
79.08
79.08
79.09
79.09
79.10
79.08
79.08
79.08
79.08
79.08
79.08
79.09
79.09
79.09
79.08
79.08
79.06
79.06
79.07
79.06
79.07
79.07
79.07
79.07
79.08
79.08
79.08
79.08
79.09
79.09
79.08
79.07
79.08
79.08
79.08
79.01
