81.25
82.03
79.69
79.69
78.75
77.60
77.90
79.30
79.17
80.00
80.54
80.73
80.29
80.25
80.00
80.18
79.87
79.95
79.61
79.38
79.61
79.83
79.62
79.30
79.06
78.85
78.94
79.02
78.99
78.91
78.73
78.66
78.50
78.72
78.57
78.34
78.72
78.99
78.93
78.91
78.96
79.06
79.07
79.30
79.44
79.35
79.26
79.23
79.37
79.22
79.26
79.24
79.10
78.99
78.98
78.99
79.08
79.04
78.97
78.96
78.87
78.88
78.79
78.66
78.68
78.65
78.57
78.56
78.51
78.53
78.48
78.54
78.66
78.63
78.75
78.68
78.67
78.59
78.58
78.54
78.65
78.60
78.50
78.59
78.55
78.54
78.56
78.55
78.56
78.59
78.57
78.52
78.53
78.62
78.67
78.48
78.43
78.40
78.49
78.52
78.48
78.57
78.50
78.41
78.48
78.51
78.48
78.52
78.47
78.44
78.52
78.54
78.58
78.63
78.61
78.73
78.85
78.81
78.77
78.80
78.80
78.84
78.85
78.88
78.94
78.96
78.95
78.88
78.90
78.81
78.80
78.71
78.75
78.75
78.75
78.73
78.72
78.71
78.78
78.78
78.79
78.79
78.81
78.82
78.81
78.83
78.88
78.85
78.83
78.83
78.80
78.82
78.83
78.89
78.88
78.91
78.90
78.92
78.90
78.93
78.93
78.94
79.00
79.01
78.99
78.93
78.93
78.93
78.94
78.92
78.87
78.85
78.77
78.76
78.79
78.77
78.70
78.71
78.67
78.67
78.68
78.67
78.63
78.66
78.67
78.62
78.63
78.63
78.68
78.73
78.72
78.72
78.68
78.66
78.68
78.68
78.67
78.73
78.68
78.73
78.71
78.73
78.75
78.80
78.80
78.78
78.77
78.73
78.70
78.71
78.73
78.74
78.76
78.75
78.74
78.75
78.74
78.75
78.74
78.70
78.65
78.65
78.64
78.64
78.64
78.60
78.59
78.61
78.60
78.60
78.61
78.60
78.58
78.59
78.56
78.60
78.60
78.62
78.63
78.63
78.62
78.64
78.64
78.64
78.65
78.63
78.63
78.64
78.60
78.58
78.60
78.58
78.53
78.52
78.51
78.52
78.54
78.55
78.59
78.59
78.62
78.67
78.67
78.66
78.67
78.64
78.65
78.66
78.66
78.62
78.66
78.61
78.59
78.59
78.61
78.58
78.59
78.63
78.63
78.66
78.67
78.68
78.71
78.72
78.77
78.79
78.81
78.82
78.81
78.81
78.84
78.82
78.83
78.84
78.85
78.83
78.82
78.81
78.84
78.83
78.82
78.84
78.85
78.85
78.88
78.90
78.92
78.92
78.92
78.93
78.91
78.92
78.91
78.88
78.89
78.88
78.89
78.92
78.92
78.95
78.94
78.96
78.98
78.99
79.01
78.99
78.97
78.97
78.96
78.94
78.94
78.93
78.92
78.93
78.94
78.92
78.92
78.91
78.93
78.91
78.91
78.92
78.93
78.93
78.93
78.93
78.92
78.92
78.93
78.95
78.95
78.94
78.92
78.94
78.93
78.94
78.90
78.91
78.93
78.93
78.96
78.95
78.94
78.96
78.95
78.95
78.98
79.01
79.01
79.02
79.05
79.04
79.03
79.04
79.04
79.04
79.05
79.07
79.07
79.10
79.10
79.13
79.11
79.14
79.16
79.17
79.15
79.16
79.17
79.17
79.20
79.19
79.20
79.20
79.19
79.20
79.19
79.18
79.19
79.17
79.17
79.18
79.17
79.15
79.13
79.10
79.08
79.11
79.09
79.07
79.07
79.07
79.07
79.08
79.10
79.09
79.07
79.09
79.08
79.08
79.07
79.09
79.07
79.07
79.08
79.07
79.06
79.08
79.08
79.07
79.07
79.08
79.08
79.10
79.12
79.11
79.10
79.11
79.11
79.13
79.13
79.14
79.16
79.15
79.14
79.15
79.15
79.14
79.14
79.11
79.12
79.12
79.13
79.11
79.14
79.13
79.15
79.16
79.16
79.13
79.13
79.14
79.14
79.14
79.15
79.14
79.14
79.14
79.15
79.14
79.13
79.13
79.13
79.14
79.14
79.16
79.15
79.15
79.16
79.16
79.15
79.14
79.14
79.11
79.11
79.12
79.12
79.14
79.14
79.14
79.14
79.13
79.15
79.15
79.13
79.13
79.13
79.14
79.13
79.11
79.12
79.11
79.11
79.10
79.12
79.10
79.09
79.10
79.11
79.11
79.09
79.09
79.07
79.06
79.06
79.07
79.09
79.07
79.07
79.08
79.08
79.06
79.05
79.06
79.06
79.08
79.06
79.08
79.09
79.10
79.09
79.09
79.10
79.09
79.09
79.10
79.10
79.09
79.09
79.09
79.09
79.11
79.12
79.12
79.12
79.14
79.12
79.13
79.12
79.12
79.12
79.12
79.12
79.11
79.10
79.10
79.10
79.10
79.08
79.08
79.08
79.08
79.08
79.09
79.07
79.07
79.06
79.06
79.08
79.09
79.10
79.09
79.09
79.09
79.09
79.09
79.10
79.11
79.10
79.09
79.09
79.08
79.10
79.10
79.09
79.08
79.08
79.07
79.06
79.07
79.08
79.06
79.06
79.07
79.06
79.07
79.06
79.08
79.09
79.09
79.10
79.10
79.09
79.10
79.10
79.09
79.10
79.10
79.11
79.10
79.10
79.12
79.12
79.13
79.13
79.12
79.14
79.14
79.14
79.13
79.13
79.13
79.12
79.12
79.13
79.15
79.16
79.16
79.16
79.16
79.14
79.14
79.13
79.13
79.13
79.13
79.13
79.14
79.14
79.13
79.12
79.13
79.12
79.12
79.13
79.13
79.13
79.13
79.13
79.13
79.13
79.14
79.14
79.14
79.14
79.14
79.15
79.15
79.16
79.16
79.17
79.18
79.17
79.17
79.17
79.15
79.16
79.16
79.16
79.15
79.15
79.14
79.14
79.14
79.15
79.15
79.16
79.16
79.16
79.16
79.15
79.15
79.14
79.15
79.15
79.15
79.15
79.16
79.15
79.15
79.15
79.15
79.17
79.18
79.17
79.18
79.16
79.15
79.15
79.15
79.15
79.15
79.15
79.15
79.14
79.14
79.15
79.15
79.14
79.14
79.14
79.15
79.16
79.16
79.16
79.15
79.16
79.13
79.14
79.14
79.14
79.13
79.14
79.15
79.15
79.15
79.15
79.15
79.15
79.15
79.16
79.16
79.17
79.16
79.16
79.16
79.17
79.17
79.16
79.15
79.14
79.13
79.14
79.14
79.14
79.14
79.13
79.13
79.13
79.13
79.13
79.13
79.13
79.14
79.14
79.14
79.15
79.15
79.15
79.16
79.14
79.14
79.14
79.14
79.14
79.12
79.12
79.12
79.12
79.11
79.11
79.11
79.10
79.10
79.11
79.11
79.11
79.10
79.11
79.10
79.11
79.03
