75.00
77.34
74.48
73.83
73.44
72.92
72.54
73.83
74.13
74.84
74.43
74.09
74.52
74.78
74.90
75.10
75.09
74.57
74.34
74.30
73.96
74.01
73.57
73.31
72.81
72.84
72.80
73.44
73.33
73.33
73.39
73.24
73.20
73.35
73.44
73.39
73.52
73.64
73.64
73.40
73.51
73.66
73.80
73.90
73.75
73.68
73.57
73.60
73.72
73.72
73.68
73.74
73.73
73.78
73.78
73.69
73.77
73.79
73.86
73.83
73.90
73.94
73.96
73.83
73.89
73.91
73.90
73.78
73.71
73.62
73.57
73.46
73.50
73.54
73.65
73.64
73.68
73.62
73.50
73.54
73.61
73.61
73.64
73.70
73.81
73.80
73.74
73.76
73.75
73.77
73.82
73.78
73.82
73.85
73.93
73.88
73.81
73.76
73.85
73.94
73.93
74.00
73.97
73.96
73.88
73.88
73.90
73.90
73.94
74.01
74.00
74.01
74.00
74.00
74.05
74.02
74.12
74.09
74.17
74.19
74.23
74.15
74.10
74.11
74.03
73.97
74.03
74.07
74.13
74.17
74.17
74.14
74.20
74.18
74.17
74.21
74.17
74.18
74.21
74.23
74.21
74.16
74.17
74.20
74.19
74.14
74.17
74.12
74.11
74.11
74.10
74.15
74.18
74.17
74.10
74.08
74.05
74.12
74.12
74.11
74.13
74.16
74.19
74.20
74.20
74.16
74.13
74.14
74.11
74.15
74.09
74.06
74.08
74.11
74.10
74.06
74.08
74.08
74.06
74.05
74.05
74.07
74.14
74.13
74.14
74.08
74.00
74.02
73.98
73.98
73.99
73.97
73.97
73.97
73.89
73.91
73.84
73.83
73.85
73.84
73.84
73.87
73.90
73.92
73.94
73.95
73.98
73.98
73.99
74.01
74.02
74.00
74.00
73.98
74.00
73.99
74.00
74.00
73.98
73.96
73.96
73.93
73.96
73.90
73.90
73.93
73.93
73.90
73.91
73.89
73.88
73.90
73.91
73.90
73.92
73.91
73.92
73.88
73.88
73.89
73.92
73.86
73.89
73.91
73.89
73.85
73.83
73.85
73.83
73.84
73.83
73.85
73.81
73.82
73.79
73.76
73.77
73.72
73.68
73.68
73.69
73.68
73.67
73.71
73.72
73.71
73.72
73.70
73.66
73.69
73.66
73.70
73.69
73.69
73.70
73.72
73.75
73.75
73.75
73.76
73.77
73.73
73.73
73.74
73.77
73.81
73.85
73.88
73.90
73.87
73.87
73.89
73.85
73.86
73.88
73.89
73.88
73.90
73.90
73.90
73.87
73.90
73.90
73.93
73.91
73.91
73.91
73.90
73.87
73.86
73.85
73.84
73.85
73.85
73.87
73.88
73.89
73.89
73.88
73.87
73.87
73.85
73.89
73.91
73.92
73.92
73.94
73.93
73.91
73.95
73.94
73.94
73.94
73.93
73.92
73.91
73.93
73.92
73.93
73.91
73.90
73.90
73.91
73.88
73.90
73.91
73.91
73.93
73.93
73.94
73.92
73.90
73.90
73.89
73.88
73.88
73.86
73.87
73.86
73.87
73.86
73.86
73.89
73.88
73.89
73.88
73.86
73.87
73.86
73.87
73.87
73.89
73.92
73.91
73.90
73.90
73.90
73.92
73.94
73.96
73.96
73.95
73.95
73.95
73.96
73.95
73.95
73.97
73.98
74.00
74.00
74.00
73.99
73.98
74.01
74.02
74.00
74.01
74.00
74.01
74.02
74.05
74.07
74.06
74.07
74.08
74.08
74.12
74.13
74.13
74.13
74.13
74.12
74.15
74.13
74.12
74.13
74.14
74.12
74.13
74.12
74.11
74.11
74.12
74.12
74.13
74.11
74.12
74.11
74.12
74.11
74.10
74.08
74.10
74.12
74.10
74.10
74.08
74.09
74.12
74.11
74.12
74.13
74.13
74.12
74.12
74.12
74.12
74.10
74.09
74.09
74.08
74.08
74.07
74.08
74.08
74.08
74.05
74.05
74.05
74.04
74.04
74.03
74.02
74.02
74.02
74.06
74.05
74.06
74.06
74.07
74.06
74.06
74.05
74.04
74.04
74.04
74.06
74.07
74.06
74.06
74.07
74.07
74.06
74.05
74.06
74.08
74.07
74.05
74.04
74.04
74.02
74.02
74.03
74.03
74.03
74.03
74.02
74.01
74.03
74.04
74.05
74.06
74.06
74.06
74.07
74.07
74.07
74.07
74.07
74.06
74.06
74.07
74.06
74.07
74.09
74.08
74.09
74.10
74.11
74.11
74.10
74.09
74.11
74.11
74.11
74.11
74.11
74.11
74.11
74.08
74.07
74.06
74.04
74.04
74.03
74.02
74.04
74.05
74.06
74.06
74.06
74.06
74.05
74.07
74.08
74.08
74.08
74.07
74.09
74.09
74.08
74.07
74.09
74.11
74.11
74.11
74.11
74.11
74.11
74.10
74.11
74.10
74.10
74.11
74.11
74.11
74.10
74.11
74.09
74.10
74.11
74.10
74.11
74.10
74.09
74.08
74.09
74.10
74.09
74.09
74.09
74.08
74.08
74.06
74.06
74.05
74.03
74.02
74.02
74.02
74.02
74.03
74.03
74.03
74.04
74.02
74.02
74.01
74.01
74.01
74.02
74.03
74.04
74.03
74.02
74.01
74.01
74.02
74.02
74.00
74.01
74.01
74.02
74.01
74.02
74.02
74.01
74.02
74.03
74.03
74.04
74.03
74.02
74.01
74.00
74.00
74.00
74.01
74.02
74.03
74.02
74.03
74.03
74.05
74.05
74.05
74.04
74.05
74.06
74.07
74.06
74.04
74.06
74.05
74.06
74.06
74.05
74.04
74.06
74.04
74.04
74.04
74.04
74.05
74.05
74.05
74.06
74.07
74.07
74.07
74.06
74.06
74.05
74.04
74.04
74.03
74.03
74.02
74.01
74.01
74.01
74.02
74.03
74.01
74.02
74.01
74.00
74.01
74.02
74.01
74.02
74.03
74.02
74.02
74.01
73.99
73.99
73.99
74.00
73.98
73.99
73.99
73.99
74.00
74.01
74.01
74.02
74.01
74.00
74.00
74.01
74.02
74.02
74.01
74.00
74.00
74.01
74.01
74.00
74.00
74.01
74.00
74.00
74.00
73.98
73.98
73.97
73.98
73.99
73.99
73.99
73.99
73.99
73.98
73.97
73.96
73.96
73.96
73.96
73.95
73.94
73.94
73.94
73.92
73.93
73.93
73.94
73.94
73.95
73.94
73.94
73.94
73.94
73.94
73.95
73.94
73.94
73.93
73.93
73.92
73.91
73.91
73.91
73.91
73.90
73.90
73.89
73.89
73.91
73.91
73.92
73.92
73.93
73.94
73.93
73.92
73.93
73.94
73.93
73.92
73.92
73.92
73.92
73.92
73.92
73.92
73.93
73.94
73.94
73.93
73.86
