43.75
46.09
46.35
46.09
46.25
44.53
44.64
44.14
44.44
45.47
45.17
44.79
44.59
45.42
45.52
44.82
45.04
44.97
45.23
44.77
45.01
45.10
45.18
44.60
44.88
44.47
44.62
45.03
44.88
45.21
45.41
45.36
45.41
45.40
45.67
45.70
45.65
45.89
45.99
45.94
45.66
45.76
45.60
45.42
45.28
45.52
45.48
45.41
45.44
45.28
45.25
45.22
45.28
45.08
44.97
45.01
45.04
44.99
45.05
44.95
44.83
44.71
44.77
44.92
45.07
45.05
45.10
45.13
45.02
44.89
44.92
45.05
45.10
45.02
45.06
45.09
45.07
45.01
45.02
44.96
44.93
45.03
44.99
44.94
44.87
44.89
44.97
44.99
45.07
44.97
45.02
44.99
44.99
44.96
44.90
44.89
44.94
44.96
45.01
45.05
44.91
44.94
44.90
44.92
44.97
44.90
44.92
44.84
44.81
44.93
44.83
44.85
44.86
44.81
44.86
44.80
44.86
44.73
44.72
44.66
44.72
44.70
44.70
44.68
44.64
44.70
44.70
44.63
44.65
44.59
44.57
44.54
44.53
44.60
44.59
44.60
44.64
44.63
44.59
44.61
44.57
44.60
44.65
44.59
44.62
44.60
44.67
44.65
44.58
44.54
44.53
44.48
44.46
44.46
44.52
44.54
44.54
44.52
44.49
44.51
44.57
44.59
44.64
44.66
44.66
44.70
44.79
44.75
44.77
44.72
44.75
44.74
44.72
44.69
44.72
44.74
44.75
44.83
44.87
44.90
44.86
44.83
44.83
44.83
44.80
44.84
44.85
44.81
44.87
44.88
44.81
44.80
44.83
44.84
44.90
44.94
44.92
44.92
44.93
44.92
44.92
44.89
44.91
44.90
44.92
44.95
44.91
44.94
44.92
44.96
44.94
44.94
44.96
44.95
44.96
44.95
44.93
44.90
44.88
44.87
44.80
44.79
44.77
44.80
44.84
44.86
44.84
44.85
44.85
44.84
44.83
44.88
44.86
44.90
44.90
44.88
44.88
44.89
44.89
44.94
44.98
44.98
45.01
45.06
45.04
45.09
45.10
45.11
45.13
45.11
45.07
45.02
45.01
45.00
45.01
45.03
45.07
45.04
45.00
44.98
44.97
44.97
44.98
45.00
44.97
44.93
44.97
44.93
44.92
44.91
44.91
44.94
44.96
44.98
44.98
45.00
45.04
45.08
45.07
45.04
45.03
45.05
45.06
45.07
45.07
45.06
45.05
45.03
45.05
45.04
45.07
45.04
45.02
45.03
45.04
45.02
45.01
45.00
45.02
45.01
44.98
44.97
44.97
45.00
44.97
44.97
45.00
44.99
44.98
44.98
45.01
45.03
45.03
45.06
45.07
45.07
45.09
45.10
45.12
45.13
45.15
45.15
45.14
45.13
45.15
45.16
45.16
45.15
45.15
45.19
45.20
45.19
45.18
45.15
45.16
45.14
45.15
45.16
45.13
45.15
45.12
45.12
45.13
45.13
45.10
45.09
45.10
45.07
45.06
45.08
45.09
45.06
45.04
45.07
45.05
45.06
45.05
45.05
45.04
45.06
45.09
45.10
45.11
45.10
45.12
45.12
45.12
45.15
45.16
45.16
45.13
45.12
45.13
45.12
45.17
45.17
45.16
45.15
45.17
45.17
45.17
45.20
45.21
45.22
45.22
45.22
45.21
45.19
45.18
45.18
45.16
45.13
45.15
45.14
45.12
45.13
45.14
45.14
45.13
45.13
45.13
45.13
45.15
45.18
45.15
45.15
45.15
45.14
45.16
45.16
45.18
45.16
45.14
45.16
45.14
45.15
45.16
45.17
45.15
45.13
45.11
45.10
45.08
45.06
45.06
45.07
45.07
45.07
45.07
45.07
45.06
45.04
45.04
45.08
45.09
45.07
45.08
45.10
45.12
45.15
45.16
45.14
45.11
45.09
45.08
45.07
45.06
45.06
45.09
45.08
45.07
45.06
45.07
45.09
45.09
45.08
45.08
45.10
45.07
45.09
45.10
45.10
45.10
45.10
45.08
45.08
45.09
45.10
45.08
45.08
45.09
45.10
45.11
45.13
45.14
45.16
45.18
45.16
45.14
45.13
45.12
45.11
45.11
45.12
45.12
45.13
45.12
45.11
45.10
45.10
45.11
45.10
45.11
45.11
45.13
45.12
45.15
45.16
45.16
45.16
45.16
45.18
45.17
45.18
45.16
45.15
45.13
45.12
45.12
45.13
45.14
45.12
45.14
45.15
45.15
45.14
45.16
45.17
45.16
45.17
45.17
45.17
45.18
45.17
45.15
45.17
45.16
45.17
45.16
45.16
45.15
45.15
45.18
45.18
45.17
45.16
45.17
45.16
45.16
45.16
45.15
45.17
45.17
45.16
45.18
45.17
45.15
45.17
45.17
45.18
45.19
45.19
45.21
45.20
45.20
45.19
45.21
45.19
45.18
45.19
45.20
45.18
45.17
45.16
45.16
45.17
45.16
45.17
45.16
45.16
45.16
45.16
45.17
45.19
45.19
45.19
45.18
45.20
45.21
45.22
45.21
45.22
45.23
45.24
45.23
45.25
45.22
45.22
45.22
45.22
45.22
45.23
45.24
45.24
45.25
45.29
45.27
45.28
45.29
45.29
45.29
45.28
45.28
45.27
45.26
45.27
45.27
45.26
45.24
45.23
45.25
45.25
45.24
45.23
45.22
45.22
45.21
45.22
45.22
45.21
45.19
45.20
45.18
45.19
45.20
45.19
45.17
45.17
45.16
45.16
45.18
45.18
45.20
45.19
45.19
45.20
45.22
45.21
45.20
45.20
45.21
45.20
45.20
45.20
45.20
45.22
45.21
45.21
45.19
45.19
45.20
45.20
45.20
45.19
45.19
45.20
45.21
45.22
45.22
45.20
45.20
45.19
45.20
45.20
45.20
45.22
45.21
45.21
45.21
45.20
45.19
45.19
45.19
45.20
45.19
45.19
45.18
45.19
45.19
45.19
45.20
45.19
45.17
45.17
45.18
45.17
45.18
45.17
45.16
45.15
45.15
45.13
45.13
45.14
45.13
45.16
45.15
45.14
45.14
45.17
45.15
45.16
45.16
45.16
45.16
45.17
45.18
45.18
45.16
45.17
45.16
45.17
45.16
45.16
45.15
45.15
45.15
45.15
45.17
45.16
45.15
45.16
45.15
45.15
45.13
45.14
45.15
45.13
45.13
45.13
45.13
45.13
45.13
45.14
45.15
45.16
45.16
45.16
45.16
45.15
45.15
45.14
45.14
45.14
45.16
45.16
45.16
45.16
45.16
45.17
45.16
45.16
45.17
45.16
45.17
45.16
45.15
45.15
45.15
45.15
45.15
45.16
45.16
45.16
45.15
45.15
45.16
45.15
45.16
45.17
45.18
45.19
45.19
45.19
45.20
45.21
45.21
45.21
45.23
45.20
45.21
45.17
