82.81
78.91
79.17
79.30
78.75
79.43
79.69
80.27
80.56
80.16
80.68
80.47
80.89
81.03
81.46
81.84
80.88
81.34
81.50
81.88
81.77
81.61
81.66
81.51
81.81
81.55
81.66
81.47
81.52
81.51
81.50
81.30
81.16
81.07
81.25
81.16
81.08
80.96
80.81
80.74
80.79
80.77
80.45
80.47
80.52
80.43
80.32
80.44
80.29
80.41
80.55
80.38
80.40
80.50
80.45
80.52
80.73
80.66
80.59
80.49
80.53
80.52
80.46
80.40
80.38
80.30
80.34
80.33
80.32
80.22
80.24
80.21
80.12
80.13
80.12
80.18
80.11
80.13
80.24
80.25
80.32
80.37
80.33
80.28
80.26
80.14
80.17
80.08
80.06
79.95
80.07
80.04
79.99
79.99
80.02
80.01
79.98
79.99
80.02
79.95
79.86
79.72
79.78
79.76
79.78
79.75
79.73
79.75
79.74
79.74
79.77
79.67
79.69
79.66
79.63
79.71
79.70
79.74
79.75
79.74
79.69
79.75
79.73
79.73
79.72
79.68
79.55
79.58
79.58
79.57
79.56
79.55
79.50
79.49
79.47
79.53
79.54
79.60
79.63
79.60
79.58
79.61
79.58
79.61
79.62
79.67
79.72
79.72
79.70
79.73
79.70
79.69
79.73
79.71
79.76
79.77
79.72
79.76
79.76
79.78
79.79
79.82
79.77
79.74
79.71
79.66
79.62
79.64
79.67
79.63
79.61
79.61
79.62
79.65
79.70
79.70
79.71
79.72
79.70
79.69
79.72
79.74
79.78
79.78
79.79
79.82
79.78
79.80
79.80
79.80
79.80
79.80
79.75
79.74
79.75
79.77
79.72
79.73
79.72
79.70
79.74
79.74
79.70
79.71
79.70
79.69
79.73
79.75
79.74
79.73
79.71
79.75
79.76
79.73
79.72
79.71
79.69
79.68
79.66
79.68
79.71
79.67
79.69
79.69
79.66
79.67
79.67
79.67
79.66
79.67
79.67
79.70
79.69
79.71
79.70
79.69
79.69
79.65
79.64
79.63
79.67
79.66
79.69
79.71
79.71
79.71
79.73
79.71
79.72
79.74
79.74
79.73
79.74
79.75
79.74
79.75
79.75
79.77
79.78
79.78
79.79
79.80
79.78
79.77
79.77
79.79
79.79
79.78
79.76
79.76
79.77
79.74
79.72
79.69
79.70
79.70
79.69
79.67
79.68
79.68
79.67
79.64
79.62
79.60
79.59
79.58
79.59
79.61
79.62
79.61
79.60
79.59
79.59
79.58
79.59
79.61
79.62
79.61
79.60
79.61
79.63
79.63
79.64
79.64
79.62
79.62
79.63
79.64
79.64
79.65
79.65
79.64
79.61
79.64
79.67
79.67
79.68
79.68
79.68
79.68
79.68
79.71
79.70
79.68
79.67
79.67
79.66
79.64
79.63
79.63
79.63
79.63
79.59
79.59
79.58
79.59
79.59
79.60
79.58
79.58
79.59
79.59
79.57
79.57
79.58
79.58
79.58
79.60
79.62
79.63
79.61
79.60
79.61
79.63
79.63
79.64
79.66
79.65
79.64
79.65
79.67
79.66
79.67
79.68
79.67
79.67
79.65
79.65
79.66
79.69
79.68
79.69
79.71
79.70
79.68
79.68
79.65
79.63
79.64
79.64
79.65
79.65
79.66
79.67
79.68
79.66
79.66
79.65
79.64
79.66
79.65
79.63
79.64
79.63
79.63
79.62
79.61
79.59
79.61
79.62
79.60
79.59
79.58
79.55
79.52
79.50
79.48
79.49
79.51
79.49
79.48
79.49
79.48
79.48
79.50
79.48
79.50
79.49
79.50
79.51
79.52
79.53
79.54
79.55
79.55
79.56
79.56
79.56
79.56
79.57
79.56
79.56
79.58
79.57
79.55
79.54
79.53
79.53
79.52
79.54
79.54
79.54
79.54
79.53
79.52
79.52
79.52
79.54
79.52
79.53
79.54
79.54
79.55
79.56
79.55
79.53
79.53
79.55
79.55
79.54
79.54
79.55
79.54
79.53
79.53
79.53
79.53
79.50
79.51
79.52
79.50
79.51
79.51
79.53
79.53
79.53
79.53
79.54
79.53
79.54
79.52
79.51
79.51
79.50
79.50
79.50
79.49
79.49
79.50
79.51
79.51
79.49
79.49
79.49
79.49
79.49
79.50
79.49
79.51
79.51
79.50
79.49
79.48
79.50
79.49
79.48
79.49
79.49
79.49
79.47
79.48
79.47
79.47
79.47
79.48
79.48
79.46
79.43
79.45
79.45
79.44
79.44
79.44
79.43
79.43
79.42
79.41
79.41
79.42
79.42
79.43
79.43
79.45
79.46
79.46
79.48
79.49
79.50
79.50
79.51
79.51
79.49
79.48
79.48
79.48
79.48
79.49
79.49
79.48
79.50
79.49
79.48
79.48
79.49
79.49
79.49
79.50
79.51
79.53
79.53
79.53
79.53
79.53
79.54
79.53
79.52
79.53
79.51
79.53
79.52
79.53
79.53
79.52
79.53
79.52
79.52
79.53
79.53
79.53
79.54
79.54
79.55
79.55
79.54
79.55
79.56
79.56
79.57
79.55
79.55
79.55
79.56
79.56
79.56
79.59
79.59
79.60
79.60
79.58
79.59
79.58
79.60
79.61
79.62
79.63
79.63
79.63
79.62
79.62
79.61
79.61
79.60
79.59
79.59
79.60
79.60
79.58
79.58
79.58
79.58
79.59
79.59
79.60
79.59
79.58
79.58
79.57
79.58
79.59
79.59
79.60
79.59
79.60
79.60
79.58
79.57
79.56
79.57
79.57
79.57
79.58
79.58
79.58
79.58
79.58
79.58
79.58
79.58
79.58
79.57
79.58
79.58
79.58
79.58
79.57
79.57
79.57
79.57
79.55
79.55
79.55
79.54
79.53
79.53
79.53
79.54
79.54
79.53
79.53
79.54
79.53
79.52
79.52
79.52
79.52
79.53
79.53
79.53
79.53
79.53
79.54
79.54
79.54
79.53
79.53
79.51
79.52
79.53
79.53
79.54
79.55
79.55
79.55
79.55
79.55
79.55
79.56
79.56
79.55
79.55
79.55
79.54
79.53
79.53
79.51
79.52
79.52
79.53
79.53
79.52
79.51
79.50
79.51
79.50
79.49
79.50
79.48
79.49
79.50
79.51
79.50
79.49
79.49
79.49
79.48
79.48
79.49
79.49
79.49
79.49
79.49
79.49
79.49
79.49
79.49
79.48
79.49
79.50
79.49
79.50
79.49
79.50
79.51
79.50
79.50
79.52
79.53
79.52
79.51
79.50
79.51
79.51
79.51
79.51
79.50
79.51
79.52
79.51
79.52
79.52
79.52
79.52
79.51
79.51
79.51
79.51
79.51
79.51
79.51
79.50
79.49
79.50
79.50
79.49
79.49
79.49
79.48
79.49
79.48
79.47
79.48
79.40
