84.38
78.91
79.69
79.69
80.62
80.47
81.47
80.66
79.34
78.91
79.83
79.56
80.29
80.13
80.52
80.66
80.42
80.64
81.09
80.78
80.73
80.75
80.77
80.79
80.94
81.31
81.13
81.03
80.98
80.83
81.10
81.10
81.25
81.11
81.12
81.08
81.25
81.33
81.05
81.33
81.36
81.51
81.43
81.43
81.35
81.32
81.25
81.12
80.93
80.81
80.79
80.83
80.75
80.79
80.88
80.83
80.95
81.03
81.04
81.02
80.94
80.90
80.88
81.03
81.11
81.06
81.02
81.11
81.23
81.27
81.16
81.23
81.23
81.25
81.27
81.25
81.29
81.23
81.17
81.21
81.27
81.31
81.36
81.38
81.34
81.29
81.29
81.25
81.18
81.13
81.15
81.15
81.17
81.20
81.05
81.05
81.02
81.04
81.01
81.03
81.05
81.00
81.04
81.05
81.06
81.06
80.93
80.80
80.79
80.72
80.67
80.69
80.66
80.63
80.61
80.67
80.66
80.67
80.71
80.78
80.69
80.66
80.69
80.62
80.59
80.61
80.60
80.55
80.52
80.54
80.56
80.62
80.66
80.68
80.74
80.70
80.70
80.67
80.65
80.69
80.68
80.64
80.64
80.58
80.55
80.47
80.41
80.43
80.41
80.38
80.39
80.38
80.37
80.34
80.33
80.39
80.36
80.37
80.34
80.35
80.35
80.33
80.37
80.37
80.36
80.33
80.33
80.35
80.34
80.30
80.33
80.32
80.32
80.34
80.34
80.37
80.36
80.39
80.39
80.40
80.40
80.37
80.41
80.40
80.37
80.42
80.46
80.51
80.55
80.56
80.52
80.53
80.51
80.47
80.44
80.48
80.50
80.51
80.48
80.49
80.49
80.45
80.44
80.46
80.47
80.47
80.46
80.43
80.46
80.48
80.48
80.45
80.47
80.50
80.48
80.48
80.47
80.48
80.48
80.45
80.49
80.46
80.47
80.48
80.48
80.50
80.53
80.50
80.48
80.52
80.53
80.52
80.50
80.50
80.49
80.47
80.47
80.45
80.46
80.44
80.47
80.47
80.41
80.39
80.35
80.33
80.34
80.37
80.35
80.36
80.34
80.38
80.35
80.36
80.35
80.36
80.36
80.40
80.41
80.41
80.41
80.37
80.36
80.37
80.37
80.37
80.40
80.42
80.41
80.42
80.43
80.43
80.41
80.42
80.39
80.39
80.39
80.40
80.39
80.40
80.43
80.43
80.44
80.42
80.42
80.38
80.36
80.33
80.33
80.30
80.29
80.31
80.32
80.34
80.34
80.34
80.34
80.32
80.30
80.29
80.30
80.31
80.30
80.29
80.30
80.29
80.30
80.32
80.30
80.29
80.31
80.32
80.32
80.32
80.33
80.32
80.30
80.30
80.26
80.26
80.27
80.27
80.26
80.26
80.20
80.19
80.17
80.14
80.17
80.16
80.16
80.17
80.18
80.17
80.19
80.18
80.20
80.21
80.22
80.22
80.23
80.25
80.25
80.23
80.24
80.25
80.25
80.25
80.26
80.27
80.28
80.28
80.31
80.31
80.34
80.34
80.34
80.32
80.34
80.36
80.35
80.34
80.34
80.36
80.36
80.37
80.35
80.35
80.35
80.31
80.31
80.31
80.32
80.33
80.34
80.34
80.33
80.33
80.32
80.32
80.31
80.32
80.34
80.34
80.35
80.34
80.33
80.34
80.35
80.37
80.37
80.39
80.38
80.40
80.40
80.37
80.38
80.37
80.37
80.36
80.35
80.34
80.34
80.33
80.34
80.35
80.36
80.35
80.36
80.38
80.38
80.36
80.35
80.35
80.37
80.34
80.34
80.34
80.35
80.35
80.35
80.37
80.36
80.35
80.36
80.36
80.34
80.35
80.35
80.36
80.37
80.37
80.38
80.39
80.40
80.39
80.40
80.41
80.41
80.41
80.40
80.39
80.39
80.39
80.39
80.40
80.41
80.43
80.43
80.43
80.43
80.43
80.43
80.43
80.45
80.46
80.46
80.45
80.45
80.45
80.45
80.45
80.43
80.43
80.42
80.40
80.39
80.40
80.40
80.41
80.41
80.39
80.39
80.39
80.37
80.37
80.36
80.35
80.35
80.34
80.34
80.35
80.34
80.34
80.34
80.34
80.34
80.34
80.35
80.34
80.36
80.37
80.36
80.37
80.36
80.35
80.35
80.36
80.35
80.37
80.36
80.36
80.35
80.34
80.33
80.34
80.33
80.35
80.36
80.36
80.35
80.34
80.35
80.35
80.33
80.33
80.33
80.33
80.32
80.34
80.35
80.34
80.34
80.33
80.35
80.34
80.35
80.34
80.35
80.35
80.33
80.34
80.32
80.32
80.32
80.33
80.32
80.32
80.34
80.35
80.33
80.34
80.34
80.35
80.35
80.35
80.33
80.31
80.31
80.31
80.31
80.30
80.31
80.31
80.32
80.32
80.29
80.30
80.29
80.29
80.29
80.29
80.28
80.29
80.29
80.29
80.30
80.30
80.29
80.31
80.29
80.29
80.28
80.28
80.28
80.29
80.29
80.30
80.32
80.30
80.30
80.28
80.29
80.29
80.30
80.31
80.32
80.30
80.31
80.30
80.30
80.32
80.32
80.32
80.32
80.32
80.32
80.34
80.34
80.33
80.33
80.34
80.34
80.34
80.34
80.36
80.37
80.37
80.38
80.39
80.39
80.40
80.41
80.40
80.38
80.39
80.39
80.39
80.38
80.39
80.39
80.40
80.40
80.39
80.39
80.39
80.40
80.40
80.40
80.40
80.41
80.40
80.40
80.40
80.39
80.39
80.40
80.40
80.40
80.39
80.39
80.40
80.41
80.42
80.42
80.42
80.42
80.42
80.42
80.41
80.41
80.41
80.39
80.39
80.41
80.42
80.41
80.41
80.42
80.41
80.41
80.41
80.41
80.40
80.39
80.39
80.39
80.38
80.38
80.38
80.38
80.39
80.39
80.39
80.37
80.36
80.35
80.36
80.36
80.37
80.36
80.36
80.35
80.36
80.35
80.33
80.34
80.33
80.33
80.32
80.33
80.32
80.32
80.33
80.33
80.33
80.33
80.33
80.33
80.34
80.33
80.34
80.33
80.32
80.34
80.34
80.33
80.32
80.32
80.31
80.30
80.30
80.30
80.29
80.29
80.30
80.30
80.28
80.29
80.29
80.28
80.28
80.29
80.29
80.28
80.28
80.29
80.28
80.29
80.29
80.29
80.28
80.27
80.27
80.27
80.27
80.27
80.26
80.26
80.26
80.26
80.27
80.28
80.28
80.27
80.28
80.28
80.27
80.26
80.26
80.25
80.26
80.26
80.27
80.28
80.28
80.28
80.28
80.28
80.27
80.27
80.27
80.27
80.27
80.28
80.28
80.28
80.29
80.28
80.28
80.28
80.27
80.27
80.28
80.27
80.27
80.27
80.27
80.27
80.27
80.26
80.19
