70.31
75.78
77.60
77.73
75.62
76.56
74.55
74.41
75.17
74.69
73.44
74.22
73.56
74.11
74.48
74.51
74.91
75.17
75.25
75.55
75.67
75.85
75.88
75.65
75.62
75.30
75.52
75.39
75.11
75.26
75.55
75.83
75.90
76.15
76.21
76.61
76.60
76.69
76.68
76.80
76.87
76.90
77.14
76.95
76.63
76.60
76.40
76.43
76.28
76.16
76.16
76.17
76.21
76.19
76.05
76.03
76.10
76.05
76.09
76.17
76.18
76.13
76.19
76.20
76.25
76.14
76.17
76.26
76.27
76.18
76.19
76.22
76.13
75.97
76.02
75.95
75.93
75.90
75.93
75.98
75.96
75.93
75.85
75.86
75.77
75.71
75.68
75.59
75.70
75.68
75.74
75.85
75.94
75.91
75.89
75.85
75.93
75.81
75.80
75.75
75.70
75.70
75.79
75.75
75.77
75.81
75.83
75.88
75.89
75.89
75.86
75.84
75.95
75.99
75.99
76.01
76.04
76.01
76.08
76.04
76.06
76.05
76.08
76.08
76.12
76.10
76.18
76.10
76.09
76.08
76.01
76.05
76.07
76.06
76.02
75.99
76.00
75.94
75.96
75.98
75.98
75.92
75.90
75.86
75.86
75.90
75.88
75.91
75.85
75.90
75.86
75.89
75.87
75.84
75.86
75.81
75.81
75.80
75.81
75.80
75.82
75.84
75.79
75.82
75.85
75.86
75.86
75.86
75.92
75.90
75.88
75.88
75.86
75.82
75.78
75.76
75.73
75.71
75.67
75.66
75.71
75.70
75.64
75.68
75.72
75.77
75.80
75.81
75.81
75.80
75.79
75.83
75.87
75.88
75.87
75.90
75.90
75.88
75.85
75.85
75.86
75.87
75.86
75.85
75.85
75.90
75.91
75.89
75.90
75.91
75.93
75.97
75.96
76.00
76.01
75.94
75.89
75.91
75.93
75.95
75.97
75.96
75.93
75.93
75.94
75.90
75.91
75.95
75.94
75.95
75.93
75.94
75.95
75.93
75.91
75.93
75.94
75.92
75.92
75.95
75.92
75.91
75.91
75.91
75.93
75.92
75.96
75.99
76.02
75.98
75.95
75.96
75.93
75.92
75.93
75.92
75.94
75.95
75.94
75.91
75.93
75.92
75.93
75.92
75.88
75.91
75.91
75.91
75.93
75.95
75.92
75.92
75.90
75.87
75.89
75.90
75.90
75.90
75.88
75.86
75.88
75.86
75.88
75.86
75.86
75.85
75.84
75.85
75.87
75.85
75.82
75.84
75.86
75.87
75.86
75.82
75.84
75.83
75.82
75.81
75.81
75.81
75.84
75.85
75.85
75.83
75.83
75.82
75.82
75.83
75.84
75.85
75.85
75.85
75.86
75.84
75.83
75.82
75.82
75.81
75.76
75.75
75.74
75.72
75.73
75.73
75.75
75.74
75.74
75.75
75.74
75.76
75.75
75.74
75.72
75.72
75.71
75.71
75.72
75.72
75.75
75.74
75.74
75.76
75.77
75.78
75.77
75.75
75.74
75.71
75.70
75.71
75.71
75.71
75.70
75.70
75.70
75.69
75.68
75.66
75.67
75.66
75.65
75.67
75.67
75.69
75.68
75.68
75.70
75.71
75.71
75.70
75.71
75.71
75.70
75.70
75.68
75.67
75.67
75.67
75.66
75.65
75.61
75.62
75.61
75.61
75.62
75.62
75.63
75.63
75.66
75.67
75.66
75.67
75.66
75.67
75.67
75.68
75.67
75.65
75.65
75.66
75.67
75.66
75.65
75.65
75.61
75.60
75.60
75.59
75.59
75.61
75.60
75.59
75.59
75.62
75.60
75.61
75.61
75.60
75.59
75.59
75.60
75.62
75.63
75.62
75.61
75.61
75.60
75.60
75.61
75.62
75.61
75.60
75.62
75.62
75.63
75.63
75.63
75.62
75.61
75.63
75.63
75.64
75.63
75.64
75.64
75.63
75.64
75.62
75.61
75.61
75.61
75.60
75.60
75.59
75.58
75.60
75.59
75.59
75.60
75.59
75.58
75.58
75.58
75.57
75.58
75.58
75.57
75.55
75.55
75.54
75.54
75.54
75.55
75.56
75.56
75.56
75.57
75.57
75.55
75.53
75.53
75.51
75.52
75.52
75.53
75.52
75.52
75.52
75.52
75.50
75.50
75.50
75.50
75.51
75.51
75.50
75.49
75.50
75.50
75.50
75.52
75.52
75.52
75.52
75.52
75.54
75.53
75.53
75.53
75.52
75.51
75.51
75.51
75.51
75.51
75.51
75.50
75.50
75.49
75.48
75.49
75.51
75.51
75.51
75.51
75.52
75.51
75.53
75.53
75.53
75.54
75.56
75.55
75.55
75.55
75.53
75.54
75.55
75.55
75.56
75.55
75.55
75.56
75.54
75.56
75.54
75.55
75.55
75.55
75.56
75.55
75.54
75.55
75.56
75.56
75.55
75.56
75.57
75.58
75.56
75.58
75.58
75.56
75.57
75.57
75.57
75.56
75.55
75.54
75.54
75.53
75.52
75.53
75.55
75.55
75.56
75.55
75.55
75.55
75.56
75.55
75.54
75.54
75.54
75.55
75.54
75.55
75.54
75.53
75.54
75.53
75.52
75.51
75.52
75.52
75.51
75.52
75.51
75.51
75.51
75.53
75.52
75.52
75.52
75.52
75.53
75.53
75.53
75.53
75.54
75.55
75.54
75.54
75.53
75.54
75.53
75.53
75.53
75.54
75.55
75.56
75.56
75.57
75.56
75.56
75.55
75.56
75.53
75.53
75.54
75.55
75.54
75.55
75.56
75.55
75.55
75.55
75.57
75.56
75.56
75.57
75.56
75.55
75.55
75.54
75.54
75.53
75.54
75.54
75.56
75.55
75.55
75.56
75.57
75.56
75.56
75.55
75.57
75.57
75.57
75.58
75.57
75.56
75.57
75.57
75.59
75.59
75.59
75.58
75.59
75.60
75.61
75.61
75.61
75.61
75.62
75.62
75.61
75.61
75.61
75.62
75.61
75.61
75.60
75.61
75.60
75.59
75.60
75.59
75.59
75.59
75.59
75.59
75.58
75.58
75.57
75.58
75.58
75.57
75.58
75.58
75.58
75.58
75.60
75.60
75.60
75.59
75.59
75.58
75.59
75.59
75.59
75.58
75.57
75.58
75.58
75.58
75.58
75.57
75.57
75.58
75.60
75.60
75.61
75.61
75.61
75.61
75.60
75.60
75.61
75.62
75.62
75.61
75.61
75.63
75.62
75.63
75.63
75.63
75.63
75.63
75.64
75.63
75.63
75.63
75.63
75.63
75.61
75.62
75.61
75.62
75.61
75.62
75.63
75.63
75.62
75.63
75.63
75.63
75.65
75.65
75.66
75.66
75.64
75.65
75.63
75.63
75.62
75.62
75.62
75.62
75.62
75.62
75.61
75.62
75.62
75.63
75.64
75.65
75.57
