76.56
75.78
77.60
76.95
76.56
77.86
78.57
77.73
78.65
79.06
79.55
78.78
78.49
78.24
78.65
78.42
78.12
78.47
78.29
78.20
77.90
77.84
77.72
78.06
78.00
78.49
78.47
78.35
78.45
78.33
78.63
78.66
78.79
78.68
78.79
78.73
78.84
78.62
78.41
78.52
78.81
78.76
78.67
78.73
78.99
79.01
79.19
79.20
79.27
79.22
79.29
79.24
79.19
79.11
79.06
79.02
79.00
79.07
79.10
79.22
79.20
79.16
79.17
79.10
79.06
79.14
79.10
79.23
79.39
79.31
79.31
79.23
79.22
79.27
79.15
79.24
79.26
79.23
79.21
79.22
79.21
79.33
79.31
79.30
79.25
79.29
79.29
79.30
79.32
79.41
79.24
79.25
79.25
79.31
79.39
79.44
79.53
79.51
79.53
79.56
79.58
79.55
79.48
79.48
79.48
79.51
79.51
79.56
79.50
79.47
79.48
79.38
79.42
79.45
79.50
79.47
79.43
79.38
79.31
79.21
79.27
79.28
79.34
79.31
79.31
79.37
79.37
79.38
79.34
79.31
79.33
79.26
79.22
79.26
79.26
79.26
79.19
79.21
79.23
79.24
79.28
79.27
79.28
79.25
79.28
79.28
79.28
79.33
79.32
79.33
79.38
79.42
79.39
79.37
79.29
79.24
79.22
79.18
79.22
79.26
79.29
79.34
79.30
79.34
79.29
79.25
79.21
79.12
79.10
79.15
79.15
79.16
79.16
79.13
79.13
79.12
79.14
79.14
79.13
79.10
79.05
79.06
79.07
79.10
79.13
79.12
79.12
79.16
79.17
79.19
79.20
79.21
79.25
79.22
79.19
79.19
79.16
79.13
79.14
79.13
79.15
79.15
79.13
79.14
79.15
79.19
79.19
79.18
79.19
79.17
79.15
79.16
79.12
79.13
79.11
79.12
79.11
79.15
79.18
79.18
79.17
79.17
79.22
79.23
79.25
79.25
79.27
79.30
79.31
79.33
79.30
79.29
79.29
79.27
79.32
79.30
79.27
79.25
79.27
79.24
79.21
79.23
79.21
79.18
79.18
79.14
79.11
79.06
79.05
79.04
79.05
79.07
79.09
79.08
79.10
79.10
79.13
79.11
79.09
79.07
79.07
79.09
79.07
79.04
79.05
79.06
79.06
79.06
79.04
79.06
79.05
79.08
79.08
79.09
79.13
79.13
79.12
79.11
79.13
79.07
79.08
79.11
79.12
79.08
79.08
79.09
79.09
79.10
79.07
79.09
79.09
79.10
79.10
79.10
79.09
79.08
79.11
79.08
79.10
79.10
79.11
79.10
79.13
79.11
79.12
79.12
79.09
79.09
79.10
79.09
79.08
79.10
79.09
79.08
79.08
79.09
79.13
79.12
79.13
79.14
79.14
79.14
79.13
79.12
79.09
79.09
79.10
79.11
79.10
79.13
79.10
79.10
79.09
79.10
79.12
79.10
79.10
79.10
79.12
79.12
79.11
79.12
79.12
79.14
79.15
79.17
79.17
79.18
79.19
79.17
79.17
79.15
79.16
79.14
79.17
79.16
79.17
79.18
79.18
79.18
79.19
79.21
79.21
79.22
79.22
79.23
79.24
79.23
79.26
79.26
79.27
79.27
79.29
79.29
79.29
79.29
79.28
79.26
79.25
79.23
79.23
79.23
79.23
79.24
79.26
79.25
79.26
79.26
79.27
79.28
79.31
79.32
79.32
79.33
79.32
79.33
79.34
79.35
79.33
79.34
79.33
79.33
79.33
79.32
79.32
79.33
79.32
79.30
79.31
79.31
79.30
79.30
79.30
79.29
79.30
79.30
79.29
79.29
79.28
79.25
79.23
79.21
79.23
79.23
79.24
79.25
79.27
79.26
79.26
79.27
79.27
79.26
79.27
79.27
79.26
79.26
79.27
79.28
79.28
79.27
79.27
79.28
79.27
79.25
79.26
79.23
79.24
79.22
79.23
79.23
79.23
79.25
79.25
79.26
79.27
79.26
79.26
79.25
79.26
79.25
79.25
79.26
79.25
79.24
79.25
79.25
79.24
79.26
79.27
79.28
79.28
79.28
79.28
79.27
79.25
79.26
79.26
79.26
79.26
79.25
79.26
79.26
79.27
79.26
79.28
79.27
79.28
79.28
79.30
79.29
79.28
79.28
79.27
79.25
79.25
79.25
79.23
79.24
79.25
79.25
79.25
79.25
79.26
79.24
79.24
79.26
79.26
79.26
79.26
79.25
79.25
79.24
79.24
79.27
79.27
79.27
79.28
79.29
79.29
79.29
79.29
79.29
79.30
79.31
79.31
79.31
79.31
79.32
79.33
79.32
79.32
79.33
79.32
79.31
79.30
79.30
79.31
79.31
79.32
79.33
79.34
79.32
79.32
79.31
79.32
79.30
79.30
79.30
79.30
79.30
79.29
79.30
79.30
79.30
79.30
79.30
79.30
79.30
79.30
79.31
79.30
79.29
79.29
79.30
79.30
79.30
79.30
79.30
79.29
79.31
79.31
79.32
79.32
79.32
79.32
79.32
79.32
79.31
79.32
79.32
79.32
79.33
79.33
79.32
79.32
79.32
79.32
79.32
79.32
79.33
79.33
79.33
79.33
79.34
79.34
79.34
79.34
79.35
79.35
79.34
79.34
79.33
79.34
79.33
79.32
79.31
79.31
79.30
79.29
79.28
79.29
79.29
79.31
79.30
79.28
79.29
79.29
79.29
79.30
79.30
79.30
79.27
79.27
79.26
79.26
79.26
79.24
79.24
79.24
79.24
79.24
79.23
79.23
79.23
79.23
79.23
79.23
79.24
79.23
79.23
79.24
79.25
79.24
79.23
79.23
79.22
79.22
79.23
79.23
79.24
79.25
79.26
79.26
79.27
79.26
79.26
79.26
79.25
79.24
79.23
79.24
79.24
79.23
79.22
79.22
79.23
79.21
79.21
79.21
79.21
79.22
79.22
79.23
79.22
79.22
79.22
79.22
79.22
79.22
79.22
79.22
79.21
79.21
79.21
79.21
79.21
79.22
79.23
79.23
79.23
79.24
79.25
79.26
79.26
79.26
79.26
79.26
79.27
79.26
79.25
79.24
79.24
79.23
79.24
79.24
79.24
79.25
79.24
79.24
79.24
79.23
79.24
79.24
79.24
79.24
79.26
79.25
79.27
79.27
79.26
79.26
79.27
79.28
79.27
79.27
79.27
79.27
79.28
79.28
79.27
79.27
79.28
79.28
79.28
79.28
79.29
79.30
79.29
79.28
79.28
79.28
79.26
79.25
79.25
79.26
79.26
79.27
79.28
79.27
79.27
79.26
79.26
79.26
79.26
79.26
79.28
79.28
79.27
79.28
79.28
79.29
79.28
79.29
79.29
79.29
79.28
79.28
79.28
79.28
79.27
79.27
79.26
79.27
79.26
79.27
79.27
79.27
79.27
79.27
79.26
79.28
79.19
