73.44
75.00
75.52
72.27
72.50
74.48
74.11
75.00
74.13
75.00
74.86
74.74
74.64
75.00
75.52
75.88
76.01
76.39
76.40
76.64
76.41
76.49
76.56
76.76
76.94
77.04
77.60
77.73
77.86
78.12
77.87
77.78
77.70
77.80
77.59
77.60
77.53
77.71
77.84
77.93
78.16
78.31
78.45
78.52
78.33
78.43
78.29
78.45
78.28
78.31
78.43
78.55
78.63
78.62
78.49
78.52
78.51
78.37
78.44
78.15
78.12
78.18
78.25
78.17
78.20
78.36
78.33
78.31
78.26
78.21
78.15
78.15
78.10
78.08
78.02
77.96
77.86
77.96
77.93
77.81
77.87
77.82
77.77
77.75
77.79
77.82
77.86
77.89
77.83
77.85
77.82
77.87
77.84
77.93
78.04
77.98
77.93
77.98
77.98
77.97
77.89
77.91
77.90
77.85
77.84
77.89
77.95
77.92
77.90
77.88
77.91
77.86
77.88
77.86
77.89
77.88
77.82
77.87
77.89
77.89
77.88
77.88
77.87
77.82
77.81
77.81
77.85
77.82
77.85
77.88
77.90
77.88
77.89
77.90
77.79
77.76
77.77
77.77
77.81
77.77
77.81
77.82
77.82
77.83
77.81
77.79
77.81
77.78
77.80
77.87
77.87
77.89
77.87
77.90
77.85
77.83
77.83
77.82
77.84
77.84
77.80
77.82
77.87
77.80
77.79
77.78
77.81
77.77
77.77
77.76
77.75
77.73
77.75
77.77
77.79
77.82
77.82
77.85
77.91
77.95
77.95
78.00
78.01
77.98
77.96
77.95
77.96
77.98
77.96
78.01
78.04
78.04
78.08
78.10
78.08
78.09
78.09
78.10
78.07
78.02
78.01
78.02
78.00
78.00
78.02
78.03
78.05
78.01
78.02
78.01
78.01
77.96
77.90
77.92
77.92
77.91
77.92
77.95
77.95
77.93
77.93
77.90
77.84
77.85
77.86
77.88
77.89
77.90
77.89
77.85
77.88
77.90
77.90
77.88
77.90
77.90
77.90
77.88
77.88
77.91
77.92
77.91
77.94
77.95
77.95
77.93
77.91
77.89
77.88
77.91
77.90
77.90
77.91
77.92
77.89
77.87
77.85
77.85
77.88
77.90
77.89
77.92
77.92
77.92
77.94
77.91
77.89
77.86
77.89
77.88
77.88
77.90
77.91
77.91
77.88
77.92
77.90
77.89
77.88
77.89
77.88
77.87
77.84
77.83
77.86
77.83
77.80
77.81
77.82
77.82
77.80
77.78
77.80
77.83
77.81
77.79
77.82
77.82
77.83
77.83
77.86
77.81
77.80
77.84
77.83
77.86
77.88
77.85
77.85
77.83
77.83
77.83
77.83
77.82
77.82
77.83
77.82
77.83
77.80
77.81
77.80
77.78
77.80
77.77
77.75
77.73
77.75
77.75
77.73
77.74
77.76
77.78
77.79
77.81
77.80
77.79
77.81
77.83
77.80
77.77
77.79
77.83
77.84
77.85
77.84
77.85
77.84
77.83
77.85
77.84
77.84
77.82
77.84
77.84
77.83
77.84
77.87
77.86
77.87
77.87
77.86
77.89
77.92
77.93
77.94
77.96
77.96
77.96
77.96
77.96
77.96
77.95
77.96
77.97
77.98
77.98
77.99
77.97
77.97
77.97
77.97
77.97
77.97
77.95
77.96
77.93
77.93
77.95
77.95
77.96
77.97
77.97
77.96
77.97
77.99
77.99
77.98
78.00
77.98
77.98
77.98
77.96
77.96
77.97
77.99
77.98
77.98
77.97
77.94
77.94
77.92
77.91
77.92
77.92
77.91
77.93
77.94
77.93
77.94
77.94
77.94
77.95
77.94
77.96
77.95
77.95
77.97
77.97
77.96
77.96
77.96
77.97
77.96
77.98
78.00
78.01
78.01
78.01
77.99
77.99
77.99
78.00
78.00
78.00
77.98
77.98
77.97
77.97
77.99
78.00
78.00
78.00
78.01
78.01
78.01
77.98
77.98
78.00
77.98
77.99
78.00
78.00
78.00
78.01
78.00
78.00
78.00
78.00
78.00
77.99
77.99
78.00
78.01
78.02
78.02
78.02
78.02
78.04
78.02
78.02
78.01
78.01
78.01
78.02
78.01
78.02
78.02
78.02
78.03
78.02
78.04
78.06
78.06
78.06
78.07
78.07
78.06
78.08
78.08
78.07
78.08
78.09
78.09
78.08
78.08
78.08
78.09
78.09
78.09
78.07
78.07
78.07
78.07
78.06
78.05
78.06
78.07
78.08
78.07
78.06
78.08
78.08
78.08
78.10
78.11
78.12
78.12
78.11
78.10
78.11
78.12
78.12
78.09
78.09
78.09
78.09
78.09
78.08
78.08
78.08
78.06
78.06
78.07
78.04
78.04
78.04
78.03
78.03
78.01
78.01
78.03
78.03
78.04
78.03
78.04
78.04
78.02
78.00
77.99
77.99
77.99
78.00
77.99
77.98
77.99
77.99
78.00
78.00
78.01
78.01
78.02
78.02
78.01
78.01
78.01
78.01
78.01
78.00
78.00
77.98
77.99
78.00
77.99
77.98
77.97
77.98
77.98
77.99
77.98
77.98
77.97
77.97
77.97
77.95
77.96
77.96
77.98
77.97
77.97
77.96
77.96
77.97
77.98
77.99
77.99
77.99
77.99
77.99
77.99
78.00
77.99
77.99
77.99
77.99
77.98
77.98
77.98
77.97
77.98
77.99
77.98
77.98
77.98
77.98
77.97
77.99
77.99
77.99
77.99
77.99
77.99
77.98
77.98
77.98
77.98
77.96
77.96
77.97
77.96
77.97
77.97
77.96
77.96
77.95
77.95
77.96
77.95
77.95
77.95
77.94
77.94
77.94
77.95
77.96
77.96
77.98
77.98
77.97
77.96
77.97
77.98
77.98
77.98
77.96
77.97
77.96
77.96
77.96
77.96
77.95
77.94
77.95
77.95
77.95
77.93
77.94
77.93
77.93
77.92
77.92
77.92
77.91
77.92
77.91
77.91
77.91
77.92
77.93
77.94
77.94
77.94
77.95
77.94
77.95
77.96
77.96
77.97
77.97
77.96
77.97
77.98
77.97
77.98
77.97
77.97
77.97
77.97
77.96
77.95
77.96
77.96
77.96
77.96
77.96
77.96
77.96
77.96
77.96
77.98
77.98
77.97
77.97
77.97
77.97
77.97
77.96
77.97
77.98
77.98
77.99
77.99
77.98
77.97
77.97
77.99
77.99
78.00
78.00
78.00
77.99
77.99
78.00
78.00
78.01
78.01
78.01
78.01
78.01
78.01
78.01
78.01
78.01
78.02
78.02
78.02
78.03
78.04
78.03
78.03
78.03
78.04
78.04
78.03
78.04
78.05
78.05
78.06
78.06
78.07
78.07
78.07
78.07
78.07
78.07
78.07
78.08
78.08
78.08
78.08
78.08
78.08
78.01
