85.94
85.16
82.81
81.25
80.94
79.69
79.69
80.27
79.86
79.84
79.40
80.21
81.01
81.58
81.77
81.64
81.62
81.68
81.33
81.09
80.65
80.75
80.57
80.60
81.06
80.83
80.79
80.41
80.39
80.42
80.14
80.18
80.49
80.38
80.31
80.12
80.15
80.30
80.29
80.39
80.18
80.13
80.23
80.11
80.21
80.20
80.05
80.01
80.04
80.09
80.21
80.17
80.13
80.24
80.23
80.08
80.13
80.06
80.14
80.23
80.38
80.39
80.23
80.13
80.10
80.11
80.18
80.08
80.03
80.04
80.04
80.12
80.03
80.11
80.06
80.02
79.99
79.89
79.91
79.84
79.84
79.90
79.95
79.97
79.96
79.96
79.96
79.90
79.90
79.90
79.96
79.94
79.97
79.97
80.00
79.93
79.96
79.94
79.92
80.03
80.09
80.07
79.99
80.06
80.07
80.10
80.17
80.18
80.22
80.24
80.26
80.26
80.23
80.17
80.18
80.21
80.19
80.22
80.23
80.20
80.22
80.21
80.27
80.28
80.28
80.36
80.36
80.27
80.27
80.29
80.34
80.33
80.33
80.35
80.34
80.35
80.30
80.31
80.28
80.32
80.36
80.39
80.39
80.39
80.43
80.45
80.47
80.46
80.45
80.46
80.49
80.49
80.49
80.45
80.42
80.41
80.44
80.44
80.42
80.40
80.40
80.39
80.39
80.38
80.35
80.31
80.33
80.31
80.31
80.33
80.35
80.32
80.33
80.27
80.29
80.25
80.24
80.28
80.28
80.30
80.30
80.27
80.24
80.24
80.21
80.24
80.16
80.21
80.24
80.25
80.29
80.27
80.25
80.24
80.26
80.29
80.30
80.31
80.31
80.32
80.35
80.32
80.31
80.32
80.33
80.35
80.34
80.35
80.33
80.31
80.32
80.35
80.36
80.38
80.36
80.33
80.36
80.37
80.36
80.39
80.35
80.32
80.35
80.34
80.36
80.37
80.36
80.32
80.32
80.35
80.36
80.37
80.35
80.38
80.38
80.39
80.40
80.38
80.33
80.36
80.39
80.42
80.41
80.41
80.41
80.44
80.47
80.47
80.48
80.49
80.48
80.49
80.52
80.54
80.51
80.49
80.47
80.46
80.48
80.49
80.50
80.52
80.54
80.56
80.57
80.51
80.51
80.50
80.52
80.51
80.49
80.52
80.51
80.52
80.51
80.51
80.51
80.50
80.51
80.52
80.55
80.52
80.53
80.54
80.52
80.54
80.52
80.54
80.56
80.52
80.51
80.51
80.49
80.47
80.47
80.45
80.46
80.46
80.42
80.41
80.40
80.39
80.36
80.37
80.35
80.37
80.39
80.37
80.37
80.37
80.37
80.36
80.38
80.40
80.37
80.38
80.38
80.36
80.33
80.36
80.33
80.32
80.36
80.35
80.35
80.37
80.35
80.35
80.35
80.36
80.36
80.37
80.33
80.31
80.29
80.29
80.31
80.30
80.28
80.29
80.29
80.29
80.28
80.24
80.23
80.24
80.26
80.24
80.22
80.21
80.18
80.16
80.17
80.17
80.17
80.16
80.18
80.17
80.16
80.15
80.15
80.15
80.14
80.15
80.15
80.15
80.13
80.12
80.13
80.14
80.14
80.15
80.15
80.15
80.15
80.14
80.14
80.15
80.17
80.16
80.14
80.15
80.15
80.15
80.15
80.14
80.14
80.14
80.14
80.12
80.14
80.15
80.14
80.14
80.13
80.12
80.14
80.14
80.13
80.11
80.12
80.12
80.14
80.14
80.15
80.18
80.18
80.16
80.15
80.16
80.17
80.15
80.15
80.14
80.15
80.15
80.15
80.17
80.17
80.18
80.17
80.17
80.16
80.16
80.15
80.16
80.17
80.19
80.20
80.19
80.18
80.19
80.20
80.19
80.19
80.19
80.17
80.18
80.19
80.20
80.19
80.20
80.18
80.18
80.19
80.16
80.17
80.18
80.17
80.17
80.16
80.17
80.17
80.15
80.15
80.15
80.13
80.14
80.15
80.14
80.16
80.16
80.15
80.16
80.17
80.19
80.19
80.18
80.18
80.19
80.20
80.20
80.17
80.17
80.18
80.18
80.18
80.19
80.20
80.19
80.18
80.20
80.21
80.21
80.23
80.22
80.22
80.21
80.22
80.22
80.23
80.22
80.21
80.21
80.22
80.22
80.21
80.21
80.20
80.21
80.21
80.21
80.21
80.21
80.20
80.18
80.17
80.16
80.16
80.15
80.13
80.13
80.14
80.14
80.13
80.12
80.13
80.13
80.12
80.10
80.10
80.08
80.09
80.10
80.11
80.09
80.09
80.10
80.10
80.11
80.13
80.14
80.14
80.13
80.13
80.14
80.14
80.14
80.15
80.16
80.17
80.15
80.15
80.14
80.13
80.13
80.12
80.13
80.12
80.12
80.14
80.14
80.15
80.14
80.14
80.16
80.16
80.17
80.17
80.18
80.18
80.17
80.17
80.18
80.19
80.18
80.18
80.17
80.18
80.19
80.18
80.18
80.20
80.19
80.20
80.20
80.21
80.21
80.20
80.21
80.19
80.18
80.15
80.16
80.16
80.16
80.16
80.16
80.16
80.15
80.16
80.16
80.17
80.18
80.18
80.17
80.16
80.16
80.17
80.17
80.17
80.17
80.17
80.16
80.15
80.16
80.16
80.16
80.14
80.15
80.14
80.13
80.13
80.14
80.14
80.15
80.15
80.15
80.15
80.16
80.17
80.15
80.16
80.17
80.17
80.17
80.17
80.18
80.17
80.17
80.17
80.16
80.16
80.15
80.14
80.13
80.13
80.13
80.14
80.13
80.12
80.13
80.13
80.13
80.11
80.12
80.14
80.15
80.15
80.15
80.15
80.15
80.15
80.15
80.16
80.15
80.15
80.16
80.17
80.17
80.16
80.15
80.15
80.15
80.16
80.17
80.17
80.18
80.17
80.17
80.17
80.17
80.17
80.18
80.18
80.18
80.17
80.17
80.18
80.18
80.18
80.17
80.17
80.17
80.16
80.15
80.16
80.15
80.15
80.15
80.15
80.15
80.14
80.15
80.15
80.15
80.16
80.17
80.17
80.17
80.18
80.19
80.20
80.21
80.21
80.22
80.22
80.20
80.21
80.21
80.21
80.21
80.21
80.21
80.20
80.21
80.21
80.20
80.20
80.21
80.22
80.22
80.23
80.22
80.22
80.23
80.22
80.22
80.23
80.24
80.23
80.24
80.24
80.24
80.24
80.25
80.25
80.26
80.26
80.25
80.25
80.25
80.25
80.25
80.24
80.24
80.23
80.24
80.24
80.24
80.24
80.24
80.24
80.24
80.25
80.25
80.27
80.27
80.27
80.28
80.28
80.28
80.27
80.25
80.24
80.24
80.23
80.23
80.24
80.25
80.25
80.26
80.26
80.26
80.26
80.27
80.26
80.26
80.27
80.27
80.28
80.20
