73.44
69.53
73.44
74.61
74.38
75.52
75.89
76.76
76.56
75.00
74.57
74.48
73.92
73.55
73.44
73.54
73.81
73.78
73.68
73.98
74.18
74.64
74.80
75.00
75.06
75.00
75.00
74.94
74.89
74.69
74.80
74.95
74.91
74.95
75.18
75.04
74.75
74.88
75.00
75.08
75.08
75.04
75.15
75.21
75.21
75.31
75.53
75.59
75.51
75.59
75.61
75.66
75.71
75.72
75.74
75.56
75.47
75.35
75.29
75.26
75.28
75.15
74.93
74.80
74.88
74.93
74.88
74.77
74.66
74.73
74.74
74.78
74.83
74.77
74.73
74.75
74.80
74.76
74.76
74.71
74.79
74.83
74.79
74.83
74.76
74.76
74.73
74.72
74.70
74.70
74.57
74.63
74.61
74.65
74.69
74.64
74.63
74.59
74.59
74.56
74.52
74.53
74.48
74.38
74.33
74.32
74.33
74.46
74.53
74.53
74.59
74.57
74.49
74.52
74.48
74.57
74.56
74.59
74.53
74.52
74.48
74.55
74.57
74.57
74.60
74.60
74.58
74.55
74.58
74.59
74.58
74.63
74.64
74.69
74.79
74.76
74.71
74.68
74.60
74.69
74.66
74.67
74.74
74.72
74.72
74.68
74.66
74.67
74.70
74.69
74.68
74.71
74.77
74.78
74.73
74.70
74.67
74.68
74.72
74.73
74.77
74.75
74.78
74.77
74.80
74.81
74.80
74.80
74.79
74.77
74.73
74.70
74.71
74.75
74.79
74.74
74.69
74.68
74.69
74.64
74.65
74.63
74.60
74.63
74.61
74.67
74.71
74.72
74.69
74.70
74.65
74.63
74.58
74.52
74.46
74.44
74.46
74.46
74.54
74.55
74.56
74.57
74.56
74.55
74.57
74.57
74.58
74.59
74.60
74.62
74.61
74.62
74.60
74.58
74.55
74.54
74.53
74.53
74.53
74.55
74.58
74.61
74.57
74.55
74.56
74.56
74.55
74.55
74.54
74.56
74.53
74.56
74.61
74.57
74.58
74.60
74.60
74.63
74.61
74.60
74.62
74.61
74.60
74.62
74.62
74.63
74.62
74.66
74.64
74.61
74.56
74.55
74.56
74.54
74.52
74.51
74.54
74.52
74.49
74.49
74.49
74.48
74.48
74.48
74.50
74.49
74.48
74.48
74.46
74.50
74.51
74.52
74.53
74.52
74.52
74.54
74.55
74.53
74.57
74.58
74.59
74.60
74.62
74.61
74.61
74.60
74.55
74.55
74.57
74.54
74.56
74.60
74.61
74.59
74.59
74.59
74.55
74.55
74.58
74.57
74.58
74.60
74.64
74.62
74.64
74.64
74.66
74.67
74.65
74.65
74.69
74.72
74.73
74.71
74.75
74.75
74.79
74.82
74.82
74.82
74.85
74.84
74.84
74.81
74.83
74.84
74.87
74.86
74.85
74.83
74.85
74.87
74.89
74.91
74.89
74.87
74.87
74.87
74.89
74.90
74.91
74.90
74.90
74.93
74.95
74.91
74.89
74.89
74.87
74.83
74.84
74.85
74.88
74.87
74.85
74.84
74.85
74.84
74.85
74.85
74.86
74.85
74.85
74.88
74.90
74.90
74.91
74.91
74.90
74.88
74.91
74.89
74.90
74.88
74.88
74.88
74.87
74.88
74.90
74.90
74.90
74.91
74.91
74.93
74.95
74.96
74.98
74.98
74.96
74.96
74.95
74.97
74.96
74.96
74.96
74.95
74.94
74.95
74.96
74.95
74.95
74.96
74.96
74.97
74.97
74.99
74.98
74.98
75.00
75.00
74.99
74.98
74.96
74.96
74.97
74.96
74.94
74.95
74.96
74.96
74.94
74.95
74.92
74.94
74.96
74.94
74.95
74.95
74.94
74.93
74.94
74.95
74.96
74.98
74.95
74.96
74.96
74.96
74.98
74.99
75.00
75.01
75.03
74.99
74.95
74.95
74.94
74.94
74.95
74.96
74.95
74.95
74.95
74.95
74.96
74.95
74.96
74.96
74.96
74.96
74.95
74.93
74.94
74.93
74.94
74.94
74.92
74.91
74.92
74.92
74.92
74.93
74.91
74.92
74.93
74.94
74.95
74.96
74.95
74.96
74.96
74.95
74.95
74.96
74.97
74.97
74.98
74.97
74.97
74.98
74.97
74.96
74.93
74.93
74.92
74.93
74.93
74.93
74.92
74.90
74.90
74.91
74.92
74.93
74.92
74.92
74.92
74.93
74.94
74.95
74.95
74.96
74.96
74.96
74.95
74.95
74.95
74.96
74.95
74.93
74.93
74.93
74.94
74.93
74.94
74.94
74.95
74.96
74.96
74.96
74.96
74.97
74.98
74.96
74.96
74.95
74.96
74.97
74.96
74.96
74.95
74.95
74.95
74.97
74.99
74.99
75.01
75.01
75.00
75.00
75.01
75.02
75.03
75.02
75.03
75.03
75.03
75.03
75.01
75.01
75.02
75.02
75.03
75.03
75.04
75.04
75.05
75.02
75.03
75.02
75.00
75.01
75.00
75.00
75.00
75.01
75.02
75.02
75.02
75.01
75.01
75.01
75.00
74.99
74.99
74.98
74.98
74.98
74.98
74.98
74.98
74.97
74.98
74.99
74.99
75.00
75.00
75.01
75.02
75.01
75.02
75.03
75.03
75.03
75.02
75.02
75.01
75.01
75.00
75.01
75.01
75.00
75.01
74.99
75.01
75.00
74.99
74.99
74.99
74.99
74.97
74.96
74.96
74.98
74.98
75.00
75.01
74.99
75.00
74.98
74.98
74.98
74.99
74.98
74.99
74.98
74.97
74.97
74.95
74.96
74.97
74.96
74.97
74.98
74.99
74.99
74.98
74.98
74.99
74.98
74.98
74.97
74.97
74.97
74.98
74.99
74.98
74.99
75.00
75.00
74.99
75.00
75.00
74.99
75.00
75.00
75.01
75.01
75.01
75.00
75.00
75.00
75.01
75.01
75.02
75.00
75.00
75.00
75.00
75.01
75.02
75.02
75.00
74.99
75.00
74.99
74.99
74.97
74.97
74.97
74.98
74.98
74.97
74.98
74.98
74.97
74.97
74.98
74.97
74.96
74.95
74.95
74.96
74.97
74.96
74.97
74.97
74.98
74.98
74.99
74.99
75.00
75.00
74.99
74.99
75.00
75.01
75.02
75.02
75.02
75.01
75.00
75.00
74.99
74.99
74.98
74.97
74.96
74.96
74.97
74.97
74.98
74.98
74.97
74.97
74.95
74.96
74.97
74.97
74.97
74.98
74.99
74.99
75.00
75.00
75.01
75.01
75.01
75.01
75.01
75.01
75.00
74.99
74.98
74.98
74.99
74.98
74.97
74.95
74.95
74.95
74.96
74.97
74.97
74.97
74.96
74.96
74.97
74.96
74.96
74.96
74.96
74.95
74.95
74.95
74.95
74.96
74.96
74.96
74.97
74.97
74.90
