82.81
84.38
83.33
80.08
80.62
79.43
78.79
79.88
80.03
79.38
79.40
79.30
79.33
79.46
79.17
79.49
79.78
79.69
80.02
80.16
80.13
80.11
80.10
80.14
80.12
80.23
80.21
79.97
79.69
80.10
80.29
80.37
80.49
80.51
80.58
80.47
80.57
80.63
80.45
80.20
79.99
79.99
79.83
79.83
79.86
79.76
79.72
79.75
79.62
79.56
79.44
79.39
79.33
79.43
79.40
79.44
79.22
79.18
79.29
79.22
79.25
79.33
79.41
79.42
79.28
79.36
79.24
79.25
79.30
79.31
79.40
79.30
79.28
79.24
79.17
79.28
79.18
79.25
79.35
79.41
79.55
79.46
79.42
79.45
79.32
79.31
79.35
79.35
79.42
79.46
79.41
79.42
79.39
79.39
79.41
79.43
79.48
79.45
79.48
79.50
79.42
79.43
79.41
79.42
79.39
79.32
79.31
79.28
79.24
79.19
79.18
79.14
79.18
79.21
79.24
79.27
79.25
79.14
79.11
79.10
79.04
79.10
78.98
79.01
78.97
79.01
79.04
79.08
79.07
79.07
79.03
79.05
79.03
79.03
78.98
78.98
78.98
79.00
78.95
79.00
78.99
78.99
79.01
79.05
78.95
78.97
78.94
78.96
78.97
78.96
78.97
78.95
78.99
78.94
78.99
79.00
78.98
78.97
78.96
78.97
78.98
78.97
78.92
78.97
78.96
78.94
78.97
79.01
79.01
79.02
79.03
79.06
79.10
79.10
79.12
79.14
79.10
79.13
79.09
79.10
79.11
79.05
79.00
78.98
78.96
78.93
78.91
78.90
78.88
78.85
78.84
78.85
78.85
78.81
78.78
78.75
78.75
78.76
78.80
78.81
78.82
78.85
78.88
78.84
78.83
78.80
78.82
78.81
78.84
78.86
78.87
78.88
78.88
78.87
78.87
78.83
78.85
78.82
78.82
78.84
78.84
78.86
78.85
78.88
78.92
78.91
78.92
78.87
78.86
78.87
78.87
78.86
78.88
78.87
78.88
78.89
78.87
78.84
78.83
78.82
78.83
78.86
78.86
78.83
78.79
78.78
78.76
78.79
78.83
78.85
78.83
78.84
78.86
78.85
78.88
78.85
78.85
78.87
78.88
78.88
78.87
78.85
78.85
78.86
78.87
78.90
78.87
78.89
78.90
78.91
78.89
78.91
78.86
78.87
78.89
78.90
78.92
78.90
78.89
78.89
78.88
78.88
78.85
78.87
78.86
78.84
78.81
78.81
78.81
78.82
78.84
78.83
78.86
78.86
78.87
78.86
78.86
78.87
78.86
78.84
78.86
78.87
78.87
78.87
78.84
78.86
78.85
78.84
78.85
78.86
78.87
78.87
78.86
78.86
78.86
78.86
78.85
78.87
78.88
78.85
78.88
78.91
78.92
78.93
78.92
78.92
78.91
78.93
78.91
78.91
78.89
78.91
78.90
78.91
78.89
78.91
78.91
78.89
78.87
78.84
78.82
78.80
78.79
78.79
78.79
78.78
78.78
78.77
78.77
78.78
78.78
78.76
78.79
78.78
78.79
78.80
78.79
78.78
78.79
78.78
78.79
78.79
78.77
78.78
78.79
78.80
78.79
78.80
78.79
78.80
78.81
78.80
78.79
78.76
78.78
78.76
78.76
78.77
78.77
78.77
78.79
78.80
78.80
78.80
78.81
78.81
78.79
78.79
78.76
78.77
78.79
78.81
78.80
78.81
78.82
78.84
78.83
78.82
78.81
78.82
78.81
78.82
78.82
78.83
78.84
78.83
78.81
78.81
78.81
78.81
78.79
78.80
78.79
78.79
78.81
78.79
78.81
78.82
78.84
78.85
78.86
78.87
78.88
78.90
78.91
78.90
78.90
78.89
78.88
78.89
78.90
78.92
78.93
78.91
78.89
78.89
78.88
78.90
78.91
78.91
78.92
78.93
78.94
78.93
78.94
78.94
78.94
78.94
78.95
78.94
78.95
78.95
78.93
78.94
78.95
78.96
78.96
78.95
78.95
78.96
78.96
78.96
78.97
78.96
78.96
78.96
78.96
78.97
78.98
78.99
79.00
78.98
78.96
78.97
78.95
78.96
78.97
78.97
78.96
78.96
78.93
78.93
78.92
78.93
78.94
78.95
78.95
78.94
78.95
78.93
78.95
78.96
78.95
78.97
78.96
78.98
78.97
78.98
78.96
78.96
78.94
78.94
78.96
78.95
78.97
78.97
78.97
78.97
78.99
79.01
79.01
79.02
79.03
79.04
79.06
79.06
79.05
79.06
79.06
79.06
79.05
79.05
79.06
79.06
79.06
79.07
79.07
79.07
79.06
79.06
79.04
79.04
79.02
79.03
79.03
79.04
79.04
79.03
79.04
79.06
79.05
79.05
79.04
79.04
79.02
79.03
79.04
79.04
79.03
79.02
78.99
78.98
78.98
78.97
78.97
78.96
78.95
78.95
78.96
78.95
78.94
78.93
78.94
78.94
78.94
78.94
78.93
78.94
78.94
78.94
78.94
78.94
78.95
78.96
78.95
78.94
78.93
78.92
78.92
78.93
78.92
78.92
78.94
78.94
78.95
78.94
78.94
78.94
78.92
78.92
78.92
78.92
78.91
78.91
78.90
78.90
78.90
78.91
78.91
78.91
78.91
78.92
78.89
78.88
78.88
78.88
78.88
78.90
78.89
78.88
78.88
78.88
78.88
78.88
78.87
78.88
78.88
78.87
78.86
78.86
78.85
78.86
78.86
78.88
78.87
78.87
78.88
78.88
78.88
78.87
78.88
78.88
78.87
78.86
78.85
78.84
78.85
78.84
78.85
78.85
78.85
78.83
78.84
78.82
78.82
78.83
78.82
78.82
78.81
78.82
78.83
78.82
78.83
78.81
78.81
78.81
78.81
78.80
78.80
78.79
78.78
78.77
78.76
78.76
78.77
78.77
78.78
78.78
78.78
78.78
78.79
78.78
78.78
78.78
78.78
78.79
78.79
78.79
78.79
78.78
78.79
78.79
78.80
78.80
78.80
78.80
78.80
78.79
78.79
78.79
78.80
78.80
78.79
78.80
78.82
78.83
78.82
78.82
78.82
78.82
78.81
78.81
78.82
78.82
78.82
78.82
78.83
78.84
78.83
78.84
78.84
78.84
78.85
78.85
78.85
78.86
78.86
78.85
78.84
78.84
78.85
78.86
78.85
78.84
78.84
78.83
78.84
78.84
78.83
78.84
78.84
78.84
78.85
78.84
78.85
78.85
78.84
78.84
78.83
78.83
78.83
78.84
78.83
78.83
78.83
78.84
78.84
78.84
78.84
78.84
78.83
78.85
78.85
78.84
78.84
78.84
78.84
78.85
78.85
78.86
78.85
78.85
78.85
78.86
78.86
78.85
78.86
78.86
78.86
78.86
78.86
78.88
78.87
78.86
78.87
78.88
78.87
78.88
78.87
78.88
78.88
78.80
