81.25
78.12
78.12
77.73
80.31
79.69
79.24
79.88
79.17
78.75
79.12
79.17
78.85
79.13
78.65
78.32
78.58
78.21
78.04
78.12
77.98
78.41
78.67
78.45
78.75
78.49
78.59
78.85
79.09
79.17
78.98
79.10
79.21
79.18
79.38
79.64
79.60
79.65
79.85
80.12
79.95
79.80
79.69
79.69
79.65
79.62
79.65
79.72
79.59
79.69
79.47
79.48
79.54
79.66
79.66
79.80
79.71
79.66
79.77
79.82
79.74
79.64
79.71
79.74
79.81
79.95
80.01
80.10
80.10
80.04
80.02
79.99
79.92
79.96
79.98
79.98
80.01
80.03
80.10
80.16
80.21
80.28
80.27
80.34
80.37
80.38
80.32
80.27
80.35
80.43
80.51
80.45
80.43
80.45
80.49
80.44
80.46
80.52
80.51
80.47
80.45
80.50
80.52
80.62
80.55
80.56
80.56
80.53
80.59
80.54
80.53
80.58
80.56
80.59
80.61
80.64
80.69
80.72
80.74
80.78
80.81
80.78
80.78
80.73
80.70
80.62
80.63
80.64
80.66
80.66
80.64
80.65
80.71
80.62
80.62
80.60
80.58
80.59
80.55
80.54
80.57
80.56
80.51
80.52
80.48
80.52
80.53
80.57
80.61
80.64
80.61
80.61
80.56
80.55
80.54
80.56
80.54
80.49
80.47
80.39
80.43
80.41
80.41
80.45
80.41
80.37
80.35
80.37
80.41
80.40
80.42
80.46
80.44
80.41
80.48
80.46
80.47
80.44
80.43
80.48
80.47
80.48
80.48
80.49
80.50
80.52
80.50
80.47
80.50
80.49
80.47
80.44
80.44
80.41
80.41
80.42
80.39
80.37
80.40
80.36
80.38
80.38
80.42
80.45
80.45
80.46
80.49
80.53
80.55
80.51
80.51
80.51
80.55
80.55
80.58
80.58
80.57
80.59
80.58
80.59
80.54
80.51
80.55
80.58
80.56
80.58
80.55
80.53
80.51
80.51
80.55
80.55
80.51
80.51
80.52
80.53
80.54
80.51
80.53
80.49
80.48
80.46
80.46
80.48
80.48
80.49
80.48
80.48
80.47
80.45
80.41
80.45
80.43
80.47
80.50
80.51
80.48
80.54
80.52
80.49
80.50
80.50
80.50
80.46
80.47
80.49
80.48
80.51
80.51
80.51
80.50
80.52
80.53
80.54
80.52
80.54
80.57
80.55
80.52
80.54
80.57
80.60
80.55
80.56
80.58
80.58
80.58
80.58
80.60
80.59
80.57
80.58
80.58
80.58
80.57
80.57
80.60
80.59
80.59
80.60
80.59
80.59
80.56
80.57
80.55
80.54
80.53
80.51
80.49
80.52
80.50
80.51
80.49
80.49
80.48
80.49
80.48
80.50
80.51
80.50
80.52
80.49
80.51
80.50
80.47
80.48
80.50
80.47
80.46
80.45
80.45
80.46
80.45
80.45
80.46
80.47
80.44
80.41
80.39
80.41
80.42
80.42
80.41
80.41
80.41
80.41
80.40
80.40
80.42
80.42
80.41
80.39
80.40
80.41
80.40
80.41
80.42
80.42
80.41
80.39
80.39
80.38
80.34
80.35
80.34
80.36
80.35
80.36
80.36
80.36
80.38
80.37
80.38
80.39
80.38
80.38
80.38
80.39
80.40
80.41
80.41
80.38
80.37
80.37
80.37
80.38
80.38
80.39
80.40
80.40
80.35
80.36
80.35
80.34
80.33
80.33
80.35
80.36
80.36
80.36
80.35
80.35
80.33
80.31
80.30
80.31
80.30
80.31
80.32
80.31
80.31
80.31
80.30
80.30
80.30
80.32
80.29
80.29
80.31
80.31
80.31
80.32
80.30
80.31
80.32
80.31
80.30
80.29
80.28
80.30
80.30
80.30
80.28
80.27
80.26
80.25
80.27
80.27
80.27
80.27
80.29
80.30
80.29
80.30
80.29
80.29
80.30
80.29
80.30
80.31
80.31
80.31
80.29
80.28
80.27
80.27
80.30
80.29
80.29
80.29
80.30
80.31
80.32
80.32
80.32
80.35
80.33
80.33
80.33
80.33
80.32
80.33
80.33
80.33
80.32
80.31
80.30
80.31
80.32
80.32
80.32
80.31
80.32
80.32
80.32
80.30
80.31
80.31
80.32
80.31
80.31
80.31
80.29
80.30
80.29
80.30
80.30
80.31
80.32
80.32
80.30
80.31
80.33
80.34
80.34
80.32
80.32
80.30
80.29
80.28
80.28
80.27
80.27
80.26
80.25
80.25
80.25
80.25
80.25
80.26
80.24
80.24
80.21
80.22
80.21
80.22
80.23
80.23
80.22
80.22
80.21
80.21
80.22
80.22
80.23
80.22
80.21
80.21
80.22
80.21
80.22
80.22
80.22
80.22
80.22
80.22
80.22
80.23
80.23
80.22
80.22
80.21
80.21
80.20
80.19
80.20
80.19
80.17
80.19
80.19
80.18
80.18
80.20
80.21
80.22
80.20
80.19
80.20
80.22
80.21
80.20
80.21
80.19
80.21
80.22
80.24
80.25
80.25
80.25
80.23
80.21
80.21
80.22
80.21
80.22
80.23
80.21
80.20
80.20
80.21
80.23
80.22
80.23
80.23
80.23
80.24
80.23
80.22
80.22
80.21
80.20
80.20
80.19
80.19
80.20
80.21
80.20
80.20
80.20
80.19
80.20
80.20
80.20
80.20
80.20
80.21
80.20
80.20
80.19
80.20
80.19
80.19
80.20
80.21
80.21
80.19
80.17
80.17
80.18
80.18
80.17
80.18
80.18
80.19
80.19
80.20
80.21
80.22
80.21
80.21
80.21
80.21
80.21
80.22
80.23
80.23
80.24
80.24
80.23
80.23
80.23
80.23
80.22
80.24
80.25
80.25
80.25
80.26
80.26
80.26
80.25
80.25
80.26
80.26
80.27
80.27
80.26
80.26
80.27
80.26
80.26
80.27
80.27
80.28
80.28
80.29
80.29
80.30
80.30
80.30
80.30
80.31
80.30
80.30
80.31
80.31
80.31
80.31
80.32
80.32
80.30
80.31
80.30
80.30
80.30
80.29
80.30
80.30
80.30
80.31
80.30
80.28
80.30
80.31
80.30
80.31
80.32
80.32
80.31
80.31
80.32
80.31
80.31
80.31
80.30
80.31
80.32
80.31
80.33
80.33
80.33
80.33
80.34
80.33
80.34
80.33
80.32
80.32
80.32
80.32
80.31
80.31
80.32
80.32
80.32
80.31
80.32
80.32
80.31
80.32
80.32
80.33
80.34
80.33
80.32
80.33
80.34
80.35
80.34
80.34
80.34
80.34
80.34
80.34
80.33
80.33
80.33
80.33
80.32
80.31
80.32
80.32
80.33
80.32
80.32
80.31
80.32
80.33
80.33
80.33
80.32
80.31
80.32
80.32
80.31
80.31
80.31
80.30
80.30
80.29
80.29
80.21
