70.31
67.19
69.27
66.41
67.50
67.19
66.52
65.04
64.41
64.38
64.49
64.45
64.18
64.62
64.48
64.45
64.71
64.93
64.80
64.92
65.10
65.20
65.22
65.43
65.69
65.81
65.62
65.51
65.46
65.26
65.42
65.19
64.91
64.94
64.78
64.67
64.95
64.97
64.98
64.92
64.86
64.96
65.12
65.02
64.83
64.84
64.83
64.88
64.73
64.75
64.55
64.69
64.65
64.55
64.49
64.56
64.67
64.68
64.49
64.38
64.45
64.36
64.48
64.36
64.47
64.32
64.23
64.20
64.18
64.11
64.15
64.39
64.34
64.38
64.50
64.51
64.55
64.50
64.42
64.41
64.43
64.48
64.53
64.53
64.56
64.63
64.48
64.36
64.29
64.24
64.11
63.98
63.98
64.03
63.93
63.88
63.85
63.90
63.95
63.92
63.97
64.00
64.00
64.05
64.11
64.09
63.99
64.02
64.01
64.01
64.06
64.15
64.16
64.19
64.21
64.28
64.34
64.31
64.38
64.39
64.37
64.33
64.27
64.25
64.33
64.25
64.26
64.32
64.23
64.18
64.15
64.13
64.13
64.16
64.10
64.09
64.06
63.99
64.01
64.02
63.97
63.99
63.95
63.95
63.94
63.91
63.88
63.86
63.87
63.84
63.79
63.81
63.77
63.79
63.78
63.83
63.81
63.79
63.80
63.77
63.80
63.81
63.80
63.77
63.70
63.70
63.65
63.71
63.71
63.70
63.72
63.74
63.76
63.79
63.77
63.76
63.84
63.83
63.85
63.85
63.83
63.81
63.80
63.81
63.80
63.73
63.72
63.75
63.78
63.83
63.83
63.84
63.81
63.76
63.78
63.71
63.73
63.75
63.75
63.77
63.77
63.78
63.82
63.84
63.81
63.85
63.84
63.84
63.83
63.85
63.86
63.87
63.86
63.89
63.92
63.92
63.91
63.90
63.86
63.87
63.92
63.96
63.96
63.96
64.02
64.00
63.99
63.95
63.96
63.95
63.92
63.93
63.94
63.94
63.94
63.94
63.92
63.94
63.96
63.95
63.97
64.01
64.05
64.04
64.02
64.03
64.03
64.01
64.01
64.01
63.98
63.96
63.95
63.95
63.95
63.93
63.93
63.95
63.96
63.95
63.94
63.95
63.97
63.97
63.95
63.95
63.95
64.02
64.02
64.00
63.95
63.95
63.99
64.00
64.01
63.99
63.96
63.98
63.96
63.96
63.96
63.97
64.00
63.99
63.99
63.96
63.96
63.95
63.98
63.97
63.99
63.93
63.94
63.97
63.99
63.96
63.99
64.03
64.02
64.03
63.99
63.97
63.97
64.00
64.01
63.99
63.97
64.00
64.00
64.01
64.01
64.04
64.02
64.01
63.99
63.98
63.96
63.95
63.96
63.98
63.98
63.94
63.93
63.91
63.93
63.93
63.93
63.97
63.95
63.93
63.93
63.89
63.92
63.91
63.89
63.86
63.89
63.89
63.90
63.93
63.93
63.95
63.97
64.01
63.98
63.98
64.00
64.02
64.02
64.00
64.03
64.04
64.04
64.04
64.04
64.05
64.06
64.08
64.09
64.06
64.07
64.09
64.10
64.10
64.10
64.13
64.16
64.16
64.15
64.16
64.17
64.11
64.13
64.13
64.15
64.19
64.21
64.22
64.21
64.22
64.22
64.22
64.23
64.25
64.23
64.23
64.22
64.22
64.24
64.26
64.27
64.27
64.26
64.26
64.25
64.24
64.24
64.24
64.25
64.23
64.24
64.25
64.24
64.23
64.23
64.19
64.19
64.18
64.18
64.17
64.18
64.18
64.18
64.15
64.15
64.15
64.18
64.18
64.18
64.17
64.19
64.20
64.21
64.20
64.19
64.18
64.19
64.20
64.21
64.21
64.22
64.22
64.21
64.22
64.21
64.23
64.24
64.25
64.24
64.24
64.23
64.23
64.24
64.22
64.23
64.24
64.23
64.23
64.23
64.24
64.25
64.24
64.25
64.22
64.23
64.22
64.24
64.23
64.23
64.24
64.25
64.26
64.24
64.24
64.24
64.26
64.26
64.28
64.27
64.26
64.26
64.25
64.26
64.24
64.24
64.26
64.28
64.28
64.27
64.27
64.28
64.26
64.26
64.27
64.28
64.29
64.28
64.30
64.29
64.31
64.31
64.31
64.31
64.32
64.33
64.32
64.31
64.32
64.29
64.28
64.27
64.27
64.29
64.31
64.30
64.32
64.31
64.31
64.32
64.33
64.32
64.32
64.32
64.31
64.28
64.29
64.27
64.28
64.27
64.25
64.23
64.23
64.24
64.24
64.24
64.22
64.23
64.24
64.25
64.24
64.24
64.23
64.21
64.21
64.21
64.21
64.23
64.23
64.22
64.24
64.23
64.22
64.23
64.23
64.24
64.26
64.24
64.23
64.23
64.23
64.23
64.25
64.23
64.21
64.20
64.21
64.21
64.23
64.23
64.24
64.24
64.25
64.25
64.26
64.27
64.27
64.27
64.29
64.28
64.28
64.29
64.30
64.30
64.32
64.33
64.33
64.33
64.32
64.31
64.31
64.29
64.29
64.29
64.30
64.30
64.31
64.30
64.32
64.32
64.33
64.32
64.34
64.32
64.33
64.31
64.31
64.31
64.31
64.31
64.33
64.33
64.33
64.34
64.34
64.34
64.34
64.35
64.34
64.34
64.32
64.32
64.32
64.32
64.31
64.31
64.32
64.33
64.33
64.33
64.32
64.31
64.32
64.32
64.32
64.32
64.32
64.31
64.31
64.30
64.29
64.28
64.27
64.26
64.24
64.24
64.24
64.24
64.24
64.24
64.25
64.26
64.27
64.27
64.26
64.27
64.28
64.28
64.27
64.27
64.26
64.28
64.27
64.27
64.27
64.27
64.28
64.29
64.29
64.28
64.28
64.28
64.29
64.30
64.31
64.30
64.30
64.29
64.30
64.28
64.28
64.27
64.26
64.24
64.26
64.26
64.26
64.28
64.27
64.28
64.27
64.26
64.27
64.26
64.26
64.26
64.27
64.30
64.29
64.30
64.30
64.30
64.30
64.29
64.30
64.30
64.28
64.28
64.28
64.26
64.25
64.25
64.25
64.24
64.26
64.25
64.24
64.24
64.25
64.23
64.22
64.21
64.21
64.21
64.20
64.21
64.21
64.21
64.20
64.20
64.19
64.20
64.20
64.20
64.19
64.19
64.19
64.19
64.20
64.21
64.21
64.22
64.23
64.23
64.23
64.24
64.23
64.24
64.25
64.26
64.25
64.24
64.24
64.25
64.25
64.26
64.26
64.26
64.27
64.27
64.26
64.25
64.26
64.25
64.25
64.24
64.23
64.22
64.22
64.22
64.21
64.22
64.22
64.22
64.23
64.23
64.22
64.21
64.23
64.22
64.22
64.22
64.23
64.24
64.25
64.24
64.23
64.22
64.20
64.19
64.19
64.19
64.12
