75.00
77.34
79.17
79.30
80.00
79.95
81.70
82.03
81.42
81.25
80.68
80.60
80.53
80.02
80.42
80.27
80.79
80.30
80.43
80.62
80.88
81.11
80.91
80.79
80.88
80.77
80.90
81.03
80.77
80.31
80.34
80.18
80.35
80.56
80.58
80.43
80.32
80.22
80.29
80.12
79.95
79.95
80.05
80.11
80.07
80.10
80.25
80.34
80.33
80.53
80.51
80.62
80.54
80.50
80.51
80.61
80.54
80.52
80.56
80.55
80.48
80.62
80.61
80.57
80.72
80.75
80.83
80.91
80.96
80.83
80.88
80.95
80.86
80.81
80.81
80.82
80.86
80.87
80.83
80.88
80.94
81.06
81.10
81.14
81.14
81.09
81.18
81.13
81.07
81.08
81.04
81.06
81.12
81.10
81.13
81.14
80.99
80.98
81.01
81.03
81.03
81.00
81.02
80.96
80.95
80.97
80.91
80.96
80.98
81.02
80.97
80.97
80.93
80.91
80.94
80.90
80.86
80.83
80.86
80.92
80.91
80.93
80.93
80.90
80.80
80.87
80.88
80.87
80.91
80.89
80.88
80.82
80.82
80.85
80.84
80.81
80.85
80.83
80.83
80.79
80.76
80.75
80.76
80.74
80.71
80.73
80.71
80.73
80.70
80.68
80.70
80.71
80.75
80.73
80.69
80.69
80.68
80.70
80.72
80.73
80.72
80.73
80.73
80.71
80.71
80.66
80.60
80.58
80.56
80.47
80.43
80.44
80.44
80.40
80.38
80.41
80.39
80.43
80.46
80.48
80.48
80.51
80.48
80.42
80.39
80.38
80.40
80.43
80.39
80.40
80.39
80.40
80.39
80.41
80.45
80.40
80.39
80.42
80.36
80.35
80.34
80.31
80.33
80.32
80.36
80.36
80.37
80.35
80.33
80.36
80.37
80.34
80.33
80.35
80.33
80.34
80.29
80.33
80.30
80.28
80.28
80.28
80.24
80.21
80.23
80.21
80.21
80.19
80.19
80.20
80.17
80.19
80.15
80.16
80.19
80.17
80.18
80.17
80.16
80.16
80.16
80.16
80.16
80.13
80.13
80.15
80.14
80.12
80.08
80.10
80.04
80.01
80.06
80.09
80.11
80.11
80.13
80.14
80.16
80.17
80.18
80.16
80.16
80.17
80.18
80.15
80.17
80.15
80.18
80.17
80.18
80.22
80.23
80.22
80.23
80.24
80.26
80.26
80.28
80.26
80.29
80.32
80.34
80.34
80.36
80.35
80.35
80.37
80.39
80.38
80.38
80.36
80.35
80.36
80.36
80.36
80.34
80.34
80.34
80.35
80.36
80.33
80.33
80.32
80.30
80.30
80.29
80.31
80.29
80.27
80.27
80.29
80.28
80.27
80.26
80.29
80.30
80.29
80.28
80.30
80.32
80.30
80.28
80.29
80.30
80.29
80.28
80.25
80.24
80.25
80.24
80.25
80.24
80.24
80.24
80.25
80.26
80.27
80.28
80.28
80.28
80.25
80.22
80.23
80.21
80.22
80.23
80.24
80.25
80.26
80.27
80.28
80.29
80.28
80.28
80.28
80.28
80.27
80.28
80.28
80.28
80.29
80.29
80.28
80.29
80.30
80.30
80.29
80.29
80.26
80.26
80.26
80.26
80.24
80.24
80.25
80.27
80.27
80.27
80.27
80.25
80.24
80.26
80.23
80.24
80.26
80.26
80.26
80.26
80.27
80.27
80.29
80.28
80.27
80.27
80.28
80.31
80.33
80.30
80.31
80.33
80.32
80.31
80.31
80.31
80.30
80.32
80.33
80.32
80.30
80.29
80.29
80.27
80.26
80.24
80.26
80.24
80.24
80.26
80.29
80.27
80.26
80.25
80.25
80.25
80.26
80.26
80.28
80.28
80.30
80.30
80.30
80.32
80.30
80.29
80.30
80.31
80.29
80.29
80.28
80.28
80.29
80.28
80.28
80.27
80.27
80.27
80.28
80.28
80.29
80.28
80.25
80.25
80.26
80.26
80.25
80.25
80.26
80.25
80.23
80.23
80.24
80.25
80.23
80.23
80.23
80.24
80.23
80.23
80.23
80.24
80.24
80.24
80.25
80.26
80.26
80.26
80.26
80.25
80.26
80.26
80.27
80.26
80.27
80.28
80.28
80.27
80.25
80.26
80.27
80.27
80.27
80.27
80.27
80.26
80.25
80.25
80.24
80.24
80.24
80.23
80.23
80.24
80.25
80.26
80.27
80.28
80.27
80.26
80.25
80.26
80.25
80.25
80.27
80.25
80.25
80.26
80.25
80.27
80.27
80.27
80.25
80.26
80.26
80.26
80.27
80.29
80.28
80.25
80.24
80.25
80.26
80.26
80.24
80.22
80.23
80.24
80.23
80.22
80.21
80.20
80.20
80.21
80.23
80.25
80.24
80.23
80.23
80.23
80.24
80.25
80.27
80.28
80.28
80.28
80.29
80.29
80.29
80.30
80.30
80.29
80.30
80.29
80.29
80.29
80.29
80.32
80.32
80.31
80.30
80.31
80.30
80.30
80.29
80.29
80.30
80.31
80.33
80.32
80.33
80.33
80.32
80.31
80.31
80.30
80.29
80.29
80.29
80.30
80.30
80.30
80.31
80.32
80.32
80.33
80.31
80.30
80.31
80.30
80.29
80.29
80.29
80.30
80.29
80.30
80.29
80.28
80.27
80.25
80.25
80.25
80.25
80.26
80.27
80.26
80.26
80.27
80.27
80.27
80.27
80.27
80.27
80.25
80.25
80.25
80.25
80.27
80.27
80.27
80.26
80.25
80.26
80.25
80.25
80.24
80.24
80.25
80.24
80.24
80.24
80.23
80.23
80.22
80.23
80.23
80.22
80.23
80.23
80.22
80.22
80.23
80.22
80.23
80.23
80.23
80.23
80.22
80.23
80.23
80.22
80.21
80.21
80.22
80.21
80.22
80.23
80.24
80.22
80.21
80.21
80.22
80.22
80.23
80.23
80.23
80.22
80.23
80.24
80.24
80.23
80.23
80.23
80.22
80.23
80.23
80.24
80.23
80.22
80.21
80.22
80.22
80.22
80.22
80.23
80.23
80.23
80.23
80.24
80.24
80.24
80.24
80.24
80.26
80.25
80.25
80.25
80.25
80.25
80.25
80.25
80.24
80.25
80.26
80.26
80.26
80.26
80.25
80.24
80.25
80.25
80.26
80.26
80.25
80.24
80.24
80.23
80.24
80.23
80.23
80.23
80.23
80.23
80.23
80.24
80.23
80.22
80.22
80.22
80.22
80.24
80.24
80.25
80.24
80.26
80.26
80.25
80.25
80.23
80.24
80.24
80.23
80.24
80.24
80.25
80.25
80.24
80.24
80.24
80.24
80.24
80.23
80.24
80.24
80.24
80.24
80.24
80.24
80.25
80.25
80.25
80.24
80.26
80.26
80.25
80.26
80.27
80.27
80.28
80.28
80.27
80.27
80.19
