73.44
78.12
79.17
76.17
77.19
78.12
79.24
79.69
80.56
80.47
79.97
79.82
80.29
79.91
79.38
79.69
79.87
79.08
78.70
78.98
78.94
79.19
78.74
78.52
78.81
78.61
78.82
78.79
78.88
78.91
78.63
78.66
78.84
79.04
79.02
78.82
78.93
78.91
78.69
78.95
79.00
78.91
79.18
79.15
79.17
79.25
79.29
79.17
79.02
79.06
78.92
78.94
79.10
78.94
78.89
78.79
78.70
78.83
78.89
78.96
78.89
78.91
78.89
78.88
78.97
78.91
78.94
78.93
78.89
78.91
78.79
78.80
78.66
78.59
78.56
78.47
78.43
78.53
78.48
78.48
78.47
78.41
78.33
78.29
78.24
78.23
78.27
78.30
78.32
78.37
78.43
78.48
78.44
78.49
78.45
78.43
78.46
78.52
78.49
78.47
78.57
78.62
78.67
78.68
78.74
78.82
78.78
78.82
78.81
78.81
78.81
78.84
78.82
78.84
78.86
78.83
78.83
78.81
78.83
78.72
78.71
78.71
78.65
78.60
78.62
78.72
78.72
78.77
78.80
78.81
78.80
78.82
78.83
78.81
78.76
78.80
78.78
78.75
78.69
78.65
78.68
78.71
78.80
78.81
78.84
78.85
78.83
78.84
78.86
78.85
78.82
78.85
78.86
78.81
78.75
78.76
78.80
78.82
78.83
78.83
78.86
78.86
78.83
78.86
78.88
78.90
78.90
78.94
78.97
78.92
78.92
78.89
78.87
78.89
78.90
78.92
78.91
78.92
78.93
78.94
79.01
79.01
79.01
79.01
78.96
78.92
78.91
78.90
78.89
78.90
78.89
78.91
78.92
78.89
78.92
78.93
78.93
78.95
78.96
78.98
78.93
78.98
78.98
78.98
78.99
79.01
79.05
79.03
79.04
79.03
79.05
79.02
79.01
79.02
79.00
79.00
79.01
78.97
79.00
79.01
79.04
79.05
79.04
79.02
79.03
79.04
79.05
79.06
79.07
79.12
79.15
79.18
79.15
79.14
79.16
79.19
79.21
79.23
79.20
79.19
79.20
79.16
79.21
79.19
79.17
79.16
79.18
79.18
79.19
79.20
79.16
79.17
79.17
79.23
79.20
79.24
79.24
79.28
79.30
79.33
79.35
79.34
79.34
79.33
79.36
79.36
79.35
79.33
79.35
79.35
79.34
79.33
79.36
79.35
79.37
79.35
79.33
79.33
79.32
79.34
79.35
79.33
79.30
79.29
79.28
79.32
79.36
79.37
79.38
79.41
79.44
79.40
79.42
79.40
79.41
79.41
79.38
79.38
79.38
79.40
79.42
79.39
79.38
79.37
79.36
79.37
79.38
79.39
79.38
79.40
79.38
79.37
79.38
79.37
79.36
79.38
79.37
79.34
79.33
79.35
79.37
79.36
79.37
79.36
79.36
79.34
79.35
79.35
79.35
79.35
79.34
79.35
79.37
79.37
79.35
79.38
79.37
79.37
79.36
79.37
79.35
79.34
79.34
79.33
79.34
79.37
79.35
79.37
79.37
79.37
79.37
79.36
79.37
79.41
79.40
79.41
79.41
79.42
79.43
79.43
79.42
79.45
79.42
79.43
79.46
79.46
79.43
79.43
79.42
79.43
79.45
79.44
79.44
79.44
79.43
79.42
79.42
79.40
79.40
79.38
79.38
79.37
79.37
79.37
79.37
79.36
79.36
79.35
79.38
79.37
79.39
79.39
79.40
79.39
79.37
79.37
79.38
79.39
79.40
79.40
79.38
79.40
79.39
79.37
79.36
79.35
79.35
79.35
79.36
79.36
79.35
79.33
79.34
79.33
79.34
79.35
79.36
79.36
79.37
79.35
79.36
79.37
79.37
79.35
79.36
79.37
79.36
79.35
79.36
79.36
79.35
79.35
79.35
79.36
79.38
79.39
79.40
79.40
79.40
79.41
79.39
79.40
79.39
79.40
79.39
79.39
79.40
79.40
79.42
79.43
79.43
79.41
79.43
79.42
79.42
79.41
79.41
79.40
79.40
79.39
79.36
79.35
79.34
79.34
79.35
79.36
79.36
79.35
79.36
79.38
79.37
79.38
79.37
79.37
79.36
79.35
79.34
79.33
79.33
79.33
79.32
79.31
79.32
79.33
79.34
79.34
79.35
79.34
79.34
79.35
79.33
79.33
79.33
79.32
79.32
79.32
79.33
79.34
79.34
79.34
79.34
79.35
79.35
79.35
79.36
79.37
79.37
79.35
79.33
79.34
79.34
79.35
79.36
79.35
79.35
79.36
79.35
79.36
79.36
79.38
79.38
79.38
79.38
79.37
79.38
79.38
79.39
79.37
79.37
79.38
79.37
79.37
79.35
79.35
79.35
79.36
79.36
79.36
79.38
79.39
79.39
79.37
79.37
79.38
79.39
79.39
79.38
79.38
79.38
79.39
79.39
79.40
79.41
79.41
79.41
79.40
79.40
79.41
79.42
79.43
79.43
79.42
79.41
79.42
79.43
79.43
79.41
79.42
79.43
79.44
79.46
79.46
79.47
79.46
79.45
79.45
79.45
79.45
79.45
79.45
79.46
79.46
79.47
79.47
79.46
79.46
79.47
79.47
79.47
79.47
79.48
79.46
79.47
79.47
79.47
79.48
79.48
79.48
79.48
79.50
79.50
79.49
79.49
79.49
79.51
79.51
79.51
79.51
79.51
79.51
79.49
79.47
79.49
79.50
79.51
79.52
79.53
79.54
79.54
79.54
79.54
79.53
79.54
79.53
79.53
79.53
79.54
79.54
79.54
79.54
79.55
79.55
79.57
79.57
79.57
79.56
79.56
79.55
79.54
79.54
79.55
79.55
79.55
79.55
79.55
79.55
79.55
79.56
79.56
79.56
79.56
79.57
79.57
79.56
79.58
79.58
79.58
79.59
79.59
79.60
79.60
79.59
79.58
79.58
79.59
79.59
79.57
79.58
79.59
79.59
79.59
79.58
79.58
79.58
79.59
79.58
79.58
79.57
79.56
79.56
79.55
79.55
79.55
79.55
79.56
79.55
79.54
79.54
79.54
79.54
79.55
79.55
79.55
79.55
79.53
79.53
79.52
79.53
79.52
79.53
79.54
79.56
79.57
79.56
79.56
79.57
79.57
79.56
79.55
79.54
79.55
79.56
79.56
79.55
79.56
79.56
79.56
79.55
79.55
79.56
79.55
79.56
79.56
79.56
79.55
79.54
79.53
79.52
79.51
79.52
79.52
79.53
79.53
79.54
79.54
79.55
79.55
79.55
79.55
79.55
79.53
79.53
79.53
79.53
79.52
79.51
79.52
79.53
79.53
79.53
79.53
79.52
79.51
79.51
79.51
79.53
79.52
79.52
79.53
79.53
79.53
79.51
79.51
79.51
79.50
79.51
79.51
79.52
79.52
79.52
79.53
79.52
79.51
79.51
79.52
79.51
79.52
79.51
79.52
79.52
79.52
79.45
