54.69
60.16
60.94
60.55
59.69
58.85
59.38
59.96
58.51
57.03
56.82
57.55
57.93
57.59
57.60
58.11
58.82
58.51
58.47
58.12
58.04
57.95
57.95
58.01
58.25
58.11
58.10
58.43
58.46
58.65
58.72
58.74
58.85
58.82
59.06
58.85
58.91
59.13
59.17
59.30
59.18
58.85
58.76
58.77
58.72
58.42
58.71
58.53
58.58
58.59
58.49
58.53
58.34
58.30
58.24
58.37
58.39
58.41
58.55
58.49
58.45
58.52
58.53
58.64
58.73
58.62
58.58
58.57
58.72
58.66
58.69
58.68
58.80
58.78
58.79
58.92
58.99
59.03
59.08
59.20
59.22
59.28
59.39
59.45
59.34
59.38
59.27
59.18
59.27
59.10
59.22
59.19
59.11
59.14
59.06
59.11
59.07
58.99
58.92
58.98
58.94
59.01
59.00
58.94
58.90
58.89
58.91
58.98
59.02
58.99
59.01
59.03
59.00
59.02
59.01
59.00
59.01
59.08
59.11
59.13
59.07
59.13
59.17
59.16
59.10
59.10
59.07
59.05
59.00
59.04
58.97
59.02
59.03
59.00
59.04
59.01
58.94
58.90
58.85
58.84
58.92
58.98
59.04
59.14
59.04
59.09
59.15
59.25
59.27
59.27
59.26
59.27
59.36
59.38
59.42
59.47
59.45
59.45
59.40
59.40
59.44
59.41
59.38
59.38
59.39
59.41
59.45
59.47
59.45
59.47
59.45
59.35
59.37
59.41
59.41
59.45
59.45
59.42
59.45
59.48
59.47
59.52
59.53
59.50
59.48
59.44
59.48
59.42
59.38
59.38
59.34
59.36
59.35
59.36
59.42
59.43
59.35
59.33
59.33
59.26
59.24
59.27
59.26
59.33
59.32
59.28
59.24
59.21
59.21
59.23
59.25
59.21
59.23
59.23
59.22
59.25
59.23
59.20
59.20
59.23
59.17
59.16
59.14
59.15
59.15
59.15
59.13
59.16
59.16
59.17
59.20
59.18
59.16
59.19
59.20
59.19
59.22
59.24
59.24
59.25
59.25
59.29
59.28
59.29
59.34
59.38
59.42
59.44
59.43
59.44
59.44
59.44
59.44
59.44
59.41
59.41
59.38
59.37
59.39
59.40
59.42
59.44
59.48
59.43
59.39
59.40
59.40
59.36
59.38
59.37
59.38
59.37
59.39
59.42
59.39
59.38
59.35
59.35
59.35
59.34
59.34
59.34
59.32
59.29
59.30
59.30
59.28
59.27
59.29
59.30
59.31
59.33
59.34
59.33
59.32
59.35
59.32
59.34
59.38
59.39
59.40
59.42
59.40
59.37
59.35
59.33
59.38
59.40
59.38
59.36
59.37
59.38
59.40
59.41
59.40
59.42
59.41
59.40
59.39
59.38
59.36
59.37
59.38
59.39
59.38
59.40
59.43
59.44
59.46
59.46
59.46
59.45
59.48
59.49
59.47
59.48
59.48
59.45
59.46
59.42
59.42
59.40
59.40
59.38
59.42
59.47
59.48
59.51
59.51
59.52
59.51
59.52
59.53
59.55
59.53
59.53
59.55
59.54
59.55
59.54
59.56
59.55
59.56
59.60
59.63
59.63
59.61
59.58
59.57
59.56
59.58
59.59
59.57
59.54
59.52
59.51
59.54
59.52
59.51
59.52
59.54
59.53
59.52
59.54
59.57
59.55
59.55
59.54
59.54
59.54
59.55
59.57
59.57
59.55
59.53
59.53
59.54
59.54
59.52
59.53
59.55
59.55
59.54
59.53
59.57
59.57
59.57
59.57
59.55
59.56
59.58
59.60
59.61
59.57
59.56
59.54
59.53
59.51
59.53
59.52
59.54
59.52
59.52
59.53
59.53
59.54
59.56
59.55
59.56
59.58
59.57
59.60
59.58
59.57
59.57
59.59
59.58
59.60
59.59
59.58
59.58
59.57
59.56
59.54
59.55
59.53
59.52
59.51
59.52
59.51
59.52
59.53
59.53
59.53
59.52
59.52
59.54
59.50
59.52
59.50
59.50
59.49
59.50
59.52
59.52
59.54
59.54
59.52
59.55
59.55
59.52
59.54
59.54
59.53
59.51
59.50
59.50
59.51
59.51
59.51
59.51
59.51
59.51
59.50
59.50
59.52
59.50
59.50
59.51
59.52
59.50
59.51
59.50
59.50
59.49
59.49
59.50
59.49
59.50
59.50
59.50
59.48
59.46
59.47
59.47
59.46
59.46
59.47
59.49
59.49
59.50
59.51
59.53
59.55
59.55
59.54
59.56
59.56
59.56
59.58
59.58
59.59
59.59
59.60
59.61
59.61
59.61
59.60
59.60
59.61
59.59
59.59
59.59
59.60
59.62
59.60
59.60
59.60
59.60
59.59
59.59
59.59
59.60
59.59
59.60
59.60
59.57
59.58
59.59
59.56
59.56
59.57
59.57
59.57
59.56
59.58
59.56
59.59
59.58
59.58
59.57
59.56
59.54
59.54
59.54
59.54
59.54
59.53
59.55
59.56
59.56
59.56
59.56
59.57
59.57
59.58
59.59
59.59
59.60
59.61
59.61
59.60
59.58
59.57
59.58
59.59
59.59
59.59
59.58
59.58
59.58
59.58
59.58
59.58
59.56
59.56
59.55
59.52
59.53
59.52
59.52
59.51
59.50
59.51
59.50
59.51
59.51
59.51
59.52
59.52
59.53
59.52
59.52
59.53
59.52
59.52
59.52
59.51
59.51
59.50
59.49
59.50
59.51
59.51
59.50
59.51
59.52
59.50
59.48
59.49
59.48
59.48
59.47
59.48
59.49
59.47
59.49
59.50
59.51
59.52
59.51
59.52
59.52
59.51
59.50
59.49
59.48
59.48
59.48
59.46
59.46
59.45
59.46
59.46
59.46
59.47
59.47
59.48
59.48
59.48
59.47
59.47
59.46
59.46
59.45
59.46
59.45
59.47
59.47
59.46
59.45
59.46
59.47
59.47
59.49
59.47
59.47
59.48
59.48
59.47
59.47
59.46
59.46
59.46
59.45
59.45
59.47
59.47
59.47
59.48
59.48
59.48
59.48
59.48
59.46
59.47
59.46
59.46
59.46
59.46
59.47
59.46
59.46
59.46
59.45
59.45
59.45
59.45
59.44
59.45
59.47
59.46
59.46
59.46
59.47
59.48
59.47
59.46
59.46
59.46
59.46
59.45
59.45
59.46
59.46
59.47
59.45
59.46
59.46
59.46
59.47
59.48
59.47
59.49
59.48
59.48
59.48
59.47
59.47
59.47
59.47
59.47
59.48
59.48
59.47
59.47
59.47
59.46
59.46
59.47
59.47
59.47
59.49
59.48
59.48
59.47
59.47
59.48
59.48
59.48
59.49
59.50
59.50
59.50
59.50
59.49
59.49
59.49
59.49
59.49
59.49
59.49
59.50
59.48
59.49
59.49
59.49
59.49
59.48
59.50
59.49
59.43
