85.94
82.81
83.33
83.20
83.44
82.03
82.14
81.84
81.60
81.09
80.26
80.34
80.05
80.36
80.62
80.96
80.88
80.82
81.00
81.02
80.95
81.18
80.91
81.18
81.19
81.49
81.13
80.92
80.98
81.04
81.05
81.05
81.16
81.11
80.98
80.99
81.00
80.84
80.57
80.55
80.53
80.58
80.56
80.58
80.66
80.60
80.65
80.79
80.80
80.81
80.76
80.77
80.60
80.64
80.48
80.47
80.51
80.55
80.61
80.65
80.56
80.57
80.63
80.62
80.65
80.54
80.60
80.49
80.39
80.51
80.59
80.64
80.74
80.68
80.71
80.78
80.76
80.75
80.87
80.88
80.83
80.87
80.87
80.92
80.92
80.96
80.87
80.82
80.79
80.82
80.86
80.83
80.90
80.95
80.92
80.88
80.85
80.77
80.78
80.77
80.77
80.74
80.69
80.68
80.74
80.72
80.75
80.76
80.69
80.68
80.60
80.59
80.56
80.59
80.48
80.47
80.50
80.47
80.46
80.49
80.46
80.48
80.48
80.52
80.49
80.52
80.50
80.51
80.60
80.53
80.58
80.58
80.56
80.48
80.47
80.41
80.36
80.39
80.35
80.38
80.33
80.38
80.36
80.33
80.31
80.23
80.24
80.23
80.26
80.27
80.26
80.25
80.21
80.24
80.26
80.26
80.23
80.23
80.26
80.26
80.23
80.23
80.21
80.21
80.26
80.25
80.31
80.32
80.32
80.34
80.35
80.34
80.27
80.32
80.32
80.32
80.35
80.35
80.34
80.33
80.31
80.30
80.29
80.26
80.24
80.19
80.20
80.17
80.23
80.24
80.24
80.22
80.19
80.18
80.22
80.17
80.20
80.18
80.19
80.23
80.26
80.24
80.19
80.20
80.23
80.26
80.31
80.30
80.29
80.25
80.27
80.29
80.27
80.24
80.25
80.27
80.26
80.28
80.31
80.27
80.29
80.27
80.26
80.27
80.25
80.23
80.29
80.28
80.27
80.30
80.26
80.22
80.22
80.22
80.23
80.26
80.27
80.27
80.28
80.27
80.30
80.26
80.25
80.28
80.29
80.32
80.30
80.30
80.31
80.34
80.35
80.32
80.32
80.32
80.34
80.35
80.39
80.39
80.38
80.37
80.36
80.36
80.38
80.33
80.35
80.35
80.37
80.31
80.33
80.32
80.32
80.33
80.33
80.34
80.34
80.34
80.34
80.34
80.34
80.35
80.34
80.35
80.37
80.37
80.37
80.40
80.37
80.38
80.37
80.38
80.36
80.37
80.40
80.42
80.42
80.44
80.42
80.39
80.35
80.34
80.36
80.38
80.38
80.41
80.40
80.41
80.42
80.41
80.38
80.35
80.35
80.34
80.30
80.27
80.28
80.31
80.31
80.30
80.29
80.30
80.31
80.31
80.33
80.34
80.34
80.34
80.34
80.36
80.38
80.36
80.39
80.41
80.43
80.42
80.42
80.41
80.41
80.40
80.41
80.40
80.41
80.40
80.38
80.39
80.42
80.40
80.38
80.34
80.32
80.32
80.31
80.31
80.30
80.33
80.32
80.32
80.30
80.29
80.27
80.26
80.26
80.26
80.26
80.26
80.29
80.30
80.28
80.29
80.31
80.30
80.30
80.31
80.32
80.34
80.36
80.38
80.38
80.36
80.38
80.38
80.40
80.38
80.37
80.38
80.36
80.36
80.35
80.37
80.37
80.38
80.40
80.39
80.40
80.40
80.39
80.39
80.38
80.41
80.40
80.39
80.37
80.37
80.39
80.37
80.37
80.33
80.33
80.34
80.36
80.35
80.35
80.32
80.33
80.32
80.34
80.35
80.35
80.37
80.36
80.36
80.36
80.37
80.39
80.38
80.39
80.35
80.35
80.33
80.33
80.31
80.31
80.31
80.30
80.31
80.31
80.33
80.32
80.32
80.32
80.31
80.32
80.32
80.33
80.35
80.33
80.33
80.33
80.34
80.34
80.35
80.35
80.34
80.36
80.36
80.35
80.35
80.36
80.35
80.33
80.33
80.33
80.33
80.33
80.32
80.34
80.35
80.31
80.32
80.32
80.34
80.34
80.33
80.33
80.34
80.33
80.32
80.31
80.32
80.31
80.32
80.31
80.33
80.32
80.34
80.34
80.33
80.34
80.34
80.33
80.32
80.31
80.32
80.32
80.32
80.32
80.32
80.32
80.31
80.31
80.31
80.30
80.31
80.30
80.29
80.29
80.30
80.30
80.31
80.30
80.30
80.31
80.30
80.28
80.30
80.32
80.32
80.33
80.34
80.33
80.34
80.35
80.36
80.36
80.36
80.35
80.36
80.36
80.36
80.36
80.34
80.35
80.36
80.36
80.37
80.37
80.36
80.37
80.36
80.35
80.35
80.35
80.34
80.34
80.33
80.33
80.33
80.32
80.31
80.30
80.29
80.28
80.27
80.28
80.28
80.28
80.28
80.28
80.29
80.30
80.30
80.31
80.29
80.28
80.26
80.26
80.25
80.26
80.25
80.26
80.24
80.25
80.26
80.27
80.27
80.27
80.28
80.27
80.27
80.27
80.26
80.25
80.25
80.26
80.26
80.26
80.26
80.27
80.27
80.28
80.30
80.30
80.31
80.32
80.32
80.32
80.31
80.31
80.31
80.30
80.30
80.30
80.31
80.31
80.31
80.32
80.32
80.32
80.33
80.34
80.33
80.34
80.33
80.32
80.32
80.32
80.31
80.31
80.31
80.32
80.32
80.31
80.31
80.32
80.33
80.32
80.32
80.32
80.33
80.32
80.32
80.34
80.36
80.36
80.36
80.34
80.35
80.34
80.35
80.36
80.35
80.35
80.34
80.33
80.34
80.33
80.33
80.34
80.34
80.34
80.35
80.35
80.34
80.34
80.33
80.34
80.34
80.34
80.33
80.33
80.33
80.32
80.33
80.31
80.31
80.32
80.32
80.31
80.32
80.33
80.33
80.33
80.33
80.33
80.33
80.34
80.34
80.34
80.33
80.33
80.34
80.33
80.34
80.35
80.35
80.37
80.37
80.36
80.37
80.36
80.36
80.35
80.35
80.35
80.33
80.33
80.33
80.33
80.33
80.33
80.33
80.33
80.33
80.32
80.34
80.32
80.31
80.32
80.31
80.30
80.29
80.29
80.28
80.27
80.27
80.27
80.27
80.27
80.27
80.27
80.28
80.28
80.28
80.29
80.29
80.28
80.29
80.28
80.28
80.28
80.28
80.28
80.29
80.28
80.28
80.28
80.28
80.28
80.28
80.29
80.29
80.30
80.29
80.28
80.27
80.27
80.27
80.27
80.25
80.24
80.25
80.26
80.24
80.24
80.26
80.25
80.26
80.27
80.27
80.26
80.26
80.27
80.26
80.26
80.27
80.27
80.27
80.26
80.27
80.28
80.27
80.27
80.27
80.27
80.27
80.26
80.27
80.27
80.28
80.28
80.28
80.28
80.20
