81.25
77.34
75.52
76.17
75.00
75.26
75.45
75.98
77.08
76.88
76.56
76.30
76.32
76.56
76.67
76.86
77.02
77.43
77.55
77.42
77.75
77.70
77.92
78.12
78.12
78.25
78.65
78.46
78.34
78.33
78.58
78.66
78.79
78.86
78.84
78.82
78.76
78.91
78.93
78.83
78.93
78.65
78.63
78.59
78.44
78.36
78.52
78.32
78.51
78.62
78.80
78.82
78.63
78.59
78.69
78.74
78.70
78.69
78.76
78.80
78.74
78.70
78.72
78.74
78.77
78.79
78.80
78.81
78.78
78.79
78.61
78.60
78.77
78.84
78.83
78.89
78.90
78.95
78.90
78.81
78.74
78.72
78.69
78.74
78.64
78.67
78.66
78.59
78.70
78.73
78.69
78.62
78.58
78.66
78.72
78.73
78.67
78.70
78.63
78.59
78.59
78.57
78.53
78.49
78.53
78.58
78.59
78.60
78.61
78.52
78.51
78.57
78.57
78.54
78.46
78.52
78.57
78.60
78.57
78.52
78.50
78.53
78.54
78.60
78.61
78.57
78.67
78.66
78.68
78.70
78.66
78.59
78.59
78.61
78.63
78.68
78.64
78.62
78.61
78.59
78.52
78.52
78.57
78.56
78.64
78.62
78.60
78.54
78.58
78.55
78.53
78.43
78.43
78.40
78.45
78.46
78.40
78.34
78.34
78.36
78.35
78.34
78.36
78.35
78.33
78.38
78.36
78.31
78.29
78.27
78.30
78.30
78.30
78.26
78.28
78.23
78.28
78.23
78.22
78.24
78.28
78.29
78.30
78.28
78.31
78.33
78.31
78.27
78.30
78.28
78.29
78.30
78.30
78.31
78.29
78.30
78.31
78.33
78.36
78.35
78.34
78.33
78.33
78.32
78.32
78.36
78.37
78.40
78.39
78.41
78.43
78.41
78.43
78.43
78.42
78.42
78.44
78.44
78.45
78.42
78.41
78.41
78.44
78.43
78.40
78.40
78.40
78.41
78.44
78.43
78.44
78.39
78.39
78.39
78.39
78.40
78.42
78.41
78.40
78.40
78.40
78.43
78.42
78.40
78.39
78.35
78.35
78.33
78.34
78.34
78.36
78.37
78.33
78.33
78.35
78.34
78.32
78.31
78.31
78.30
78.33
78.33
78.30
78.29
78.30
78.25
78.28
78.28
78.28
78.27
78.30
78.33
78.34
78.34
78.35
78.32
78.30
78.31
78.31
78.31
78.28
78.30
78.31
78.31
78.32
78.34
78.36
78.40
78.41
78.43
78.43
78.38
78.39
78.38
78.37
78.40
78.39
78.40
78.40
78.42
78.42
78.45
78.46
78.48
78.48
78.46
78.47
78.45
78.47
78.47
78.48
78.51
78.49
78.45
78.45
78.44
78.45
78.46
78.48
78.46
78.45
78.46
78.46
78.49
78.48
78.47
78.47
78.50
78.50
78.50
78.49
78.52
78.49
78.49
78.47
78.45
78.44
78.46
78.43
78.45
78.45
78.45
78.46
78.46
78.45
78.45
78.47
78.51
78.49
78.47
78.46
78.49
78.50
78.48
78.49
78.51
78.53
78.50
78.49
78.51
78.52
78.50
78.51
78.49
78.52
78.51
78.51
78.49
78.49
78.48
78.49
78.49
78.47
78.49
78.48
78.49
78.50
78.49
78.49
78.50
78.49
78.49
78.46
78.47
78.47
78.47
78.49
78.47
78.47
78.45
78.42
78.43
78.42
78.43
78.44
78.42
78.42
78.43
78.40
78.39
78.39
78.40
78.40
78.41
78.41
78.42
78.42
78.43
78.43
78.44
78.44
78.43
78.42
78.40
78.42
78.41
78.39
78.39
78.38
78.37
78.37
78.40
78.40
78.39
78.40
78.39
78.37
78.38
78.37
78.36
78.34
78.33
78.34
78.33
78.32
78.32
78.33
78.33
78.34
78.32
78.32
78.31
78.31
78.31
78.30
78.27
78.26
78.27
78.27
78.28
78.28
78.29
78.29
78.27
78.29
78.28
78.28
78.27
78.25
78.26
78.27
78.28
78.28
78.27
78.26
78.25
78.24
78.25
78.27
78.27
78.28
78.27
78.27
78.27
78.25
78.25
78.25
78.24
78.24
78.23
78.24
78.23
78.23
78.24
78.23
78.24
78.25
78.25
78.24
78.25
78.26
78.25
78.25
78.25
78.25
78.27
78.26
78.26
78.27
78.28
78.27
78.27
78.27
78.26
78.25
78.23
78.23
78.23
78.24
78.23
78.24
78.22
78.23
78.24
78.26
78.24
78.25
78.25
78.25
78.24
78.25
78.25
78.24
78.23
78.22
78.21
78.21
78.20
78.18
78.18
78.19
78.19
78.20
78.20
78.21
78.21
78.22
78.22
78.21
78.21
78.22
78.21
78.22
78.22
78.23
78.24
78.25
78.26
78.28
78.27
78.29
78.29
78.29
78.29
78.29
78.28
78.28
78.28
78.27
78.27
78.24
78.24
78.24
78.23
78.24
78.24
78.25
78.25
78.25
78.28
78.28
78.27
78.26
78.26
78.26
78.22
78.22
78.22
78.23
78.22
78.22
78.22
78.22
78.22
78.23
78.23
78.23
78.24
78.23
78.23
78.23
78.23
78.22
78.23
78.23
78.24
78.23
78.22
78.22
78.21
78.21
78.21
78.21
78.20
78.21
78.22
78.23
78.22
78.21
78.21
78.23
78.23
78.24
78.23
78.23
78.24
78.25
78.22
78.23
78.23
78.24
78.24
78.24
78.24
78.24
78.24
78.24
78.24
78.24
78.24
78.22
78.21
78.20
78.20
78.19
78.20
78.17
78.17
78.18
78.18
78.17
78.17
78.17
78.17
78.17
78.19
78.19
78.19
78.20
78.20
78.20
78.20
78.20
78.19
78.20
78.20
78.20
78.21
78.21
78.21
78.22
78.22
78.22
78.21
78.21
78.21
78.22
78.23
78.23
78.21
78.22
78.23
78.24
78.25
78.26
78.26
78.25
78.25
78.25
78.25
78.25
78.26
78.27
78.28
78.29
78.30
78.30
78.29
78.29
78.28
78.28
78.27
78.27
78.26
78.26
78.27
78.27
78.27
78.28
78.28
78.28
78.30
78.29
78.30
78.29
78.28
78.29
78.29
78.29
78.28
78.28
78.28
78.27
78.27
78.28
78.28
78.29
78.31
78.30
78.30
78.31
78.31
78.31
78.31
78.31
78.32
78.33
78.32
78.33
78.32
78.32
78.33
78.33
78.33
78.34
78.35
78.35
78.35
78.36
78.37
78.37
78.36
78.36
78.35
78.35
78.33
78.34
78.34
78.33
78.33
78.33
78.32
78.32
78.32
78.33
78.33
78.32
78.32
78.32
78.32
78.33
78.33
78.33
78.34
78.33
78.33
78.32
78.31
78.31
78.32
78.30
78.31
78.31
78.30
78.29
78.29
78.29
78.28
78.27
78.26
78.27
78.19
