85.94
87.50
86.46
85.16
84.06
82.55
81.25
80.27
80.90
81.25
81.68
80.99
81.37
81.25
81.35
80.76
80.79
80.90
80.35
80.55
80.36
80.33
80.64
80.73
80.88
81.01
81.19
80.80
80.55
80.47
80.80
80.76
80.63
80.56
80.36
80.21
80.07
80.10
79.97
80.12
80.14
80.32
80.12
80.18
80.17
80.20
80.05
80.14
80.33
80.31
80.42
80.47
80.51
80.61
80.65
80.72
80.76
80.74
80.51
80.47
80.51
80.49
80.56
80.59
80.62
80.66
80.71
80.63
80.62
80.65
80.57
80.51
80.52
80.53
80.60
80.55
80.60
80.55
80.56
80.51
80.48
80.39
80.40
80.52
80.50
80.60
80.62
80.59
80.58
80.61
80.55
80.57
80.68
80.77
80.77
80.84
80.85
80.88
80.92
80.94
80.91
80.96
80.93
80.96
80.94
80.91
80.97
80.92
80.93
80.88
80.86
80.80
80.85
80.72
80.73
80.75
80.68
80.65
80.59
80.52
80.50
80.52
80.50
80.47
80.46
80.42
80.40
80.42
80.39
80.43
80.47
80.40
80.40
80.45
80.39
80.33
80.37
80.41
80.42
80.46
80.47
80.47
80.47
80.47
80.44
80.44
80.41
80.35
80.40
80.40
80.42
80.42
80.42
80.36
80.33
80.33
80.34
80.31
80.35
80.39
80.44
80.46
80.42
80.44
80.44
80.44
80.48
80.48
80.52
80.52
80.56
80.56
80.56
80.57
80.57
80.60
80.59
80.62
80.63
80.59
80.58
80.49
80.52
80.52
80.51
80.54
80.55
80.50
80.54
80.54
80.52
80.54
80.51
80.48
80.48
80.47
80.47
80.46
80.45
80.45
80.39
80.38
80.37
80.35
80.35
80.30
80.32
80.31
80.29
80.27
80.23
80.25
80.29
80.30
80.31
80.27
80.26
80.29
80.31
80.28
80.30
80.28
80.33
80.34
80.34
80.34
80.34
80.37
80.38
80.33
80.32
80.31
80.31
80.33
80.35
80.32
80.32
80.32
80.31
80.32
80.32
80.31
80.31
80.30
80.28
80.27
80.26
80.25
80.26
80.28
80.26
80.28
80.28
80.28
80.28
80.26
80.27
80.27
80.27
80.29
80.30
80.29
80.28
80.29
80.27
80.30
80.31
80.29
80.27
80.30
80.28
80.27
80.26
80.26
80.27
80.28
80.27
80.26
80.28
80.27
80.23
80.22
80.18
80.16
80.16
80.18
80.18
80.19
80.14
80.14
80.15
80.14
80.15
80.18
80.16
80.17
80.19
80.20
80.19
80.19
80.21
80.21
80.24
80.26
80.26
80.26
80.26
80.26
80.27
80.29
80.30
80.31
80.33
80.32
80.33
80.33
80.31
80.31
80.30
80.30
80.31
80.31
80.31
80.31
80.33
80.35
80.35
80.37
80.39
80.38
80.41
80.41
80.42
80.44
80.46
80.46
80.47
80.47
80.48
80.46
80.48
80.47
80.46
80.45
80.46
80.46
80.45
80.44
80.43
80.45
80.44
80.45
80.46
80.45
80.46
80.43
80.43
80.40
80.38
80.36
80.36
80.35
80.36
80.36
80.35
80.36
80.37
80.38
80.37
80.35
80.34
80.35
80.36
80.36
80.36
80.36
80.36
80.35
80.37
80.36
80.35
80.34
80.35
80.34
80.38
80.38
80.37
80.38
80.39
80.40
80.41
80.40
80.41
80.41
80.39
80.38
80.36
80.38
80.38
80.38
80.40
80.40
80.40
80.40
80.41
80.41
80.39
80.40
80.41
80.42
80.41
80.40
80.38
80.39
80.36
80.36
80.36
80.38
80.35
80.36
80.36
80.37
80.37
80.38
80.39
80.40
80.39
80.39
80.39
80.40
80.41
80.41
80.41
80.41
80.40
80.41
80.42
80.40
80.39
80.40
80.40
80.41
80.40
80.39
80.39
80.38
80.38
80.38
80.38
80.39
80.39
80.38
80.38
80.39
80.40
80.41
80.41
80.42
80.43
80.41
80.41
80.41
80.41
80.42
80.42
80.42
80.41
80.41
80.40
80.39
80.40
80.39
80.38
80.39
80.36
80.36
80.38
80.39
80.39
80.38
80.38
80.38
80.39
80.39
80.39
80.40
80.39
80.40
80.40
80.39
80.39
80.41
80.41
80.42
80.43
80.45
80.45
80.46
80.45
80.43
80.41
80.41
80.40
80.38
80.37
80.36
80.37
80.39
80.38
80.36
80.37
80.36
80.35
80.35
80.36
80.35
80.36
80.36
80.38
80.37
80.36
80.37
80.36
80.37
80.35
80.35
80.35
80.33
80.33
80.33
80.33
80.33
80.33
80.32
80.30
80.30
80.29
80.29
80.28
80.27
80.27
80.27
80.27
80.25
80.27
80.27
80.26
80.28
80.29
80.29
80.31
80.29
80.28
80.28
80.27
80.27
80.26
80.26
80.25
80.27
80.27
80.28
80.28
80.29
80.28
80.28
80.29
80.31
80.32
80.33
80.34
80.35
80.36
80.37
80.36
80.35
80.36
80.36
80.36
80.38
80.39
80.38
80.39
80.39
80.39
80.39
80.38
80.38
80.38
80.37
80.36
80.37
80.37
80.38
80.35
80.35
80.34
80.32
80.31
80.32
80.32
80.32
80.30
80.31
80.32
80.31
80.30
80.28
80.27
80.28
80.28
80.28
80.30
80.30
80.30
80.29
80.30
80.30
80.30
80.30
80.29
80.30
80.30
80.29
80.31
80.30
80.31
80.31
80.30
80.31
80.32
80.33
80.33
80.33
80.34
80.35
80.36
80.38
80.39
80.40
80.39
80.39
80.39
80.38
80.39
80.38
80.37
80.37
80.35
80.36
80.35
80.35
80.35
80.36
80.36
80.36
80.35
80.34
80.33
80.32
80.31
80.30
80.30
80.30
80.29
80.30
80.31
80.31
80.32
80.32
80.33
80.34
80.34
80.33
80.32
80.33
80.33
80.33
80.33
80.32
80.33
80.33
80.33
80.34
80.34
80.33
80.34
80.33
80.34
80.33
80.34
80.33
80.33
80.34
80.35
80.34
80.34
80.33
80.33
80.33
80.32
80.32
80.34
80.35
80.35
80.35
80.34
80.35
80.35
80.33
80.34
80.33
80.33
80.34
80.34
80.34
80.34
80.33
80.33
80.33
80.33
80.32
80.31
80.32
80.32
80.31
80.31
80.30
80.30
80.31
80.31
80.30
80.30
80.30
80.29
80.30
80.30
80.31
80.30
80.30
80.30
80.30
80.31
80.31
80.31
80.30
80.30
80.31
80.30
80.31
80.31
80.30
80.30
80.30
80.30
80.31
80.31
80.31
80.32
80.30
80.31
80.30
80.29
80.28
80.29
80.28
80.28
80.28
80.29
80.29
80.30
80.30
80.30
80.31
80.30
80.29
80.29
80.28
80.28
80.28
80.29
80.22
