84.38
83.59
81.25
80.08
80.31
79.69
79.02
78.71
78.99
79.22
79.69
80.47
80.17
80.25
80.00
80.27
80.33
80.38
80.35
80.47
80.80
80.89
80.91
80.99
80.81
80.77
80.67
80.69
80.66
80.73
80.80
80.66
80.54
80.56
80.54
80.64
80.70
80.72
80.53
80.59
80.64
80.84
81.03
81.00
80.94
80.94
81.08
80.92
80.87
80.91
80.91
80.86
80.84
80.73
80.77
80.58
80.56
80.52
80.43
80.34
80.51
80.54
80.63
80.57
80.46
80.47
80.53
80.54
80.64
80.51
80.61
80.58
80.54
80.51
80.44
80.43
80.34
80.33
80.42
80.37
80.29
80.24
80.16
80.08
80.04
80.07
80.03
80.02
80.06
80.14
80.13
80.18
80.14
80.12
80.15
79.96
79.98
79.97
79.89
79.92
79.92
79.95
80.02
80.11
80.16
80.07
80.11
80.12
80.15
80.17
80.12
80.19
80.16
80.18
80.23
80.31
80.38
80.35
80.40
80.40
80.40
80.40
80.37
80.39
80.30
80.33
80.30
80.32
80.31
80.31
80.26
80.28
80.31
80.32
80.27
80.20
80.21
80.16
80.23
80.20
80.15
80.16
80.10
80.11
80.14
80.18
80.22
80.19
80.17
80.17
80.12
80.12
80.13
80.19
80.21
80.30
80.32
80.29
80.26
80.17
80.12
80.11
80.10
80.08
80.01
79.99
80.01
80.02
80.05
80.05
80.02
79.97
79.95
79.96
79.99
79.97
80.01
80.02
79.99
80.01
80.05
80.01
80.04
80.04
80.04
80.04
80.08
80.09
80.08
80.03
79.99
80.01
80.00
80.00
79.98
79.98
79.97
79.94
79.92
79.94
79.94
79.90
79.88
79.86
79.84
79.82
79.82
79.79
79.78
79.80
79.78
79.73
79.72
79.74
79.77
79.77
79.77
79.80
79.79
79.79
79.79
79.79
79.76
79.75
79.77
79.76
79.76
79.72
79.75
79.73
79.76
79.80
79.81
79.83
79.83
79.84
79.87
79.85
79.86
79.86
79.86
79.87
79.90
79.91
79.93
79.93
79.94
79.93
79.95
79.96
79.96
79.98
80.03
80.03
80.02
80.01
79.99
80.00
80.03
80.02
80.01
80.01
80.02
80.04
80.04
80.08
80.10
80.05
80.04
80.05
80.05
80.06
80.04
80.04
80.06
80.06
80.05
80.06
80.07
80.06
80.05
80.06
80.06
80.05
80.04
80.04
80.04
80.06
80.07
80.06
80.06
80.06
80.06
80.09
80.08
80.09
80.10
80.11
80.10
80.08
80.06
80.04
80.03
80.03
80.02
79.99
79.98
79.98
79.96
79.96
79.94
79.94
79.93
79.96
79.98
80.00
79.99
79.98
79.99
79.99
79.99
79.99
79.99
80.00
80.01
80.04
80.02
80.01
80.01
80.02
80.03
80.04
80.06
80.06
80.08
80.05
80.05
80.06
80.06
80.08
80.07
80.08
80.10
80.11
80.11
80.14
80.15
80.14
80.16
80.18
80.19
80.18
80.19
80.20
80.22
80.21
80.21
80.24
80.25
80.26
80.27
80.27
80.28
80.28
80.27
80.24
80.26
80.25
80.24
80.23
80.22
80.22
80.21
80.20
80.20
80.18
80.20
80.20
80.21
80.20
80.20
80.20
80.19
80.17
80.19
80.18
80.17
80.17
80.17
80.17
80.18
80.17
80.17
80.18
80.18
80.18
80.17
80.18
80.18
80.18
80.16
80.15
80.16
80.16
80.16
80.18
80.18
80.18
80.17
80.14
80.14
80.15
80.15
80.16
80.15
80.16
80.13
80.15
80.17
80.17
80.17
80.17
80.16
80.18
80.20
80.22
80.21
80.22
80.23
80.24
80.23
80.26
80.26
80.26
80.26
80.25
80.27
80.25
80.26
80.27
80.28
80.28
80.28
80.27
80.26
80.26
80.26
80.27
80.28
80.26
80.27
80.26
80.26
80.25
80.24
80.24
80.26
80.24
80.22
80.22
80.22
80.22
80.22
80.22
80.21
80.22
80.22
80.23
80.23
80.22
80.23
80.24
80.23
80.22
80.23
80.23
80.24
80.23
80.23
80.23
80.21
80.22
80.22
80.21
80.22
80.21
80.20
80.21
80.23
80.23
80.21
80.21
80.20
80.20
80.21
80.21
80.22
80.23
80.24
80.24
80.25
80.24
80.24
80.23
80.23
80.23
80.24
80.24
80.23
80.22
80.20
80.20
80.21
80.21
80.22
80.21
80.20
80.22
80.22
80.23
80.23
80.23
80.23
80.22
80.22
80.23
80.22
80.22
80.22
80.22
80.22
80.23
80.23
80.24
80.25
80.25
80.24
80.27
80.27
80.27
80.27
80.28
80.28
80.29
80.31
80.31
80.30
80.30
80.32
80.30
80.30
80.30
80.30
80.29
80.30
80.30
80.30
80.31
80.30
80.31
80.30
80.30
80.29
80.28
80.29
80.26
80.26
80.24
80.23
80.22
80.24
80.23
80.22
80.22
80.23
80.23
80.23
80.22
80.21
80.21
80.21
80.21
80.22
80.21
80.23
80.22
80.20
80.21
80.20
80.20
80.20
80.20
80.18
80.17
80.18
80.18
80.17
80.18
80.15
80.15
80.14
80.13
80.13
80.14
80.15
80.15
80.15
80.15
80.17
80.16
80.16
80.15
80.16
80.17
80.17
80.17
80.18
80.16
80.16
80.16
80.15
80.16
80.16
80.16
80.15
80.15
80.15
80.16
80.14
80.14
80.14
80.13
80.14
80.15
80.14
80.14
80.16
80.16
80.16
80.15
80.14
80.13
80.14
80.14
80.14
80.13
80.14
80.13
80.13
80.13
80.13
80.14
80.15
80.15
80.13
80.13
80.12
80.12
80.12
80.12
80.12
80.12
80.11
80.11
80.10
80.10
80.11
80.12
80.14
80.14
80.15
80.15
80.14
80.14
80.14
80.13
80.13
80.13
80.13
80.14
80.14
80.15
80.15
80.16
80.17
80.16
80.16
80.16
80.15
80.14
80.15
80.15
80.16
80.16
80.16
80.15
80.14
80.13
80.13
80.14
80.14
80.15
80.15
80.17
80.16
80.16
80.16
80.16
80.17
80.18
80.18
80.18
80.18
80.18
80.19
80.18
80.18
80.18
80.20
80.20
80.21
80.20
80.20
80.19
80.20
80.21
80.21
80.21
80.22
80.22
80.22
80.22
80.22
80.22
80.23
80.23
80.22
80.23
80.22
80.22
80.20
80.22
80.21
80.22
80.22
80.22
80.22
80.22
80.22
80.22
80.22
80.23
80.22
80.22
80.23
80.24
80.23
80.22
80.22
80.22
80.22
80.22
80.24
80.24
80.23
80.23
80.23
80.22
80.22
80.23
80.23
80.23
80.23
80.22
80.22
80.22
80.21
80.20
80.20
80.19
80.20
80.12
