78.12
76.56
79.17
80.08
79.69
78.39
79.69
79.69
78.30
78.91
79.12
80.21
80.77
80.80
80.73
80.76
80.79
80.82
80.59
80.70
80.73
80.68
80.23
80.21
80.69
80.71
80.84
80.86
80.77
80.73
80.85
80.66
80.78
80.79
80.58
80.73
80.66
80.59
80.49
80.35
80.34
80.43
80.52
80.43
80.42
80.30
80.35
80.31
80.29
80.38
80.42
80.53
80.51
80.53
80.57
80.47
80.56
80.55
80.46
80.47
80.43
80.27
80.21
80.25
80.46
80.47
80.36
80.47
80.43
80.49
80.50
80.47
80.54
80.62
80.65
80.65
80.60
80.69
80.72
80.68
80.67
80.74
80.74
80.82
80.90
80.90
80.82
80.79
80.67
80.63
80.63
80.67
80.68
80.72
80.84
80.84
80.85
80.87
80.92
80.98
80.88
80.81
80.72
80.69
80.79
80.87
80.83
80.82
80.81
80.85
80.80
80.92
80.86
80.92
80.86
80.81
80.81
80.77
80.76
80.76
80.75
80.72
80.78
80.72
80.71
80.77
80.79
80.79
80.79
80.78
80.75
80.74
80.72
80.71
80.69
80.73
80.77
80.81
80.82
80.83
80.88
80.86
80.85
80.84
80.80
80.88
80.87
80.84
80.81
80.84
80.82
80.78
80.76
80.78
80.79
80.78
80.78
80.72
80.69
80.68
80.73
80.72
80.72
80.69
80.71
80.67
80.67
80.65
80.61
80.60
80.60
80.61
80.53
80.53
80.52
80.51
80.51
80.55
80.57
80.56
80.53
80.51
80.46
80.43
80.39
80.38
80.41
80.39
80.37
80.35
80.34
80.40
80.38
80.43
80.46
80.46
80.46
80.43
80.40
80.41
80.41
80.41
80.40
80.38
80.33
80.26
80.28
80.26
80.26
80.27
80.24
80.23
80.22
80.24
80.25
80.24
80.25
80.25
80.29
80.30
80.25
80.24
80.23
80.23
80.26
80.24
80.24
80.23
80.21
80.18
80.17
80.17
80.17
80.13
80.15
80.16
80.18
80.17
80.16
80.16
80.17
80.17
80.11
80.10
80.08
80.09
80.09
80.10
80.10
80.12
80.12
80.10
80.08
80.08
80.09
80.10
80.09
80.05
80.04
80.04
80.05
80.03
79.99
79.98
79.95
79.94
79.91
79.91
79.90
79.91
79.91
79.92
79.95
79.96
79.99
80.00
79.96
79.96
79.97
79.98
79.98
79.99
80.01
80.01
80.02
80.04
80.01
80.00
79.98
79.95
79.98
79.97
79.98
79.99
79.99
79.95
79.94
79.94
79.96
79.98
79.99
79.98
79.96
79.94
79.96
79.98
79.96
79.94
79.93
79.93
79.92
79.93
79.94
79.93
79.94
79.93
79.93
79.93
79.92
79.93
79.95
79.97
79.99
79.98
79.98
79.96
79.96
79.97
79.95
79.96
79.98
79.98
79.99
79.98
80.00
80.00
79.99
79.96
79.93
79.93
79.93
79.93
79.93
79.94
79.95
79.94
79.93
79.93
79.91
79.91
79.91
79.90
79.91
79.93
79.96
79.96
79.97
79.99
80.01
80.01
80.02
80.02
80.03
80.02
80.00
79.98
80.00
80.00
80.01
80.02
80.02
80.02
80.04
80.02
80.02
80.02
80.03
80.02
80.03
80.01
80.01
80.01
80.01
80.03
80.04
80.03
80.01
80.03
80.02
80.02
80.03
80.05
80.06
80.04
80.03
80.01
80.03
80.05
80.05
80.04
80.05
80.06
80.06
80.09
80.09
80.06
80.08
80.07
80.07
80.08
80.09
80.10
80.10
80.11
80.10
80.10
80.11
80.12
80.12
80.14
80.14
80.12
80.11
80.10
80.10
80.09
80.09
80.11
80.14
80.15
80.15
80.16
80.18
80.17
80.18
80.18
80.19
80.19
80.20
80.20
80.18
80.19
80.18
80.18
80.18
80.18
80.18
80.18
80.18
80.20
80.20
80.20
80.18
80.18
80.19
80.17
80.18
80.18
80.19
80.19
80.19
80.20
80.19
80.21
80.20
80.20
80.20
80.19
80.19
80.17
80.16
80.15
80.15
80.14
80.15
80.13
80.12
80.12
80.13
80.14
80.13
80.12
80.11
80.12
80.14
80.14
80.14
80.14
80.16
80.16
80.16
80.14
80.14
80.15
80.15
80.16
80.16
80.15
80.17
80.16
80.16
80.17
80.16
80.17
80.16
80.18
80.17
80.17
80.17
80.17
80.17
80.18
80.19
80.19
80.19
80.17
80.17
80.17
80.17
80.19
80.19
80.19
80.19
80.19
80.20
80.22
80.23
80.25
80.25
80.26
80.26
80.27
80.29
80.28
80.29
80.30
80.30
80.29
80.28
80.29
80.30
80.29
80.28
80.28
80.28
80.28
80.28
80.29
80.30
80.32
80.31
80.30
80.30
80.31
80.31
80.31
80.32
80.31
80.32
80.32
80.32
80.32
80.33
80.33
80.33
80.32
80.33
80.34
80.32
80.33
80.32
80.32
80.34
80.34
80.34
80.35
80.36
80.37
80.38
80.38
80.39
80.39
80.38
80.37
80.39
80.37
80.38
80.37
80.38
80.36
80.35
80.34
80.33
80.34
80.33
80.31
80.31
80.31
80.32
80.32
80.31
80.31
80.31
80.30
80.31
80.32
80.32
80.31
80.30
80.31
80.31
80.32
80.32
80.32
80.33
80.33
80.33
80.32
80.33
80.34
80.35
80.35
80.34
80.34
80.33
80.32
80.32
80.32
80.30
80.30
80.31
80.31
80.30
80.30
80.30
80.30
80.29
80.29
80.30
80.30
80.30
80.30
80.29
80.30
80.29
80.28
80.29
80.29
80.31
80.31
80.32
80.31
80.30
80.31
80.31
80.31
80.30
80.31
80.31
80.31
80.30
80.31
80.30
80.31
80.28
80.28
80.26
80.25
80.25
80.24
80.23
80.24
80.24
80.24
80.22
80.20
80.20
80.21
80.21
80.21
80.21
80.22
80.22
80.23
80.23
80.24
80.24
80.23
80.23
80.23
80.23
80.23
80.23
80.23
80.23
80.25
80.24
80.26
80.25
80.25
80.26
80.24
80.23
80.23
80.23
80.23
80.24
80.25
80.25
80.25
80.26
80.26
80.27
80.27
80.27
80.26
80.25
80.26
80.25
80.25
80.25
80.24
80.23
80.23
80.22
80.24
80.24
80.24
80.23
80.24
80.24
80.23
80.23
80.23
80.21
80.22
80.23
80.24
80.24
80.23
80.23
80.23
80.23
80.24
80.24
80.23
80.24
80.24
80.25
80.24
80.23
80.24
80.23
80.23
80.23
80.23
80.22
80.22
80.21
80.22
80.23
80.22
80.23
80.24
80.24
80.23
80.23
80.23
80.24
80.25
80.25
80.26
80.25
80.25
80.25
80.25
80.24
80.25
80.25
80.25
80.25
80.17
