79.69
77.34
79.69
79.69
79.06
79.17
80.13
79.49
79.69
79.84
80.54
80.86
80.77
80.69
80.94
80.37
79.96
78.99
78.62
79.38
79.24
79.05
78.74
78.84
78.88
78.67
78.76
78.96
79.09
79.11
79.08
79.10
79.07
78.91
78.97
78.95
78.80
78.70
78.73
78.75
78.85
78.94
78.92
78.84
78.78
78.94
79.02
79.07
79.15
79.00
78.89
78.79
78.74
78.76
78.72
78.68
78.59
78.69
78.89
78.93
79.07
78.96
78.82
78.83
78.56
78.60
78.61
78.54
78.53
78.48
78.46
78.36
78.25
78.19
78.13
78.13
78.04
78.13
78.05
78.09
78.14
78.09
77.99
77.88
77.83
77.83
77.86
77.88
77.93
77.81
77.88
78.01
77.96
77.96
77.98
77.95
77.96
78.03
78.05
78.03
78.05
78.02
78.06
78.03
78.01
77.99
77.99
77.99
77.95
77.91
77.82
77.72
77.74
77.71
77.79
77.82
77.83
77.86
77.85
77.90
77.94
78.00
77.91
77.94
77.88
77.90
77.97
77.92
77.93
77.96
77.95
77.96
77.89
77.92
77.91
77.90
77.91
77.93
77.97
77.98
77.99
78.03
78.05
78.04
78.06
78.03
78.05
78.07
78.07
78.12
78.21
78.14
78.16
78.16
78.16
78.16
78.15
78.12
78.15
78.19
78.18
78.13
78.14
78.12
78.16
78.17
78.19
78.18
78.24
78.26
78.28
78.28
78.27
78.21
78.15
78.19
78.17
78.13
78.11
78.14
78.11
78.08
78.12
78.08
78.12
78.12
78.10
78.06
78.07
78.04
78.05
78.05
78.05
78.05
78.12
78.10
78.11
78.17
78.23
78.23
78.25
78.22
78.23
78.22
78.23
78.19
78.19
78.18
78.24
78.24
78.24
78.29
78.31
78.29
78.29
78.31
78.25
78.25
78.25
78.24
78.21
78.19
78.20
78.15
78.19
78.15
78.13
78.13
78.12
78.15
78.15
78.15
78.16
78.15
78.14
78.14
78.16
78.17
78.19
78.18
78.18
78.18
78.21
78.20
78.20
78.21
78.24
78.24
78.23
78.23
78.24
78.26
78.27
78.28
78.27
78.27
78.25
78.23
78.25
78.23
78.24
78.21
78.22
78.22
78.26
78.25
78.24
78.22
78.16
78.18
78.16
78.16
78.17
78.14
78.13
78.14
78.14
78.14
78.12
78.16
78.14
78.15
78.16
78.15
78.13
78.15
78.16
78.15
78.16
78.19
78.18
78.18
78.18
78.18
78.17
78.15
78.12
78.12
78.14
78.12
78.14
78.12
78.11
78.15
78.14
78.15
78.15
78.16
78.19
78.18
78.20
78.17
78.16
78.16
78.18
78.16
78.16
78.14
78.14
78.14
78.13
78.15
78.15
78.14
78.12
78.14
78.14
78.14
78.14
78.16
78.12
78.10
78.07
78.05
78.07
78.07
78.09
78.09
78.09
78.09
78.10
78.11
78.12
78.14
78.12
78.10
78.09
78.09
78.07
78.04
78.04
78.04
78.03
78.03
78.04
78.04
78.06
78.06
78.07
78.03
78.03
78.02
78.03
78.02
78.02
78.01
78.00
78.00
78.00
78.01
78.00
77.99
77.99
77.99
78.00
77.98
77.98
77.99
77.99
77.99
77.99
77.96
77.95
77.96
77.95
77.95
77.96
77.97
77.98
77.99
77.99
78.00
78.01
78.00
77.99
77.96
77.95
77.94
77.94
77.94
77.95
77.95
77.95
77.99
77.99
77.99
78.00
78.00
78.00
77.98
78.00
77.98
78.00
78.00
77.99
78.00
78.02
78.00
77.97
77.98
78.00
77.98
77.97
78.00
78.00
77.98
77.99
77.98
77.98
77.98
77.98
77.99
77.99
77.99
77.98
77.97
77.97
77.96
77.97
77.99
77.99
77.98
77.98
77.99
77.98
77.98
77.99
77.99
77.99
77.98
77.98
77.97
77.95
77.94
77.95
77.96
77.94
77.92
77.93
77.95
77.95
77.95
77.96
77.96
77.96
77.94
77.94
77.95
77.93
77.93
77.94
77.93
77.94
77.91
77.90
77.90
77.89
77.89
77.89
77.89
77.91
77.91
77.91
77.90
77.90
77.88
77.88
77.87
77.87
77.88
77.88
77.89
77.85
77.85
77.85
77.86
77.86
77.86
77.87
77.87
77.85
77.86
77.85
77.85
77.85
77.85
77.85
77.84
77.85
77.85
77.84
77.82
77.82
77.82
77.82
77.81
77.83
77.82
77.84
77.83
77.83
77.83
77.84
77.84
77.85
77.84
77.85
77.85
77.85
77.83
77.83
77.85
77.85
77.84
77.84
77.85
77.85
77.84
77.83
77.83
77.83
77.84
77.83
77.83
77.85
77.84
77.83
77.83
77.82
77.81
77.81
77.82
77.83
77.83
77.81
77.83
77.82
77.81
77.83
77.84
77.84
77.84
77.85
77.84
77.82
77.81
77.81
77.82
77.81
77.83
77.83
77.84
77.84
77.83
77.83
77.83
77.82
77.81
77.80
77.80
77.82
77.81
77.80
77.79
77.79
77.80
77.78
77.78
77.77
77.77
77.75
77.74
77.75
77.76
77.75
77.75
77.76
77.75
77.74
77.75
77.75
77.77
77.76
77.77
77.79
77.79
77.79
77.79
77.78
77.78
77.79
77.79
77.80
77.78
77.78
77.79
77.79
77.79
77.79
77.80
77.79
77.79
77.79
77.79
77.79
77.79
77.79
77.76
77.76
77.76
77.76
77.76
77.76
77.77
77.76
77.77
77.77
77.77
77.78
77.79
77.79
77.78
77.78
77.78
77.78
77.78
77.79
77.78
77.80
77.80
77.80
77.80
77.81
77.82
77.82
77.82
77.82
77.82
77.82
77.83
77.82
77.82
77.83
77.85
77.84
77.82
77.82
77.82
77.81
77.80
77.80
77.79
77.80
77.81
77.80
77.80
77.80
77.80
77.80
77.78
77.78
77.79
77.79
77.78
77.79
77.77
77.77
77.78
77.76
77.76
77.77
77.77
77.78
77.77
77.78
77.79
77.79
77.78
77.77
77.77
77.76
77.77
77.75
77.75
77.75
77.75
77.74
77.74
77.74
77.74
77.75
77.75
77.75
77.76
77.74
77.75
77.76
77.76
77.76
77.76
77.77
77.77
77.77
77.76
77.75
77.74
77.74
77.76
77.75
77.75
77.74
77.74
77.74
77.74
77.73
77.73
77.73
77.73
77.73
77.73
77.73
77.73
77.73
77.73
77.74
77.74
77.74
77.75
77.75
77.75
77.76
77.77
77.76
77.76
77.76
77.76
77.76
77.74
77.75
77.74
77.74
77.75
77.75
77.77
77.76
77.76
77.76
77.76
77.77
77.78
77.78
77.77
77.77
77.78
77.77
77.76
77.76
77.77
77.76
77.76
77.77
77.70
