81.25
85.94
82.81
80.47
78.12
77.34
76.56
76.76
76.22
75.94
75.85
76.04
75.48
74.55
74.58
75.00
75.00
75.35
75.41
75.70
75.45
75.43
75.20
75.52
75.62
75.48
75.29
75.33
75.05
75.10
74.80
75.05
74.91
74.86
74.69
74.74
74.66
74.79
74.72
74.53
74.62
74.37
74.45
74.33
74.41
74.32
74.20
74.02
74.01
74.19
74.11
74.16
74.06
74.36
74.26
74.14
74.26
74.25
74.21
74.24
74.15
74.24
74.28
74.22
74.21
74.20
74.11
74.13
74.21
74.17
74.16
74.09
74.02
74.05
74.12
73.93
73.94
73.92
73.79
73.79
73.73
73.67
73.63
73.55
73.46
73.44
73.53
73.49
73.53
73.52
73.40
73.51
73.42
73.50
73.44
73.40
73.50
73.55
73.48
73.52
73.53
73.56
73.59
73.62
73.63
73.60
73.61
73.60
73.65
73.54
73.51
73.49
73.45
73.42
73.41
73.42
73.38
73.40
73.35
73.36
73.32
73.28
73.29
73.35
73.31
73.30
73.33
73.44
73.50
73.47
73.38
73.35
73.41
73.44
73.46
73.46
73.40
73.34
73.31
73.30
73.33
73.31
73.30
73.25
73.24
73.24
73.24
73.21
73.21
73.22
73.27
73.31
73.28
73.29
73.29
73.28
73.28
73.36
73.31
73.31
73.35
73.34
73.32
73.34
73.35
73.32
73.31
73.28
73.25
73.24
73.24
73.21
73.24
73.24
73.23
73.27
73.31
73.34
73.34
73.37
73.35
73.32
73.33
73.32
73.32
73.29
73.30
73.27
73.28
73.28
73.29
73.28
73.28
73.28
73.31
73.36
73.34
73.26
73.24
73.26
73.27
73.32
73.37
73.36
73.35
73.35
73.38
73.38
73.36
73.33
73.29
73.28
73.31
73.30
73.31
73.31
73.31
73.33
73.37
73.37
73.32
73.29
73.37
73.37
73.37
73.35
73.38
73.39
73.37
73.38
73.40
73.37
73.41
73.40
73.43
73.43
73.42
73.39
73.37
73.37
73.34
73.37
73.37
73.35
73.33
73.33
73.33
73.34
73.31
73.32
73.31
73.33
73.37
73.39
73.38
73.38
73.38
73.38
73.36
73.32
73.32
73.31
73.32
73.34
73.31
73.33
73.34
73.31
73.31
73.29
73.32
73.32
73.30
73.28
73.30
73.30
73.31
73.34
73.36
73.36
73.38
73.38
73.36
73.37
73.38
73.38
73.37
73.38
73.36
73.35
73.36
73.37
73.39
73.39
73.34
73.34
73.33
73.34
73.34
73.35
73.35
73.36
73.32
73.32
73.32
73.34
73.34
73.32
73.33
73.36
73.35
73.35
73.35
73.34
73.32
73.34
73.35
73.33
73.32
73.33
73.35
73.35
73.34
73.37
73.35
73.38
73.38
73.39
73.38
73.38
73.39
73.39
73.38
73.37
73.36
73.34
73.33
73.33
73.35
73.32
73.33
73.31
73.30
73.27
73.26
73.26
73.27
73.27
73.25
73.26
73.26
73.25
73.23
73.24
73.26
73.29
73.28
73.27
73.27
73.26
73.28
73.26
73.28
73.26
73.27
73.28
73.27
73.27
73.26
73.29
73.32
73.30
73.28
73.27
73.26
73.28
73.29
73.28
73.28
73.29
73.29
73.30
73.32
73.30
73.27
73.26
73.28
73.28
73.26
73.24
73.23
73.23
73.21
73.21
73.20
73.19
73.18
73.19
73.21
73.21
73.19
73.21
73.22
73.18
73.19
73.21
73.22
73.23
73.22
73.22
73.21
73.19
73.19
73.16
73.16
73.17
73.16
73.16
73.16
73.12
73.11
73.12
73.13
73.14
73.13
73.13
73.13
73.13
73.15
73.14
73.15
73.17
73.17
73.20
73.20
73.18
73.19
73.19
73.21
73.22
73.21
73.23
73.22
73.24
73.24
73.26
73.27
73.26
73.26
73.27
73.30
73.29
73.29
73.29
73.28
73.28
73.27
73.27
73.26
73.24
73.21
73.23
73.22
73.21
73.19
73.20
73.19
73.20
73.20
73.18
73.20
73.20
73.21
73.21
73.22
73.23
73.25
73.26
73.25
73.26
73.23
73.24
73.25
73.24
73.23
73.23
73.23
73.21
73.21
73.20
73.17
73.18
73.18
73.18
73.18
73.19
73.21
73.20
73.21
73.22
73.22
73.22
73.22
73.20
73.21
73.21
73.22
73.22
73.20
73.20
73.21
73.20
73.18
73.19
73.19
73.20
73.21
73.22
73.21
73.20
73.21
73.21
73.18
73.21
73.21
73.21
73.21
73.22
73.24
73.25
73.24
73.25
73.27
73.27
73.27
73.27
73.29
73.29
73.29
73.27
73.29
73.31
73.33
73.33
73.33
73.33
73.33
73.34
73.35
73.34
73.33
73.33
73.35
73.36
73.36
73.36
73.36
73.35
73.35
73.37
73.35
73.34
73.33
73.34
73.34
73.36
73.36
73.34
73.35
73.36
73.36
73.36
73.36
73.36
73.35
73.34
73.34
73.34
73.35
73.35
73.33
73.32
73.32
73.31
73.32
73.33
73.32
73.32
73.33
73.34
73.35
73.35
73.35
73.35
73.35
73.34
73.32
73.29
73.27
73.26
73.27
73.29
73.30
73.28
73.29
73.30
73.29
73.29
73.29
73.30
73.28
73.29
73.29
73.29
73.28
73.28
73.28
73.28
73.29
73.28
73.28
73.28
73.27
73.28
73.27
73.28
73.29
73.29
73.29
73.30
73.29
73.28
73.28
73.27
73.28
73.28
73.27
73.27
73.27
73.27
73.29
73.29
73.28
73.27
73.28
73.29
73.29
73.29
73.29
73.29
73.27
73.27
73.28
73.28
73.28
73.30
73.31
73.32
73.32
73.32
73.32
73.31
73.31
73.32
73.32
73.32
73.31
73.30
73.29
73.30
73.29
73.30
73.31
73.31
73.30
73.30
73.32
73.33
73.33
73.32
73.33
73.34
73.34
73.35
73.34
73.34
73.33
73.32
73.30
73.31
73.32
73.31
73.29
73.29
73.29
73.28
73.26
73.24
73.25
73.24
73.25
73.24
73.25
73.24
73.22
73.22
73.21
73.21
73.20
73.21
73.21
73.23
73.23
73.22
73.22
73.21
73.21
73.20
73.20
73.21
73.20
73.20
73.19
73.19
73.19
73.20
73.20
73.20
73.19
73.18
73.18
73.17
73.17
73.17
73.17
73.15
73.15
73.15
73.16
73.17
73.16
73.16
73.16
73.16
73.16
73.16
73.17
73.16
73.15
73.15
73.15
73.13
73.13
73.11
73.11
73.12
73.13
73.12
73.12
73.11
73.10
73.09
73.10
73.09
73.08
73.08
73.08
73.08
73.07
73.06
73.06
73.05
73.06
73.05
73.05
73.05
73.04
73.04
73.06
73.05
73.05
72.98
