79.69
78.91
79.17
77.73
78.12
76.82
75.45
75.59
75.00
74.84
74.72
74.74
75.60
75.89
75.94
76.27
76.56
77.17
77.14
77.03
77.16
76.92
76.49
76.17
76.38
76.44
76.39
76.40
76.35
76.46
76.36
76.46
76.52
76.33
76.38
76.22
76.01
75.82
76.00
76.25
76.33
76.41
76.31
76.31
76.35
76.39
76.40
76.43
76.53
76.72
76.87
76.80
76.95
77.03
76.99
76.98
76.89
76.89
76.80
76.93
76.79
76.79
76.69
76.68
76.71
76.87
76.82
76.84
76.79
76.92
76.94
76.93
76.93
76.98
76.96
76.79
76.62
76.68
76.84
76.80
76.74
76.83
77.03
77.14
77.11
77.14
77.21
77.18
77.11
77.22
77.23
77.29
77.20
77.26
77.25
77.29
77.19
77.22
77.21
77.25
77.34
77.31
77.28
77.24
77.29
77.30
77.29
77.27
77.25
77.24
77.20
77.18
77.23
77.22
77.27
77.20
77.18
77.17
77.18
77.21
77.12
77.13
77.06
77.07
77.14
77.10
77.04
77.05
77.01
77.04
77.08
77.04
76.99
76.95
76.99
76.96
76.98
76.98
76.94
76.93
76.92
76.90
76.88
76.90
76.94
76.95
76.99
77.02
77.01
77.05
77.09
77.05
77.06
77.05
77.07
77.05
77.05
77.00
76.99
76.93
76.93
76.92
76.92
76.91
76.89
76.94
76.89
76.88
76.90
76.90
76.87
76.87
76.86
76.89
76.88
76.85
76.84
76.88
76.90
76.92
76.93
76.96
76.91
76.94
76.93
76.92
76.96
76.97
76.95
76.94
76.94
76.95
76.92
76.92
76.93
76.94
76.96
76.96
76.95
76.95
76.97
76.94
76.95
76.95
76.96
76.98
77.00
77.01
77.02
77.06
77.05
77.06
77.06
77.02
77.03
77.06
77.02
77.01
77.05
77.05
77.02
77.03
77.00
76.97
76.97
76.98
76.97
76.93
76.94
76.94
76.93
76.97
76.98
76.99
77.01
77.00
77.00
77.01
77.01
77.02
77.02
77.00
76.99
76.99
77.00
76.99
76.96
76.98
76.96
76.99
77.00
77.01
77.01
77.01
76.97
76.93
76.93
76.90
76.88
76.88
76.89
76.90
76.92
76.93
76.94
76.96
76.98
76.96
76.96
76.97
76.97
76.94
76.92
76.93
76.90
76.89
76.91
76.88
76.86
76.85
76.82
76.83
76.82
76.77
76.77
76.76
76.77
76.78
76.78
76.76
76.74
76.73
76.73
76.73
76.69
76.68
76.68
76.68
76.68
76.69
76.67
76.67
76.67
76.67
76.68
76.66
76.67
76.65
76.65
76.63
76.64
76.65
76.67
76.64
76.64
76.67
76.68
76.70
76.72
76.69
76.73
76.74
76.74
76.71
76.72
76.71
76.71
76.71
76.69
76.70
76.70
76.70
76.69
76.70
76.69
76.67
76.66
76.64
76.65
76.67
76.65
76.66
76.65
76.66
76.61
76.59
76.61
76.58
76.59
76.60
76.60
76.62
76.60
76.60
76.58
76.58
76.58
76.60
76.61
76.61
76.58
76.58
76.59
76.57
76.58
76.59
76.61
76.64
76.66
76.68
76.68
76.66
76.66
76.67
76.66
76.67
76.66
76.66
76.67
76.67
76.65
76.64
76.66
76.67
76.68
76.68
76.71
76.72
76.71
76.69
76.68
76.67
76.64
76.65
76.64
76.62
76.61
76.62
76.64
76.63
76.61
76.60
76.61
76.59
76.60
76.61
76.62
76.63
76.62
76.63
76.61
76.62
76.63
76.64
76.63
76.64
76.65
76.63
76.62
76.62
76.60
76.61
76.63
76.62
76.61
76.62
76.63
76.62
76.62
76.62
76.64
76.64
76.65
76.66
76.66
76.64
76.66
76.66
76.67
76.65
76.63
76.63
76.62
76.61
76.61
76.62
76.60
76.63
76.64
76.64
76.62
76.62
76.62
76.64
76.62
76.61
76.63
76.64
76.62
76.63
76.65
76.64
76.64
76.64
76.63
76.63
76.62
76.63
76.61
76.60
76.59
76.59
76.61
76.60
76.61
76.62
76.61
76.60
76.62
76.60
76.61
76.60
76.60
76.62
76.61
76.61
76.63
76.62
76.64
76.63
76.62
76.63
76.65
76.64
76.64
76.63
76.63
76.62
76.62
76.63
76.62
76.61
76.63
76.63
76.64
76.64
76.66
76.68
76.68
76.69
76.68
76.68
76.68
76.68
76.67
76.68
76.65
76.64
76.64
76.63
76.64
76.62
76.62
76.64
76.63
76.65
76.67
76.68
76.67
76.69
76.68
76.67
76.68
76.69
76.68
76.68
76.67
76.66
76.67
76.69
76.70
76.72
76.72
76.71
76.71
76.71
76.70
76.70
76.70
76.70
76.71
76.70
76.70
76.69
76.68
76.70
76.70
76.71
76.73
76.72
76.72
76.73
76.75
76.76
76.77
76.78
76.79
76.80
76.81
76.81
76.80
76.81
76.81
76.82
76.84
76.85
76.86
76.86
76.86
76.85
76.86
76.86
76.86
76.88
76.88
76.88
76.89
76.89
76.89
76.90
76.89
76.90
76.90
76.91
76.91
76.91
76.92
76.92
76.91
76.91
76.92
76.93
76.91
76.91
76.90
76.91
76.90
76.91
76.90
76.89
76.89
76.89
76.90
76.91
76.90
76.90
76.89
76.89
76.89
76.89
76.89
76.89
76.88
76.89
76.89
76.88
76.88
76.88
76.88
76.88
76.89
76.88
76.90
76.90
76.91
76.91
76.91
76.91
76.91
76.93
76.92
76.93
76.94
76.93
76.92
76.92
76.90
76.89
76.90
76.90
76.90
76.90
76.91
76.92
76.91
76.92
76.91
76.92
76.93
76.94
76.94
76.94
76.95
76.96
76.97
76.96
76.96
76.97
76.96
76.95
76.95
76.95
76.95
76.96
76.96
76.96
76.96
76.97
76.97
76.97
76.97
76.98
76.99
76.98
76.98
76.98
77.00
77.00
77.00
76.99
76.97
76.97
76.97
76.97
76.96
76.96
76.95
76.95
76.95
76.95
76.95
76.94
76.95
76.95
76.95
76.94
76.94
76.94
76.94
76.94
76.93
76.94
76.93
76.93
76.92
76.93
76.93
76.93
76.94
76.94
76.95
76.94
76.95
76.94
76.94
76.95
76.93
76.92
76.93
76.93
76.92
76.92
76.92
76.92
76.93
76.93
76.93
76.93
76.94
76.94
76.94
76.93
76.94
76.93
76.94
76.95
76.95
76.95
76.93
76.94
76.95
76.95
76.95
76.95
76.96
76.97
76.96
76.96
76.95
76.95
76.94
76.94
76.95
76.94
76.92
76.93
76.93
76.93
76.94
76.94
76.94
76.93
76.93
76.93
76.92
76.92
76.93
76.93
76.93
76.93
76.93
76.86
