75.00
82.81
80.21
83.20
84.06
84.11
84.38
83.98
83.85
83.28
83.38
81.90
81.97
82.03
81.77
81.74
81.71
81.60
81.66
81.25
81.32
81.25
80.77
80.73
80.44
80.59
80.61
80.47
80.44
80.16
80.19
80.03
79.92
80.10
79.87
79.86
79.98
80.06
80.01
80.00
79.88
79.84
79.91
79.94
80.03
79.79
79.72
79.59
79.62
79.53
79.32
79.30
79.33
79.37
79.43
79.38
79.39
79.39
79.21
79.22
79.15
79.01
79.14
79.15
79.21
79.31
79.36
79.43
79.35
79.38
79.38
79.45
79.58
79.71
79.83
79.87
79.85
79.83
79.83
79.75
79.76
79.86
79.89
79.95
80.02
79.98
79.94
79.99
80.06
80.07
80.05
80.08
80.12
80.09
80.05
80.06
80.03
79.99
79.99
80.06
79.95
79.98
79.96
79.99
79.97
79.94
79.96
79.96
80.03
80.04
80.04
80.01
80.09
80.04
80.03
80.05
80.10
80.15
80.07
80.07
80.13
80.12
80.11
80.04
80.06
80.05
80.02
79.97
79.93
79.92
79.93
79.91
79.92
79.93
79.87
79.86
79.87
79.89
79.90
79.91
79.96
79.96
79.98
79.92
79.89
79.90
79.90
79.94
79.90
79.88
79.86
79.86
79.89
79.89
79.85
79.80
79.81
79.79
79.75
79.79
79.77
79.76
79.83
79.90
79.85
79.83
79.86
79.84
79.82
79.84
79.87
79.90
79.92
79.89
79.92
79.99
80.02
80.01
80.02
80.03
80.08
80.02
80.04
79.98
79.97
79.97
79.96
79.95
79.99
79.99
79.98
79.96
79.99
79.95
79.94
79.91
79.93
79.96
79.97
79.96
79.92
79.90
79.90
79.87
79.89
79.89
79.83
79.83
79.81
79.81
79.81
79.79
79.78
79.83
79.82
79.80
79.79
79.81
79.82
79.82
79.78
79.79
79.81
79.85
79.87
79.83
79.84
79.85
79.82
79.82
79.82
79.84
79.82
79.79
79.80
79.77
79.79
79.78
79.78
79.79
79.76
79.73
79.74
79.74
79.69
79.71
79.69
79.71
79.70
79.68
79.68
79.69
79.66
79.66
79.63
79.61
79.62
79.59
79.62
79.59
79.61
79.61
79.61
79.63
79.58
79.62
79.62
79.61
79.61
79.59
79.61
79.64
79.64
79.63
79.60
79.60
79.60
79.60
79.63
79.62
79.60
79.57
79.59
79.64
79.67
79.67
79.68
79.69
79.70
79.71
79.72
79.71
79.69
79.68
79.71
79.70
79.73
79.72
79.72
79.72
79.72
79.73
79.74
79.73
79.72
79.75
79.75
79.75
79.77
79.78
79.80
79.80
79.79
79.80
79.79
79.79
79.79
79.80
79.78
79.76
79.76
79.73
79.74
79.74
79.75
79.74
79.71
79.71
79.71
79.70
79.71
79.69
79.68
79.71
79.72
79.72
79.72
79.72
79.72
79.70
79.72
79.72
79.71
79.71
79.73
79.71
79.73
79.75
79.75
79.75
79.75
79.74
79.77
79.78
79.81
79.80
79.80
79.81
79.81
79.80
79.82
79.82
79.81
79.78
79.79
79.78
79.75
79.76
79.79
79.79
79.83
79.84
79.88
79.87
79.87
79.89
79.90
79.89
79.91
79.92
79.90
79.92
79.92
79.92
79.91
79.91
79.89
79.89
79.90
79.90
79.91
79.91
79.93
79.95
79.96
79.98
79.98
79.97
79.99
79.97
79.97
79.98
79.96
79.95
79.95
79.95
79.94
79.96
79.96
79.97
79.95
79.93
79.93
79.92
79.92
79.91
79.90
79.90
79.92
79.91
79.89
79.88
79.89
79.89
79.90
79.90
79.90
79.91
79.91
79.91
79.90
79.89
79.92
79.93
79.90
79.90
79.91
79.92
79.93
79.95
79.95
79.96
79.96
79.97
79.98
79.99
79.98
79.98
79.96
79.96
79.94
79.95
79.95
79.96
79.97
79.97
79.95
79.95
79.95
79.96
79.95
79.96
79.97
79.97
79.97
79.96
79.94
79.93
79.94
79.94
79.96
79.96
79.96
79.97
79.95
79.96
79.96
79.96
79.96
79.95
79.97
79.98
79.99
79.99
79.98
79.98
79.98
79.98
79.99
79.98
79.99
80.00
80.01
80.02
80.02
80.02
80.03
80.05
80.04
80.04
80.05
80.05
80.03
80.03
80.02
80.02
80.01
80.00
80.00
80.00
80.01
80.00
80.00
79.99
80.00
79.99
80.00
80.00
79.99
80.01
80.00
79.99
79.99
80.00
79.99
79.99
79.99
80.01
80.03
80.03
80.02
80.03
80.03
80.02
80.02
80.03
80.02
80.03
80.03
80.02
80.04
80.04
80.03
80.02
80.01
80.02
80.01
80.01
80.03
80.03
80.03
80.04
80.04
80.04
80.03
80.03
80.03
80.02
80.01
80.01
80.01
80.02
80.02
80.02
80.01
80.00
80.00
79.99
80.00
80.00
80.00
80.00
80.00
80.00
80.00
80.01
80.00
80.01
80.01
80.00
80.00
80.01
80.01
80.02
80.03
80.04
80.05
80.03
80.04
80.05
80.07
80.08
80.07
80.06
80.06
80.07
80.07
80.06
80.07
80.08
80.09
80.09
80.10
80.10
80.11
80.11
80.11
80.11
80.11
80.10
80.11
80.11
80.11
80.11
80.12
80.13
80.12
80.12
80.11
80.10
80.09
80.10
80.10
80.12
80.13
80.13
80.12
80.11
80.10
80.11
80.11
80.12
80.10
80.10
80.10
80.11
80.10
80.10
80.09
80.10
80.10
80.10
80.12
80.10
80.10
80.09
80.07
80.08
80.07
80.07
80.07
80.07
80.06
80.06
80.06
80.05
80.05
80.07
80.07
80.08
80.08
80.08
80.08
80.09
80.08
80.09
80.08
80.08
80.07
80.08
80.08
80.08
80.10
80.11
80.09
80.10
80.11
80.11
80.10
80.09
80.10
80.08
80.09
80.09
80.10
80.10
80.11
80.10
80.10
80.09
80.09
80.09
80.10
80.09
80.09
80.09
80.09
80.09
80.09
80.10
80.10
80.10
80.10
80.10
80.10
80.11
80.12
80.12
80.11
80.10
80.10
80.09
80.10
80.10
80.08
80.08
80.06
80.05
80.05
80.05
80.05
80.04
80.04
80.03
80.03
80.03
80.02
80.00
79.99
80.00
80.00
80.01
80.01
80.01
80.00
80.00
80.00
80.01
80.01
80.01
80.02
80.02
80.02
80.03
80.04
80.05
80.05
80.04
80.03
80.02
80.02
80.03
80.04
80.04
80.03
80.04
80.04
80.04
80.04
80.04
80.03
80.03
80.03
80.03
80.03
80.04
80.05
80.05
80.04
80.05
80.06
80.05
80.06
80.06
80.07
80.07
80.07
80.07
80.07
80.06
80.06
79.98
