81.25
83.59
80.73
80.08
79.06
78.91
79.24
79.30
80.38
79.84
80.11
80.21
81.13
81.58
81.25
81.74
81.53
81.68
81.17
80.78
81.32
80.89
80.84
80.79
81.00
80.83
80.96
80.75
80.71
80.78
80.70
80.66
80.63
80.70
80.54
80.60
80.62
80.63
80.37
80.51
80.49
80.43
80.52
80.43
80.35
80.37
80.35
80.37
80.26
80.12
80.09
80.17
80.04
80.06
80.00
80.08
80.18
80.17
80.14
80.21
80.15
80.19
80.23
80.10
80.05
80.07
79.97
79.92
79.98
80.11
80.06
79.97
80.07
80.09
80.06
79.95
79.97
79.95
79.92
80.00
80.00
79.97
80.03
79.93
79.82
79.83
79.87
79.85
79.90
79.83
79.81
79.70
79.72
79.70
79.70
79.70
79.75
79.70
79.67
79.72
79.75
79.78
79.78
79.78
79.73
79.70
79.72
79.66
79.64
79.69
79.69
79.73
79.78
79.74
79.78
79.73
79.77
79.70
79.66
79.70
79.66
79.62
79.59
79.59
79.55
79.59
79.60
79.61
79.60
79.63
79.62
79.62
79.66
79.62
79.62
79.68
79.71
79.77
79.83
79.81
79.79
79.81
79.85
79.80
79.76
79.75
79.76
79.75
79.73
79.74
79.71
79.75
79.73
79.78
79.81
79.79
79.78
79.74
79.73
79.72
79.72
79.70
79.65
79.68
79.70
79.73
79.68
79.64
79.61
79.61
79.56
79.55
79.52
79.51
79.55
79.53
79.54
79.52
79.53
79.51
79.49
79.48
79.53
79.57
79.54
79.55
79.53
79.50
79.47
79.51
79.52
79.54
79.55
79.56
79.58
79.62
79.66
79.66
79.70
79.68
79.69
79.66
79.65
79.66
79.70
79.71
79.72
79.77
79.72
79.69
79.65
79.66
79.67
79.70
79.71
79.69
79.72
79.72
79.72
79.72
79.74
79.72
79.75
79.74
79.68
79.65
79.69
79.69
79.70
79.75
79.73
79.73
79.75
79.77
79.78
79.78
79.81
79.79
79.77
79.78
79.75
79.75
79.74
79.75
79.76
79.75
79.76
79.72
79.72
79.72
79.73
79.71
79.73
79.75
79.72
79.72
79.69
79.69
79.68
79.67
79.66
79.64
79.65
79.64
79.63
79.66
79.67
79.69
79.67
79.69
79.72
79.73
79.74
79.72
79.69
79.69
79.67
79.67
79.67
79.69
79.71
79.67
79.65
79.63
79.62
79.61
79.64
79.64
79.62
79.61
79.59
79.61
79.58
79.59
79.57
79.56
79.54
79.56
79.58
79.58
79.58
79.59
79.59
79.60
79.60
79.62
79.61
79.59
79.58
79.57
79.57
79.56
79.56
79.55
79.57
79.56
79.51
79.49
79.47
79.49
79.50
79.51
79.50
79.51
79.52
79.53
79.54
79.54
79.57
79.59
79.58
79.58
79.55
79.54
79.56
79.54
79.53
79.56
79.58
79.57
79.56
79.54
79.55
79.53
79.52
79.52
79.51
79.53
79.53
79.51
79.53
79.53
79.52
79.52
79.53
79.54
79.56
79.56
79.58
79.61
79.60
79.61
79.58
79.59
79.59
79.59
79.60
79.59
79.60
79.60
79.62
79.65
79.62
79.61
79.61
79.60
79.58
79.58
79.58
79.60
79.62
79.61
79.61
79.62
79.64
79.63
79.61
79.62
79.61
79.62
79.61
79.62
79.61
79.62
79.61
79.61
79.60
79.57
79.58
79.59
79.63
79.65
79.64
79.64
79.63
79.62
79.62
79.61
79.64
79.65
79.66
79.66
79.68
79.69
79.67
79.65
79.64
79.66
79.67
79.68
79.64
79.62
79.62
79.63
79.61
79.59
79.59
79.59
79.61
79.60
79.60
79.60
79.62
79.63
79.62
79.63
79.62
79.62
79.63
79.64
79.63
79.61
79.62
79.63
79.61
79.59
79.59
79.58
79.59
79.58
79.58
79.57
79.56
79.55
79.56
79.55
79.58
79.60
79.60
79.58
79.59
79.58
79.60
79.60
79.60
79.59
79.60
79.61
79.60
79.57
79.56
79.57
79.58
79.57
79.56
79.54
79.53
79.53
79.52
79.54
79.54
79.54
79.54
79.54
79.53
79.54
79.54
79.55
79.56
79.55
79.55
79.55
79.55
79.55
79.56
79.56
79.55
79.56
79.56
79.54
79.53
79.54
79.55
79.55
79.55
79.55
79.55
79.53
79.54
79.54
79.55
79.56
79.57
79.58
79.59
79.59
79.59
79.58
79.57
79.58
79.58
79.57
79.57
79.59
79.59
79.60
79.60
79.59
79.61
79.62
79.63
79.65
79.66
79.64
79.64
79.65
79.66
79.66
79.66
79.66
79.66
79.67
79.69
79.70
79.69
79.70
79.70
79.71
79.73
79.74
79.75
79.74
79.76
79.74
79.74
79.74
79.74
79.73
79.74
79.75
79.75
79.73
79.73
79.74
79.75
79.75
79.77
79.77
79.78
79.79
79.79
79.79
79.78
79.78
79.78
79.78
79.77
79.77
79.77
79.79
79.79
79.78
79.79
79.77
79.77
79.78
79.78
79.78
79.78
79.79
79.80
79.80
79.80
79.79
79.79
79.80
79.81
79.79
79.78
79.78
79.78
79.79
79.79
79.80
79.79
79.79
79.79
79.80
79.81
79.82
79.81
79.79
79.79
79.80
79.80
79.81
79.81
79.80
79.79
79.79
79.79
79.80
79.80
79.80
79.79
79.79
79.82
79.82
79.82
79.82
79.82
79.82
79.83
79.85
79.85
79.85
79.84
79.81
79.81
79.81
79.81
79.82
79.82
79.83
79.82
79.83
79.82
79.83
79.83
79.84
79.84
79.82
79.83
79.83
79.83
79.81
79.82
79.82
79.82
79.81
79.82
79.81
79.81
79.81
79.81
79.80
79.81
79.82
79.81
79.82
79.82
79.83
79.82
79.83
79.83
79.84
79.84
79.83
79.83
79.83
79.82
79.82
79.83
79.83
79.84
79.84
79.84
79.84
79.83
79.82
79.83
79.82
79.82
79.82
79.82
79.82
79.83
79.83
79.83
79.83
79.82
79.82
79.82
79.82
79.82
79.82
79.82
79.84
79.85
79.85
79.85
79.84
79.85
79.84
79.85
79.85
79.85
79.86
79.85
79.85
79.86
79.86
79.85
79.86
79.87
79.87
79.87
79.86
79.87
79.85
79.86
79.86
79.85
79.86
79.86
79.86
79.86
79.85
79.85
79.87
79.86
79.86
79.86
79.87
79.87
79.87
79.87
79.87
79.86
79.85
79.86
79.86
79.86
79.86
79.86
79.86
79.86
79.85
79.85
79.84
79.85
79.84
79.83
79.83
79.80
79.81
79.81
79.81
79.81
79.82
79.81
79.81
79.81
79.81
79.81
79.80
79.79
79.78
79.78
79.77
79.76
79.69
