84.38
78.12
80.21
80.86
80.94
80.47
80.58
80.27
80.21
79.53
79.55
79.43
79.21
78.91
79.27
78.81
78.86
79.08
79.28
79.22
79.17
79.19
79.42
79.36
79.75
79.93
79.69
79.91
79.96
80.00
79.84
79.69
79.92
80.10
80.22
80.34
80.32
80.51
80.45
80.47
80.45
80.51
80.45
80.33
80.03
79.93
79.82
79.92
79.85
79.94
79.93
79.99
79.95
79.98
79.91
79.97
80.02
80.17
80.22
80.29
80.35
80.37
80.36
80.10
80.07
80.02
80.11
80.03
80.07
80.11
80.08
79.95
79.97
80.05
80.08
80.22
80.40
80.45
80.44
80.25
80.29
80.32
80.37
80.34
80.33
80.31
80.26
80.33
80.34
80.35
80.36
80.43
80.48
80.49
80.43
80.40
80.44
80.48
80.51
80.39
80.32
80.35
80.35
80.36
80.39
80.41
80.48
80.45
80.50
80.55
80.50
80.54
80.53
80.47
80.49
80.54
80.56
80.63
80.70
80.74
80.71
80.69
80.70
80.71
80.62
80.65
80.62
80.64
80.68
80.65
80.63
80.60
80.66
80.64
80.67
80.68
80.69
80.68
80.61
80.57
80.56
80.59
80.56
80.57
80.57
80.52
80.56
80.55
80.59
80.56
80.60
80.58
80.52
80.53
80.53
80.52
80.47
80.48
80.44
80.44
80.43
80.45
80.49
80.47
80.45
80.43
80.48
80.45
80.46
80.47
80.46
80.47
80.46
80.46
80.46
80.49
80.51
80.49
80.51
80.47
80.48
80.45
80.49
80.51
80.47
80.47
80.47
80.49
80.49
80.49
80.51
80.53
80.51
80.49
80.48
80.49
80.50
80.51
80.50
80.52
80.54
80.54
80.50
80.48
80.49
80.48
80.53
80.51
80.47
80.45
80.45
80.45
80.48
80.45
80.48
80.48
80.48
80.47
80.48
80.48
80.46
80.46
80.46
80.48
80.47
80.46
80.40
80.41
80.42
80.46
80.43
80.41
80.40
80.38
80.38
80.39
80.36
80.38
80.37
80.35
80.35
80.36
80.36
80.37
80.38
80.36
80.36
80.35
80.35
80.35
80.35
80.36
80.40
80.41
80.41
80.39
80.41
80.41
80.42
80.43
80.44
80.45
80.45
80.43
80.44
80.46
80.45
80.44
80.43
80.42
80.43
80.43
80.45
80.45
80.46
80.44
80.42
80.39
80.40
80.40
80.39
80.36
80.37
80.36
80.37
80.36
80.40
80.37
80.36
80.36
80.36
80.35
80.33
80.31
80.30
80.30
80.29
80.28
80.29
80.28
80.28
80.29
80.25
80.24
80.27
80.29
80.28
80.26
80.25
80.28
80.29
80.32
80.33
80.34
80.34
80.30
80.30
80.31
80.31
80.31
80.32
80.33
80.33
80.33
80.35
80.34
80.32
80.30
80.28
80.28
80.26
80.28
80.28
80.29
80.30
80.32
80.31
80.31
80.29
80.27
80.26
80.26
80.24
80.24
80.21
80.22
80.22
80.23
80.22
80.24
80.23
80.21
80.23
80.23
80.23
80.23
80.23
80.22
80.23
80.23
80.25
80.25
80.23
80.25
80.26
80.28
80.30
80.32
80.32
80.33
80.35
80.35
80.37
80.36
80.35
80.35
80.38
80.39
80.37
80.37
80.41
80.39
80.39
80.40
80.38
80.40
80.40
80.42
80.44
80.43
80.44
80.43
80.45
80.45
80.45
80.44
80.44
80.44
80.42
80.43
80.42
80.40
80.41
80.41
80.40
80.41
80.41
80.42
80.42
80.43
80.43
80.44
80.44
80.44
80.42
80.40
80.40
80.40
80.42
80.44
80.43
80.44
80.45
80.45
80.46
80.46
80.45
80.44
80.47
80.47
80.47
80.47
80.48
80.49
80.50
80.50
80.51
80.50
80.49
80.47
80.47
80.49
80.50
80.49
80.49
80.49
80.50
80.49
80.49
80.47
80.48
80.47
80.45
80.45
80.46
80.46
80.45
80.47
80.44
80.43
80.41
80.41
80.41
80.41
80.40
80.39
80.39
80.40
80.41
80.39
80.38
80.37
80.37
80.38
80.38
80.38
80.37
80.36
80.35
80.36
80.36
80.37
80.36
80.37
80.37
80.38
80.38
80.39
80.38
80.39
80.39
80.39
80.39
80.39
80.39
80.39
80.39
80.39
80.40
80.39
80.38
80.38
80.37
80.38
80.37
80.35
80.36
80.37
80.37
80.37
80.36
80.36
80.36
80.37
80.37
80.36
80.37
80.37
80.36
80.35
80.38
80.36
80.36
80.38
80.37
80.38
80.40
80.41
80.41
80.41
80.39
80.39
80.39
80.39
80.39
80.40
80.39
80.38
80.39
80.39
80.39
80.40
80.40
80.40
80.36
80.36
80.36
80.37
80.36
80.36
80.37
80.37
80.37
80.36
80.36
80.35
80.36
80.37
80.36
80.38
80.36
80.36
80.36
80.36
80.35
80.33
80.33
80.35
80.37
80.37
80.37
80.36
80.36
80.35
80.37
80.38
80.38
80.37
80.37
80.38
80.37
80.37
80.38
80.38
80.38
80.39
80.39
80.39
80.39
80.38
80.36
80.37
80.38
80.36
80.36
80.36
80.35
80.36
80.36
80.37
80.37
80.38
80.38
80.39
80.40
80.40
80.38
80.38
80.39
80.38
80.39
80.38
80.38
80.38
80.37
80.36
80.35
80.36
80.36
80.37
80.36
80.37
80.36
80.36
80.36
80.36
80.38
80.39
80.38
80.37
80.37
80.37
80.37
80.37
80.36
80.37
80.37
80.38
80.37
80.36
80.37
80.37
80.36
80.36
80.36
80.34
80.34
80.33
80.32
80.33
80.33
80.32
80.33
80.33
80.34
80.33
80.33
80.33
80.33
80.31
80.32
80.32
80.33
80.33
80.33
80.32
80.32
80.30
80.30
80.29
80.29
80.29
80.29
80.29
80.29
80.30
80.30
80.30
80.30
80.30
80.31
80.29
80.29
80.28
80.29
80.30
80.31
80.29
80.28
80.28
80.29
80.29
80.30
80.30
80.29
80.29
80.30
80.30
80.30
80.32
80.32
80.31
80.30
80.30
80.30
80.30
80.30
80.30
80.32
80.32
80.32
80.33
80.33
80.33
80.33
80.34
80.35
80.34
80.35
80.34
80.35
80.35
80.33
80.34
80.34
80.34
80.35
80.34
80.34
80.35
80.36
80.36
80.35
80.35
80.35
80.35
80.35
80.35
80.35
80.37
80.37
80.37
80.38
80.38
80.38
80.38
80.39
80.40
80.39
80.39
80.39
80.38
80.38
80.38
80.37
80.37
80.37
80.38
80.38
80.37
80.37
80.38
80.38
80.39
80.40
80.40
80.40
80.40
80.40
80.38
80.39
80.39
80.38
80.37
80.36
80.36
80.36
80.36
80.36
80.36
80.36
80.27
