81.25
78.12
76.56
77.34
77.19
76.56
76.56
75.98
76.04
76.41
76.28
76.69
76.44
76.56
76.98
77.05
77.21
77.00
76.81
76.95
76.93
77.41
77.38
77.41
77.31
77.70
77.49
77.46
77.21
77.40
77.47
77.73
77.98
77.85
77.72
77.65
77.53
77.75
77.64
77.73
77.78
77.75
77.62
77.49
77.50
77.38
77.46
77.54
77.36
77.34
77.39
77.43
77.27
77.23
77.33
77.34
77.44
77.56
77.49
77.45
77.43
77.49
77.60
77.73
77.84
77.77
78.01
78.12
78.10
78.12
78.04
78.08
78.06
78.15
78.06
77.98
77.96
77.96
77.97
77.89
77.80
77.76
77.77
77.79
77.81
77.74
77.75
77.68
77.67
77.64
77.66
77.63
77.59
77.63
77.53
77.57
77.53
77.42
77.43
77.41
77.38
77.37
77.35
77.34
77.25
77.20
77.25
77.14
77.19
77.17
77.14
77.22
77.25
77.25
77.24
77.22
77.22
77.21
77.25
77.25
77.26
77.25
77.34
77.29
77.38
77.34
77.35
77.39
77.34
77.33
77.35
77.37
77.41
77.46
77.44
77.39
77.35
77.37
77.46
77.46
77.46
77.46
77.45
77.51
77.48
77.53
77.53
77.53
77.55
77.56
77.56
77.57
77.58
77.51
77.54
77.51
77.54
77.55
77.53
77.54
77.46
77.50
77.52
77.48
77.48
77.47
77.51
77.49
77.51
77.51
77.54
77.56
77.58
77.55
77.57
77.61
77.59
77.62
77.58
77.60
77.62
77.62
77.65
77.66
77.66
77.67
77.67
77.67
77.68
77.70
77.69
77.68
77.66
77.67
77.68
77.72
77.73
77.73
77.76
77.77
77.78
77.72
77.72
77.67
77.65
77.67
77.66
77.63
77.62
77.61
77.58
77.61
77.61
77.61
77.62
77.66
77.67
77.67
77.69
77.68
77.71
77.74
77.72
77.68
77.72
77.74
77.75
77.77
77.80
77.82
77.81
77.78
77.78
77.77
77.83
77.78
77.80
77.78
77.79
77.81
77.83
77.82
77.85
77.88
77.86
77.81
77.78
77.78
77.74
77.76
77.78
77.81
77.82
77.81
77.81
77.80
77.78
77.74
77.70
77.68
77.70
77.71
77.74
77.75
77.74
77.75
77.74
77.74
77.75
77.75
77.74
77.72
77.72
77.70
77.72
77.71
77.69
77.71
77.72
77.70
77.74
77.75
77.76
77.77
77.77
77.78
77.79
77.80
77.76
77.74
77.74
77.74
77.71
77.71
77.69
77.71
77.74
77.73
77.73
77.74
77.73
77.72
77.70
77.71
77.70
77.72
77.71
77.69
77.67
77.66
77.71
77.70
77.68
77.67
77.66
77.66
77.65
77.65
77.63
77.59
77.61
77.61
77.61
77.59
77.61
77.60
77.61
77.62
77.60
77.62
77.60
77.61
77.61
77.62
77.62
77.62
77.61
77.60
77.63
77.61
77.60
77.60
77.62
77.65
77.65
77.66
77.67
77.67
77.69
77.68
77.67
77.69
77.68
77.67
77.65
77.65
77.65
77.63
77.62
77.62
77.63
77.63
77.63
77.65
77.64
77.64
77.65
77.65
77.67
77.65
77.65
77.65
77.63
77.64
77.62
77.63
77.64
77.62
77.63
77.62
77.65
77.65
77.66
77.68
77.66
77.65
77.63
77.63
77.64
77.65
77.64
77.64
77.66
77.67
77.68
77.69
77.69
77.68
77.67
77.65
77.66
77.66
77.66
77.66
77.67
77.67
77.67
77.66
77.65
77.64
77.64
77.64
77.64
77.65
77.64
77.62
77.63
77.65
77.66
77.68
77.68
77.69
77.69
77.70
77.69
77.69
77.70
77.70
77.69
77.70
77.71
77.70
77.71
77.67
77.66
77.64
77.64
77.61
77.62
77.62
77.62
77.62
77.63
77.61
77.59
77.56
77.56
77.56
77.59
77.58
77.56
77.56
77.56
77.56
77.56
77.57
77.59
77.58
77.58
77.58
77.59
77.57
77.56
77.56
77.56
77.57
77.57
77.57
77.57
77.57
77.54
77.54
77.54
77.54
77.55
77.55
77.56
77.57
77.56
77.56
77.55
77.57
77.57
77.59
77.59
77.58
77.59
77.58
77.58
77.58
77.58
77.57
77.56
77.55
77.54
77.55
77.54
77.53
77.54
77.54
77.54
77.53
77.54
77.55
77.56
77.57
77.56
77.57
77.55
77.55
77.53
77.52
77.53
77.54
77.52
77.52
77.51
77.52
77.52
77.52
77.53
77.53
77.53
77.52
77.51
77.52
77.51
77.52
77.50
77.53
77.52
77.53
77.53
77.53
77.54
77.54
77.54
77.54
77.54
77.53
77.54
77.53
77.53
77.53
77.54
77.54
77.54
77.53
77.54
77.54
77.54
77.54
77.54
77.55
77.55
77.54
77.55
77.55
77.54
77.54
77.52
77.51
77.51
77.51
77.49
77.49
77.49
77.49
77.49
77.51
77.51
77.52
77.51
77.51
77.54
77.54
77.54
77.54
77.54
77.54
77.55
77.56
77.56
77.57
77.57
77.57
77.57
77.57
77.57
77.57
77.57
77.58
77.56
77.55
77.54
77.52
77.51
77.51
77.52
77.51
77.52
77.52
77.53
77.53
77.53
77.54
77.54
77.53
77.52
77.52
77.52
77.52
77.51
77.50
77.51
77.50
77.50
77.51
77.51
77.50
77.50
77.51
77.51
77.50
77.50
77.50
77.50
77.51
77.51
77.52
77.53
77.52
77.52
77.52
77.51
77.51
77.49
77.50
77.52
77.50
77.51
77.50
77.50
77.50
77.50
77.51
77.50
77.50
77.49
77.49
77.48
77.49
77.48
77.49
77.46
77.46
77.47
77.47
77.48
77.48
77.47
77.48
77.47
77.48
77.48
77.48
77.48
77.48
77.49
77.50
77.49
77.51
77.51
77.52
77.53
77.54
77.53
77.54
77.55
77.56
77.55
77.54
77.54
77.54
77.53
77.53
77.51
77.51
77.52
77.52
77.53
77.53
77.52
77.51
77.51
77.50
77.50
77.49
77.50
77.50
77.49
77.48
77.47
77.46
77.47
77.47
77.48
77.48
77.48
77.48
77.48
77.50
77.49
77.49
77.49
77.49
77.49
77.50
77.49
77.49
77.49
77.50
77.49
77.48
77.49
77.49
77.51
77.52
77.52
77.51
77.50
77.51
77.50
77.51
77.51
77.51
77.51
77.51
77.52
77.52
77.52
77.52
77.53
77.53
77.54
77.54
77.55
77.56
77.56
77.56
77.57
77.57
77.56
77.57
77.58
77.58
77.58
77.58
77.59
77.59
77.60
77.62
77.61
77.60
77.59
77.59
77.59
77.60
77.60
77.61
77.60
77.60
77.61
77.61
77.61
77.62
77.61
77.61
77.61
77.62
77.63
77.56
