68.75
72.66
75.00
75.78
75.00
73.96
74.78
74.61
74.83
75.00
75.57
76.17
75.96
75.67
76.04
75.68
75.46
75.78
75.74
75.94
75.74
75.64
75.61
75.59
75.38
75.12
74.88
74.89
75.22
75.10
74.95
75.24
75.47
75.60
75.58
75.48
75.21
75.25
75.48
75.43
75.46
75.48
75.44
75.50
75.62
75.54
75.40
75.33
75.35
75.12
75.28
75.03
75.00
75.12
75.20
75.00
75.11
75.00
74.97
74.84
74.85
74.67
74.68
74.78
74.78
74.83
74.81
74.86
74.89
74.96
75.09
75.02
75.04
74.96
74.88
75.02
74.86
74.82
74.86
74.86
74.86
74.83
74.83
74.74
74.83
74.89
74.96
74.91
74.77
74.76
74.76
74.75
74.80
74.82
74.82
74.90
74.89
74.94
74.86
74.84
74.80
74.85
74.83
74.85
74.88
74.84
74.80
74.73
74.76
74.82
74.90
74.79
74.81
74.81
74.84
74.92
74.88
74.95
74.93
74.86
74.90
74.88
74.86
74.87
74.89
74.86
74.86
74.84
74.93
74.99
75.02
75.05
75.05
75.14
75.15
75.14
75.11
75.12
75.12
75.12
75.09
75.12
75.14
75.08
75.06
75.04
74.99
75.03
75.03
75.07
75.08
75.06
75.05
75.01
75.01
74.97
74.96
74.99
75.01
74.99
74.99
74.98
75.00
75.02
75.05
74.98
74.99
74.95
75.00
74.99
74.94
74.92
74.95
74.99
74.99
74.98
74.95
74.99
74.92
74.96
74.97
74.98
74.97
74.91
74.92
74.85
74.86
74.87
74.85
74.88
74.87
74.84
74.81
74.81
74.85
74.88
74.90
74.89
74.87
74.84
74.82
74.84
74.87
74.88
74.86
74.86
74.80
74.83
74.81
74.74
74.76
74.76
74.74
74.75
74.77
74.78
74.76
74.74
74.76
74.75
74.75
74.80
74.79
74.79
74.79
74.76
74.74
74.72
74.76
74.72
74.73
74.74
74.75
74.79
74.78
74.76
74.78
74.74
74.73
74.73
74.72
74.74
74.77
74.76
74.76
74.80
74.76
74.77
74.80
74.79
74.77
74.72
74.75
74.74
74.74
74.71
74.71
74.70
74.71
74.69
74.72
74.71
74.70
74.72
74.72
74.69
74.67
74.65
74.63
74.65
74.65
74.66
74.65
74.67
74.69
74.67
74.68
74.67
74.69
74.67
74.68
74.65
74.65
74.63
74.61
74.59
74.64
74.64
74.64
74.65
74.66
74.64
74.63
74.66
74.69
74.72
74.72
74.72
74.74
74.73
74.71
74.71
74.69
74.66
74.65
74.64
74.62
74.62
74.62
74.63
74.61
74.63
74.65
74.67
74.65
74.66
74.69
74.71
74.69
74.66
74.67
74.66
74.63
74.66
74.63
74.61
74.59
74.58
74.62
74.63
74.61
74.61
74.58
74.63
74.64
74.63
74.62
74.59
74.60
74.60
74.60
74.59
74.61
74.62
74.62
74.60
74.59
74.61
74.63
74.61
74.62
74.59
74.59
74.59
74.60
74.57
74.60
74.61
74.60
74.55
74.55
74.56
74.55
74.57
74.55
74.54
74.55
74.55
74.54
74.51
74.51
74.50
74.49
74.48
74.49
74.49
74.47
74.45
74.45
74.45
74.46
74.45
74.44
74.41
74.42
74.40
74.38
74.37
74.33
74.33
74.32
74.32
74.29
74.29
74.27
74.26
74.26
74.25
74.26
74.23
74.23
74.21
74.22
74.23
74.22
74.24
74.22
74.23
74.22
74.24
74.24
74.25
74.25
74.23
74.22
74.21
74.21
74.21
74.22
74.23
74.21
74.21
74.22
74.22
74.22
74.24
74.25
74.26
74.26
74.27
74.26
74.24
74.23
74.25
74.23
74.22
74.23
74.22
74.22
74.21
74.20
74.20
74.18
74.20
74.18
74.18
74.19
74.18
74.19
74.21
74.21
74.23
74.20
74.19
74.20
74.20
74.19
74.17
74.18
74.19
74.20
74.21
74.21
74.19
74.19
74.17
74.15
74.15
74.15
74.13
74.14
74.11
74.11
74.11
74.11
74.10
74.11
74.11
74.10
74.12
74.12
74.13
74.13
74.14
74.12
74.12
74.13
74.13
74.14
74.15
74.15
74.14
74.15
74.15
74.16
74.17
74.17
74.14
74.14
74.13
74.15
74.15
74.16
74.18
74.20
74.20
74.19
74.21
74.23
74.23
74.24
74.23
74.24
74.23
74.22
74.22
74.24
74.25
74.25
74.25
74.27
74.27
74.29
74.29
74.28
74.28
74.29
74.31
74.32
74.32
74.30
74.30
74.31
74.29
74.28
74.27
74.29
74.29
74.29
74.27
74.28
74.26
74.27
74.26
74.26
74.27
74.27
74.27
74.28
74.28
74.28
74.29
74.29
74.28
74.28
74.28
74.29
74.29
74.28
74.26
74.27
74.28
74.28
74.29
74.29
74.29
74.29
74.29
74.28
74.28
74.27
74.28
74.30
74.29
74.29
74.28
74.28
74.27
74.28
74.28
74.28
74.28
74.27
74.27
74.25
74.27
74.28
74.30
74.29
74.31
74.31
74.31
74.29
74.30
74.30
74.32
74.33
74.33
74.33
74.34
74.32
74.33
74.32
74.33
74.32
74.32
74.32
74.32
74.34
74.34
74.34
74.35
74.34
74.33
74.35
74.34
74.35
74.37
74.37
74.37
74.37
74.37
74.37
74.37
74.37
74.37
74.35
74.35
74.35
74.36
74.35
74.35
74.36
74.35
74.37
74.37
74.38
74.38
74.38
74.39
74.37
74.39
74.37
74.38
74.39
74.39
74.40
74.40
74.42
74.42
74.42
74.42
74.43
74.43
74.43
74.43
74.43
74.42
74.42
74.43
74.43
74.44
74.45
74.45
74.45
74.46
74.47
74.47
74.49
74.48
74.49
74.48
74.48
74.48
74.48
74.48
74.49
74.50
74.51
74.52
74.52
74.52
74.51
74.50
74.49
74.49
74.50
74.49
74.48
74.48
74.49
74.48
74.48
74.46
74.46
74.45
74.45
74.47
74.46
74.46
74.46
74.47
74.47
74.48
74.48
74.49
74.49
74.48
74.47
74.47
74.47
74.47
74.47
74.46
74.46
74.45
74.45
74.45
74.44
74.44
74.44
74.43
74.43
74.42
74.42
74.42
74.41
74.41
74.40
74.39
74.40
74.40
74.41
74.41
74.41
74.41
74.41
74.41
74.41
74.41
74.41
74.40
74.40
74.40
74.39
74.39
74.39
74.39
74.40
74.40
74.39
74.40
74.40
74.40
74.41
74.40
74.41
74.41
74.41
74.42
74.41
74.41
74.41
74.42
74.42
74.42
74.42
74.43
74.44
74.43
74.44
74.44
74.43
74.44
74.44
74.45
74.43
74.43
74.44
74.44
74.44
74.37
