71.88
73.44
73.96
69.92
70.31
71.61
72.54
73.05
72.92
72.97
73.01
72.66
72.24
72.32
71.67
72.66
73.35
73.26
72.94
72.58
72.99
72.94
72.96
73.11
73.06
73.08
72.92
72.82
72.84
73.18
73.19
73.05
73.20
73.16
73.17
73.31
73.14
73.27
73.44
73.36
73.40
73.21
73.15
73.05
73.06
72.89
72.97
73.08
73.09
73.09
72.86
72.90
72.85
72.89
73.15
73.33
73.44
73.44
73.36
73.36
73.46
73.34
73.41
73.19
73.27
73.22
73.30
73.35
73.28
73.33
73.26
73.31
73.37
73.42
73.35
73.25
73.23
73.32
73.42
73.55
73.57
73.57
73.64
73.66
73.64
73.69
73.69
73.74
73.72
73.75
73.80
73.71
73.79
73.74
73.62
73.67
73.61
73.74
73.69
73.70
73.73
73.81
73.82
73.75
73.78
73.73
73.82
73.86
73.78
73.74
73.73
73.74
73.77
73.82
73.79
73.83
73.81
73.86
73.81
73.84
73.82
73.81
73.79
73.78
73.76
73.77
73.82
73.78
73.81
73.85
73.81
73.75
73.72
73.82
73.83
73.77
73.73
73.64
73.55
73.50
73.49
73.50
73.49
73.45
73.42
73.41
73.41
73.31
73.37
73.41
73.45
73.47
73.46
73.47
73.50
73.52
73.52
73.55
73.53
73.50
73.48
73.53
73.55
73.56
73.57
73.59
73.60
73.60
73.63
73.63
73.64
73.63
73.65
73.64
73.66
73.67
73.66
73.67
73.69
73.71
73.73
73.72
73.73
73.68
73.68
73.71
73.69
73.69
73.69
73.66
73.70
73.70
73.74
73.74
73.76
73.77
73.78
73.75
73.75
73.73
73.70
73.67
73.62
73.62
73.64
73.65
73.67
73.65
73.58
73.56
73.56
73.57
73.57
73.58
73.56
73.53
73.50
73.49
73.50
73.55
73.54
73.51
73.50
73.52
73.53
73.52
73.49
73.51
73.53
73.51
73.46
73.44
73.48
73.49
73.48
73.50
73.55
73.52
73.56
73.57
73.54
73.51
73.49
73.48
73.48
73.51
73.53
73.51
73.51
73.49
73.47
73.46
73.50
73.53
73.52
73.52
73.54
73.47
73.44
73.46
73.47
73.43
73.42
73.43
73.47
73.47
73.49
73.47
73.50
73.54
73.56
73.55
73.55
73.56
73.56
73.59
73.57
73.61
73.59
73.60
73.60
73.60
73.63
73.65
73.63
73.63
73.62
73.67
73.68
73.67
73.66
73.66
73.67
73.65
73.63
73.63
73.64
73.62
73.61
73.61
73.62
73.60
73.58
73.57
73.56
73.57
73.59
73.58
73.55
73.56
73.56
73.55
73.58
73.55
73.56
73.57
73.60
73.60
73.62
73.62
73.58
73.58
73.57
73.60
73.63
73.59
73.58
73.54
73.51
73.50
73.51
73.54
73.55
73.55
73.54
73.54
73.53
73.50
73.50
73.50
73.51
73.49
73.49
73.50
73.47
73.46
73.46
73.47
73.47
73.47
73.48
73.47
73.47
73.46
73.45
73.45
73.45
73.45
73.47
73.47
73.46
73.46
73.46
73.43
73.42
73.43
73.40
73.40
73.39
73.39
73.38
73.35
73.33
73.33
73.33
73.33
73.35
73.35
73.36
73.36
73.36
73.35
73.33
73.34
73.34
73.35
73.36
73.37
73.37
73.39
73.39
73.39
73.36
73.33
73.35
73.34
73.35
73.34
73.33
73.35
73.34
73.34
73.35
73.33
73.33
73.33
73.30
73.31
73.32
73.33
73.33
73.34
73.33
73.32
73.32
73.32
73.30
73.31
73.32
73.32
73.32
73.32
73.32
73.33
73.32
73.33
73.32
73.30
73.30
73.29
73.30
73.30
73.32
73.32
73.33
73.34
73.34
73.37
73.38
73.37
73.37
73.36
73.34
73.35
73.35
73.35
73.36
73.35
73.35
73.35
73.35
73.31
73.29
73.26
73.26
73.25
73.25
73.24
73.24
73.23
73.22
73.22
73.23
73.23
73.24
73.26
73.24
73.24
73.26
73.26
73.27
73.30
73.30
73.30
73.30
73.32
73.31
73.31
73.29
73.27
73.27
73.27
73.27
73.27
73.28
73.27
73.26
73.26
73.25
73.25
73.26
73.25
73.25
73.24
73.23
73.24
73.24
73.25
73.25
73.23
73.22
73.20
73.21
73.21
73.21
73.19
73.18
73.16
73.16
73.16
73.16
73.18
73.17
73.16
73.15
73.15
73.15
73.15
73.16
73.15
73.15
73.16
73.15
73.15
73.13
73.10
73.11
73.11
73.12
73.13
73.11
73.12
73.11
73.13
73.13
73.13
73.11
73.13
73.13
73.13
73.13
73.14
73.14
73.14
73.15
73.17
73.16
73.16
73.16
73.16
73.17
73.17
73.16
73.17
73.16
73.15
73.16
73.15
73.13
73.13
73.13
73.13
73.14
73.14
73.13
73.14
73.12
73.11
73.11
73.12
73.12
73.11
73.11
73.12
73.12
73.13
73.13
73.13
73.12
73.13
73.13
73.14
73.13
73.13
73.12
73.11
73.10
73.12
73.12
73.12
73.13
73.14
73.14
73.13
73.12
73.13
73.11
73.09
73.08
73.09
73.10
73.11
73.12
73.11
73.12
73.12
73.13
73.13
73.15
73.14
73.16
73.16
73.17
73.17
73.17
73.16
73.16
73.14
73.13
73.13
73.13
73.12
73.12
73.12
73.12
73.12
73.11
73.11
73.13
73.13
73.13
73.14
73.14
73.13
73.13
73.12
73.10
73.10
73.11
73.12
73.13
73.14
73.14
73.15
73.16
73.18
73.18
73.20
73.21
73.21
73.22
73.22
73.22
73.20
73.21
73.21
73.19
73.20
73.21
73.21
73.20
73.20
73.19
73.20
73.20
73.21
73.21
73.22
73.23
73.23
73.22
73.22
73.21
73.21
73.22
73.23
73.22
73.22
73.21
73.22
73.23
73.23
73.22
73.23
73.23
73.23
73.23
73.23
73.22
73.22
73.23
73.22
73.23
73.22
73.21
73.23
73.22
73.22
73.21
73.20
73.20
73.19
73.20
73.21
73.19
73.19
73.19
73.20
73.20
73.20
73.20
73.20
73.20
73.20
73.19
73.20
73.21
73.22
73.21
73.21
73.21
73.20
73.20
73.21
73.20
73.21
73.21
73.21
73.21
73.21
73.22
73.22
73.23
73.24
73.23
73.22
73.23
73.24
73.25
73.24
73.25
73.25
73.24
73.24
73.24
73.24
73.23
73.25
73.24
73.25
73.23
73.21
73.20
73.21
73.21
73.21
73.22
73.21
73.22
73.20
73.20
73.20
73.21
73.19
73.19
73.18
73.19
73.20
73.20
73.20
73.22
73.21
73.21
73.23
73.23
73.23
73.23
73.22
73.23
73.22
73.23
73.16
