82.81
79.69
80.73
82.03
82.81
82.55
82.59
83.01
83.68
83.91
84.52
84.38
83.89
83.59
83.23
83.30
83.18
83.07
83.39
83.44
83.56
83.66
83.76
83.59
83.62
83.53
83.28
83.37
83.35
83.44
83.17
83.11
83.10
83.00
82.95
83.12
82.98
82.94
82.81
82.85
82.89
82.85
82.85
82.67
82.67
82.78
82.71
82.75
82.78
82.78
82.81
82.93
83.11
83.07
83.01
83.04
83.06
82.97
82.92
82.84
82.81
82.89
82.76
82.81
82.84
82.88
82.91
82.93
83.04
82.97
82.92
82.88
82.79
82.79
82.69
82.63
82.57
82.59
82.59
82.64
82.74
82.79
82.66
82.74
82.67
82.69
82.78
82.76
82.69
82.74
82.83
82.80
82.81
82.81
82.70
82.60
82.59
82.59
82.56
82.55
82.56
82.54
82.55
82.54
82.51
82.55
82.56
82.52
82.44
82.37
82.38
82.41
82.36
82.42
82.42
82.39
82.44
82.47
82.44
82.43
82.46
82.47
82.47
82.55
82.50
82.47
82.46
82.51
82.49
82.51
82.45
82.50
82.50
82.50
82.49
82.47
82.44
82.39
82.41
82.43
82.41
82.37
82.43
82.41
82.38
82.36
82.43
82.44
82.45
82.43
82.43
82.38
82.35
82.38
82.39
82.35
82.35
82.36
82.41
82.43
82.45
82.49
82.52
82.54
82.52
82.55
82.53
82.53
82.51
82.49
82.49
82.49
82.43
82.43
82.46
82.43
82.42
82.41
82.40
82.37
82.39
82.36
82.38
82.39
82.42
82.44
82.47
82.48
82.47
82.46
82.46
82.49
82.47
82.47
82.48
82.47
82.46
82.44
82.42
82.39
82.40
82.40
82.38
82.36
82.37
82.36
82.38
82.37
82.31
82.33
82.32
82.32
82.34
82.32
82.31
82.36
82.36
82.36
82.38
82.38
82.42
82.43
82.43
82.41
82.41
82.43
82.41
82.38
82.39
82.36
82.37
82.38
82.39
82.40
82.37
82.39
82.35
82.33
82.34
82.36
82.35
82.32
82.29
82.27
82.31
82.30
82.27
82.28
82.24
82.27
82.26
82.26
82.27
82.22
82.24
82.21
82.20
82.18
82.18
82.18
82.17
82.16
82.14
82.14
82.13
82.12
82.11
82.12
82.10
82.14
82.14
82.16
82.16
82.16
82.15
82.16
82.14
82.13
82.12
82.08
82.08
82.09
82.09
82.10
82.09
82.09
82.06
82.05
82.06
82.07
82.07
82.06
82.06
82.03
82.03
82.02
82.02
82.00
81.99
82.01
81.99
81.99
81.99
81.98
81.99
81.98
81.96
81.97
81.95
81.96
81.94
81.95
81.95
81.94
81.92
81.94
81.93
81.93
81.93
81.93
81.92
81.96
81.97
81.97
81.96
81.97
81.97
81.97
81.98
81.96
81.98
81.97
82.00
82.01
82.03
82.03
82.04
82.04
82.02
82.03
82.00
82.01
81.99
81.97
81.96
81.96
81.96
81.95
81.95
81.98
81.98
81.99
81.98
81.98
81.97
81.96
81.97
81.97
81.97
81.97
82.01
82.02
82.02
82.03
82.05
82.04
82.06
82.08
82.08
82.07
82.08
82.09
82.09
82.07
82.08
82.09
82.08
82.07
82.07
82.06
82.09
82.07
82.08
82.06
82.07
82.06
82.04
82.05
82.05
82.05
82.05
82.06
82.08
82.09
82.09
82.09
82.09
82.08
82.08
82.07
82.06
82.05
82.05
82.04
82.03
82.02
82.02
82.04
82.02
82.02
82.01
82.00
82.01
82.00
82.00
82.01
82.01
82.03
82.02
82.03
82.03
82.04
82.05
82.05
82.05
82.06
82.07
82.07
82.07
82.07
82.07
82.06
82.06
82.07
82.08
82.08
82.08
82.07
82.08
82.08
82.10
82.11
82.09
82.08
82.06
82.06
82.05
82.04
82.05
82.06
82.06
82.06
82.06
82.08
82.07
82.08
82.08
82.08
82.08
82.10
82.10
82.11
82.11
82.11
82.10
82.11
82.10
82.09
82.11
82.10
82.11
82.09
82.08
82.08
82.08
82.05
82.06
82.06
82.04
82.05
82.06
82.04
82.05
82.06
82.05
82.06
82.06
82.07
82.07
82.07
82.05
82.07
82.07
82.08
82.08
82.08
82.08
82.08
82.07
82.08
82.06
82.05
82.05
82.04
82.03
82.04
82.06
82.05
82.05
82.04
82.04
82.05
82.05
82.06
82.06
82.06
82.06
82.07
82.08
82.08
82.06
82.06
82.07
82.08
82.06
82.05
82.06
82.04
82.04
82.04
82.06
82.05
82.06
82.06
82.06
82.06
82.04
82.04
82.02
82.01
82.02
82.01
82.01
82.01
82.01
82.01
82.01
82.01
82.01
82.01
82.00
81.99
82.00
82.01
82.00
82.00
81.99
81.98
81.97
81.98
81.99
81.98
81.98
81.96
81.97
81.97
81.98
81.98
81.99
81.99
82.00
82.00
82.00
82.01
82.00
82.01
82.01
82.00
82.01
82.01
82.00
82.00
81.99
81.98
81.99
81.98
81.99
81.99
82.00
81.99
81.98
81.98
81.98
81.96
81.97
81.97
81.96
81.97
81.97
81.98
81.98
81.97
81.95
81.94
81.94
81.95
81.95
81.95
81.94
81.94
81.93
81.94
81.95
81.94
81.94
81.94
81.93
81.93
81.92
81.93
81.92
81.92
81.92
81.92
81.92
81.92
81.91
81.91
81.90
81.90
81.90
81.90
81.90
81.89
81.88
81.89
81.90
81.91
81.92
81.91
81.91
81.90
81.90
81.91
81.92
81.92
81.91
81.91
81.91
81.91
81.92
81.91
81.91
81.92
81.93
81.94
81.93
81.93
81.93
81.92
81.93
81.92
81.93
81.93
81.93
81.92
81.92
81.92
81.92
81.93
81.93
81.95
81.94
81.95
81.94
81.93
81.94
81.94
81.94
81.92
81.93
81.93
81.94
81.94
81.95
81.94
81.95
81.95
81.96
81.96
81.96
81.97
81.97
81.97
81.97
81.98
81.98
81.98
81.96
81.95
81.95
81.94
81.94
81.94
81.95
81.94
81.94
81.94
81.94
81.95
81.96
81.96
81.96
81.97
81.96
81.95
81.96
81.95
81.96
81.95
81.95
81.95
81.95
81.95
81.95
81.96
81.95
81.95
81.95
81.96
81.96
81.96
81.96
81.97
81.96
81.95
81.95
81.95
81.95
81.96
81.95
81.96
81.96
81.96
81.96
81.95
81.96
81.96
81.96
81.96
81.97
81.96
81.97
81.96
81.95
81.96
81.96
81.97
81.97
81.97
81.97
81.98
81.98
81.98
81.99
81.98
81.98
81.98
81.98
81.97
81.98
81.96
81.96
81.97
81.96
81.96
81.96
81.97
81.97
81.96
81.96
81.89
