87.50
84.38
83.85
83.20
81.88
83.59
84.60
84.96
85.07
84.22
83.52
84.24
83.65
83.26
83.02
83.40
83.36
83.25
82.98
82.66
82.74
82.46
82.27
82.36
82.31
82.21
82.12
82.37
82.38
82.50
82.51
82.37
82.48
82.58
82.77
82.90
82.94
83.02
83.09
83.05
83.27
83.18
83.14
82.88
82.81
82.85
82.98
82.91
82.78
82.66
82.69
82.75
82.72
82.81
82.78
82.81
82.84
82.87
82.84
82.84
82.71
82.76
82.74
82.71
82.69
82.58
82.56
82.65
82.68
82.70
82.50
82.49
82.56
82.60
82.60
82.63
82.63
82.63
82.61
82.62
82.56
82.55
82.61
82.65
82.54
82.59
82.53
82.55
82.58
82.60
82.69
82.73
82.76
82.76
82.78
82.86
82.81
82.80
82.78
82.84
82.94
82.95
82.92
82.98
82.98
82.97
83.02
83.00
82.98
83.01
83.04
82.98
83.03
83.06
82.99
82.99
82.97
82.98
83.05
83.01
82.98
82.99
82.98
82.99
82.94
82.96
82.96
82.96
82.91
82.92
82.88
82.91
82.91
82.86
82.85
82.79
82.80
82.82
82.81
82.83
82.76
82.75
82.68
82.67
82.67
82.66
82.67
82.65
82.64
82.68
82.65
82.67
82.65
82.67
82.63
82.61
82.58
82.60
82.62
82.63
82.63
82.56
82.54
82.58
82.61
82.62
82.67
82.64
82.63
82.65
82.62
82.63
82.63
82.66
82.66
82.63
82.68
82.68
82.69
82.68
82.65
82.64
82.65
82.63
82.60
82.55
82.59
82.59
82.59
82.61
82.55
82.55
82.54
82.51
82.52
82.50
82.52
82.51
82.52
82.52
82.52
82.53
82.49
82.47
82.45
82.47
82.45
82.39
82.39
82.39
82.35
82.33
82.33
82.36
82.32
82.34
82.34
82.35
82.35
82.36
82.35
82.33
82.33
82.30
82.32
82.31
82.28
82.30
82.31
82.32
82.34
82.37
82.36
82.37
82.32
82.34
82.33
82.33
82.30
82.30
82.33
82.33
82.31
82.30
82.31
82.32
82.29
82.28
82.27
82.26
82.25
82.27
82.28
82.28
82.27
82.24
82.26
82.24
82.22
82.20
82.18
82.18
82.17
82.18
82.18
82.18
82.16
82.16
82.15
82.17
82.17
82.16
82.14
82.13
82.13
82.12
82.10
82.09
82.12
82.15
82.15
82.16
82.17
82.17
82.17
82.17
82.18
82.18
82.15
82.17
82.17
82.18
82.17
82.20
82.19
82.18
82.18
82.16
82.13
82.12
82.13
82.15
82.12
82.13
82.15
82.15
82.15
82.14
82.14
82.14
82.14
82.15
82.16
82.16
82.17
82.17
82.14
82.12
82.15
82.16
82.15
82.16
82.14
82.15
82.17
82.17
82.17
82.17
82.19
82.18
82.18
82.18
82.19
82.18
82.17
82.17
82.19
82.21
82.21
82.21
82.20
82.21
82.20
82.19
82.21
82.21
82.20
82.20
82.21
82.18
82.18
82.21
82.21
82.19
82.21
82.23
82.22
82.23
82.23
82.22
82.22
82.20
82.19
82.19
82.19
82.19
82.18
82.16
82.17
82.17
82.20
82.19
82.21
82.18
82.20
82.19
82.17
82.17
82.17
82.16
82.16
82.16
82.15
82.15
82.15
82.16
82.19
82.18
82.18
82.18
82.16
82.16
82.16
82.15
82.14
82.12
82.13
82.14
82.14
82.16
82.17
82.17
82.15
82.15
82.16
82.14
82.14
82.12
82.13
82.14
82.13
82.12
82.11
82.13
82.12
82.14
82.16
82.15
82.14
82.13
82.13
82.13
82.13
82.13
82.12
82.12
82.11
82.10
82.11
82.10
82.08
82.09
82.10
82.10
82.08
82.07
82.08
82.07
82.07
82.07
82.07
82.05
82.02
82.01
82.02
82.02
82.02
82.02
82.02
82.00
82.01
82.01
82.02
82.02
82.02
82.03
82.02
82.00
82.00
82.00
82.01
82.01
82.01
82.01
82.01
82.01
82.02
82.04
82.03
82.03
82.04
82.03
82.05
82.04
82.03
82.03
82.02
82.02
82.02
82.02
82.02
82.02
82.02
82.02
82.00
81.98
81.98
81.98
81.96
81.95
81.96
81.96
81.97
81.97
81.97
81.97
81.96
81.95
81.95
81.93
81.93
81.94
81.96
81.96
81.97
81.97
81.97
81.98
81.98
81.99
81.99
81.98
81.98
82.00
81.98
81.98
81.99
81.99
81.98
81.96
81.94
81.94
81.94
81.95
81.96
81.95
81.96
81.96
81.93
81.93
81.92
81.94
81.94
81.94
81.97
81.97
81.97
81.95
81.95
81.94
81.94
81.94
81.94
81.94
81.93
81.94
81.94
81.93
81.93
81.93
81.93
81.92
81.93
81.95
81.96
81.98
81.96
81.96
81.97
81.97
81.97
82.00
82.00
82.00
82.00
82.00
82.00
82.00
82.00
82.01
82.02
82.02
82.02
82.01
82.03
82.02
82.03
82.02
82.01
82.00
82.00
81.98
81.98
81.99
81.97
81.98
81.97
81.98
81.98
81.98
81.97
81.97
81.97
81.97
81.97
81.97
81.97
81.97
81.97
81.97
81.97
81.97
81.95
81.95
81.96
81.95
81.94
81.93
81.94
81.94
81.95
81.93
81.94
81.93
81.94
81.94
81.94
81.93
81.93
81.93
81.94
81.95
81.93
81.94
81.93
81.92
81.93
81.93
81.94
81.94
81.94
81.93
81.93
81.92
81.94
81.93
81.93
81.94
81.94
81.93
81.94
81.94
81.93
81.93
81.94
81.93
81.93
81.94
81.94
81.95
81.95
81.96
81.95
81.94
81.94
81.95
81.97
81.97
81.97
81.97
81.96
81.96
81.98
81.98
81.98
