82.81
82.81
82.29
83.20
81.56
80.99
81.03
80.27
80.73
81.41
81.25
80.86
81.49
81.03
81.25
81.54
81.89
82.12
81.74
81.48
81.40
81.46
81.32
81.12
81.19
81.13
81.13
81.19
81.36
81.35
81.30
81.30
81.44
81.25
81.07
81.16
81.08
81.17
81.25
81.37
81.29
81.25
81.25
81.36
81.46
81.42
81.68
81.84
81.82
81.81
81.89
81.79
81.90
82.00
81.88
81.92
81.94
81.98
81.97
82.01
81.84
81.96
82.07
82.08
82.04
82.20
82.21
82.24
82.16
82.19
82.11
82.18
82.32
82.35
82.25
82.34
82.39
82.41
82.44
82.34
82.31
82.24
82.34
82.38
82.28
82.23
82.17
82.19
82.22
82.19
82.09
82.05
82.02
81.95
81.97
81.92
81.91
82.02
81.99
81.95
81.96
81.88
81.89
81.91
81.93
81.99
81.95
81.94
81.91
81.93
82.05
82.06
82.05
81.98
82.02
81.99
82.00
82.03
82.00
82.06
82.13
82.07
82.10
82.11
82.07
81.99
82.00
82.03
82.07
82.02
82.03
82.02
82.01
82.07
82.06
82.04
82.03
82.03
82.03
82.04
82.08
82.13
82.19
82.13
82.08
82.10
82.13
82.13
82.11
82.11
82.17
82.15
82.20
82.20
82.20
82.22
82.19
82.21
82.26
82.28
82.28
82.32
82.36
82.37
82.38
82.37
82.40
82.37
82.43
82.40
82.42
82.42
82.44
82.37
82.35
82.37
82.35
82.35
82.30
82.25
82.21
82.23
82.21
82.20
82.25
82.26
82.29
82.32
82.30
82.29
82.31
82.34
82.33
82.37
82.36
82.36
82.38
82.36
82.33
82.30
82.26
82.29
82.30
82.33
82.33
82.30
82.31
82.29
82.31
82.34
82.36
82.31
82.33
82.35
82.38
82.39
82.39
82.35
82.35
82.32
82.28
82.29
82.28
82.29
82.28
82.27
82.28
82.26
82.29
82.29
82.29
82.29
82.26
82.24
82.25
82.27
82.25
82.25
82.26
82.26
82.25
82.24
82.23
82.24
82.20
82.22
82.26
82.20
82.20
82.18
82.21
82.19
82.19
82.20
82.22
82.25
82.27
82.24
82.25
82.23
82.23
82.25
82.28
82.29
82.30
82.31
82.30
82.31
82.34
82.35
82.36
82.31
82.35
82.34
82.35
82.37
82.38
82.36
82.38
82.37
82.37
82.36
82.36
82.37
82.35
82.36
82.36
82.36
82.36
82.37
82.36
82.37
82.35
82.36
82.36
82.37
82.36
82.39
82.40
82.38
82.38
82.38
82.38
82.40
82.41
82.41
82.43
82.43
82.44
82.42
82.42
82.42
82.42
82.42
82.38
82.40
82.41
82.41
82.41
82.41
82.40
82.40
82.40
82.41
82.42
82.39
82.39
82.38
82.37
82.34
82.35
82.36
82.33
82.32
82.30
82.29
82.28
82.27
82.29
82.28
82.29
82.30
82.27
82.28
82.28
82.27
82.29
82.30
82.29
82.29
82.31
82.31
82.33
82.33
82.30
82.27
82.26
82.24
82.25
82.24
82.24
82.23
82.24
82.24
82.21
82.21
82.21
82.20
82.18
82.20
82.19
82.20
82.20
82.19
82.19
82.21
82.23
82.22
82.22
82.20
82.20
82.19
82.20
82.19
82.19
82.21
82.24
82.23
82.24
82.23
82.23
82.20
82.21
82.22
82.22
82.21
82.22
82.22
82.23
82.22
82.21
82.24
82.21
82.20
82.21
82.20
82.18
82.17
82.19
82.19
82.20
82.20
82.21
82.17
82.18
82.17
82.18
82.19
82.16
82.17
82.15
82.15
82.11
82.12
82.10
82.10
82.11
82.10
82.10
82.09
82.09
82.10
82.11
82.12
82.12
82.11
82.11
82.12
82.11
82.10
82.09
82.07
82.06
82.06
82.05
82.06
82.03
82.04
82.05
82.07
82.08
82.06
82.07
82.09
82.08
82.08
82.06
82.07
82.05
82.03
82.04
82.02
82.03
82.02
82.03
82.03
82.05
82.04
82.04
82.04
82.03
82.02
82.03
82.03
82.05
82.06
82.07
82.05
82.07
82.07
82.07
82.08
82.09
82.10
82.10
82.10
82.13
82.11
82.09
82.10
82.10
82.11
82.11
82.10
82.11
82.12
82.10
82.10
82.09
82.12
82.11
82.12
82.11
82.10
82.10
82.10
82.11
82.11
82.10
82.10
82.08
82.08
82.07
82.07
82.07
82.07
82.06
82.06
82.06
82.07
82.05
82.06
82.07
82.06
82.06
82.06
82.06
82.06
82.07
82.08
82.07
82.06
82.07
82.06
82.06
82.04
82.05
82.04
82.04
82.04
82.05
82.04
82.05
82.06
82.07
82.07
82.08
82.07
82.08
82.08
82.09
82.09
82.09
82.09
82.10
82.10
82.11
82.11
82.10
82.11
82.11
82.11
82.11
82.11
82.12
82.11
82.12
82.11
82.12
82.11
82.11
82.11
82.12
82.12
82.12
82.14
82.15
82.14
82.13
82.14
82.14
82.14
82.14
82.14
82.15
82.16
82.16
82.16
82.15
82.16
82.15
82.13
82.14
82.12
82.12
82.12
82.12
82.11
82.10
82.11
82.09
82.10
82.11
82.09
82.08
82.07
82.07
82.05
82.06
82.06
82.07
82.07
82.09
82.08
82.07
82.06
82.05
82.05
82.06
82.06
82.07
82.07
82.06
82.06
82.06
82.04
82.04
82.04
82.04
82.04
82.03
82.02
82.02
82.02
82.02
82.02
82.03
82.02
82.03
82.04
82.04
82.06
82.06
82.07
82.07
82.06
82.05
82.06
82.06
82.06
82.04
82.04
82.04
82.05
82.05
82.05
82.06
82.06
82.07
82.06
82.06
82.06
82.06
82.06
82.06
82.06
82.06
82.06
82.06
82.06
82.07
82.07
82.07
82.07
82.06
82.06
82.06
82.05
82.05
82.05
82.04
82.03
82.03
82.04
82.04
82.02
82.01
82.02
82.01
82.01
82.02
82.02
82.03
82.03
82.03
82.04
82.03
82.04
82.04
82.04
82.03
82.03
82.03
82.03
82.04
82.04
82.03
82.04
82.04
82.05
82.04
82.04
82.04
82.03
82.04
82.04
82.04
82.06
82.06
82.06
82.06
82.06
82.06
82.04
82.04
82.03
82.03
82.03
82.04
82.03
82.04
82.03
82.03
82.02
82.03
82.02
82.03
82.02
82.03
82.02
82.01
82.03
82.02
82.02
82.02
82.02
82.02
82.02
82.03
82.02
82.03
82.03
82.03
82.03
82.03
82.03
82.03
82.02
82.02
82.03
82.02
82.01
82.01
82.01
82.00
82.00
81.99
81.99
81.99
82.00
82.01
82.01
82.00
82.00
81.98
81.98
81.98
81.98
81.98
81.99
81.98
81.91
