82.81
87.50
86.98
85.55
85.94
85.68
85.27
84.18
83.85
83.75
83.10
82.94
83.05
83.04
83.23
83.40
83.27
82.64
82.48
82.66
82.59
82.67
82.54
82.23
82.38
82.45
82.18
82.48
82.38
82.50
82.61
82.52
82.67
82.58
82.54
82.20
82.09
82.07
82.09
82.11
82.01
81.96
82.12
82.00
81.94
82.00
82.01
82.10
82.11
82.22
82.20
82.12
82.02
82.12
82.19
82.20
82.15
82.06
82.04
82.06
82.07
82.01
81.99
82.10
82.16
82.20
82.25
82.31
82.13
82.05
82.06
81.90
81.96
82.03
82.02
82.03
81.94
82.01
82.00
81.97
81.93
81.86
81.89
81.83
81.88
81.92
81.97
81.92
81.95
81.91
81.90
81.91
81.89
81.80
81.84
81.90
81.94
81.98
82.01
81.94
81.93
81.91
81.87
81.91
81.89
81.91
81.85
81.84
81.84
81.79
81.86
81.89
81.87
81.92
81.93
81.92
81.92
81.89
81.84
81.80
81.78
81.75
81.77
81.85
81.86
81.85
81.82
81.81
81.84
81.80
81.80
81.82
81.76
81.75
81.75
81.77
81.81
81.85
81.90
81.90
81.89
81.94
81.92
81.91
81.95
82.01
81.98
82.03
82.05
82.02
82.05
82.09
82.06
82.02
82.05
82.01
82.06
82.03
82.08
82.12
82.15
82.15
82.09
82.11
82.10
82.13
82.14
82.18
82.16
82.15
82.09
82.04
82.08
82.09
82.11
82.05
82.03
82.08
82.08
82.10
82.09
82.06
82.07
82.05
82.04
82.00
82.01
81.96
81.95
81.98
81.99
81.95
81.96
81.94
81.97
81.98
82.00
82.02
82.04
82.02
82.00
81.96
81.96
81.94
81.94
81.92
81.97
81.94
81.96
81.95
81.96
81.99
82.00
81.99
82.00
82.02
82.02
82.04
82.04
82.07
82.07
82.07
82.11
82.07
82.08
82.07
82.08
82.12
82.09
82.06
82.05
82.05
82.07
82.04
82.06
82.07
82.07
82.09
82.08
82.11
82.11
82.08
82.11
82.11
82.05
82.02
82.04
82.04
82.02
82.04
82.07
82.07
82.07
82.06
82.05
82.04
82.05
82.04
82.00
81.97
81.97
81.95
81.96
81.96
81.98
82.00
82.00
82.03
82.03
82.03
82.03
82.03
82.04
82.04
82.05
82.04
82.03
82.04
82.07
82.05
82.06
82.06
82.06
82.05
82.07
82.07
82.08
82.09
82.10
82.11
82.09
82.09
82.07
82.06
82.04
82.06
82.09
82.10
82.11
82.13
82.13
82.07
82.05
