85.94
87.50
85.42
86.33
85.00
83.33
82.59
82.81
82.99
83.44
83.24
82.94
82.69
82.14
82.19
81.84
82.17
82.03
81.99
82.11
81.70
81.68
81.79
81.84
81.31
81.61
81.48
81.42
81.20
81.04
80.75
80.81
80.92
81.16
81.16
81.25
81.33
81.46
81.37
81.25
81.17
81.18
81.32
81.43
81.35
81.32
81.52
81.41
81.54
81.41
81.40
81.43
81.34
81.34
81.34
81.39
81.44
81.36
81.28
81.28
81.28
81.33
81.32
81.37
81.35
81.34
81.25
81.25
81.18
81.25
81.21
81.23
81.29
81.27
81.25
81.29
81.35
81.43
81.47
81.50
81.60
81.59
81.55
81.60
81.60
81.63
81.65
81.61
81.57
81.61
81.64
81.62
81.70
81.65
81.66
81.58
81.56
81.55
81.47
81.33
81.36
81.34
81.37
81.37
81.34
81.35
81.38
81.38
81.31
81.29
81.29
81.31
81.32
81.33
81.36
81.32
81.34
81.33
81.32
81.34
81.31
81.29
81.24
81.17
81.18
81.19
81.25
81.24
81.23
81.21
81.18
81.18
81.21
81.20
81.17
81.20
81.18
81.22
81.22
81.27
81.39
81.37
81.36
81.41
81.45
81.45
81.48
81.54
81.50
81.49
81.47
81.45
81.44
81.42
81.40
81.40
81.38
81.39
81.38
81.36
81.37
81.35
81.35
81.36
81.39
81.42
81.33
81.33
81.32
81.29
81.26
81.20
81.17
81.14
81.17
81.18
81.19
81.14
81.12
81.12
81.08
81.10
81.09
81.08
81.10
81.10
81.10
81.08
81.08
81.07
81.10
81.11
81.14
81.15
81.12
81.08
81.09
81.10
81.13
81.15
81.16
81.17
81.15
81.17
81.15
81.10
81.11
81.14
81.13
81.14
81.14
81.14
81.13
81.13
81.17
81.14
81.16
81.17
81.20
81.21
81.19
81.19
81.18
81.18
81.20
81.17
81.17
81.17
81.19
81.20
81.23
81.19
81.18
81.17
81.18
81.19
81.16
81.17
81.19
81.16
81.15
81.17
81.14
81.15
81.15
81.16
81.15
81.16
81.17
81.19
81.19
81.24
81.24
81.27
81.29
81.29
81.29
81.30
81.30
81.33
81.33
81.36
81.38
81.39
81.36
81.34
81.38
81.39
81.41
81.40
81.43
81.47
81.46
81.48
81.45
81.43
81.42
81.45
81.45
81.46
81.47
81.48
81.49
81.44
81.40
81.39
81.39
81.37
81.39
81.38
81.38
81.38
81.38
81.40
81.40
81.39
81.37
81.36
81.37
81.36
81.37
81.39
81.40
81.40
81.43
81.44
81.46
81.47
81.48
81.48
81.51
81.49
81.48
81.49
81.50
81.51
81.53
81.54
81.54
81.49
81.50
81.46
81.47
81.48
81.46
81.48
81.50
81.50
81.51
81.52
81.51
81.50
81.53
81.52
81.52
81.53
81.54
81.52
81.51
81.48
81.49
81.50
81.49
81.49
81.49
81.50
81.51
81.50
81.52
81.53
81.55
81.57
81.58
81.57
81.52
81.53
81.55
81.55
81.53
81.55
81.54
81.54
81.55
81.53
81.55
81.55
81.52
81.53
81.51
81.50
81.51
81.49
81.49
81.49
81.49
81.50
81.49
81.47
81.47
81.47
81.48
81.50
81.48
81.49
81.50
81.50
81.50
81.51
81.49
81.49
81.47
81.47
81.49
81.50
81.51
81.51
81.51
81.52
81.50
81.50
81.51
81.52
81.53
81.52
81.52
81.53
81.52
81.53
81.51
81.51
81.52
81.50
81.50
81.49
81.49
81.50
81.50
81.50
81.50
81.50
81.51
81.52
81.53
81.54
81.55
81.57
81.55
81.55
81.55
81.55
81.55
81.55
81.56
81.56
81.56
81.56
81.55
81.55
81.54
81.53
81.52
81.53
81.53
81.51
81.51
81.51
81.52
81.52
81.54
81.56
81.55
81.53
81.53
81.54
81.53
81.53
81.55
81.56
81.56
81.55
81.56
81.55
81.56
81.57
81.57
81.58
81.56
81.55
81.57
81.56
81.55
81.55
81.55
81.56
81.54
81.54
81.54
81.55
81.55
81.54
81.52
81.52
81.52
81.53
81.53
81.53
81.51
81.53
81.53
81.54
81.52
81.51
81.52
81.50
81.52
81.51
81.52
81.52
81.52
81.52
81.52
81.52
81.52
81.52
81.53
81.52
81.51
81.51
81.53
81.50
81.50
81.51
81.51
81.52
81.51
81.52
81.52
81.52
81.51
81.50
81.50
81.50
81.49
81.49
81.50
81.50
81.51
81.52
81.53
81.52
81.52
81.53
81.54
81.55
81.54
81.56
81.58
81.59
81.60
81.60
81.61
81.62
81.64
81.64
81.65
81.66
81.67
81.66
81.66
81.67
81.68
81.69
81.69
81.69
81.68
81.67
81.67
81.67
81.67
81.68
81.68
81.67
81.68
81.69
81.69
81.69
81.69
81.68
81.68
81.69
81.70
81.71
81.71
81.73
81.73
81.73
81.73
81.73
81.74
81.74
81.75
81.74
81.74
81.75
81.76
81.76
81.78
81.78
81.79
81.80
81.80
81.82
81.82
81.82
81.83
81.82
81.83
81.83
81.85
81.86
81.88
81.88
81.88
81.87
81.87
81.87
81.87
81.87
81.87
81.85
81.83
81.84
81.83
81.82
81.82
81.83
81.84
81.83
81.83
81.83
81.82
81.81
81.82
81.82
81.80
81.81
81.82
81.81
81.82
81.83
81.84
81.85
81.85
81.84
81.83
81.84
81.84
81.84
81.84
81.84
81.84
81.84
81.84
81.83
81.85
81.84
81.84
81.85
81.85
81.85
81.86
81.86
81.86
81.86
81.86
81.87
81.86
81.87
81.85
81.84
81.84
81.84
81.84
81.83
81.83
81.84
81.84
81.84
81.85
81.84
81.85
81.85
81.85
81.86
81.86
81.87
81.87
81.87
81.88
81.89
81.88
81.86
81.85
81.84
81.84
81.84
81.86
81.86
81.87
81.88
81.87
81.88
81.86
81.87
81.86
81.86
81.86
81.85
81.84
81.84
81.84
81.85
81.85
81.85
81.85
81.85
81.86
81.86
81.85
81.85
81.85
81.86
81.85
81.85
81.86
81.86
81.86
81.86
81.87
81.88
81.87
81.86
81.87
81.87
81.87
81.88
81.89
81.90
81.89
81.89
81.89
81.90
81.89
81.89
81.89
81.89
81.90
81.90
81.91
81.91
81.91
81.92
81.92
81.93
81.92
81.92
81.92
81.92
81.93
81.93
81.93
81.94
81.92
81.93
81.92
81.92
81.91
81.92
81.92
81.93
81.93
81.94
81.95
81.95
81.95
81.95
81.94
81.94
81.95
81.94
81.95
81.96
81.95
81.95
81.96
81.96
81.97
81.97
81.97
81.97
81.97
81.89
