78.12
83.59
84.38
83.59
84.06
85.16
85.94
85.55
84.90
84.84
85.23
85.03
84.86
85.49
85.31
85.64
85.39
85.50
85.44
85.31
85.04
85.01
84.92
84.57
83.94
83.77
83.51
83.43
83.41
83.39
83.27
83.35
83.29
83.27
83.21
83.29
83.28
83.18
83.21
83.16
83.16
83.15
83.10
82.99
82.81
82.85
82.61
82.68
82.62
82.53
82.57
82.42
82.49
82.55
82.50
82.59
82.68
82.54
82.34
82.29
82.27
82.26
82.34
82.40
82.31
82.46
82.46
82.31
82.27
82.28
82.33
82.31
82.36
82.37
82.29
82.34
82.35
82.35
82.38
82.34
82.39
82.41
82.40
82.46
82.43
82.47
82.44
82.42
82.53
82.50
82.54
82.44
82.48
82.43
82.40
82.41
82.38
82.38
82.35
82.37
82.32
82.25
82.28
82.30
82.29
82.31
82.21
82.23
82.25
82.30
82.33
82.34
82.31
82.24
82.21
82.23
82.18
82.24
82.26
82.25
82.24
82.25
82.25
82.26
82.20
82.16
82.09
82.07
82.10
82.10
82.08
82.17
82.17
82.17
82.16
82.19
82.14
82.08
82.08
82.03
82.04
82.05
82.03
82.09
82.09
82.08
82.06
82.00
81.97
81.97
81.97
81.94
81.91
81.88
81.91
81.90
81.86
81.85
81.88
81.87
81.88
81.93
81.97
81.96
82.00
81.94
81.95
81.95
81.93
81.95
81.98
82.00
82.03
82.01
82.01
82.03
82.06
82.09
82.06
82.07
82.10
82.13
82.15
82.12
82.11
82.12
82.11
82.08
82.06
82.08
82.12
82.10
82.12
82.09
82.08
82.11
82.08
82.06
82.09
82.09
82.07
82.09
82.10
82.12
82.13
82.15
82.13
82.11
82.15
82.16
82.13
82.13
82.16
82.19
82.13
82.10
82.09
82.09
82.07
82.06
82.06
82.05
82.01
82.01
82.01
82.00
82.00
81.99
82.02
82.00
81.95
81.94
81.93
81.93
81.93
81.94
81.94
81.91
81.91
81.91
81.93
81.94
81.95
81.98
81.97
82.01
82.05
82.05
82.06
82.06
82.05
81.99
81.95
81.98
81.98
81.99
82.00
81.97
81.96
81.94
81.94
81.92
81.97
81.97
81.95
81.97
81.97
81.99
82.01
82.03
82.04
82.04
82.04
82.03
82.00
82.00
82.01
82.02
82.02
82.02
82.04
82.02
82.02
82.03
82.04
82.05
82.02
82.00
82.00
82.00
81.99
81.98
81.99
82.00
81.97
81.96
81.95
81.98
81.97
81.95
81.98
81.97
81.97
81.94
81.93
81.93
81.94
81.95
81.96
81.95
81.96
82.01
82.01
82.02
82.03
82.04
82.03
82.04
82.08
82.06
82.08
82.07
82.03
82.04
82.02
82.05
82.03
82.04
82.05
82.06
82.05
82.01
81.99
81.98
81.98
82.00
81.98
81.99
82.03
82.05
82.05
82.04
82.05
82.02
82.02
82.02
81.99
82.00
81.99
81.99
82.01
82.02
82.01
81.99
81.99
81.97
81.96
81.95
81.95
81.94
81.94
81.96
81.98
81.98
81.99
81.98
82.00
82.00
82.00
82.01
82.00
81.99
81.98
81.98
81.97
81.96
81.96
81.97
81.96
81.97
81.97
81.97
81.94
81.95
81.95
81.95
81.94
81.91
81.90
81.88
81.87
81.84
81.85
81.85
81.86
81.87
81.86
81.85
81.86
81.85
81.86
81.87
81.87
81.87
81.87
81.85
81.86
81.88
81.87
81.88
81.88
81.87
81.89
81.89
81.91
81.91
81.91
81.90
81.91
81.91
81.91
81.89
81.90
81.90
81.89
81.89
81.89
81.89
81.88
81.88
81.85
81.85
81.87
81.87
81.89
81.88
81.89
81.88
81.88
81.87
81.85
81.85
81.87
81.87
81.89
81.87
81.87
81.86
81.86
81.85
81.85
81.85
81.86
81.85
81.86
81.85
81.85
81.85
81.84
81.86
81.87
81.88
81.87
81.86
81.85
81.85
81.86
81.87
81.85
81.86
81.86
81.87
81.87
81.88
81.88
81.86
81.86
81.87
81.86
81.86
81.84
81.86
81.88
81.89
81.88
81.87
81.89
81.89
81.89
81.87
81.89
81.88
81.89
81.88
81.87
81.87
81.87
81.87
81.85
81.86
81.86
81.87
81.88
81.88
81.88
81.88
81.88
81.89
81.89
81.88
81.90
81.89
81.89
81.90
81.91
81.89
81.88
81.88
81.89
81.90
81.91
81.90
81.90
81.91
81.91
81.92
81.92
81.90
81.89
81.90
81.90
81.90
81.89
81.88
81.90
81.88
81.90
81.91
81.93
81.92
81.92
81.91
81.92
81.91
81.89
81.89
81.90
81.90
81.90
81.92
81.91
81.91
81.93
81.93
81.94
81.94
81.93
81.92
81.94
81.93
81.92
81.92
81.92
81.94
81.95
81.96
81.96
81.96
81.97
81.98
81.99
81.99
81.98
81.99
81.99
81.99
82.00
82.00
82.01
82.01
82.02
82.02
82.02
82.02
82.01
82.01
82.01
82.00
81.99
82.00
81.99
82.00
82.00
82.00
81.99
82.00
82.01
81.99
82.00
82.01
82.00
81.99
81.99
81.98
82.00
81.99
81.99
81.99
82.00
82.01
82.00
82.00
82.00
82.00
81.99
82.00
82.00
82.00
81.99
81.98
81.97
81.96
81.96
81.96
81.96
81.98
81.99
82.01
82.00
82.00
82.01
82.00
81.99
81.99
81.98
81.97
81.97
81.96
81.95
81.95
81.96
81.96
81.96
81.98
81.96
81.97
81.97
81.98
81.98
81.99
81.99
82.00
81.99
82.00
82.00
81.99
81.98
81.98
81.98
82.00
82.00
81.99
81.99
81.99
81.99
81.99
81.99
81.99
81.98
81.97
81.97
81.97
81.96
81.95
81.96
81.95
81.96
81.97
81.97
81.96
81.96
81.97
81.98
81.99
81.99
81.98
81.99
82.00
81.99
81.99
82.00
82.00
82.00
81.99
82.00
82.00
81.99
81.99
81.99
81.99
81.99
81.98
81.98
81.97
81.97
81.98
81.98
81.98
81.98
81.96
81.97
81.98
81.97
81.95
81.94
81.94
81.95
81.96
81.95
81.96
81.96
81.97
81.96
81.97
81.97
81.96
81.96
81.96
81.96
81.95
81.96
81.96
81.96
81.96
81.95
81.96
81.96
81.97
81.96
81.96
81.97
81.96
81.97
81.97
81.96
81.96
81.94
81.94
81.94
81.94
81.94
81.95
81.94
81.94
81.95
81.95
81.95
81.94
81.94
81.95
81.95
81.95
81.95
81.95
81.95
81.95
81.95
81.96
81.96
81.96
81.98
81.98
81.98
81.98
81.99
81.98
81.97
81.98
81.98
81.99
81.99
81.90
