85.94
80.47
80.73
83.20
83.44
84.38
84.38
84.38
83.68
84.22
83.66
83.33
83.17
83.26
83.65
83.20
82.90
82.90
82.73
82.58
82.44
82.24
82.13
82.16
82.12
81.85
81.66
81.58
81.47
81.30
81.35
81.54
81.49
81.57
81.47
81.47
81.38
81.62
81.73
81.60
81.48
81.55
81.47
81.53
81.56
81.79
81.82
81.97
82.02
81.84
81.89
81.76
81.63
81.68
81.68
81.58
81.61
81.60
81.62
81.67
81.61
81.60
81.65
81.71
81.75
81.75
81.86
81.89
81.79
81.70
81.65
81.64
81.66
81.69
81.65
81.44
81.47
81.49
81.47
81.45
81.54
81.61
81.66
81.66
81.64
81.60
81.61
81.62
81.65
81.67
81.73
81.76
81.80
81.82
81.78
81.71
81.68
81.81
81.77
81.81
81.84
81.86
81.81
81.79
81.82
81.77
81.86
81.86
81.81
81.82
81.67
81.71
81.65
81.63
81.67
81.67
81.60
81.50
81.43
81.38
81.38
81.39
81.45
81.46
81.44
81.40
81.36
81.32
81.30
81.32
81.27
81.29
81.32
81.38
81.40
81.38
81.42
81.47
81.41
81.35
81.41
81.38
81.44
81.43
81.40
81.38
81.40
81.39
81.34
81.32
81.29
81.34
81.38
81.35
81.35
81.31
81.32
81.33
81.30
81.26
81.28
81.26
81.26
81.28
81.21
81.21
81.20
81.19
81.16
81.08
81.09
81.13
81.14
81.14
81.13
81.09
81.06
81.09
81.09
81.09
81.09
81.10
81.10
81.12
81.11
81.15
81.13
81.18
81.18
81.22
81.22
81.17
81.20
81.20
81.26
81.25
81.27
81.27
81.34
81.35
81.34
81.34
81.37
81.37
81.35
81.33
81.35
81.37
81.38
81.41
81.44
81.43
81.47
81.51
81.55
81.56
81.56
81.55
81.54
81.57
81.58
81.60
81.58
81.58
81.58
81.59
81.59
81.60
81.55
81.54
81.55
81.55
81.57
81.54
81.58
81.57
81.59
81.60
81.60
81.63
81.66
81.67
81.66
81.66
81.68
81.68
81.67
81.68
81.70
81.71
81.73
81.75
81.75
81.71
81.73
81.70
81.68
81.69
81.73
81.72
81.74
81.74
81.74
81.72
81.69
81.67
81.68
81.69
81.67
81.70
81.68
81.68
81.71
81.71
81.72
81.71
81.71
81.71
81.69
81.66
81.62
81.63
81.64
81.65
81.64
81.64
81.66
81.68
81.70
81.71
81.70
81.71
81.71
81.70
81.67
81.67
81.66
81.67
81.67
81.64
81.62
81.65
81.63
81.63
81.64
81.63
81.65
81.65
81.66
81.68
81.67
81.66
81.67
81.65
81.63
81.62
81.63
81.63
81.64
81.63
81.65
81.66
81.69
81.70
81.71
81.70
81.70
81.69
81.70
81.70
81.68
81.71
81.71
81.70
81.69
81.67
81.64
81.64
81.63
81.62
81.59
81.62
81.65
81.65
81.65
81.67
81.66
81.67
81.64
81.66
81.66
81.66
81.66
81.67
81.69
81.68
81.67
81.65
81.63
81.63
81.62
81.62
81.61
81.60
81.62
81.64
81.64
81.64
81.66
81.66
81.66
81.66
81.66
81.67
81.67
81.67
81.66
81.66
81.64
81.62
81.61
81.61
81.62
81.62
81.62
81.61
81.62
81.60
81.60
81.58
81.60
81.60
81.60
81.60
81.60
81.61
81.60
81.60
81.61
81.62
81.62
81.62
81.62
81.63
81.62
81.61
81.61
81.59
81.60
81.61
81.60
81.60
81.59
81.60
81.61
81.60
81.59
81.58
81.59
81.60
81.62
81.62
81.62
81.63
81.63
81.64
81.64
81.64
81.65
81.65
81.67
81.66
81.67
81.66
81.66
81.67
81.67
81.68
81.69
81.69
81.69
81.69
81.70
81.70
81.69
81.67
81.68
81.70
81.71
81.70
81.71
81.70
81.72
81.74
81.73
81.74
81.75
81.75
81.75
81.75
81.74
81.75
81.74
81.74
81.74
81.74
81.74
81.74
81.75
81.76
81.77
81.76
81.77
81.76
81.77
81.76
81.76
81.77
81.76
81.77
81.78
81.79
81.79
81.80
81.80
81.80
81.80
81.79
81.80
81.79
81.81
81.81
81.80
81.81
81.82
81.83
81.84
81.85
81.84
81.87
81.84
81.85
81.86
81.85
81.86
81.87
81.87
81.87
81.86
81.85
81.86
81.86
81.86
81.87
81.87
81.87
81.87
81.87
81.86
81.84
81.84
81.85
81.85
81.87
81.87
81.86
81.88
81.89
81.89
81.90
81.90
81.90
81.89
81.89
81.90
81.89
81.90
81.92
81.92
81.92
81.92
81.90
81.91
81.92
81.92
81.93
81.94
81.95
81.96
81.97
81.97
81.97
81.96
81.96
81.97
81.97
81.97
81.96
81.97
81.97
81.99
81.99
82.00
82.00
82.00
82.01
82.00
82.00
82.00
81.98
81.98
81.98
81.98
81.98
81.97
81.96
81.97
81.97
81.98
81.97
81.96
81.96
81.97
81.97
81.98
81.98
81.97
81.95
81.96
81.96
81.97
81.96
81.95
81.95
81.96
81.96
81.96
81.97
81.96
81.97
81.98
81.97
81.96
81.96
81.96
81.97
81.97
81.98
81.98
81.98
81.97
81.98
81.99
81.98
81.99
81.99
82.01
82.01
82.01
82.02
82.02
82.01
82.00
82.00
82.00
81.98
81.97
81.97
81.98
81.99
82.00
82.00
82.01
82.00
82.01
82.02
82.02
82.03
82.03
82.02
82.01
82.03
82.02
82.02
82.03
82.03
82.04
82.04
82.04
82.03
82.03
82.03
82.02
82.02
82.01
82.01
82.00
82.01
82.00
82.01
82.02
82.02
82.02
82.02
82.01
82.00
82.00
82.00
82.00
82.00
82.01
82.02
82.01
82.01
81.99
81.99
81.98
81.97
81.98
81.99
81.99
81.99
81.99
82.00
82.01
82.02
82.02
82.01
82.00
82.00
82.00
82.00
82.00
82.00
82.02
82.02
82.02
82.02
82.03
82.02
82.03
82.04
82.03
82.03
82.04
82.04
82.05
82.04
82.05
82.05
82.05
82.06
82.06
82.05
82.04
82.04
82.04
82.05
82.04
82.04
82.03
82.05
82.04
82.04
82.05
82.05
82.04
82.05
82.05
82.05
82.05
82.05
82.04
82.04
82.04
82.04
82.05
82.05
82.04
82.04
82.03
82.03
82.04
82.04
82.03
82.02
82.02
82.03
82.03
