92.19
92.97
91.67
87.50
86.56
84.90
84.15
83.98
84.03
83.59
83.95
83.85
83.89
83.82
83.23
83.11
83.00
83.25
83.31
82.97
82.96
82.81
82.68
82.55
82.44
82.45
82.29
81.81
82.17
82.19
82.31
82.18
82.20
82.63
82.50
82.38
82.31
82.28
82.21
82.27
82.39
82.51
82.56
82.78
82.71
82.54
82.55
82.52
82.78
82.78
82.75
82.69
82.64
82.64
82.53
82.31
82.26
82.22
82.31
82.42
82.35
82.36
82.32
82.28
82.26
82.41
82.37
82.42
82.43
82.39
82.33
82.20
82.30
82.22
82.23
82.30
82.28
82.27
82.26
82.21
82.12
82.11
82.19
82.09
82.08
82.09
82.15
82.21
82.29
82.29
82.35
82.35
82.39
82.38
82.35
82.45
82.54
82.49
82.47
82.48
82.44
82.38
82.37
82.26
82.23
82.30
82.30
82.26
82.33
82.40
82.50
82.48
82.58
82.57
82.55
82.56
82.57
82.55
82.56
82.55
82.52
82.49
82.52
82.38
82.46
82.44
82.52
82.50
82.40
82.36
82.35
82.35
82.33
82.40
82.38
82.43
82.40
82.40
82.43
82.40
82.40
82.44
82.45
82.43
82.44
82.37
82.39
82.32
82.36
82.39
82.34
82.34
82.30
82.28
82.30
82.30
82.33
82.31
82.35
82.33
82.35
82.31
82.37
82.36
82.38
82.37
82.35
82.33
82.34
82.34
82.37
82.37
82.38
82.38
82.39
82.36
82.36
82.36
82.38
82.37
82.38
82.39
82.35
82.33
82.33
82.33
82.33
82.32
82.30
82.29
82.28
82.27
82.31
82.35
82.36
82.35
82.34
82.37
82.36
82.35
82.36
82.34
82.34
82.33
82.33
82.30
82.28
82.27
82.26
82.30
82.27
82.24
82.22
82.21
82.19
82.19
82.15
82.13
82.16
82.17
82.18
82.15
82.19
82.21
82.19
82.18
82.19
82.15
82.15
82.14
82.15
82.15
82.16
82.17
82.17
82.16
82.16
82.18
82.18
82.17
82.15
82.14
82.11
82.11
82.11
82.11
82.09
82.06
82.07
82.07
82.07
82.05
82.03
82.06
82.06
82.06
82.08
82.10
82.10
82.12
82.13
82.13
82.12
82.14
82.15
82.17
82.16
82.14
82.16
82.18
82.16
82.15
82.10
82.10
82.13
82.13
82.15
82.12
82.08
82.09
82.10
82.06
82.06
82.06
82.06
82.05
82.06
82.06
82.06
82.07
82.11
82.11
82.10
82.11
82.13
82.10
82.11
82.12
82.13
82.11
82.11
82.15
82.16
82.17
82.16
82.17
82.17
82.17
82.17
82.18
82.16
82.16
82.17
82.20
82.24
82.24
82.25
82.25
82.23
82.26
82.28
82.25
82.27
82.28
82.31
82.30
82.28
82.29
82.29
82.28
82.26
82.28
82.29
82.28
82.29
82.30
82.27
82.28
82.29
82.31
82.29
82.29
82.30
82.28
82.28
82.29
82.27
82.29
82.30
82.32
82.33
82.32
82.33
82.33
82.34
82.36
82.35
82.33
82.34
82.35
82.37
82.39
82.38
82.37
82.36
82.36
82.37
82.35
82.34
82.34
82.34
82.33
82.29
82.27
82.29
82.30
82.32
82.31
82.30
82.29
82.32
82.31
82.31
82.29
82.28
82.29
82.30
82.28
82.28
82.28
82.29
82.27
82.28
82.29
82.32
82.30
82.29
82.27
82.25
82.25
82.25
82.24
82.25
82.26
82.26
82.28
82.28
82.28
82.29
82.29
82.30
82.29
82.29
82.27
82.26
82.26
82.28
82.26
82.24
82.25
82.23
82.24
82.24
82.21
82.19
82.19
82.19
82.19
82.20
82.20
82.19
82.17
82.16
82.18
82.19
82.21
82.20
82.18
82.21
82.21
82.21
82.22
82.21
82.22
82.22
82.21
82.22
82.24
82.24
82.26
82.23
82.25
82.25
82.25
82.25
82.24
82.23
82.24
82.25
82.27
82.28
82.26
82.25
82.26
82.26
82.26
82.27
82.27
82.26
82.26
82.28
82.29
82.29
82.28
82.26
82.26
82.27
82.26
82.25
82.26
82.26
82.25
82.25
82.25
82.27
82.26
82.26
82.28
82.29
82.29
82.29
82.27
82.27
82.27
82.25
82.25
82.25
82.25
82.26
82.26
82.27
82.26
82.25
82.26
82.26
82.25
82.24
82.23
82.22
82.22
82.21
82.21
82.20
82.19
82.20
82.21
82.22
82.21
82.21
82.21
82.21
82.21
82.21
82.21
82.20
82.19
82.19
82.19
82.20
82.21
82.20
82.20
82.20
82.21
82.22
82.22
82.23
82.25
82.25
82.24
82.23
82.24
82.24
82.24
82.24
82.23
82.21
82.19
82.19
82.20
82.19
82.19
82.19
82.19
82.20
82.20
82.20
82.19
82.19
82.19
82.17
82.18
82.17
82.18
82.18
82.18
82.19
82.19
82.18
82.19
82.18
82.16
82.16
82.17
82.17
82.16
82.17
82.17
82.17
82.18
82.17
82.17
82.17
82.16
82.16
82.14
82.13
82.13
82.12
82.12
82.12
82.12
82.14
82.15
82.13
82.13
82.11
82.10
82.10
82.09
82.11
82.10
82.11
82.12
82.13
82.12
82.10
82.09
82.09
82.08
82.07
82.07
82.07
82.07
82.08
82.07
82.08
82.07
82.06
82.07
82.05
82.05
82.05
82.04
82.04
82.05
82.05
82.06
82.05
82.06
82.06
82.06
82.06
82.05
82.06
82.06
82.05
82.06
82.06
82.06
82.06
82.05
82.04
82.03
82.05
82.04
82.04
82.03
82.03
82.05
82.04
82.03
82.03
82.03
82.01
82.01
82.00
82.00
82.01
82.01
82.01
82.01
82.00
82.00
82.01
82.00
82.01
82.01
82.01
82.02
82.03
82.02
82.02
82.02
82.03
82.03
82.02
82.02
82.01
82.01
82.01
82.00
82.01
82.01
82.02
82.01
82.01
82.00
82.00
82.00
82.01
82.00
81.99
82.00
82.00
82.00
81.99
82.00
82.00
81.99
81.99
81.99
81.99
81.98
81.97
81.98
81.97
81.98
81.98
81.98
81.98
81.98
81.98
81.98
81.98
81.99
81.98
81.99
81.99
81.99
81.99
81.99
81.99
81.98
81.97
81.97
81.96
81.96
81.97
81.97
81.96
81.96
81.96
81.96
81.96
81.95
81.96
81.96
81.96
81.97
81.96
81.95
81.95
81.94
81.95
81.95
81.96
81.97
81.97
81.98
81.98
81.98
81.97
81.97
81.97
81.98
81.99
81.99
81.99
81.99
81.98
81.98
81.97
81.97
81.97
81.97
81.97
81.97
81.97
81.97
81.98
81.98
81.98
81.97
81.96
81.97
81.98
81.98
81.99
81.99
81.98
81.90
