70.31
75.00
78.12
79.30
80.31
80.73
81.47
82.62
81.94
81.09
80.68
81.25
81.49
81.58
81.88
81.54
80.97
81.08
81.00
81.41
81.55
81.61
81.73
81.77
82.00
82.09
82.35
82.03
82.22
82.14
81.85
81.98
82.15
81.94
81.88
81.90
81.80
81.78
81.81
81.80
81.90
81.88
81.98
82.03
82.19
82.24
82.11
82.10
81.95
82.00
82.20
82.21
82.31
82.32
82.19
82.14
82.21
82.25
82.31
82.29
82.22
82.23
82.34
82.32
82.31
82.39
82.39
82.44
82.38
82.39
82.33
82.36
82.30
82.33
82.21
82.30
82.33
82.27
82.30
82.32
82.27
82.34
82.40
82.38
82.37
82.27
82.22
82.23
82.15
82.19
82.11
82.13
82.12
82.13
82.07
82.11
82.09
82.08
82.09
82.17
82.16
82.23
82.27
82.15
82.22
82.27
82.23
82.13
82.10
82.06
82.01
82.03
82.01
82.00
82.05
81.98
81.92
81.90
81.92
81.91
81.91
81.95
81.90
81.94
81.97
81.93
81.96
81.91
81.93
81.94
81.89
81.83
81.91
81.89
81.89
81.88
81.93
82.01
82.04
81.94
81.95
81.93
81.94
81.90
81.92
81.97
81.96
81.97
81.96
81.95
81.96
81.93
81.94
81.91
81.89
81.86
81.92
81.91
81.97
81.97
81.96
81.93
81.92
81.89
81.88
81.86
81.84
81.79
81.81
81.86
81.85
81.81
81.81
81.80
81.79
81.79
81.81
81.79
81.76
81.75
81.74
81.73
81.75
81.76
81.77
81.75
81.78
81.82
81.84
81.88
81.87
81.87
81.89
81.89
81.90
81.90
81.91
81.88
81.91
81.89
81.90
81.91
81.90
81.91
81.89
81.89
81.89
81.89
81.92
81.90
81.91
81.93
81.88
81.89
81.90
81.89
81.93
81.94
81.95
81.97
81.99
82.00
82.00
82.01
82.03
82.02
82.05
82.06
82.06
82.09
82.09
82.12
82.13
82.13
82.17
82.09
82.09
82.10
82.11
82.11
82.11
82.08
82.05
82.06
82.08
82.06
82.03
82.04
82.03
82.06
82.06
82.07
82.07
82.06
82.03
82.06
82.06
82.10
82.12
82.10
82.10
82.10
82.11
82.12
82.13
82.15
82.17
82.19
82.21
82.19
82.20
82.17
82.14
82.13
82.15
82.16
82.15
82.17
82.17
82.18
82.21
82.21
82.21
82.22
82.21
82.22
82.25
82.25
82.25
82.27
82.27
82.28
82.25
82.25
82.22
82.21
82.22
82.26
82.27
82.27
82.24
82.24
82.22
82.21
82.22
82.22
82.23
82.22
82.23
82.22
82.20
82.22
82.20
82.20
82.18
82.21
82.22
82.22
82.21
82.21
82.21
82.22
82.22
82.21
82.20
82.22
82.22
82.21
82.22
82.20
82.18
82.16
82.15
82.15
82.15
82.12
82.11
82.11
82.09
82.08
82.07
82.08
82.04
82.04
82.04
82.04
82.03
82.04
82.02
82.04
82.04
82.04
82.02
82.04
82.03
82.04
82.05
82.05
82.05
82.04
82.05
82.04
82.07
82.08
82.07
82.05
82.04
82.05
82.02
82.04
82.05
82.06
82.06
82.05
82.03
82.03
82.04
82.03
82.04
82.04
82.05
82.06
82.08
82.08
82.07
82.06
82.05
82.05
82.05
82.04
82.07
82.07
82.06
82.07
82.07
82.04
82.03
82.02
82.01
82.00
81.97
81.98
81.97
81.97
81.99
81.97
81.97
81.98
81.96
81.94
81.95
81.94
81.93
81.94
81.95
81.97
81.98
81.99
82.00
82.01
82.01
82.02
82.02
82.01
82.04
82.03
82.02
82.00
81.99
81.99
82.00
82.00
82.00
82.00
82.00
82.00
81.99
81.97
81.96
81.96
81.94
81.94
81.94
81.94
81.95
81.94
81.95
81.94
81.94
81.96
81.96
81.98
81.98
81.99
81.98
81.97
81.98
81.98
81.98
81.99
81.98
81.98
81.97
81.98
81.97
81.96
81.95
81.96
81.95
81.95
81.96
81.96
81.94
81.94
81.94
81.95
81.95
81.96
81.97
81.96
81.95
81.96
81.96
81.96
81.97
81.97
81.98
81.97
81.97
81.96
81.95
81.95
81.97
81.96
81.96
81.96
81.95
81.96
81.95
81.94
81.95
81.96
81.95
81.96
81.96
81.97
81.97
81.98
81.98
81.97
81.97
81.98
81.97
81.97
81.97
81.99
81.99
81.99
81.97
81.97
81.95
81.95
81.95
81.96
81.97
81.98
82.00
82.00
82.00
82.00
82.00
82.00
82.00
82.00
81.99
82.00
82.00
81.99
82.00
82.00
82.00
82.00
82.00
81.99
81.98
81.99
81.98
81.99
82.00
82.00
81.98
81.97
81.99
81.98
81.98
82.00
81.98
81.98
81.99
81.98
81.99
81.99
82.00
82.00
82.01
82.01
82.01
82.00
81.99
81.98
81.99
82.00
81.99
81.99
81.99
81.99
81.99
81.99
82.00
82.01
82.01
82.02
82.02
82.00
82.01
82.00
82.01
82.01
82.01
82.01
82.02
82.02
82.03
82.03
82.02
82.02
82.02
82.03
82.02
82.02
82.02
82.02
82.02
82.03
82.04
82.03
82.03
82.03
82.04
82.04
82.04
82.04
82.05
82.06
82.04
82.04
82.03
82.04
82.04
82.04
82.06
82.05
82.07
82.07
82.07
82.07
82.07
82.08
82.06
82.05
82.06
82.05
82.07
82.07
82.08
82.09
82.08
82.09
82.09
82.09
82.09
82.07
82.06
82.07
82.07
82.07
82.06
82.07
82.06
82.06
82.06
82.06
82.06
82.07
82.08
82.08
82.10
82.11
82.09
82.10
82.10
82.10
82.10
82.10
82.10
82.10
82.10
82.09
82.09
82.07
82.07
82.07
82.06
82.05
82.05
82.06
82.05
82.04
82.03
82.03
82.03
82.02
82.01
82.02
82.02
82.03
82.03
82.01
82.01
82.01
82.01
82.00
82.01
82.01
82.02
82.02
82.02
82.02
82.03
82.04
82.05
82.05
82.05
82.05
82.06
82.06
82.05
82.06
82.07
82.06
82.08
82.08
82.07
82.07
82.07
82.07
82.08
82.08
82.08
82.07
82.08
82.09
82.10
82.10
82.11
82.10
82.09
82.08
82.08
82.09
82.09
82.09
82.08
82.07
82.07
82.07
82.06
82.06
82.06
82.06
82.06
82.06
82.05
82.06
82.06
82.06
82.06
82.06
82.06
82.06
82.05
82.04
82.05
82.04
82.04
82.03
82.03
82.01
82.03
82.03
82.02
82.02
82.01
82.00
82.00
82.01
82.01
81.99
82.00
82.00
82.00
82.00
82.01
82.00
81.99
81.98
81.98
81.97
81.97
81.97
81.97
81.90
