87.50
85.16
84.90
84.77
85.62
84.90
84.38
83.98
83.33
83.91
84.23
83.98
83.89
84.26
84.17
84.18
84.01
83.59
83.47
83.52
83.48
83.81
83.76
83.66
83.56
83.35
83.33
83.15
83.19
83.28
83.01
83.06
82.62
82.49
82.54
82.34
82.47
82.40
82.49
82.54
82.39
82.40
82.38
82.46
82.29
82.44
82.48
82.39
82.59
82.72
82.69
82.60
82.49
82.38
82.30
82.23
82.24
82.30
82.26
82.32
82.33
82.28
82.27
82.35
82.24
82.24
82.16
82.19
82.13
81.96
82.00
82.07
82.13
82.16
82.08
82.13
82.26
82.33
82.32
82.25
82.20
82.20
82.23
82.20
82.22
82.29
82.27
82.32
82.36
82.48
82.45
82.47
82.34
82.31
82.35
82.32
82.33
82.33
82.40
82.45
82.47
82.49
82.45
82.45
82.40
82.41
82.43
82.42
82.44
82.47
82.47
82.46
82.48
82.44
82.46
82.52
82.57
82.59
82.59
82.51
82.43
82.40
82.41
82.46
82.47
82.49
82.54
82.48
82.41
82.34
82.35
82.40
82.41
82.43
82.41
82.38
82.41
82.37
82.41
82.44
82.45
82.45
82.47
82.43
82.45
82.41
82.43
82.39
82.39
82.39
82.44
82.43
82.47
82.44
82.43
82.43
82.45
82.44
82.45
82.42
82.43
82.41
82.37
82.38
82.39
82.38
82.34
82.35
82.33
82.33
82.35
82.26
82.25
82.22
82.22
82.22
82.18
82.15
82.14
82.08
82.06
82.06
82.04
81.99
81.97
81.94
81.94
81.97
81.96
81.90
81.91
81.89
81.87
81.86
81.88
81.88
81.87
81.85
81.84
81.84
81.87
81.87
81.83
81.87
81.87
81.89
81.88
81.92
81.92
81.91
81.92
81.94
81.90
81.94
81.96
81.96
82.00
81.96
81.91
81.94
81.93
81.95
81.94
81.93
81.90
81.87
81.86
81.85
81.84
81.82
81.78
81.78
81.79
81.80
81.82
81.83
81.82
81.85
81.83
81.84
81.82
81.81
81.79
81.82
81.82
81.82
81.83
81.82
81.78
81.76
81.77
81.80
81.82
81.83
81.81
81.82
81.82
81.83
81.84
81.83
81.84
81.83
81.85
81.85
81.87
81.87
81.88
81.84
81.84
81.85
81.84
81.85
81.87
81.87
81.85
81.86
81.88
81.89
81.91
81.94
81.96
81.91
81.89
81.88
81.89
81.89
81.91
81.89
81.88
81.86
81.88
81.89
81.87
81.86
81.83
81.86
81.86
81.87
81.89
81.88
81.89
81.89
81.90
81.91
81.93
81.93
81.94
81.96
82.00
82.02
82.02
82.01
81.98
81.99
82.00
82.01
82.00
81.99
81.96
81.98
81.99
81.98
81.96
81.96
81.95
81.93
81.92
81.94
81.93
81.94
81.94
81.94
81.94
81.94
81.93
81.91
81.91
81.92
81.93
81.94
81.94
81.93
81.95
81.93
81.92
81.91
81.94
81.94
81.92
81.93
81.91
81.92
81.91
81.92
81.90
81.91
81.92
81.89
81.87
81.88
81.88
81.89
81.90
81.89
81.87
81.87
81.89
81.88
81.88
81.90
81.89
81.91
81.89
81.90
81.88
81.89
81.90
81.90
81.90
81.88
81.88
81.89
81.90
81.91
81.92
81.92
81.91
81.91
81.92
81.91
81.91
81.92
81.91
81.92
81.88
81.88
81.89
81.89
81.89
81.89
81.88
81.86
81.86
81.86
81.87
81.87
81.87
81.88
81.89
81.88
81.87
81.86
81.87
81.84
81.84
81.84
81.85
81.85
81.83
81.83
81.83
81.82
81.83
81.82
81.82
81.80
81.80
81.82
81.83
81.82
81.82
81.83
81.83
81.82
81.82
81.81
81.81
81.80
81.78
81.79
81.80
81.79
81.81
81.82
81.82
81.81
81.81
81.80
81.79
81.79
81.77
81.77
81.77
81.77
81.79
81.79
81.79
81.79
81.76
81.78
81.78
81.78
81.78
81.78
81.79
81.81
81.82
81.83
81.84
81.85
81.83
81.82
81.83
81.84
81.84
81.83
81.86
81.87
81.88
81.89
81.88
81.88
81.88
81.88
81.87
81.88
81.88
81.88
81.89
81.86
81.88
81.88
81.87
81.88
81.88
81.88
81.89
81.88
81.88
81.89
81.89
81.90
81.90
81.89
81.91
81.90
81.91
81.91
81.92
81.91
81.92
81.94
81.94
81.94
81.93
81.91
81.92
81.93
81.94
81.94
81.95
81.95
81.96
81.95
81.94
81.95
81.93
81.94
81.95
81.96
81.97
81.98
81.98
81.97
81.97
81.96
81.96
81.95
81.94
81.94
81.93
81.92
81.93
81.94
81.92
81.92
81.92
81.93
81.93
81.94
81.94
81.94
81.94
81.93
81.93
81.93
81.93
81.91
81.91
81.92
81.91
81.91
81.90
81.89
81.88
81.88
81.88
81.89
81.89
81.89
81.90
81.91
81.90
81.90
81.90
81.90
81.91
81.91
81.91
81.92
81.93
81.94
81.94
81.95
81.93
81.94
81.94
81.93
81.93
81.95
81.95
81.95
81.96
81.95
81.94
81.96
81.97
81.97
81.98
81.98
81.99
82.00
82.01
82.02
82.02
82.02
82.02
82.03
82.03
82.01
82.02
82.03
82.04
82.03
82.03
82.04
82.05
82.05
82.04
82.03
82.03
82.04
82.03
82.03
82.03
82.03
82.02
82.01
82.01
82.01
82.00
82.00
82.01
82.01
82.02
82.02
82.03
82.03
82.03
82.02
82.02
82.00
82.01
82.02
82.03
82.01
82.01
82.00
82.00
82.01
82.01
82.01
82.00
82.01
82.02
82.02
82.01
82.01
82.00
82.00
82.02
82.03
82.04
82.03
82.03
82.02
82.00
81.99
82.00
82.00
82.00
82.01
82.01
82.02
82.03
82.03
82.04
82.04
82.02
82.02
82.03
82.03
82.03
82.03
82.02
82.02
82.01
82.02
82.02
82.01
82.01
82.00
82.00
81.99
82.00
82.00
81.99
81.99
81.99
82.00
82.00
82.01
82.00
82.00
81.99
82.00
82.00
82.00
82.01
82.00
82.00
82.00
82.00
82.00
82.00
82.01
82.01
82.00
82.01
82.02
82.02
82.02
82.02
82.02
82.01
82.01
82.02
82.02
82.03
82.01
82.01
81.99
81.99
82.00
82.00
81.99
82.00
82.00
81.99
82.00
81.98
81.97
81.98
81.98
81.99
81.97
81.97
81.97
81.98
81.98
81.96
81.96
81.96
81.96
81.96
81.96
81.96
81.95
81.95
81.95
81.94
81.94
81.93
81.93
81.93
81.93
81.93
81.93
81.93
81.94
81.94
81.94
81.94
81.94
81.94
81.93
81.94
81.93
81.95
81.96
81.97
81.90
