82.81
81.25
80.73
81.25
80.62
81.25
82.81
83.01
82.12
81.88
82.67
82.16
82.69
82.25
82.19
82.62
82.63
82.73
82.89
82.81
83.11
82.60
82.54
82.23
82.25
82.33
82.12
82.03
82.00
82.03
82.21
82.03
82.15
82.22
82.50
82.55
82.43
82.40
82.17
82.03
82.13
81.99
81.72
81.75
81.74
81.62
81.58
81.61
81.47
81.56
81.46
81.37
81.31
81.45
81.39
81.45
81.50
81.57
81.57
81.43
81.51
81.45
81.45
81.30
81.37
81.39
81.37
81.25
81.32
81.38
81.45
81.58
81.51
81.55
81.58
81.60
81.62
81.59
81.59
81.66
81.67
81.71
81.74
81.70
81.60
81.69
81.70
81.69
81.71
81.67
81.66
81.66
81.69
81.78
81.78
81.67
81.67
81.60
81.55
81.59
81.67
81.66
81.57
81.55
81.56
81.59
81.50
81.51
81.61
81.58
81.57
81.58
81.58
81.55
81.49
81.48
81.45
81.48
81.45
81.48
81.46
81.45
81.35
81.38
81.39
81.36
81.45
81.45
81.43
81.35
81.33
81.38
81.38
81.45
81.35
81.42
81.40
81.37
81.42
81.41
81.44
81.43
81.45
81.39
81.39
81.40
81.43
81.43
81.41
81.40
81.36
81.35
81.33
81.33
81.33
81.29
81.26
81.26
81.27
81.27
81.28
81.31
81.32
81.31
81.34
81.33
81.39
81.37
81.38
81.42
81.44
81.48
81.48
81.47
81.50
81.47
81.48
81.48
81.50
81.53
81.59
81.60
81.58
81.62
81.60
81.60
81.60
81.62
81.60
81.60
81.59
81.63
81.64
81.60
81.61
81.62
81.67
81.70
81.72
81.74
81.74
81.71
81.70
81.71
81.71
81.71
81.69
81.69
81.66
81.64
81.67
81.68
81.65
81.65
81.66
81.68
81.70
81.72
81.73
81.75
81.76
81.76
81.78
81.77
81.79
81.79
81.79
81.78
81.77
81.77
81.74
81.73
81.71
81.72
81.70
81.72
81.73
81.77
81.73
81.73
81.74
81.75
81.76
81.78
81.78
81.74
81.74
81.73
81.78
81.82
81.84
81.83
81.83
81.83
81.80
81.77
81.78
81.76
81.76
81.75
81.74
81.74
81.74
81.78
81.76
81.74
81.74
81.71
81.71
81.70
81.69
81.73
81.73
81.74
81.74
81.75
81.77
81.80
81.79
81.76
81.74
81.78
81.79
81.80
81.79
81.80
81.81
81.84
81.82
81.83
81.82
81.84
81.84
81.85
81.84
81.85
81.85
81.83
81.82
81.82
81.82
81.82
81.83
81.83
81.80
81.79
81.78
81.80
81.81
81.80
81.77
81.75
81.77
81.78
81.79
81.81
81.83
81.84
81.82
81.83
81.83
81.84
81.84
81.84
81.86
81.85
81.84
81.85
81.86
81.84
81.86
81.88
81.88
81.89
81.91
81.89
81.88
81.88
81.88
81.87
81.87
81.89
81.87
81.89
81.90
81.90
81.88
81.87
81.88
81.85
81.86
81.86
81.85
81.86
81.84
81.85
81.86
81.87
81.87
81.87
81.85
81.84
81.84
81.81
81.82
81.83
81.82
81.81
81.79
81.79
81.79
81.77
81.75
81.75
81.76
81.79
81.78
81.74
81.71
81.70
81.71
81.72
81.71
81.71
81.72
81.73
81.73
81.74
81.75
81.75
81.75
81.77
81.77
81.77
81.77
81.75
81.75
81.74
81.74
81.74
81.76
81.76
81.77
81.79
81.79
81.81
81.81
81.80
81.79
81.76
81.75
81.75
81.75
81.76
81.73
81.75
81.72
81.72
81.72
81.73
81.73
81.72
81.73
81.73
81.73
81.74
81.75
81.73
81.74
81.73
81.73
81.72
81.72
81.74
81.75
81.76
81.75
81.74
81.75
81.77
81.76
81.77
81.75
81.75
81.76
81.76
81.77
81.79
81.78
81.76
81.77
81.79
81.77
81.77
81.79
81.78
81.78
81.79
81.80
81.80
81.79
81.80
81.79
81.79
81.80
81.81
81.80
81.82
81.82
81.82
81.82
81.82
81.82
81.82
81.83
81.82
81.84
81.84
81.84
81.85
81.83
81.84
81.85
81.84
81.82
81.80
81.81
81.80
81.82
81.81
81.79
81.78
81.78
81.78
81.79
81.79
81.79
81.81
81.81
81.82
81.81
81.80
81.80
81.81
81.79
81.80
81.79
81.79
81.80
81.79
81.78
81.78
81.79
81.80
81.80
81.80
81.79
81.81
81.80
81.80
81.80
81.81
81.80
81.81
81.81
81.81
81.83
81.84
81.83
81.83
81.83
81.81
81.81
81.80
81.79
81.79
81.78
81.78
81.78
81.79
81.78
81.79
81.80
81.81
81.82
81.83
81.84
81.84
81.85
81.85
81.86
81.86
81.86
81.87
81.88
81.86
81.87
81.87
81.88
81.87
81.87
81.88
81.87
81.88
81.86
81.86
81.86
81.85
81.85
81.86
81.87
81.86
81.86
81.86
81.87
81.87
81.88
81.89
81.89
81.90
81.90
81.89
81.91
81.91
81.91
81.91
81.91
81.91
81.91
81.92
81.92
81.90
81.92
81.93
81.94
81.93
81.92
81.92
81.93
81.93
81.92
81.93
81.93
81.92
81.92
81.91
81.91
81.92
81.92
81.92
81.92
81.91
81.91
81.90
81.90
81.90
81.89
81.89
81.90
81.91
81.91
81.92
81.93
81.92
81.93
81.91
81.92
81.91
81.90
81.90
81.90
81.92
81.92
81.92
81.91
81.92
81.91
81.92
81.92
81.92
81.91
81.92
81.93
81.93
81.93
81.92
81.91
81.92
81.91
81.90
81.90
81.90
81.89
81.90
81.90
81.91
81.90
81.90
81.89
81.88
81.88
81.88
81.88
81.86
81.86
81.86
81.86
81.87
81.87
81.88
81.88
81.89
81.89
81.89
81.90
81.90
81.91
81.92
81.92
81.92
81.91
81.91
81.91
81.91
81.92
81.93
81.93
81.93
81.94
81.93
81.94
81.95
81.94
81.95
81.94
81.95
81.95
81.93
81.94
81.94
81.94
81.93
81.93
81.93
81.93
81.93
81.94
81.93
81.94
81.92
81.92
81.93
81.92
81.93
81.93
81.93
81.94
81.93
81.93
81.92
81.92
81.92
81.92
81.92
81.91
81.92
81.92
81.92
81.92
81.91
81.91
81.91
81.92
81.92
81.92
81.91
81.90
81.91
81.91
81.90
81.90
81.91
81.91
81.92
81.92
81.92
81.92
81.93
81.93
81.94
81.93
81.94
81.94
81.94
81.94
81.93
81.93
81.93
81.93
81.94
81.93
81.93
81.93
81.94
81.94
81.94
81.93
81.93
81.92
81.93
81.93
81.94
81.94
81.95
81.95
81.94
81.94
81.94
81.95
81.96
81.96
81.88
