85.94
83.59
82.29
83.98
83.12
83.07
82.81
83.20
83.16
83.28
83.24
82.68
82.33
82.37
82.19
82.32
82.63
82.12
82.65
82.66
82.89
82.53
82.34
82.16
82.12
82.33
82.35
82.48
82.44
82.29
82.21
82.32
82.29
82.08
82.10
82.07
81.88
81.99
81.81
81.64
81.71
81.85
81.90
81.92
81.91
81.90
81.85
81.87
82.08
82.06
82.20
82.12
82.02
82.03
81.99
81.98
81.94
81.98
81.94
82.01
82.10
81.96
81.87
81.81
81.78
81.82
81.74
81.62
81.61
81.70
81.73
81.68
81.74
81.82
81.90
82.01
81.88
81.85
81.88
81.86
81.77
81.71
81.70
81.58
81.65
81.70
81.72
81.76
81.85
81.94
82.01
82.05
82.11
82.11
82.09
82.05
81.97
81.97
81.94
81.97
82.05
82.06
82.10
82.14
82.19
82.18
82.26
82.26
82.28
82.22
82.24
82.11
82.15
82.17
82.13
82.07
82.06
82.10
82.17
82.11
82.10
82.06
82.08
82.02
82.01
82.01
81.91
81.99
82.01
82.02
82.01
81.96
81.97
81.98
81.99
81.97
81.90
81.92
81.95
81.89
81.82
81.82
81.82
81.83
81.84
81.81
81.80
81.80
81.77
81.73
81.76
81.79
81.77
81.77
81.76
81.77
81.79
81.80
81.83
81.83
81.80
81.81
81.80
81.78
81.74
81.77
81.76
81.80
81.84
81.84
81.87
81.82
81.81
81.81
81.80
81.81
81.80
81.83
81.83
81.81
81.82
81.82
81.83
81.88
81.87
81.85
81.78
81.77
81.72
81.71
81.72
81.73
81.72
81.71
81.71
81.70
81.71
81.70
81.69
81.69
81.67
81.68
81.67
81.68
81.71
81.70
81.70
81.75
81.72
81.73
81.68
81.71
81.68
81.66
81.64
81.62
81.62
81.63
81.64
81.64
81.65
81.64
81.67
81.66
81.62
81.65
81.66
81.65
81.64
81.59
81.62
81.62
81.65
81.66
81.66
81.65
81.62
81.62
81.63
81.67
81.70
81.73
81.73
81.74
81.76
81.79
81.80
81.82
81.80
81.83
81.85
81.82
81.82
81.83
81.83
81.84
81.84
81.76
81.77
81.81
81.82
81.84
81.82
81.81
81.80
81.79
81.81
81.84
81.83
81.82
81.80
81.78
81.81
81.80
81.81
81.82
81.84
81.83
81.88
81.88
81.87
81.83
81.85
81.84
81.86
81.82
81.83
81.85
81.82
81.84
81.86
81.87
81.85
81.83
81.85
81.86
81.86
81.87
81.88
81.88
81.88
81.88
81.89
81.90
81.92
81.91
81.92
81.92
81.90
81.92
81.92
81.95
81.93
81.93
81.92
81.91
81.91
81.92
81.92
81.93
81.92
81.93
81.94
81.94
81.97
81.97
81.97
81.98
81.97
81.96
81.96
81.97
81.96
81.95
81.92
81.91
81.92
81.92
81.92
81.89
81.85
81.85
81.84
81.86
81.87
81.87
81.89
81.87
81.86
81.84
81.85
81.87
81.86
81.82
81.80
81.80
81.83
81.83
81.83
81.83
81.84
81.86
81.86
81.84
81.83
81.82
81.80
81.81
81.79
81.79
81.79
81.80
81.81
81.78
81.78
81.79
81.81
81.81
81.81
81.82
81.80
81.77
81.76
81.77
81.77
81.78
81.77
81.77
81.74
81.73
81.71
81.70
81.70
81.69
81.69
81.68
81.68
81.67
81.69
81.65
81.67
81.66
81.65
81.66
81.67
81.67
81.65
81.63
81.62
81.61
81.63
81.64
81.64
81.65
81.65
81.65
81.65
81.66
81.68
81.69
81.71
81.69
81.70
81.71
81.67
81.68
81.69
81.68
81.68
81.69
81.70
81.71
81.71
81.71
81.70
81.71
81.70
81.70
81.69
81.70
81.71
81.72
81.72
81.72
81.73
81.72
81.73
81.73
81.73
81.73
81.73
81.73
81.72
81.73
81.74
81.74
81.75
81.75
81.76
81.77
81.78
81.77
81.77
81.77
81.77
81.76
81.78
81.76
81.79
81.79
81.79
81.79
81.79
81.78
81.78
81.77
81.77
81.78
81.78
81.79
81.81
81.80
81.81
81.82
81.82
81.83
81.85
81.86
81.85
81.85
81.85
81.86
81.86
81.87
81.87
81.86
81.85
81.85
81.83
81.84
81.84
81.85
81.85
81.86
81.87
81.88
81.89
81.89
81.89
81.89
81.89
81.88
81.89
81.89
81.90
81.91
81.91
81.90
81.89
81.88
81.88
81.88
81.90
81.91
81.92
81.92
81.92
81.92
81.91
81.92
81.92
81.92
81.92
81.93
81.95
81.92
81.93
81.92
81.93
81.91
81.90
81.90
81.90
81.91
81.90
81.90
81.89
81.88
81.89
81.91
81.92
81.92
81.92
81.91
81.93
81.92
81.92
81.92
81.92
81.92
81.91
81.90
81.90
81.91
81.92
81.92
81.93
81.93
81.94
81.94
81.94
81.95
81.94
81.94
81.92
81.92
81.92
81.91
81.92
81.93
81.93
81.94
81.94
81.94
81.94
81.95
81.94
81.94
81.93
81.93
81.92
81.91
81.90
81.89
81.91
81.92
81.93
81.92
81.91
81.91
81.90
81.90
81.90
81.91
81.90
81.89
81.90
81.89
81.89
81.89
81.90
81.91
81.90
81.90
81.91
81.90
81.90
81.91
81.91
81.89
81.89
81.89
81.90
81.91
81.91
81.91
81.92
81.91
81.91
81.92
81.91
81.91
81.92
81.91
81.92
81.92
81.92
81.92
81.91
81.91
81.92
81.91
81.92
81.93
81.93
81.93
81.92
81.92
81.91
81.92
81.92
81.92
81.92
81.91
81.91
81.91
81.91
81.91
81.92
81.90
81.89
81.89
81.91
81.92
81.91
81.92
81.93
81.94
81.94
81.93
81.94
81.93
81.95
81.96
81.96
81.95
81.95
81.96
81.96
81.96
81.95
81.94
81.92
81.92
81.92
81.92
81.92
81.92
81.91
81.92
81.91
81.91
81.90
81.90
81.90
81.90
81.90
81.89
81.88
81.88
81.89
81.91
81.91
81.91
81.91
81.90
81.91
81.92
81.92
81.92
81.92
81.91
81.91
81.89
81.89
81.90
81.89
81.89
81.89
81.89
81.89
81.91
81.90
81.91
81.90
81.90
81.90
81.90
81.91
81.91
81.91
81.91
81.92
81.92
81.93
81.93
81.92
81.93
81.93
81.94
81.94
81.95
81.94
81.94
81.95
81.96
81.96
81.96
81.97
81.96
81.96
81.97
81.98
81.98
81.98
81.99
81.99
81.98
81.98
81.98
81.99
81.99
81.99
82.00
81.99
81.99
81.99
81.98
81.98
81.98
81.97
81.97
81.98
81.98
81.98
81.98
81.99
81.99
81.98
81.97
81.97
81.90
