79.69
82.03
80.73
82.03
82.19
82.03
82.37
82.42
81.77
81.88
82.10
82.16
82.45
82.59
81.77
81.45
81.99
82.29
82.57
82.50
82.37
82.39
82.20
82.29
82.25
82.15
82.06
82.37
82.44
82.24
82.01
81.79
81.96
81.99
82.05
82.25
82.22
82.11
82.17
82.11
81.97
81.99
81.90
81.85
81.88
81.93
81.78
81.77
81.76
81.81
81.68
81.76
81.78
81.80
81.82
81.72
81.80
81.73
81.75
81.74
81.81
81.78
81.82
81.76
81.85
81.94
81.88
81.94
81.82
81.81
81.84
81.88
81.96
82.09
82.12
82.22
82.28
82.23
82.24
82.23
82.06
82.11
82.13
82.20
82.13
82.18
82.26
82.14
82.11
82.12
82.04
82.03
81.99
81.91
81.92
81.88
81.88
81.95
81.96
82.00
81.93
81.92
81.95
81.97
82.02
82.05
82.05
82.09
82.14
82.16
82.22
82.25
82.27
82.22
82.19
82.19
82.16
82.12
82.09
82.12
82.09
82.11
82.05
82.03
82.04
82.01
81.99
81.99
81.94
81.91
81.91
81.92
81.97
81.96
82.04
82.02
82.00
82.07
82.12
82.05
82.08
82.08
82.03
82.03
82.03
81.98
81.96
81.96
81.99
81.98
81.98
82.00
82.05
82.05
82.04
82.01
82.06
82.08
82.14
82.10
82.10
82.11
82.08
82.12
82.08
82.06
82.10
82.07
82.09
82.08
82.04
82.09
82.10
82.11
82.18
82.16
82.17
82.17
82.19
82.19
82.18
82.14
82.18
82.20
82.21
82.27
82.29
82.26
82.24
82.25
82.24
82.26
82.26
82.30
82.32
82.31
82.27
82.29
82.27
82.27
82.28
82.27
82.29
82.32
82.34
82.34
82.35
82.37
82.35
82.33
82.33
82.34
82.38
82.40
82.40
82.40
82.37
82.40
82.39
82.40
82.40
82.42
82.40
82.37
82.38
82.36
82.33
82.32
82.31
82.29
82.30
82.31
82.34
82.33
82.33
82.32
82.30
82.33
82.34
82.33
82.34
82.35
82.35
82.35
82.34
82.30
82.29
82.31
82.30
82.32
82.32
82.35
82.34
82.33
82.32
82.32
82.36
82.36
82.37
82.37
82.35
82.34
82.36
82.33
82.33
82.31
82.32
82.33
82.37
82.36
82.36
82.34
82.32
82.29
82.31
82.30
82.28
82.26
82.25
82.25
82.26
82.25
82.23
82.23
82.22
82.23
82.21
82.22
82.19
82.21
82.22
82.23
82.26
82.27
82.27
82.26
82.28
82.29
82.27
82.29
82.31
82.34
82.35
82.33
82.32
82.33
82.35
82.38
82.36
82.35
82.36
82.33
82.34
82.37
82.40
82.40
82.39
82.38
82.39
82.36
82.34
82.36
82.36
82.35
82.34
82.35
82.33
82.34
82.33
82.33
82.32
82.32
82.30
82.28
82.27
82.25
82.25
82.25
82.26
82.27
82.28
82.27
82.27
82.27
82.27
82.27
82.26
82.28
82.31
82.32
82.34
82.35
82.33
82.31
82.29
82.29
82.28
82.27
82.25
82.27
82.29
82.27
82.27
82.25
82.26
82.26
82.25
82.26
82.27
82.25
82.25
82.26
82.24
82.25
82.26
82.26
82.26
82.27
82.25
82.27
82.29
82.31
82.33
82.33
82.32
82.33
82.34
82.33
82.32
82.30
82.28
82.28
82.28
82.28
82.25
82.25
82.25
82.26
82.26
82.26
82.26
82.27
82.28
82.29
82.29
82.30
82.30
82.29
82.30
82.27
82.28
82.27
82.28
82.29
82.29
82.29
82.29
82.27
82.30
82.29
82.28
82.26
82.27
82.27
82.28
82.27
82.27
82.27
82.26
82.25
82.24
82.25
82.25
82.26
82.26
82.26
82.26
82.26
82.28
82.26
82.27
82.28
82.29
82.28
82.28
82.27
82.28
82.28
82.28
82.27
82.27
82.29
82.29
82.27
82.26
82.25
82.27
82.28
82.30
82.28
82.29
82.30
82.30
82.29
82.30
82.28
82.28
82.28
82.28
82.27
82.28
82.29
82.28
82.27
82.25
82.26
82.24
82.23
82.24
82.24
82.24
82.23
82.22
82.22
82.21
82.21
82.21
82.22
82.22
82.23
82.22
82.21
82.22
82.22
82.22
82.20
82.22
82.22
82.22
82.23
82.23
82.24
82.23
82.24
82.24
82.23
82.25
82.23
82.22
82.22
82.22
82.20
82.18
82.17
82.15
82.15
82.15
82.15
82.16
82.16
82.15
82.14
82.15
82.17
82.15
82.16
82.15
82.16
82.16
82.14
82.14
82.13
82.13
82.14
82.14
82.15
82.15
82.14
82.13
82.13
82.13
82.14
82.13
82.13
82.12
82.12
82.11
82.12
82.12
82.12
82.12
82.12
82.11
82.11
82.13
82.12
82.12
82.12
82.14
82.15
82.16
82.14
82.14
82.15
82.15
82.16
82.16
82.17
82.17
82.19
82.18
82.18
82.17
82.18
82.17
82.15
82.16
82.14
82.14
82.15
82.15
82.15
82.15
82.15
82.15
82.15
82.14
82.15
82.15
82.15
82.15
82.15
82.14
82.14
82.13
82.14
82.15
82.15
82.16
82.15
82.14
82.14
82.14
82.15
82.14
82.15
82.15
82.15
82.16
82.17
82.17
82.16
82.16
82.15
82.14
82.13
82.14
82.13
82.13
82.12
82.11
82.12
82.11
82.10
82.10
82.08
82.07
82.08
82.09
82.08
82.09
82.09
82.09
82.09
82.09
82.10
82.09
82.10
82.10
82.09
82.08
82.09
82.08
82.07
82.07
82.07
82.07
82.08
82.08
82.08
82.08
82.07
82.08
82.07
82.07
82.07
82.07
82.06
82.07
82.05
82.06
82.05
82.03
82.04
82.04
82.05
82.04
82.04
82.03
82.03
82.03
82.04
82.03
82.03
82.04
82.04
82.04
82.04
82.02
82.02
82.02
82.02
82.03
82.03
82.03
82.02
82.01
82.02
82.00
82.00
82.00
82.00
82.01
82.00
82.00
82.00
82.01
82.01
82.00
82.00
81.99
81.99
81.99
81.99
81.99
82.00
82.01
82.01
82.01
82.02
82.01
82.02
82.01
82.00
82.00
81.99
82.00
81.99
81.99
81.98
81.99
81.99
82.00
82.00
82.00
82.01
82.00
81.99
81.99
81.99
81.99
82.00
81.99
81.99
81.98
81.97
81.96
81.95
81.95
81.96
81.96
81.96
81.95
81.96
81.95
81.94
81.94
81.93
81.93
81.94
81.95
81.95
81.96
81.96
81.98
81.99
81.99
81.98
81.99
82.00
82.00
82.00
81.99
81.98
81.99
82.00
81.99
81.99
81.99
81.97
81.98
81.98
81.99
81.98
81.98
81.99
81.99
81.99
82.00
81.99
81.98
81.90
