87.50
82.03
81.77
83.20
84.06
83.33
82.81
82.42
82.99
82.66
82.53
82.16
82.21
82.25
82.08
82.32
82.72
82.38
82.24
82.42
82.74
82.95
82.74
82.55
82.50
82.15
82.12
82.31
82.65
82.45
82.81
82.57
82.67
82.72
82.68
82.55
82.60
82.61
82.69
82.85
82.66
82.78
82.63
82.56
82.43
82.54
82.61
82.62
82.59
82.59
82.54
82.60
82.67
82.55
82.56
82.42
82.46
82.49
82.60
82.63
82.53
82.64
82.66
82.76
82.86
82.91
82.95
83.00
82.99
82.99
83.01
83.07
83.15
83.13
83.25
83.18
83.24
83.29
83.23
83.24
83.22
83.12
83.09
83.13
83.18
83.10
83.06
83.10
83.15
83.18
83.17
83.24
83.13
83.19
83.06
83.11
83.07
83.07
83.13
83.09
83.14
83.06
83.10
83.13
83.15
83.12
83.09
83.09
83.01
83.07
83.07
82.98
82.88
82.87
82.95
82.95
82.97
82.96
82.98
82.97
82.97
83.00
83.02
83.00
82.95
82.95
82.95
82.93
82.92
82.96
82.96
82.93
82.88
82.84
82.85
82.80
82.79
82.77
82.79
82.83
82.85
82.85
82.81
82.83
82.84
82.82
82.86
82.83
82.83
82.83
82.83
82.80
82.82
82.76
82.73
82.70
82.69
82.69
82.71
82.67
82.66
82.66
82.67
82.60
82.58
82.55
82.50
82.44
82.44
82.44
82.44
82.43
82.46
82.46
82.50
82.49
82.46
82.47
82.45
82.43
82.46
82.49
82.51
82.49
82.52
82.50
82.51
82.53
82.56
82.56
82.52
82.52
82.51
82.52
82.51
82.49
82.50
82.53
82.57
82.59
82.56
82.59
82.58
82.61
82.62
82.60
82.59
82.55
82.54
82.53
82.53
82.57
82.59
82.58
82.56
82.52
82.51
82.50
82.48
82.43
82.40
82.39
82.38
82.39
82.40
82.39
82.43
82.45
82.43
82.40
82.38
82.35
82.36
82.38
82.39
82.39
82.38
82.37
82.37
82.38
82.36
82.35
82.37
82.37
82.37
82.36
82.36
82.37
82.37
82.34
82.31
82.33
82.30
82.33
82.31
82.31
82.32
82.34
82.35
82.34
82.35
82.37
82.36
82.38
82.40
82.37
82.38
82.35
82.38
82.37
82.36
82.36
82.35
82.33
82.33
82.34
82.30
82.31
82.31
82.32
82.28
82.29
82.26
82.27
82.24
82.22
82.20
82.23
82.22
82.25
82.24
82.25
82.24
82.24
82.26
82.26
82.23
82.20
82.22
82.21
82.19
82.20
82.19
82.18
82.17
82.15
82.13
82.13
82.12
82.14
82.15
82.11
82.10
82.10
82.11
82.14
82.14
82.15
82.14
82.15
82.15
82.17
82.18
82.19
82.20
82.22
82.20
82.18
82.17
82.18
82.18
82.20
82.21
82.20
82.22
82.20
82.20
82.20
82.19
82.20
82.20
82.20
82.18
82.18
82.18
82.17
82.16
82.14
82.15
82.13
82.13
82.12
82.12
82.12
82.12
82.13
82.15
82.16
82.15
82.14
82.13
82.13
82.14
82.14
82.14
82.16
82.16
82.15
82.13
82.14
82.14
82.12
82.11
82.14
82.15
82.15
82.18
82.16
82.15
82.15
82.16
82.16
82.17
82.18
82.16
82.16
82.17
82.19
82.19
82.18
82.16
82.18
82.16
82.17
82.18
82.19
82.19
82.19
82.20
82.19
82.16
82.16
82.16
82.14
82.16
82.17
82.17
82.16
82.16
82.14
82.15
82.16
82.17
82.16
82.13
82.14
82.15
82.15
82.13
82.12
82.13
82.14
82.13
82.13
82.14
82.13
82.12
82.12
82.12
82.12
82.12
82.09
82.11
82.11
82.10
82.11
82.12
82.12
82.11
82.10
82.09
82.08
82.07
82.08
82.08
82.07
82.08
82.07
82.07
82.07
82.07
82.07
82.08
82.09
82.07
82.04
82.03
82.02
82.03
82.04
82.04
82.05
82.04
82.04
82.03
82.02
82.02
82.01
82.02
82.02
82.02
82.04
82.05
82.05
82.04
82.02
82.02
82.02
82.04
82.02
82.03
82.03
82.02
82.02
82.02
82.00
81.99
82.00
81.99
81.99
81.99
82.00
82.01
82.03
82.03
82.02
82.02
82.02
82.00
82.02
82.02
82.00
82.00
82.00
82.00
82.01
82.00
82.00
82.00
82.00
82.00
81.99
82.01
82.00
82.00
81.99
81.98
81.99
82.00
82.02
82.01
82.01
82.01
82.01
82.01
82.03
82.01
82.01
82.01
82.02
82.02
82.02
82.01
82.03
82.03
82.02
82.04
82.04
82.03
82.01
82.02
82.01
82.02
82.02
82.01
82.01
82.02
82.01
82.02
82.03
82.04
82.05
82.03
82.03
82.04
82.05
82.05
82.05
82.06
82.07
82.07
82.07
82.08
82.08
82.08
82.08
82.09
82.11
82.12
82.12
82.13
82.14
82.14
82.14
82.13
82.11
82.11
82.10
82.10
82.10
82.09
82.08
82.08
82.07
82.09
82.09
82.09
82.11
82.12
82.12
82.13
82.13
82.12
82.12
82.11
82.12
82.11
82.12
82.12
82.13
82.12
82.11
82.12
82.12
82.12
82.11
82.10
82.09
82.10
82.10
82.10
82.10
82.10
82.10
82.09
82.08
82.08
82.08
82.08
82.09
82.08
82.08
82.08
82.08
82.08
82.08
82.08
82.08
82.09
82.08
82.08
82.07
82.06
82.06
82.05
82.05
82.08
82.07
82.06
82.07
82.06
82.07
82.07
82.07
82.07
82.07
82.07
82.06
82.07
82.08
82.07
82.07
82.07
82.07
82.07
82.07
82.08
82.08
82.08
82.08
82.08
82.08
82.07
82.07
82.07
82.07
82.07
82.08
82.08
82.09
82.09
82.09
82.10
82.11
82.12
82.11
82.11
82.11
82.09
82.10
82.10
82.10
82.10
82.11
82.12
82.12
82.12
82.12
82.11
82.11
82.11
82.11
82.11
82.10
82.10
82.11
82.10
82.10
82.07
82.07
82.08
82.06
82.06
82.06
82.07
82.07
82.06
82.06
82.07
82.07
82.07
82.06
82.06
82.08
82.08
82.09
82.08
82.09
82.08
82.09
82.09
82.09
82.09
82.08
82.08
82.09
82.09
82.09
82.10
82.09
82.10
82.10
82.10
82.10
82.10
82.09
82.08
82.07
82.07
82.07
82.07
82.08
82.09
82.10
82.10
82.10
82.08
82.09
82.08
82.06
82.06
82.05
82.04
82.04
82.03
82.03
82.03
82.02
82.00
82.00
82.00
82.00
82.00
82.00
82.00
82.00
82.00
81.98
81.99
81.98
81.99
81.99
81.99
81.99
81.99
81.98
81.98
81.97
81.98
81.98
81.98
81.90
