82.81
85.94
84.90
81.64
81.56
81.77
81.25
82.23
82.29
82.19
82.10
81.90
82.21
81.92
81.77
82.23
82.08
82.03
82.40
81.95
82.29
82.74
82.95
83.14
83.12
83.17
82.99
83.09
83.08
83.12
82.86
82.76
82.58
82.67
82.50
82.64
82.73
82.61
82.65
82.73
82.77
82.66
82.81
82.92
82.85
82.74
82.85
82.81
82.97
83.00
83.09
82.87
82.78
82.64
82.64
82.53
82.54
82.62
82.63
82.63
82.79
82.71
82.69
82.76
82.69
82.77
82.70
82.67
82.61
82.57
82.59
82.60
82.62
82.62
82.67
82.69
82.71
82.77
82.79
82.85
82.81
82.77
82.76
82.85
82.92
82.92
82.88
82.95
82.95
82.97
83.00
82.98
82.93
82.88
82.86
82.86
82.88
82.91
82.86
82.86
82.81
82.78
82.83
82.75
82.78
82.80
82.89
82.84
82.74
82.73
82.71
82.70
82.76
82.76
82.76
82.72
82.72
82.73
82.80
82.83
82.80
82.74
82.69
82.70
82.64
82.60
82.59
82.58
82.53
82.52
82.53
82.49
82.47
82.43
82.37
82.36
82.37
82.36
82.37
82.38
82.37
82.42
82.42
82.47
82.46
82.45
82.43
82.45
82.45
82.48
82.46
82.44
82.42
82.43
82.43
82.42
82.43
82.44
82.48
82.51
82.55
82.58
82.61
82.65
82.62
82.65
82.63
82.64
82.64
82.59
82.58
82.56
82.57
82.57
82.58
82.59
82.62
82.60
82.61
82.61
82.61
82.61
82.63
82.63
82.63
82.59
82.60
82.60
82.59
82.56
82.53
82.54
82.54
82.55
82.57
82.54
82.60
82.60
82.60
82.61
82.59
82.56
82.57
82.51
82.50
82.52
82.49
82.47
82.45
82.47
82.49
82.49
82.53
82.54
82.52
82.53
82.52
82.51
82.51
82.49
82.51
82.52
82.49
82.48
82.47
82.47
82.48
82.47
82.49
82.49
82.47
82.46
82.48
82.47
82.48
82.45
82.44
82.47
82.48
82.45
82.46
82.43
82.45
82.43
82.43
82.42
82.39
82.36
82.36
82.36
82.35
82.35
82.34
82.35
82.35
82.35
82.34
82.34
82.32
82.33
82.33
82.35
82.37
82.36
82.33
82.31
82.34
82.36
82.35
82.37
82.37
82.35
82.33
82.36
82.36
82.33
82.26
82.28
82.30
82.31
82.34
82.31
82.30
82.32
82.30
82.29
82.27
82.26
82.26
82.23
82.23
82.22
82.24
82.25
82.26
82.25
82.25
82.24
82.25
82.25
82.25
82.25
82.28
82.27
82.25
82.28
82.30
82.28
82.28
82.27
82.27
82.24
82.24
82.25
82.24
82.25
82.25
82.25
82.27
82.28
82.28
82.27
82.29
82.29
82.28
82.28
82.29
82.27
82.28
82.27
82.29
82.29
82.28
82.27
82.25
82.25
82.27
82.26
82.25
82.27
82.25
82.25
82.24
82.25
82.26
82.25
82.24
82.24
82.24
82.25
82.24
82.24
82.23
82.23
82.24
82.25
82.26
82.24
82.26
82.26
82.27
82.27
82.25
82.25
82.27
82.29
82.28
82.28
82.30
82.28
82.28
82.28
82.27
82.27
82.26
82.26
82.26
82.25
82.24
82.25
82.26
82.27
82.27
82.28
82.28
82.30
82.30
82.31
82.29
82.29
82.28
82.27
82.28
82.27
82.26
82.27
82.27
82.27
82.28
82.29
82.31
82.31
82.31
82.30
82.30
82.30
82.29
82.31
82.30
82.28
82.28
82.29
82.29
82.28
82.29
82.28
82.28
82.28
82.29
82.30
82.30
82.30
82.30
82.29
82.29
82.28
82.28
82.26
82.27
82.25
82.24
82.24
82.24
82.23
82.24
82.22
82.22
82.22
82.23
82.23
82.20
82.21
82.18
82.16
82.17
82.17
82.17
82.16
82.17
82.17
82.19
82.18
82.20
82.20
82.18
82.19
82.20
82.17
82.17
82.16
82.18
82.16
82.15
82.16
82.17
82.17
82.16
82.15
82.16
82.15
82.15
82.14
82.14
82.13
82.13
82.14
82.13
82.15
82.15
82.14
82.13
82.12
82.11
82.11
82.12
82.11
82.11
82.11
82.10
82.10
82.10
82.11
82.10
82.09
82.09
82.09
82.08
82.09
82.10
82.08
82.08
82.08
82.08
82.10
82.09
82.11
82.11
82.09
82.09
82.08
82.08
82.07
82.07
82.07
82.07
82.08
82.09
82.09
82.10
82.10
82.10
82.10
82.12
82.11
82.10
82.09
82.09
82.09
82.08
82.09
82.10
82.08
82.08
82.09
82.09
82.10
82.08
82.08
82.08
82.07
82.08
82.07
82.05
82.05
82.05
82.05
82.05
82.05
82.04
82.03
82.03
82.04
82.05
82.06
82.04
82.04
82.05
82.05
82.05
82.06
82.07
82.07
82.07
82.07
82.08
82.08
82.08
82.10
82.08
82.10
82.11
82.11
82.12
82.12
82.12
82.11
82.12
82.12
82.10
82.12
82.10
82.11
82.11
82.11
82.10
82.10
82.10
82.10
82.12
82.11
82.11
82.11
82.10
82.10
82.10
82.11
82.12
82.13
82.11
82.10
82.10
82.10
82.12
82.12
82.12
82.11
82.11
82.11
82.11
82.12
82.12
82.13
82.14
82.14
82.13
82.12
82.12
82.11
82.12
82.10
82.11
82.11
82.12
82.13
82.13
82.14
82.12
82.11
82.10
82.11
82.11
82.12
82.11
82.11
82.11
82.11
82.10
82.11
82.10
82.09
82.08
82.08
82.08
82.08
82.08
82.08
82.08
82.08
82.08
82.08
82.09
82.10
82.10
82.11
82.10
82.11
82.10
82.10
82.11
82.10
82.11
82.11
82.11
82.12
82.12
82.13
82.12
82.13
82.10
82.10
82.10
82.11
82.12
82.12
82.12
82.12
82.13
82.13
82.13
82.13
82.12
82.13
82.14
82.13
82.13
82.12
82.12
82.12
82.12
82.12
82.11
82.10
82.10
82.10
82.11
82.11
82.10
82.11
82.09
82.08
82.07
82.08
82.09
82.10
82.11
82.10
82.10
82.10
82.11
82.10
82.10
82.08
82.07
82.08
82.07
82.06
82.05
82.06
82.05
82.05
82.05
82.04
82.05
82.03
82.03
82.04
82.03
82.02
82.01
82.01
82.01
82.00
82.00
82.01
82.00
82.00
82.00
82.01
82.00
82.00
82.00
81.99
81.99
81.99
82.00
82.00
82.00
82.01
82.02
82.02
82.02
82.02
82.01
82.01
82.01
82.01
82.01
82.00
82.01
82.02
82.01
82.01
82.01
82.00
82.01
82.02
82.02
82.02
82.02
82.02
82.01
82.02
82.02
82.02
82.00
82.00
82.00
82.00
81.99
81.99
81.98
81.90
