76.56
76.56
79.69
81.64
81.56
82.03
81.03
81.64
80.90
80.62
80.40
79.56
80.41
80.80
81.04
81.05
81.25
80.64
81.09
81.02
80.88
81.04
81.32
81.12
81.06
81.37
81.42
81.36
81.52
81.20
81.15
80.96
80.82
80.88
81.12
81.16
81.17
81.17
81.29
81.37
81.59
81.40
81.54
81.61
81.81
82.03
81.91
81.97
82.08
82.19
82.17
82.06
82.02
82.12
82.05
82.11
82.02
82.09
82.12
82.16
82.10
82.16
82.12
82.03
82.07
82.01
82.04
82.15
82.18
82.19
82.20
82.25
82.19
82.24
82.19
82.15
82.18
82.15
82.20
82.23
82.29
82.28
82.19
82.22
82.17
82.19
82.24
82.21
82.15
82.12
82.16
82.08
82.07
82.15
82.19
82.21
82.22
82.14
82.05
82.14
82.02
82.05
81.98
82.02
81.98
82.02
82.07
81.96
81.92
81.90
81.83
81.86
81.93
81.87
81.88
81.90
81.94
81.94
81.99
81.97
81.99
81.95
81.97
81.98
81.99
82.02
82.00
82.09
82.11
82.16
82.18
82.21
82.24
82.26
82.31
82.34
82.33
82.29
82.30
82.31
82.27
82.30
82.30
82.31
82.25
82.26
82.29
82.26
82.30
82.31
82.37
82.32
82.36
82.35
82.29
82.32
82.32
82.32
82.26
82.30
82.31
82.29
82.30
82.31
82.30
82.31
82.30
82.27
82.25
82.27
82.30
82.31
82.32
82.34
82.37
82.37
82.34
82.31
82.32
82.34
82.33
82.33
82.33
82.29
82.27
82.26
82.30
82.32
82.32
82.30
82.28
82.29
82.24
82.22
82.24
82.20
82.21
82.21
82.21
82.25
82.22
82.24
82.26
82.26
82.29
82.29
82.25
82.25
82.27
82.24
82.25
82.26
82.28
82.28
82.27
82.23
82.21
82.19
82.18
82.18
82.21
82.24
82.22
82.21
82.19
82.22
82.22
82.24
82.19
82.19
82.18
82.23
82.17
82.17
82.18
82.18
82.17
82.19
82.15
82.15
82.13
82.11
82.12
82.13
82.12
82.14
82.12
82.13
82.10
82.08
82.08
82.06
82.07
82.04
82.03
82.02
82.02
82.05
82.05
82.07
82.05
82.07
82.04
82.05
82.02
81.98
81.96
81.97
81.97
81.97
81.98
81.97
82.01
82.00
81.99
81.99
81.96
81.95
81.98
81.96
81.95
81.95
81.97
81.97
81.97
82.00
82.01
82.02
82.03
82.01
82.03
82.04
82.03
82.05
82.03
81.99
81.97
81.94
81.91
81.90
81.89
81.90
81.92
81.93
81.95
81.93
81.94
81.93
81.94
81.97
81.96
81.97
81.97
81.98
81.96
81.95
81.96
81.95
81.95
81.98
81.98
81.95
81.91
81.90
81.87
81.87
81.88
81.85
81.82
81.82
81.81
81.79
81.82
81.83
81.86
81.86
81.86
81.85
81.83
81.82
81.82
81.83
81.83
81.85
81.83
81.86
81.86
81.89
81.90
81.90
81.90
81.91
81.91
81.90
81.92
81.90
81.88
81.87
81.88
81.87
81.87
81.85
81.84
81.85
81.85
81.86
81.86
81.85
81.85
81.85
81.82
81.83
81.82
81.83
81.82
81.83
81.83
81.85
81.86
81.86
81.87
81.88
81.90
81.90
81.89
81.87
81.86
81.84
81.83
81.83
81.85
81.85
81.86
81.86
81.86
81.86
81.86
81.88
81.87
81.89
81.87
81.87
81.89
81.88
81.87
81.88
81.89
81.88
81.87
81.85
81.85
81.85
81.86
81.86
81.86
81.85
81.86
81.84
81.83
81.85
81.86
81.87
81.85
81.86
81.87
81.88
81.88
81.90
81.90
81.92
81.93
81.93
81.92
81.90
81.89
81.89
81.87
81.88
81.88
81.90
81.91
81.90
81.90
81.90
81.90
81.90
81.90
81.91
81.90
81.90
81.90
81.91
81.92
81.92
81.94
81.93
81.95
81.97
81.96
81.95
81.94
81.94
81.95
81.95
81.95
81.96
81.96
81.96
81.97
81.95
81.97
81.97
81.96
81.95
81.95
81.95
81.97
81.98
81.98
81.99
81.99
81.99
81.99
82.00
81.99
82.00
82.01
82.01
82.03
82.03
82.02
82.00
82.00
82.00
82.01
82.02
82.00
82.00
82.02
82.02
82.02
82.03
82.02
82.03
82.04
82.04
82.04
82.04
82.03
82.04
82.02
82.02
82.04
82.06
82.06
82.06
82.06
82.08
82.08
82.08
82.08
82.10
82.10
82.09
82.10
82.10
82.09
82.09
82.09
82.08
82.09
82.09
82.09
82.09
82.09
82.09
82.09
82.10
82.11
82.11
82.12
82.12
82.12
82.13
82.12
82.12
82.13
82.13
82.13
82.12
82.13
82.14
82.14
82.15
82.16
82.16
82.15
82.16
82.16
82.15
82.15
82.16
82.17
82.16
82.16
82.17
82.16
82.14
82.14
82.14
82.15
82.14
82.13
82.14
82.14
82.14
82.14
82.13
82.14
82.14
82.14
82.15
82.15
82.15
82.15
82.14
82.15
82.15
82.14
82.15
82.15
82.16
82.17
82.17
82.16
82.14
82.15
82.14
82.14
82.15
82.15
82.15
82.15
82.15
82.17
82.17
82.17
82.18
82.17
82.17
82.18
82.16
82.15
82.15
82.15
82.15
82.16
82.16
82.16
82.14
82.14
82.13
82.14
82.14
82.14
82.14
82.14
82.14
82.14
82.14
82.14
82.15
82.13
82.14
82.14
82.13
82.12
82.12
82.12
82.11
82.10
82.11
82.11
82.11
82.10
82.10
82.12
82.10
82.10
82.11
82.10
82.10
82.09
82.09
82.09
82.08
82.08
82.08
82.08
82.08
82.09
82.08
82.08
82.07
82.06
82.07
82.07
82.06
82.06
82.07
82.08
82.08
82.07
82.07
82.07
82.06
82.05
82.05
82.05
82.05
82.06
82.06
82.07
82.05
82.05
82.04
82.05
82.06
82.06
82.05
82.05
82.06
82.06
82.05
82.04
82.04
82.04
82.05
82.04
82.05
82.05
82.06
82.07
82.07
82.07
82.08
82.09
82.06
82.07
82.07
82.08
82.08
82.08
82.08
82.07
82.06
82.07
82.06
82.07
82.07
82.07
82.07
82.05
82.05
82.05
82.04
82.02
82.02
82.02
82.02
82.02
82.03
82.03
82.03
82.04
82.04
82.03
82.03
82.03
82.03
82.03
82.04
82.05
82.04
82.04
82.03
82.04
82.04
82.03
82.04
82.04
82.04
82.03
82.03
82.04
82.02
82.02
82.01
82.01
82.01
82.02
82.02
82.01
82.00
81.99
81.99
82.00
82.00
81.99
81.99
81.99
81.98
81.98
81.99
81.99
81.99
81.98
81.98
81.98
81.98
81.98
81.90
