84.38
85.16
85.42
84.38
83.12
82.55
81.25
82.03
81.77
82.50
82.95
82.94
83.05
83.15
83.12
83.01
83.00
83.25
83.31
83.20
83.33
83.38
83.29
83.20
83.19
83.23
83.39
83.26
83.14
82.86
82.71
82.86
82.81
82.81
82.72
82.77
82.90
82.77
82.93
82.93
82.96
82.81
82.56
82.42
82.50
82.30
82.35
82.23
82.33
82.31
82.32
82.42
82.40
82.35
82.27
82.17
82.18
82.11
82.26
82.34
82.38
82.46
82.47
82.47
82.40
82.34
82.32
82.35
82.50
82.57
82.64
82.51
82.43
82.47
82.58
82.61
82.63
82.65
82.63
82.48
82.50
82.51
82.59
82.66
82.78
82.70
82.72
82.76
82.72
82.73
82.78
82.78
82.71
82.75
82.75
82.70
82.72
82.68
82.70
82.72
82.77
82.80
82.77
82.71
82.68
82.58
82.64
82.68
82.64
82.60
82.59
82.65
82.59
82.59
82.58
82.58
82.51
82.44
82.37
82.38
82.37
82.40
82.33
82.36
82.34
82.37
82.41
82.39
82.42
82.48
82.43
82.34
82.42
82.46
82.45
82.48
82.50
82.50
82.54
82.56
82.58
82.53
82.51
82.51
82.51
82.49
82.48
82.52
82.53
82.51
82.47
82.47
82.46
82.48
82.51
82.51
82.56
82.56
82.55
82.55
82.52
82.53
82.51
82.53
82.52
82.55
82.54
82.48
82.44
82.45
82.46
82.48
82.50
82.47
82.45
82.42
82.42
82.41
82.40
82.43
82.45
82.46
82.48
82.42
82.41
82.38
82.34
82.34
82.34
82.32
82.33
82.33
82.33
82.31
82.32
82.28
82.29
82.26
82.28
82.29
82.31
82.33
82.37
82.41
82.42
82.40
82.37
82.35
82.34
82.35
82.31
82.33
82.34
82.35
82.35
82.39
82.40
82.41
82.44
82.44
82.42
82.39
82.40
82.41
82.39
82.40
82.40
82.40
82.41
82.37
82.41
82.40
82.40
82.39
82.34
82.34
82.36
82.39
82.36
82.35
82.33
82.36
82.34
82.36
82.38
82.41
82.38
82.38
82.37
82.38
82.35
82.36
82.36
82.36
82.35
82.35
82.39
82.40
82.40
82.40
82.41
82.38
82.40
82.37
82.35
82.37
82.36
82.35
82.35
82.32
82.32
82.28
82.26
82.25
82.25
82.25
82.23
82.22
82.20
82.20
82.20
82.22
82.22
82.22
82.18
82.16
82.17
82.17
82.16
82.16
82.15
82.15
82.14
82.15
82.15
82.15
82.14
82.14
82.14
82.10
82.09
82.07
82.09
82.12
82.09
82.04
82.02
82.04
82.05
82.07
82.07
82.05
82.05
82.09
82.08
82.08
82.07
82.08
82.08
82.08
82.10
82.06
82.05
82.03
82.02
82.04
82.05
82.06
82.05
82.06
82.07
82.07
82.08
82.07
82.07
82.04
82.01
81.99
81.97
81.97
81.97
81.95
81.95
81.94
81.96
81.96
81.95
81.95
81.96
81.94
81.96
81.97
81.96
81.94
81.95
81.97
81.95
81.94
81.96
81.96
81.96
81.98
81.96
81.96
81.97
81.97
81.99
82.01
82.00
82.01
82.03
82.02
82.03
82.04
82.04
82.07
82.05
82.04
82.07
82.07
82.09
82.12
82.09
82.10
82.07
82.08
82.10
82.09
82.10
82.09
82.10
82.10
82.11
82.09
82.10
82.08
82.10
82.10
82.12
82.12
82.13
82.14
82.12
82.11
82.11
82.09
82.08
82.07
82.06
82.05
82.04
82.05
82.05
82.06
82.06
82.07
82.07
82.05
82.05
82.06
82.05
82.06
82.05
82.04
82.01
82.01
82.01
81.98
81.98
81.99
81.98
81.98
81.95
81.96
81.97
81.96
81.96
81.95
81.94
81.91
81.91
81.91
81.92
81.92
81.91
81.91
81.92
81.90
81.91
81.90
81.89
81.91
81.92
81.91
81.91
81.91
81.92
81.92
81.91
81.91
81.90
81.90
81.88
81.88
81.90
81.89
81.89
81.89
81.91
81.90
81.89
81.90
81.90
81.90
81.90
81.90
81.90
81.90
81.90
81.90
81.90
81.90
81.89
81.90
81.91
81.93
81.91
81.92
81.94
81.95
81.93
81.94
81.93
81.93
81.94
81.94
81.93
81.94
81.94
81.95
81.95
81.93
81.92
81.94
81.96
81.95
81.92
81.91
81.91
81.92
81.91
81.91
81.91
81.89
81.88
81.89
81.88
81.89
81.89
81.89
81.89
81.91
81.90
81.91
81.90
81.91
81.92
81.93
81.93
81.94
81.93
81.93
81.93
81.94
81.92
81.92
81.93
81.94
81.95
81.95
81.95
81.95
81.95
81.95
81.95
81.95
81.96
81.95
81.95
81.95
81.95
81.94
81.95
81.93
81.92
81.93
81.92
81.93
81.93
81.93
81.93
81.94
81.95
81.93
81.93
81.93
81.94
81.94
81.93
81.94
81.92
81.92
81.91
81.90
81.88
81.90
81.89
81.90
81.89
81.90
81.89
81.89
81.89
81.88
81.87
81.87
81.87
81.87
81.86
81.85
81.84
81.84
81.85
81.84
81.84
81.85
81.85
81.84
81.84
81.84
81.86
81.85
81.85
81.86
81.88
81.89
81.89
81.89
81.89
81.88
81.87
81.88
81.88
81.90
81.90
81.90
81.90
81.89
81.90
81.91
81.90
81.89
81.89
81.89
81.91
81.91
81.90
81.91
81.91
81.91
81.92
81.91
81.93
81.93
81.93
81.93
81.91
81.92
81.92
81.93
81.94
81.94
81.94
81.92
81.92
81.93
81.93
81.92
81.91
81.91
81.93
81.93
81.93
81.93
81.93
81.95
81.96
81.96
81.95
81.96
81.96
81.97
81.97
81.96
81.95
81.94
81.94
81.94
81.94
81.94
81.94
81.95
81.95
81.95
81.94
81.94
81.94
81.93
81.93
81.93
81.93
81.93
81.94
81.95
81.95
81.96
81.95
81.94
81.94
81.92
81.92
81.92
81.92
81.92
81.93
81.92
81.92
81.92
81.92
81.92
81.91
81.91
81.91
81.91
81.92
81.92
81.92
81.92
81.92
81.92
81.93
81.93
81.93
81.93
81.93
81.94
81.94
81.94
81.93
81.92
81.92
81.93
81.94
81.93
81.94
81.93
81.91
81.91
81.92
81.92
81.92
81.93
81.92
81.91
81.91
81.92
81.92
81.92
81.93
81.94
81.93
81.93
81.93
81.94
81.94
81.92
81.93
81.92
81.92
81.91
81.91
81.91
81.92
81.93
81.94
81.93
81.94
81.94
81.94
81.94
81.94
81.93
81.93
81.92
81.94
81.95
81.95
81.96
81.96
81.96
81.96
81.95
81.94
81.95
81.95
81.96
81.95
81.94
81.95
81.95
81.96
81.88
