76.56
77.34
78.12
78.12
80.62
80.47
81.47
80.66
80.38
80.62
80.97
81.25
81.37
81.70
81.04
81.05
80.79
80.99
81.00
81.25
81.18
81.25
81.05
80.99
81.19
81.31
81.60
81.47
81.79
81.82
81.65
81.93
82.05
82.12
82.10
82.25
82.09
81.91
81.81
81.95
81.86
81.96
81.94
82.07
81.94
81.93
81.75
81.71
81.79
81.81
81.92
81.91
81.93
81.94
81.96
82.03
82.02
82.17
82.12
82.06
82.04
82.08
82.12
82.10
82.21
82.29
82.39
82.42
82.40
82.46
82.48
82.47
82.51
82.43
82.42
82.42
82.41
82.37
82.34
82.34
82.33
82.37
82.36
82.33
82.43
82.41
82.36
82.30
82.37
82.33
82.43
82.42
82.44
82.43
82.48
82.50
82.54
82.59
82.65
82.69
82.52
82.54
82.54
82.51
82.50
82.50
82.52
82.38
82.34
82.26
82.25
82.18
82.13
82.10
82.05
82.04
82.13
82.18
82.25
82.25
82.24
82.24
82.28
82.23
82.27
82.23
82.19
82.19
82.27
82.26
82.18
82.27
82.28
82.25
82.21
82.19
82.24
82.20
82.21
82.19
82.21
82.17
82.18
82.26
82.24
82.28
82.23
82.30
82.31
82.34
82.28
82.32
82.34
82.31
82.29
82.28
82.23
82.22
82.25
82.29
82.28
82.30
82.30
82.32
82.34
82.37
82.34
82.34
82.28
82.29
82.27
82.19
82.17
82.19
82.21
82.19
82.19
82.20
82.21
82.19
82.20
82.24
82.27
82.29
82.33
82.34
82.35
82.33
82.34
82.33
82.33
82.36
82.30
82.28
82.25
82.24
82.28
82.29
82.30
82.27
82.27
82.31
82.30
82.28
82.30
82.30
82.27
82.29
82.27
82.26
82.25
82.24
82.20
82.21
82.21
82.21
82.22
82.23
82.26
82.24
82.26
82.26
82.22
82.25
82.28
82.31
82.33
82.36
82.33
82.34
82.39
82.33
82.32
82.35
82.34
82.37
82.36
82.37
82.41
82.41
82.42
82.41
82.38
82.38
82.37
82.35
82.28
82.26
82.28
82.31
82.32
82.34
82.37
82.39
82.39
82.39
82.40
82.39
82.38
82.36
82.36
82.37
82.37
82.40
82.39
82.39
82.43
82.43
82.40
82.39
82.39
82.40
82.39
82.40
82.39
82.35
82.38
82.38
82.40
82.37
82.37
82.34
82.34
82.37
82.34
82.34
82.34
82.33
82.34
82.33
82.33
82.34
82.33
82.32
82.33
82.28
82.27
82.28
82.26
82.26
82.28
82.29
82.27
82.28
82.28
82.29
82.30
82.27
82.27
82.27
82.26
82.28
82.28
82.29
82.30
82.27
82.25
82.25
82.26
82.25
82.26
82.23
82.24
82.23
82.22
82.22
82.20
82.21
82.22
82.21
82.17
82.17
82.20
82.19
82.18
82.21
82.22
82.23
82.24
82.27
82.27
82.27
82.28
82.28
82.30
82.29
82.30
82.31
82.32
82.32
82.30
82.31
82.30
82.33
82.33
82.35
82.37
82.38
82.38
82.37
82.40
82.37
82.39
82.40
82.40
82.41
82.40
82.40
82.40
82.38
82.39
82.38
82.36
82.38
82.38
82.33
82.34
82.34
82.35
82.34
82.31
82.31
82.30
82.29
82.31
82.31
82.29
82.29
82.30
82.30
82.30
82.29
82.30
82.31
82.32
82.30
82.31
82.32
82.33
82.33
82.32
82.33
82.33
82.33
82.33
82.33
82.31
82.31
82.29
82.29
82.28
82.27
82.26
82.25
82.26
82.26
82.27
82.28
82.29
82.28
82.29
82.27
82.25
82.25
82.23
82.25
82.25
82.25
82.25
82.25
82.27
82.27
82.27
82.27
82.26
82.26
82.27
82.27
82.29
82.29
82.30
82.29
82.28
82.27
82.29
82.28
82.28
82.29
82.29
82.30
82.30
82.30
82.29
