82.81
84.38
80.73
80.86
81.25
80.99
80.58
80.08
80.21
80.47
80.68
80.21
80.65
81.14
81.46
81.35
81.43
81.60
81.00
80.70
81.03
81.11
80.84
80.60
80.06
80.23
80.09
80.30
80.44
80.57
80.75
80.81
80.97
81.30
81.21
81.25
81.33
81.37
81.45
81.48
81.67
81.58
81.50
81.50
81.46
81.42
81.42
81.54
81.57
81.69
81.65
81.40
81.49
81.54
81.82
81.78
81.80
81.71
81.67
81.72
81.74
81.80
81.72
81.91
82.02
82.13
82.21
82.12
82.13
82.14
82.04
82.10
82.11
82.20
82.25
82.22
82.22
82.25
82.20
82.21
82.16
82.16
82.21
82.25
82.26
82.21
82.26
82.26
82.30
82.24
82.21
82.24
82.31
82.31
82.32
82.28
82.26
82.25
82.29
82.30
82.35
82.32
82.30
82.27
82.28
82.28
82.23
82.31
82.34
82.32
82.29
82.34
82.38
82.42
82.39
82.41
82.41
82.40
82.47
82.47
82.48
82.45
82.44
82.43
82.44
82.47
82.49
82.46
82.50
82.49
82.47
82.46
82.44
82.42
82.44
82.48
82.46
82.45
82.44
82.43
82.42
82.39
82.34
82.37
82.36
82.29
82.27
82.25
82.26
82.21
82.19
82.21
82.26
82.23
82.26
82.27
82.31
82.35
82.33
82.30
82.36
82.38
82.33
82.36
82.34
82.30
82.25
82.28
82.29
82.25
82.21
82.20
82.23
82.26
82.26
82.23
82.19
82.17
82.15
82.12
82.10
82.10
82.04
82.05
82.03
82.05
82.05
82.08
82.05
82.06
82.04
82.04
82.08
82.08
82.08
82.06
82.07
82.06
82.10
82.11
82.11
82.11
82.10
82.06
82.09
82.09
82.06
82.08
82.09
82.11
82.10
82.08
82.11
82.08
82.07
82.06
82.06
82.11
82.12
82.13
82.15
82.16
82.14
82.14
82.13
82.11
82.12
82.13
82.14
82.17
82.18
82.18
82.17
82.15
82.13
82.15
82.13
82.17
82.16
82.18
82.22
82.20
82.23
82.23
82.21
82.20
82.22
82.23
82.20
82.16
82.15
82.17
82.16
82.18
82.20
82.21
82.20
82.19
82.18
82.20
82.20
82.20
82.20
82.20
82.19
82.18
82.16
82.15
82.12
82.12
82.11
82.12
82.14
82.13
82.12
82.10
82.10
82.11
82.10
82.09
82.09
82.08
82.05
82.06
82.03
82.01
82.00
81.99
81.97
81.95
81.95
81.93
81.91
81.89
81.89
81.92
81.91
81.90
81.93
81.92
81.94
81.92
81.93
81.92
81.93
81.96
81.94
81.94
81.94
81.92
81.92
81.94
81.94
81.93
81.91
81.91
81.92
81.88
81.89
81.88
81.92
81.92
81.93
81.94
81.93
81.94
81.95
81.97
81.95
81.96
81.93
81.92
81.92
81.92
81.91
81.91
81.92
81.92
81.94
81.93
81.92
81.93
81.94
81.95
81.97
81.98
81.99
82.00
81.99
81.98
81.98
81.97
81.96
81.92
81.91
81.93
81.95
81.96
81.93
81.91
81.91
81.91
81.92
81.91
81.91
81.91
81.92
81.92
81.91
81.90
81.92
81.91
81.91
81.91
81.91
81.89
81.90
81.92
81.90
81.88
81.88
81.87
81.87
81.88
81.88
81.87
81.88
81.88
81.88
81.88
81.87
81.88
81.86
81.85
81.85
81.85
81.86
81.83
81.82
81.82
81.83
81.84
81.84
81.84
81.86
81.86
81.86
81.86
81.85
81.85
81.84
81.86
81.86
81.86
81.88
81.88
81.88
81.85
81.87
81.86
81.86
81.87
81.87
81.88
81.88
81.87
81.88
81.89
81.88
81.88
81.86
81.85
81.86
81.85
81.86
81.86
81.85
81.86
81.89
81.90
81.89
81.88
81.88
81.88
81.88
81.88
81.88
81.87
81.86
81.85
81.86
81.85
81.84
81.85
81.85
81.86
81.84
81.85
81.85
81.85
81.86
81.87
81.87
81.88
81.89
81.89
81.88
81.89
81.88
81.90
81.88
81.89
81.89
81.89
81.89
81.89
81.89
81.88
81.89
81.88
81.88
81.87
81.86
81.86
81.86
81.85
81.86
81.87
81.87
81.87
81.87
81.87
81.88
81.88
81.88
81.88
81.89
81.89
81.91
81.91
81.92
81.91
81.92
81.91
81.91
81.90
81.91
81.93
81.93
81.93
81.93
81.93
81.93
81.94
81.93
81.93
81.92
81.93
81.92
81.93
81.93
81.94
81.93
81.94
81.93
81.94
81.92
81.93
81.95
81.94
81.94
81.94
81.94
81.93
81.94
81.91
81.93
81.93
81.93
81.90
81.89
81.89
81.88
81.88
81.88
81.87
81.88
81.89
81.88
81.89
81.90
81.89
81.92
81.93
81.93
81.94
81.93
81.94
81.95
81.94
81.94
81.94
81.94
81.94
81.94
81.94
81.94
81.94
81.94
81.93
81.93
81.94
81.95
81.96
81.97
81.97
81.97
81.98
81.98
81.97
81.97
81.98
81.99
81.99
81.99
82.00
82.00
81.98
81.98
81.98
81.98
81.98
81.97
81.98
81.98
81.98
81.99
81.97
81.97
81.98
81.98
81.99
81.99
81.99
81.99
82.00
81.99
82.00
81.98
81.99
81.99
82.00
82.01
82.02
82.02
82.02
82.01
82.02
82.03
82.03
82.03
82.02
82.03
82.03
82.03
82.02
82.00
82.01
82.01
82.02
82.00
82.01
82.01
82.01
82.00
82.00
81.98
81.99
81.98
81.99
81.99
81.98
81.98
81.98
81.99
81.99
81.98
81.97
81.97
81.98
81.97
81.99
82.00
82.01
82.01
82.02
82.03
82.02
82.03
82.04
82.03
82.03
82.03
82.04
82.03
82.02
82.02
82.02
82.01
82.01
82.00
81.99
81.98
81.97
81.96
81.97
81.96
81.95
81.94
81.94
81.94
81.94
81.92
81.92
81.91
81.92
81.92
81.92
81.92
81.93
81.93
81.94
81.94
81.94
81.94
81.95
81.95
81.96
81.97
81.97
81.97
81.98
81.98
81.97
81.97
81.96
81.96
81.95
81.95
81.95
81.96
81.96
81.96
81.96
81.94
81.95
81.95
81.94
81.94
81.93
81.94
81.93
81.93
81.93
81.93
81.93
81.94
81.95
81.94
81.94
81.94
81.94
81.95
81.95
81.95
81.94
81.94
81.94
81.94
81.94
81.94
81.94
81.94
81.96
81.96
81.97
81.96
81.96
81.96
81.96
81.96
81.95
81.94
81.94
81.93
81.94
81.95
81.94
81.94
81.93
81.93
81.92
81.93
81.92
81.92
81.92
81.93
81.93
81.94
81.94
81.94
81.94
81.95
81.96
81.96
81.96
81.95
81.94
81.95
81.96
81.97
81.90
