78.12
79.69
81.77
81.25
81.25
80.99
81.70
81.25
81.60
81.72
82.53
82.94
82.57
82.25
81.98
82.03
81.80
81.51
81.33
81.56
81.70
82.03
82.13
81.90
82.25
82.45
82.41
82.03
82.27
82.19
82.01
82.08
82.20
82.08
82.32
82.34
82.18
82.15
82.25
82.34
82.43
82.37
82.27
81.96
81.88
81.90
81.88
81.87
82.02
82.12
82.05
81.91
82.02
82.18
82.05
81.98
81.99
81.92
81.97
81.85
82.02
82.06
82.17
82.25
82.36
82.36
82.32
82.44
82.43
82.30
82.26
82.25
82.06
82.07
82.00
82.01
81.88
82.01
82.06
82.01
81.96
81.99
82.06
82.03
82.08
82.03
82.04
82.07
82.09
82.05
82.04
82.10
82.19
82.21
82.24
82.24
82.22
82.21
82.21
82.27
82.30
82.28
82.25
82.26
82.28
82.16
82.13
82.12
82.11
82.12
82.21
82.21
82.25
82.22
82.21
82.15
82.13
82.19
82.17
82.21
82.18
82.15
82.15
82.18
82.21
82.23
82.16
82.15
82.17
82.12
82.10
82.08
82.04
82.04
82.05
82.03
82.03
82.00
82.01
82.03
82.04
82.02
82.01
82.02
82.07
82.10
82.09
82.07
82.06
82.10
82.07
82.09
82.09
82.12
82.15
82.06
82.07
82.05
82.11
82.08
82.05
82.09
82.07
82.10
82.10
82.08
82.05
82.06
82.03
82.05
82.08
82.09
82.10
82.09
82.08
82.00
81.98
81.98
81.99
82.00
81.99
81.95
81.96
81.97
82.02
82.03
81.99
81.96
81.91
81.97
82.01
82.01
82.00
81.99
81.99
81.94
81.93
81.94
81.91
81.94
81.92
81.92
81.95
81.89
81.88
81.90
81.88
81.86
81.86
81.88
81.90
81.92
81.92
81.89
81.93
81.89
81.88
81.92
81.92
81.92
81.94
81.96
81.96
81.99
82.02
82.00
81.98
81.95
81.95
81.96
81.95
81.93
81.93
81.91
81.92
81.91
81.88
81.93
81.94
81.93
81.90
81.93
81.93
81.95
81.96
81.93
81.91
81.89
81.92
81.91
81.95
81.93
81.90
81.93
81.96
81.94
81.93
81.97
81.98
81.98
81.96
81.97
81.98
81.97
81.98
81.94
81.95
81.95
81.94
81.92
81.92
81.93
81.96
81.93
81.94
81.94
81.94
81.96
81.97
81.93
81.95
81.96
81.96
81.94
81.94
81.94
81.95
81.94
81.96
81.96
81.97
82.00
81.99
81.98
82.01
82.02
82.02
82.01
82.01
82.00
82.00
82.00
81.99
82.00
82.02
82.04
82.06
82.04
82.05
82.05
82.07
82.04
82.06
82.08
82.10
82.09
82.09
82.08
82.06
82.07
82.08
82.08
82.10
82.09
82.11
82.09
82.09
82.09
82.10
82.11
82.09
82.11
82.12
82.12
82.14
82.15
82.14
82.14
82.14
82.15
82.13
82.15
82.16
82.18
82.15
82.16
82.13
82.13
82.11
82.10
82.09
82.11
82.12
82.13
82.13
82.12
82.12
82.10
82.09
82.04
82.03
82.04
82.04
82.03
82.03
82.01
82.00
82.00
82.02
82.03
82.02
82.02
82.04
82.03
82.04
82.04
82.03
82.02
82.03
82.02
82.02
82.03
82.04
82.04
82.04
82.04
82.04
82.05
82.07
82.05
82.05
82.05
82.06
82.07
82.08
82.07
82.05
82.05
82.05
82.06
82.06
82.07
82.07
82.05
82.05
82.03
82.01
82.02
82.02
82.03
82.03
82.04
82.05
82.04
82.03
82.03
82.03
82.02
82.00
82.01
82.00
81.99
82.00
81.98
81.99
81.98
81.97
81.97
81.97
81.95
81.95
81.96
81.97
81.96
81.96
81.98
81.97
81.97
81.98
81.97
81.96
81.93
81.91
81.90
81.89
81.89
81.90
81.89
81.90
81.89
81.88
81.88
81.89
81.88
81.88
81.87
81.87
81.87
81.86
81.87
81.89
81.89
81.89
81.90
81.89
81.88
81.90
81.89
81.91
81.90
81.90
81.91
81.90
81.91
81.91
81.91
81.91
81.92
81.94
81.95
81.95
81.95
81.96
81.96
81.96
81.96
81.97
81.95
81.95
81.97
81.98
81.96
81.97
81.96
81.95
81.96
81.97
81.97
81.98
81.99
81.99
81.99
82.00
82.00
82.00
81.98
82.00
81.99
81.99
81.99
81.99
81.99
81.99
81.98
81.97
81.95
81.96
81.96
81.93
81.92
81.92
81.93
81.93
81.93
81.93
81.94
81.93
81.94
81.95
81.96
81.97
81.98
81.98
81.98
81.97
81.97
81.98
81.97
81.98
81.98
82.00
81.99
81.98
81.98
81.97
81.97
81.98
81.98
81.97
81.97
81.98
81.98
81.98
81.98
81.99
81.99
82.00
81.99
81.99
81.99
81.98
81.97
81.98
81.96
81.96
81.97
81.98
81.98
81.99
81.98
81.98
82.00
81.99
81.98
81.97
81.97
81.96
81.96
81.96
81.97
81.98
81.96
81.97
81.98
81.98
81.99
82.00
82.01
82.01
82.02
82.02
82.01
82.02
82.02
82.01
82.00
82.00
82.01
82.00
81.99
81.99
81.99
81.98
81.97
81.96
81.96
81.96
81.95
81.95
81.94
81.94
81.92
81.92
81.91
81.91
81.88
81.88
81.89
81.90
81.90
81.89
81.88
81.88
81.88
81.86
81.87
81.87
81.88
81.88
81.88
81.88
81.89
81.89
81.88
81.89
81.89
81.89
81.90
81.91
81.91
81.89
81.91
81.91
81.92
81.93
81.92
81.91
81.91
81.90
81.91
81.90
81.90
81.91
81.92
81.91
81.91
81.92
81.93
81.92
81.92
81.91
81.92
81.92
81.93
81.92
81.92
81.91
81.90
81.90
81.91
81.91
81.91
81.90
81.87
81.88
81.88
81.88
81.87
81.87
81.87
81.88
81.86
81.85
81.85
81.84
81.85
81.84
81.84
81.85
81.85
81.84
81.84
81.85
81.85
81.85
81.85
81.87
81.87
81.85
81.85
81.85
81.87
81.86
81.86
81.86
81.86
81.87
81.89
81.90
81.90
81.91
81.91
81.92
81.92
81.91
81.90
81.91
81.91
81.92
81.91
81.92
81.93
81.92
81.92
81.92
81.92
81.92
81.92
81.92
81.91
81.92
81.93
81.93
81.93
81.93
81.94
81.93
81.94
81.94
81.94
81.94
81.95
81.95
81.95
81.95
81.95
81.95
81.95
81.96
81.95
81.96
81.96
81.96
81.97
81.98
81.99
81.99
81.99
82.00
82.01
81.99
81.99
81.99
81.99
81.98
81.98
81.98
81.98
81.98
81.99
81.99
82.00
81.99
81.99
82.00
81.99
81.99
81.98
81.98
81.98
81.98
81.90
