84.38
85.16
82.29
83.59
82.81
83.33
83.71
83.79
82.64
82.66
82.81
83.46
83.29
83.37
83.12
82.71
82.35
82.64
82.73
82.89
82.66
82.88
82.88
82.94
83.00
82.81
82.99
83.15
83.30
83.23
83.01
83.11
83.10
83.32
83.26
83.29
83.19
83.18
83.25
83.16
83.16
83.04
82.96
82.78
82.57
82.64
82.58
82.39
82.40
82.28
82.48
82.39
82.37
82.41
82.27
82.31
82.24
82.19
82.20
82.21
82.33
82.33
82.27
82.35
82.26
82.27
82.18
82.19
82.18
82.17
82.06
82.07
82.06
81.97
81.94
81.97
82.04
81.95
81.94
81.89
81.89
81.84
81.85
81.77
81.73
81.69
81.68
81.71
81.67
81.67
81.63
81.61
81.70
81.53
81.53
81.46
81.41
81.39
81.28
81.25
81.30
81.28
81.31
81.33
81.29
81.31
81.37
81.34
81.35
81.32
81.36
81.36
81.37
81.32
81.28
81.26
81.25
81.30
81.28
81.28
81.33
81.30
81.33
81.38
81.38
81.35
81.35
81.35
81.29
81.31
81.35
81.34
81.36
81.44
81.46
81.48
81.49
81.48
81.53
81.54
81.54
81.57
81.55
81.55
81.50
81.50
81.52
81.52
81.54
81.49
81.52
81.53
81.53
81.54
81.61
81.68
81.70
81.69
81.65
81.67
81.70
81.71
81.74
81.66
81.67
81.65
81.64
81.63
81.65
81.69
81.73
81.70
81.70
81.71
81.70
81.71
81.74
81.74
81.75
81.75
81.71
81.76
81.74
81.73
81.75
81.76
81.79
81.78
81.78
81.77
81.77
81.75
81.75
81.73
81.74
81.76
81.77
81.78
81.82
81.80
81.79
81.78
81.79
81.79
81.82
81.86
81.88
81.88
81.87
81.89
81.88
81.87
81.86
81.83
81.81
81.76
81.75
81.78
81.82
81.81
81.78
81.78
81.80
81.79
81.85
81.84
81.79
81.82
81.84
81.81
81.78
81.81
81.78
81.80
81.83
81.80
81.76
81.78
81.79
81.78
81.80
81.79
81.82
81.78
81.77
81.76
81.74
81.77
81.77
81.80
81.81
81.78
81.79
81.74
81.77
81.78
81.75
81.75
81.73
81.72
81.69
81.69
81.68
81.69
81.70
81.68
81.65
81.67
81.66
81.70
81.73
81.77
81.76
81.77
81.77
81.77
81.75
81.74
81.74
81.75
81.77
81.74
81.76
81.77
81.74
81.76
81.76
81.77
81.75
81.76
81.75
81.76
81.77
81.75
81.75
81.75
81.74
81.72
81.71
81.72
81.72
81.71
81.70
81.69
81.66
81.66
81.67
81.65
81.64
81.64
81.68
81.67
81.66
81.64
81.65
81.66
81.66
81.66
81.68
81.67
81.69
81.70
81.70
81.72
81.74
81.75
81.78
81.79
81.81
81.80
81.81
81.81
81.81
81.80
81.81
81.82
81.80
81.80
81.78
81.79
81.78
81.77
81.75
81.75
81.74
81.73
81.73
81.73
81.73
81.74
81.74
81.76
81.76
81.76
81.78
81.79
81.78
81.77
81.79
81.77
81.78
81.79
81.80
81.79
81.80
81.78
81.76
81.77
81.80
81.82
81.80
81.80
81.79
81.80
81.80
81.82
81.83
81.82
81.86
81.85
81.84
81.83
81.84
81.83
81.83
81.83
81.83
81.83
81.84
81.84
81.83
81.82
81.79
81.82
81.81
81.83
81.85
81.85
81.84
81.86
81.88
81.87
81.86
81.87
81.85
81.84
81.84
81.84
81.83
81.85
81.85
81.86
81.87
81.87
81.88
81.85
81.85
81.85
81.86
81.85
81.85
81.85
81.86
81.84
81.84
81.83
81.85
81.84
81.85
81.86
81.86
81.88
81.87
81.87
81.87
81.88
81.88
81.87
81.86
81.86
81.86
81.86
81.86
81.87
81.89
81.91
81.91
81.90
81.91
81.90
81.92
81.91
81.90
81.92
81.93
81.90
81.90
81.90
81.90
81.90
81.88
81.88
81.90
81.91
81.89
81.90
81.91
81.92
81.91
81.92
81.92
81.92
81.91
81.92
81.91
81.89
81.90
81.87
81.88
81.88
81.87
81.87
81.88
81.91
81.91
81.90
81.90
81.90
81.89
81.90
81.91
81.91
81.92
81.91
81.92
81.92
81.92
81.91
81.91
81.93
81.92
81.92
81.91
81.90
81.91
81.91
81.91
81.92
81.91
81.90
81.89
81.89
81.89
81.90
81.90
81.90
81.89
81.90
81.90
81.91
81.92
81.90
81.91
81.91
81.91
81.91
81.91
81.90
81.90
81.90
81.91
81.90
81.90
81.91
81.90
81.92
81.91
81.92
81.93
81.94
81.93
81.92
81.93
81.92
81.92
81.92
81.92
81.93
81.95
81.94
81.93
81.94
81.92
81.92
81.91
81.92
81.91
81.92
81.92
81.92
81.94
81.94
81.94
81.95
81.95
81.95
81.95
81.95
81.97
81.96
81.96
81.97
81.97
81.96
81.96
81.96
81.96
81.95
81.96
81.95
81.94
81.93
81.92
81.92
81.92
81.92
81.93
81.94
81.94
81.94
81.95
81.95
81.96
81.96
81.96
81.97
81.97
81.97
81.96
81.96
81.96
81.95
81.95
81.95
81.95
81.95
81.96
81.94
81.94
81.94
81.94
81.94
81.94
81.94
81.94
81.94
81.95
81.95
81.93
81.94
81.95
81.95
81.95
81.95
81.96
81.95
81.95
81.96
81.95
81.94
81.95
81.96
81.97
81.98
81.99
81.99
81.99
81.99
81.99
81.99
81.97
81.98
81.98
81.97
81.97
81.98
81.97
81.97
81.98
81.97
81.97
81.97
81.98
81.99
81.98
81.99
81.99
81.99
81.99
82.00
81.99
81.97
81.96
81.95
81.94
81.94
81.95
81.95
81.95
81.94
81.95
81.94
81.94
81.95
81.96
81.95
81.96
81.95
81.95
81.94
81.94
81.94
81.94
81.94
81.96
81.95
81.94
81.94
81.96
81.96
81.97
81.96
81.96
81.96
81.95
81.95
81.95
81.96
81.96
81.96
81.96
81.97
81.96
81.96
81.95
81.94
81.95
81.95
81.94
81.95
81.94
81.94
81.94
81.94
81.94
81.94
81.93
81.93
81.93
81.93
81.93
81.93
81.94
81.93
81.92
81.92
81.92
81.90
81.90
81.90
81.90
81.91
81.92
81.92
81.92
81.92
81.92
81.92
81.92
81.93
81.92
81.94
81.96
81.95
81.95
81.96
81.95
81.94
81.94
81.94
81.95
81.95
81.94
81.94
81.95
81.95
81.96
81.96
81.95
81.96
81.96
81.97
81.97
81.98
81.98
81.96
81.96
81.96
81.96
81.97
81.96
81.96
81.97
81.97
81.98
81.98
81.98
81.98
81.98
81.98
81.98
81.90
