78.12
82.03
81.25
82.03
83.44
84.38
83.04
83.59
82.99
82.97
83.66
83.59
82.93
83.04
83.12
82.81
82.17
82.20
81.74
81.64
81.40
81.61
81.73
81.32
81.25
81.67
81.77
81.58
81.84
82.03
82.11
82.03
82.15
82.17
82.32
82.07
82.01
81.91
81.85
81.76
81.75
81.77
81.94
81.89
81.77
81.62
81.42
81.32
81.41
81.34
81.46
81.49
81.49
81.37
81.45
81.36
81.30
81.38
81.41
81.35
81.51
81.45
81.42
81.45
81.44
81.53
81.60
81.73
81.70
81.70
81.65
81.77
81.72
81.67
81.71
81.74
81.78
81.71
81.65
81.68
81.75
81.71
81.72
81.75
81.76
81.78
81.84
81.84
81.83
81.86
81.90
81.86
81.80
81.70
81.73
81.77
81.77
81.74
81.72
81.73
81.78
81.83
81.77
81.79
81.79
81.81
81.82
81.86
81.92
81.90
81.87
81.93
81.93
81.89
81.90
81.90
81.90
81.90
81.87
81.88
81.88
81.89
81.83
81.87
81.84
81.87
81.91
81.92
81.95
81.95
81.94
81.98
81.99
81.97
82.00
82.04
82.01
82.01
82.03
82.03
82.01
82.03
82.06
82.07
82.16
82.19
82.12
82.11
82.12
82.12
82.16
82.14
82.15
82.14
82.21
82.23
82.21
82.19
82.19
82.15
82.10
82.13
82.16
82.13
82.16
82.22
82.21
82.17
82.21
82.20
82.22
82.20
82.19
82.20
82.18
82.24
82.21
82.17
82.18
82.17
82.18
82.19
82.16
82.12
82.12
82.12
82.11
82.15
82.14
82.15
82.11
82.11
82.12
82.09
82.05
82.04
82.07
82.07
82.11
82.13
82.11
82.12
82.11
82.12
82.13
82.12
82.10
82.11
82.08
82.05
82.06
82.08
82.09
82.07
82.09
82.09
82.11
82.12
82.11
82.12
82.11
82.09
82.08
82.09
82.12
82.10
82.11
82.12
82.10
82.09
82.11
82.13
82.12
82.11
82.13
82.12
82.13
82.17
82.19
82.18
82.16
82.14
82.16
82.17
82.19
82.18
82.19
82.18
82.17
82.19
82.20
82.22
82.19
82.16
82.15
82.14
82.13
82.12
82.12
82.11
82.08
82.08
82.05
82.05
82.05
82.02
82.03
82.02
82.03
82.06
82.07
82.05
82.05
82.02
82.02
82.04
82.05
82.04
82.04
82.03
82.03
82.06
82.06
82.06
82.07
82.06
82.08
82.07
82.08
82.07
82.08
82.07
82.10
82.10
82.08
82.07
82.10
82.10
82.12
82.10
82.12
82.11
82.12
82.11
82.15
82.15
82.14
82.12
82.13
82.10
82.08
82.08
82.07
82.07
82.07
82.08
82.07
82.08
82.06
82.07
82.05
82.07
82.05
82.06
82.08
82.08
82.09
82.10
82.11
82.10
82.12
82.13
82.12
82.10
82.10
82.09
82.10
82.10
82.10
82.09
82.08
82.08
82.05
82.06
82.05
82.06
82.07
82.09
82.09
82.10
82.11
82.11
82.11
82.12
82.11
82.13
82.12
82.10
82.11
82.10
82.13
82.13
82.12
82.13
82.14
82.13
82.14
82.13
82.13
82.13
82.11
82.11
82.12
82.11
82.11
82.11
82.12
82.11
82.10
82.11
82.10
82.12
82.14
82.14
82.14
82.15
82.15
82.14
82.15
82.16
82.15
82.15
82.15
82.15
82.16
82.18
82.17
82.17
82.17
82.16
82.17
82.16
82.17
82.17
82.18
82.17
82.18
82.18
82.18
82.18
82.17
82.18
82.16
82.16
82.16
82.17
82.17
82.16
82.17
82.17
82.13
82.12
82.12
82.11
82.12
82.12
82.14
82.13
82.12
82.13
82.13
82.14
82.12
82.12
82.13
82.11
82.10
82.11
82.10
82.09
82.09
82.07
82.04
82.05
82.05
82.05
82.03
82.02
82.03
82.01
82.01
81.99
82.01
82.01
82.01
81.99
81.99
82.01
82.01
82.01
82.01
82.01
82.01
82.03
82.05
82.05
82.06
82.07
82.07
82.08
82.08
82.08
82.09
82.07
82.07
82.07
82.06
82.08
82.07
82.07
82.06
82.06
82.05
82.04
82.06
82.03
82.01
82.00
82.01
82.02
82.01
82.01
82.01
82.02
82.01
82.01
82.01
82.00
81.99
81.99
81.98
81.98
81.98
81.99
82.00
81.99
81.99
81.99
82.00
81.99
81.97
81.97
81.97
81.98
81.98
81.99
81.99
81.96
81.96
81.96
81.96
81.97
81.97
81.97
81.99
81.99
81.98
81.98
81.99
82.00
81.99
81.98
81.97
81.97
81.97
81.97
81.97
81.96
81.96
81.96
81.96
81.97
81.97
81.96
81.95
81.96
81.98
81.98
81.99
82.00
82.00
81.99
82.01
81.99
81.99
81.99
81.99
82.00
82.00
82.01
82.01
82.00
82.00
82.00
81.99
81.99
81.98
81.98
81.97
81.97
81.96
81.96
81.96
81.96
81.98
81.97
81.98
81.97
81.97
81.96
81.97
81.98
81.98
81.99
81.99
81.99
81.99
82.00
82.00
82.00
82.01
82.00
81.99
81.99
81.99
81.98
81.97
81.97
81.98
81.98
81.98
81.98
81.98
81.98
81.98
81.99
81.99
81.99
82.00
82.01
82.03
82.04
82.05
82.04
82.04
82.04
82.05
82.05
82.05
82.05
82.05
82.06
82.06
82.07
82.07
82.07
82.07
82.06
82.05
82.06
82.05
82.03
82.03
82.02
82.01
82.01
82.01
82.01
82.02
82.02
82.02
82.01
82.02
82.02
82.02
82.02
82.03
82.04
82.04
82.05
82.04
82.03
82.03
82.04
82.03
82.03
82.03
82.02
82.03
82.01
82.00
82.00
81.99
81.98
81.98
81.97
81.96
81.97
81.98
81.98
81.99
81.98
81.96
81.96
81.96
81.96
81.97
81.96
81.96
81.97
81.97
81.97
81.98
81.99
81.98
81.99
81.98
81.97
81.97
81.97
81.98
81.97
81.97
81.99
81.99
81.99
81.99
81.98
81.99
81.99
81.97
81.97
81.97
81.96
81.97
81.96
81.95
81.94
81.95
81.95
81.95
81.95
81.95
81.95
81.96
81.97
81.97
81.98
81.97
81.98
81.98
81.98
81.98
81.98
81.98
81.99
81.99
81.99
81.99
81.99
81.99
81.99
81.99
81.98
81.98
81.96
81.97
81.97
81.98
81.98
81.99
82.01
82.01
82.01
82.02
82.01
82.02
82.02
82.01
82.03
82.03
82.02
82.03
82.02
82.03
82.03
82.03
82.03
82.02
82.03
82.02
82.02
82.02
82.01
82.01
82.01
82.01
82.00
82.01
82.01
82.00
82.00
82.00
82.01
82.01
82.02
82.01
82.00
82.00
81.99
81.98
81.90
