96.88
87.50
88.54
85.94
87.81
87.50
86.83
86.33
85.59
85.16
85.09
85.29
84.98
83.93
84.06
83.79
83.92
84.20
84.21
84.14
84.15
83.59
83.63
83.59
83.75
83.77
83.28
83.31
83.24
83.28
83.22
83.15
83.24
83.13
83.08
83.25
83.02
82.81
82.81
82.85
82.77
82.78
82.70
82.71
82.74
82.54
82.58
82.58
82.46
82.66
82.63
82.60
82.64
82.67
82.64
82.62
82.73
82.65
82.65
82.60
82.61
82.59
82.49
82.50
82.48
82.50
82.32
82.31
82.38
82.37
82.26
82.14
82.08
82.05
81.92
81.93
82.00
82.05
81.98
81.91
81.87
81.97
81.95
81.92
81.97
82.01
81.99
81.94
81.95
81.91
81.90
81.91
82.01
82.00
82.06
82.05
82.04
82.06
82.04
82.16
82.15
82.11
81.99
81.93
81.92
81.88
81.92
81.97
81.95
82.00
82.02
81.98
81.97
81.94
81.93
81.95
81.93
81.97
82.01
81.97
82.04
82.07
82.09
82.08
82.06
82.08
82.07
82.04
82.09
82.07
82.04
82.05
82.10
82.07
82.07
82.09
82.09
82.08
82.12
82.08
82.06
82.08
82.08
82.07
82.09
82.05
82.02
82.06
82.11
82.15
82.18
82.28
82.24
82.27
82.24
82.21
82.23
82.24
82.20
82.20
82.20
82.22
82.24
82.23
82.26
82.28
82.26
82.27
82.27
82.29
82.31
82.28
82.23
82.26
82.27
82.25
82.24
82.24
82.22
82.25
82.24
82.24
82.23
82.22
82.28
82.27
82.28
82.31
82.28
82.25
82.21
82.25
82.22
82.26
82.26
82.25
82.24
82.28
82.27
82.26
82.28
82.25
82.28
82.26
82.27
82.27
82.25
82.29
82.32
82.32
82.29
82.29
82.28
82.32
82.33
82.36
82.38
82.40
82.34
82.34
82.32
82.31
82.30
82.28
82.24
82.25
82.22
82.20
82.19
82.17
82.18
82.19
82.20
82.20
82.23
82.22
82.21
82.20
82.22
82.22
82.21
82.19
82.22
82.24
82.24
82.26
82.27
82.26
82.27
82.23
82.25
82.24
82.22
82.24
82.17
82.20
82.19
82.20
82.19
82.18
82.17
82.16
82.18
82.18
82.18
82.21
82.18
82.18
82.22
82.23
82.22
82.22
82.25
82.25
82.26
82.26
82.28
82.28
82.29
82.28
82.28
82.29
82.27
82.26
82.26
82.28
82.26
82.27
82.27
82.27
82.26
82.28
82.26
82.26
82.25
82.23
82.24
82.25
82.25
82.25
82.27
82.25
82.27
82.26
82.24
82.26
82.27
82.25
82.25
82.26
82.27
82.26
82.28
82.27
82.26
82.27
82.28
82.28
82.22
82.23
82.22
82.23
82.22
82.21
82.22
82.21
82.21
82.23
82.23
82.21
82.22
82.21
82.19
82.18
82.16
82.18
82.20
82.19
82.19
82.20
82.20
82.21
82.21
82.18
82.18
82.17
82.19
82.18
82.20
82.19
82.17
82.15
82.17
82.19
82.18
82.16
82.16
82.16
82.16
82.15
82.15
82.14
82.12
82.13
82.13
82.15
82.14
82.13
82.13
82.13
82.15
82.17
82.18
82.19
82.18
82.18
82.19
82.20
82.19
82.20
82.16
82.17
82.17
82.17
82.16
82.16
82.14
82.13
82.14
82.15
82.13
82.13
82.13
82.12
82.08
82.08
82.06
82.05
82.06
82.06
82.05
82.04
82.05
82.04
82.05
82.03
82.04
82.05
82.07
82.10
82.11
82.11
82.12
82.13
82.14
82.14
82.13
82.12
82.11
82.14
82.13
82.11
82.11
82.12
82.12
82.13
82.11
82.12
82.11
82.10
82.11
82.11
82.09
82.09
82.10
82.10
82.07
82.07
82.05
82.07
82.07
82.07
82.07
82.08
82.08
82.07
82.07
82.06
82.06
82.08
82.07
82.07
82.08
82.10
82.09
82.10
82.10
82.09
82.09
82.08
82.09
82.09
82.09
82.06
82.07
82.06
82.06
82.07
82.07
82.07
82.06
82.04
82.05
82.06
82.06
82.07
82.08
82.07
82.07
82.08
82.08
82.07
82.07
82.07
82.07
82.09
82.08
82.09
82.08
82.08
82.08
82.07
82.09
82.09
82.09
82.08
82.09
82.09
82.10
82.10
82.10
82.10
82.11
82.14
82.15
82.15
82.14
82.15
82.15
82.14
82.13
82.13
82.13
82.13
82.15
82.15
82.15
82.13
82.14
82.15
82.13
82.14
82.14
82.14
82.15
82.16
82.15
82.12
82.10
82.09
82.09
82.09
82.09
82.08
82.08
82.09
82.09
82.07
82.07
82.07
82.05
82.05
82.05
82.06
82.07
82.06
82.07
82.07
82.07
82.07
82.07
82.06
82.04
82.04
82.04
82.03
82.02
82.02
82.02
82.01
82.00
81.99
81.99
81.97
81.97
81.98
81.99
82.00
82.00
81.98
81.99
81.98
81.98
81.98
81.99
81.98
81.99
81.99
81.98
81.99
81.99
81.98
81.98
81.99
81.99
82.00
82.00
82.01
82.01
82.02
82.02
82.03
82.03
82.04
82.05
82.05
82.06
82.07
82.06
82.06
82.07
82.07
82.08
82.07
82.07
82.09
82.08
82.09
82.08
82.08
82.08
82.07
82.08
82.07
82.07
82.06
82.06
82.07
82.07
82.07
82.07
82.05
82.05
82.03
82.03
82.01
82.01
82.01
82.01
82.02
82.02
82.04
82.04
82.05
82.05
82.05
82.04
82.06
82.04
82.04
82.03
82.02
82.03
82.04
82.04
82.04
82.04
82.05
82.05
82.06
82.06
82.05
82.04
82.04
82.04
82.05
82.04
82.05
82.06
82.05
82.04
82.04
82.03
82.04
82.04
82.02
82.02
82.01
82.01
82.02
82.02
82.02
82.01
82.01
82.01
82.01
81.99
82.00
81.99
81.99
81.99
81.99
81.98
81.97
81.98
81.98
81.99
81.99
82.00
81.99
82.00
81.99
81.99
82.00
81.98
81.97
81.97
81.98
81.99
81.98
81.99
81.99
81.98
81.98
81.97
81.97
81.96
81.97
81.96
81.97
