76.56
85.16
85.94
84.38
82.81
82.55
83.71
83.20
82.47
82.19
81.68
81.64
81.73
81.58
81.25
81.35
81.07
81.42
81.50
81.33
81.55
81.11
81.25
80.92
80.94
81.19
81.42
81.53
81.63
81.51
81.60
81.69
81.53
81.53
81.38
81.47
81.25
81.13
81.25
81.25
81.06
81.29
81.40
81.46
81.53
81.45
81.52
81.67
81.70
81.72
81.99
81.94
81.90
81.92
81.85
81.95
81.96
81.95
81.97
82.03
81.97
81.85
81.87
81.96
81.97
81.87
81.93
81.89
81.82
81.72
81.71
81.88
81.85
81.90
81.94
81.93
82.06
82.17
82.14
82.09
82.14
82.22
82.17
82.20
82.19
82.16
82.11
82.16
82.16
82.12
82.21
82.18
82.09
82.13
82.12
82.05
82.04
81.92
81.93
81.94
81.93
81.95
82.01
82.05
82.05
82.10
82.08
82.05
82.11
82.13
82.22
82.24
82.18
82.20
82.21
82.27
82.21
82.20
82.27
82.28
82.22
82.20
82.22
82.23
82.20
82.14
82.16
82.21
82.13
82.12
82.12
82.17
82.17
82.16
82.15
82.13
82.16
82.18
82.18
82.23
82.17
82.20
82.23
82.26
82.26
82.19
82.19
82.22
82.23
82.22
82.24
82.25
82.27
82.31
82.30
82.25
82.27
82.21
82.23
82.17
82.17
82.23
82.25
82.26
82.31
82.34
82.34
82.37
82.35
82.33
82.26
82.29
82.28
82.27
82.29
82.29
82.29
82.34
82.32
82.33
82.31
82.31
82.28
82.19
82.18
82.14
82.13
82.12
82.13
82.15
82.14
82.16
82.16
82.16
82.20
82.21
82.19
82.19
82.19
82.20
82.20
82.22
82.24
82.22
82.23
82.26
82.23
82.23
82.26
82.31
82.27
82.27
82.31
82.34
82.34
82.38
82.41
82.42
82.41
82.39
82.39
82.40
82.39
82.33
82.29
82.28
82.30
82.33
82.36
82.35
82.26
82.25
82.26
82.32
82.31
82.32
82.29
82.25
82.29
82.30
82.30
82.28
82.26
82.27
82.26
82.24
82.24
82.22
82.24
82.22
82.23
82.22
82.23
82.24
82.24
82.23
82.22
82.21
82.19
82.19
82.17
82.15
82.13
82.13
82.13
82.15
82.13
82.15
82.13
82.12
82.13
82.12
82.11
82.15
82.12
82.10
82.10
82.09
82.07
82.09
82.09
82.10
82.09
82.09
82.10
82.10
82.10
82.11
82.12
82.13
82.15
82.15
82.17
82.16
82.16
82.17
82.15
82.14
82.15
82.17
82.17
82.16
82.15
82.13
82.10
82.11
82.11
82.11
82.12
82.12
82.13
82.13
82.15
82.13
82.11
82.11
82.13
82.15
82.16
82.14
82.14
82.12
82.11
82.11
82.13
82.13
82.12
82.12
82.13
82.14
82.14
82.15
82.15
82.13
82.14
82.15
82.14
82.13
82.16
82.15
82.15
82.15
82.17
82.18
82.21
82.21
82.22
82.21
82.24
82.24
82.25
82.27
82.27
82.28
82.28
82.29
82.28
82.28
82.29
82.28
82.29
82.28
82.26
82.28
82.26
82.25
82.25
82.24
82.25
82.24
82.24
82.23
82.24
82.24
82.23
82.24
82.24
82.24
82.24
82.21
82.22
82.24
82.23
82.22
82.21
82.21
82.20
82.18
82.20
82.17
82.15
82.15
82.14
82.14
82.14
82.15
82.17
82.17
82.18
82.19
82.17
82.18
82.18
82.17
82.17
82.17
82.18
82.19
82.17
82.18
82.17
82.18
82.20
82.20
82.21
82.18
82.18
82.18
82.17
82.15
82.14
82.15
82.14
82.15
82.16
82.13
82.16
82.16
82.17
82.17
82.17
82.17
82.16
82.17
82.17
82.16
82.17
82.16
82.15
82.14
82.12
82.09
82.08
82.08
82.10
82.11
82.11
82.12
82.12
82.11
82.11
82.11
82.11
82.10
82.11
82.10
82.09
82.09
82.09
82.08
82.08
82.09
82.10
82.09
82.09
82.10
82.11
82.09
82.09
82.09
82.08
82.09
82.08
82.07
82.07
82.05
82.05
82.03
82.03
82.04
82.06
82.04
82.06
82.04
82.05
82.05
82.03
82.03
82.03
82.04
82.02
82.01
82.01
82.01
82.00
81.98
81.98
81.98
81.98
81.98
81.98
81.98
81.99
81.99
81.99
81.99
81.97
81.99
81.99
81.99
81.99
82.00
81.98
81.98
81.98
81.99
81.99
81.98
81.98
81.98
81.98
81.98
82.00
82.01
81.99
82.00
82.01
82.02
82.02
82.01
82.02
82.03
82.02
82.02
82.00
82.01
81.99
81.97
81.98
81.99
81.99
81.99
81.98
81.98
81.96
81.96
81.95
81.95
81.95
81.96
81.95
81.95
81.94
81.95
81.95
81.95
81.96
81.95
81.96
81.98
81.97
81.95
81.96
81.94
81.95
81.94
81.93
81.93
81.92
81.91
81.91
81.91
81.89
81.88
81.89
81.90
81.89
81.89
81.89
81.88
81.87
81.86
81.87
81.85
81.86
81.87
81.86
81.86
81.87
81.87
81.88
81.89
81.89
81.90
81.90
81.91
81.91
81.91
81.92
81.92
81.94
81.93
81.93
81.94
81.94
81.94
81.93
81.95
81.95
81.96
81.96
81.95
81.95
81.96
81.95
81.95
81.94
81.94
81.94
81.94
81.93
81.95
81.95
81.95
81.95
81.96
81.96
81.96
81.96
81.96
81.96
81.96
81.96
81.97
81.97
81.97
81.97
81.96
81.96
81.97
81.96
81.96
81.94
81.93
81.92
81.93
81.95
81.96
81.96
81.96
81.96
81.96
81.96
81.96
81.97
81.97
81.98
81.98
81.99
81.99
81.99
81.99
81.99
81.99
81.99
81.99
81.98
81.98
81.99
81.99
81.99
82.00
82.00
82.00
81.99
81.99
81.99
81.99
82.00
81.99
82.01
82.01
82.01
82.00
82.01
82.02
82.02
82.02
82.02
82.02
82.02
82.03
82.04
82.04
82.04
82.03
82.03
82.03
82.03
82.03
82.03
82.03
82.02
82.01
82.01
82.02
82.02
82.03
82.04
82.04
82.04
82.04
82.05
82.05
82.04
82.04
82.05
82.05
82.05
82.03
82.02
82.02
82.01
82.00
82.00
82.00
82.01
82.00
81.99
81.98
81.99
81.99
81.98
81.98
81.99
81.99
81.99
81.99
81.99
82.00
82.00
82.01
82.00
82.00
82.00
82.00
82.00
82.00
82.01
82.01
82.01
82.00
82.00
81.99
81.98
81.98
81.98
81.98
81.99
81.99
81.97
81.97
81.96
81.96
81.96
81.96
81.97
81.97
81.97
81.97
81.99
81.98
81.98
81.98
81.98
81.99
81.98
81.98
81.97
81.98
81.98
81.90
