81.25
80.47
81.25
80.08
80.94
81.77
81.47
81.64
80.90
81.56
81.96
82.16
82.57
83.37
83.75
84.08
84.01
83.59
83.22
83.05
82.89
82.74
82.68
82.42
82.12
81.85
81.42
81.42
81.52
81.30
81.50
81.54
81.44
81.20
81.56
81.51
81.55
81.46
81.37
81.29
81.36
81.55
81.58
81.61
81.49
81.66
81.58
81.54
81.66
81.88
81.77
81.85
81.93
81.92
81.85
81.92
82.02
82.06
81.91
81.90
81.97
81.93
81.85
81.86
81.90
82.01
82.00
82.17
82.22
82.21
82.31
82.31
82.23
82.33
82.27
82.34
82.22
82.31
82.28
82.21
82.27
82.30
82.19
82.07
82.08
82.07
82.00
82.03
81.95
81.96
81.90
81.84
81.92
81.93
81.94
81.90
81.94
81.89
81.82
81.88
81.81
81.88
81.81
81.79
81.85
81.82
81.83
81.87
81.79
81.76
81.70
81.70
81.68
81.69
81.64
81.67
81.61
81.57
81.59
81.60
81.61
81.62
81.61
81.63
81.67
81.72
81.72
81.74
81.75
81.69
81.75
81.79
81.80
81.75
81.75
81.76
81.83
81.83
81.81
81.81
81.79
81.76
81.77
81.80
81.75
81.71
81.73
81.75
81.74
81.69
81.73
81.76
81.77
81.85
81.91
81.90
81.91
81.87
81.93
81.88
81.88
81.94
81.90
81.90
81.95
81.95
81.94
81.91
81.90
81.90
81.94
81.89
81.91
81.87
81.86
81.86
81.85
81.83
81.88
81.84
81.83
81.84
81.84
81.85
81.87
81.86
81.89
81.82
81.85
81.80
81.82
81.83
81.78
81.76
81.79
81.78
81.81
81.82
81.85
81.87
81.89
81.92
81.88
81.87
81.83
81.79
81.75
81.76
81.80
81.82
81.80
81.80
81.78
81.76
81.78
81.81
81.85
81.84
81.84
81.83
81.82
81.81
81.79
81.82
81.81
81.80
81.80
81.84
81.84
81.83
81.86
81.88
81.85
81.85
81.87
81.87
81.82
81.81
81.81
81.80
81.83
81.84
81.87
81.87
81.84
81.85
81.83
81.79
81.80
81.81
81.81
81.83
81.79
81.80
81.79
81.78
81.78
81.83
81.82
81.81
81.80
81.75
81.77
81.78
81.79
81.79
81.78
81.75
81.76
81.77
81.80
81.82
81.82
81.83
81.82
81.80
81.81
81.82
81.80
81.82
81.83
81.85
81.86
81.87
81.88
81.91
81.91
81.93
81.94
81.96
81.98
81.97
81.99
81.97
81.95
81.93
81.94
81.97
81.97
81.95
81.97
81.95
81.95
81.95
81.95
81.92
81.93
81.92
81.94
81.92
81.94
81.92
81.92
81.89
81.91
81.91
81.90
81.88
81.86
81.89
81.90
81.90
81.88
81.88
81.87
81.88
81.88
81.90
81.91
81.92
81.90
81.92
81.90
81.90
81.88
81.90
81.89
81.90
81.90
81.91
81.91
81.89
81.90
81.91
81.92
81.95
81.93
81.95
81.96
81.96
81.94
81.94
81.93
81.93
81.91
81.89
81.89
81.88
81.86
81.85
81.83
81.87
81.86
81.86
81.84
81.88
81.85
81.83
81.83
81.85
81.85
81.86
81.85
81.85
81.86
81.84
81.86
81.86
81.88
81.90
81.91
81.92
81.93
81.93
81.93
81.92
81.90
81.89
81.89
81.87
81.87
81.88
81.89
81.88
81.87
81.86
81.84
81.85
81.85
81.87
81.86
81.86
81.85
81.83
81.85
81.87
81.86
81.87
81.86
81.87
81.87
81.88
81.87
81.86
81.86
81.86
81.86
81.87
81.87
81.89
81.87
81.87
81.89
81.90
81.92
81.94
81.93
81.93
81.92
81.91
81.90
81.91
81.91
81.90
81.90
81.90
81.89
81.89
81.89
81.90
81.91
81.91
81.91
81.92
81.92
81.92
81.91
81.90
81.89
81.89
81.88
81.89
81.88
81.88
81.90
81.90
81.91
81.91
81.90
81.92
81.91
81.91
81.92
81.91
81.93
81.93
81.92
81.94
81.96
81.95
81.96
81.94
81.94
81.95
81.96
81.95
81.96
81.95
81.94
81.93
81.91
81.92
81.93
81.92
81.91
81.92
81.91
81.90
81.90
81.90
81.90
81.92
81.92
81.91
81.91
81.92
81.92
81.93
81.93
81.95
81.94
81.94
81.93
81.94
81.94
81.93
81.93
81.93
81.93
81.94
81.95
81.95
81.96
81.96
81.94
81.92
81.93
81.92
81.92
81.91
81.91
81.93
81.92
81.93
81.93
81.93
81.93
81.93
81.92
81.92
81.93
81.93
81.94
81.94
81.93
81.94
81.95
81.95
81.96
81.96
81.96
81.97
81.96
81.96
81.96
81.95
81.96
81.96
81.95
81.95
81.95
81.95
81.95
81.94
81.93
81.93
81.94
81.94
81.94
81.94
81.95
81.95
81.96
81.97
81.98
81.97
81.97
81.98
81.97
81.98
81.97
81.97
81.98
81.98
81.98
81.99
81.98
81.99
82.01
82.00
82.01
82.01
82.02
82.01
82.00
82.01
82.00
82.00
82.00
82.00
82.00
82.00
82.00
82.01
82.00
82.00
81.99
81.99
82.00
82.00
82.00
81.99
81.99
81.98
81.98
81.98
81.98
81.98
81.96
81.95
81.97
81.98
81.99
81.98
81.98
81.99
81.98
81.98
81.98
81.97
81.96
81.96
81.96
81.98
81.98
81.98
81.97
81.97
81.97
81.97
81.98
81.98
81.99
81.99
81.98
81.98
81.98
81.99
82.00
82.01
82.03
82.03
82.03
82.03
82.02
82.03
82.04
82.06
82.05
82.06
82.06
82.06
82.06
82.04
82.04
82.04
82.05
82.06
82.06
82.06
82.06
82.05
82.04
82.04
82.04
82.02
82.03
82.01
82.00
82.00
82.00
82.00
82.00
82.00
82.00
81.99
82.00
82.01
82.02
82.03
82.03
82.03
82.02
82.02
82.02
82.03
82.03
82.03
82.03
82.03
82.02
82.03
82.05
82.03
82.04
82.04
82.04
82.05
82.05
82.03
82.02
82.02
82.02
82.02
82.02
82.01
82.01
82.00
81.99
82.00
82.00
82.00
82.01
82.02
82.01
82.00
82.00
82.00
81.97
81.97
81.98
81.97
81.97
81.98
81.97
81.98
81.97
81.97
81.98
81.98
81.98
81.98
81.98
81.98
81.98
81.99
81.99
81.99
81.99
81.99
81.99
81.99
81.99
81.99
81.98
81.96
81.97
81.97
81.98
81.97
81.96
81.97
81.97
81.97
81.97
81.96
81.96
81.96
81.96
81.96
81.95
81.95
81.96
81.96
81.96
81.95
81.95
81.95
81.95
81.95
81.95
81.96
81.95
81.94
81.94
81.95
81.96
81.96
81.96
81.96
81.96
81.88
