76.56
81.25
81.25
80.86
80.00
80.21
81.25
81.25
80.38
79.84
79.97
79.82
79.45
79.46
79.79
79.49
80.06
80.30
80.26
80.55
80.88
81.04
81.11
81.05
81.06
80.95
81.02
81.14
81.41
81.46
81.25
81.01
81.06
81.07
81.16
81.25
81.12
81.37
81.41
81.48
81.52
81.47
81.47
81.68
81.77
81.66
81.72
81.74
81.86
81.88
81.89
81.94
82.05
82.15
82.13
82.14
82.18
82.30
82.36
82.37
82.48
82.56
82.64
82.59
82.57
82.60
82.56
82.51
82.54
82.50
82.50
82.47
82.47
82.47
82.60
82.61
82.65
82.67
82.81
82.79
82.79
82.76
82.83
82.83
82.74
82.74
82.85
82.81
82.83
82.85
82.88
82.91
82.98
83.01
82.96
82.99
82.88
82.80
82.77
82.70
82.69
82.71
82.63
82.66
82.69
82.69
82.67
82.60
82.63
82.70
82.74
82.76
82.74
82.72
82.70
82.77
82.79
82.75
82.75
82.72
82.76
82.72
82.77
82.75
82.70
82.71
82.69
82.74
82.73
82.63
82.60
82.62
82.64
82.68
82.65
82.61
82.63
82.60
82.58
82.61
82.60
82.59
82.59
82.57
82.59
82.60
82.58
82.56
82.59
82.56
82.58
82.51
82.53
82.56
82.59
82.61
82.65
82.66
82.67
82.73
82.68
82.72
82.72
82.75
82.77
82.74
82.74
82.72
82.73
82.70
82.68
82.71
82.67
82.68
82.70
82.73
82.71
82.68
82.71
82.69
82.70
82.70
82.72
82.70
82.69
82.68
82.66
82.65
82.65
82.62
82.62
82.62
82.63
82.58
82.55
82.56
82.56
82.53
82.52
82.54
82.53
82.54
82.58
82.58
82.58
82.56
82.59
82.56
82.53
82.52
82.53
82.53
82.52
82.48
82.43
82.39
82.39
82.38
82.37
82.37
82.35
82.32
82.32
82.32
82.33
82.33
82.35
82.36
82.34
82.33
82.31
82.29
82.31
82.30
82.28
82.26
82.25
82.23
82.24
82.24
82.25
82.24
82.23
82.23
82.24
82.24
82.22
82.20
82.20
82.23
82.22
82.18
82.16
82.19
82.21
82.21
82.23
82.23
82.23
82.24
82.24
82.25
82.27
82.29
82.24
82.25
82.23
82.24
82.22
82.21
82.21
82.18
82.18
82.17
82.19
82.18
82.18
82.17
82.15
82.17
82.17
82.16
82.15
82.14
82.15
82.14
82.11
82.11
82.08
82.11
82.10
82.11
82.10
82.08
82.09
82.11
82.10
82.11
82.11
82.11
82.11
82.11
82.12
82.14
82.14
82.13
82.14
82.14
82.11
82.10
82.10
82.10
82.09
82.10
82.10
82.09
82.08
82.07
82.07
82.08
82.06
82.05
82.05
82.03
82.00
81.97
81.99
81.98
81.98
81.99
82.00
81.98
81.99
81.98
82.00
82.02
82.00
81.97
82.00
82.01
81.99
81.99
82.00
81.99
81.98
82.00
81.98
81.98
81.97
81.97
81.95
81.94
81.95
81.96
81.93
81.92
81.92
81.93
81.92
81.94
81.94
81.96
81.99
81.98
81.98
81.98
81.97
81.95
81.95
81.96
81.98
81.98
82.01
82.02
82.01
82.03
82.04
82.04
82.03
82.02
82.01
82.02
82.03
82.04
82.05
82.07
82.05
82.06
82.07
82.08
82.09
82.10
82.10
82.10
82.08
82.08
82.06
82.06
82.04
82.05
82.07
82.07
82.07
82.05
82.06
82.03
82.04
82.03
82.03
82.02
82.02
82.02
82.00
82.01
82.00
81.99
82.00
81.96
81.97
81.96
81.93
81.92
81.93
81.91
81.91
81.91
81.90
81.89
81.88
81.88
81.88
81.88
81.88
81.88
81.87
81.87
81.88
81.87
81.87
81.86
81.85
81.87
81.88
81.89
81.89
81.92
81.91
81.90
81.88
81.89
81.90
81.90
81.90
81.91
81.93
81.92
81.92
81.93
81.93
81.93
81.96
81.95
81.94
81.93
81.92
81.93
81.93
81.93
81.92
81.91
81.91
81.92
81.91
81.92
81.93
81.93
81.93
81.93
81.93
81.93
81.92
81.93
81.93
81.92
81.93
81.92
81.91
81.93
81.92
81.92
81.91
81.90
81.91
81.91
81.91
81.92
81.91
81.92
81.93
81.94
81.93
81.92
81.92
81.90
81.90
81.91
81.92
81.92
81.93
81.91
81.90
81.91
81.91
81.92
81.92
81.93
81.93
81.93
81.93
81.92
81.93
81.93
81.92
81.92
81.92
81.93
81.95
81.95
81.94
81.94
81.96
81.95
81.95
81.95
81.96
81.95
81.96
81.96
81.96
81.96
81.97
81.97
81.98
81.98
81.98
82.00
82.00
81.99
81.98
81.99
81.98
81.99
81.98
81.99
81.98
81.98
81.98
81.98
81.99
81.97
81.97
81.97
81.98
82.00
82.00
82.00
82.01
82.00
82.00
81.99
81.99
82.00
81.98
81.96
81.97
81.97
81.96
81.96
81.96
81.96
81.97
81.96
81.95
81.95
81.95
81.97
81.97
81.99
82.00
81.99
81.98
81.99
81.99
81.99
81.98
81.98
81.98
81.98
81.97
81.96
81.95
81.95
81.95
81.95
81.97
81.96
81.95
81.96
81.96
81.96
81.94
81.93
81.94
81.94
81.94
81.95
81.95
81.96
81.96
81.96
81.96
81.96
81.96
81.97
81.96
81.95
81.95
81.97
81.95
81.95
81.95
81.96
81.96
81.97
81.98
81.97
81.97
81.98
81.98
81.98
81.97
81.99
81.99
81.99
81.99
81.99
82.00
81.99
81.99
81.97
81.96
81.97
81.97
81.97
81.96
81.97
81.97
81.97
81.98
81.98
81.99
81.99
81.99
82.00
81.99
81.98
81.99
82.01
81.99
81.99
81.99
81.99
81.98
81.99
81.99
81.99
81.99
81.99
81.97
81.97
81.96
81.96
81.97
81.98
81.98
81.97
81.96
81.95
81.95
81.95
81.95
81.95
81.96
81.96
81.96
81.97
81.97
81.95
81.95
81.95
81.95
81.96
81.97
81.96
81.97
81.97
81.97
81.97
81.98
81.98
81.99
81.98
81.97
81.97
81.96
81.95
81.93
81.93
81.94
81.93
81.93
81.94
81.95
81.95
81.95
81.96
81.96
81.96
81.96
81.96
81.96
81.96
81.97
81.98
81.97
81.98
81.98
81.97
81.98
81.98
81.97
81.98
81.98
81.97
81.97
81.97
81.98
81.98
81.99
81.98
81.98
81.99
81.99
81.99
81.98
81.98
81.99
81.99
81.97
81.99
81.99
81.99
81.99
81.98
81.98
81.99
81.99
81.99
81.98
81.97
81.98
81.98
81.98
81.98
81.98
81.98
81.97
81.98
81.98
81.97
81.97
81.89
