78.12
77.34
81.77
81.25
80.31
80.99
82.14
82.03
81.94
82.50
82.67
82.94
82.81
83.04
82.92
82.91
82.44
82.20
82.07
82.19
81.85
81.96
82.00
81.90
82.00
82.15
82.47
82.20
82.27
82.50
82.56
82.71
82.62
82.54
82.63
82.55
82.64
82.73
82.85
82.97
82.85
82.96
82.85
82.74
82.81
82.81
82.71
82.91
82.84
82.94
82.87
82.78
82.69
82.49
82.56
82.39
82.46
82.44
82.39
82.45
82.43
82.41
82.39
82.25
82.24
82.15
82.21
82.24
82.16
82.05
81.93
81.77
81.79
81.80
81.62
81.54
81.59
81.67
81.70
81.80
81.85
81.92
81.95
82.05
81.93
81.90
81.97
81.92
81.90
81.93
81.90
81.86
81.82
81.80
81.78
81.84
81.88
81.90
81.93
81.95
81.98
81.85
81.89
81.94
81.93
82.00
81.94
81.94
81.98
81.96
81.98
82.00
81.90
81.83
81.88
81.82
81.78
81.79
81.80
81.81
81.83
81.80
81.83
81.82
81.83
81.81
81.80
81.75
81.70
81.69
81.75
81.75
81.71
81.69
81.68
81.66
81.71
81.70
81.73
81.72
81.75
81.75
81.84
81.84
81.86
81.85
81.88
81.85
81.85
81.81
81.83
81.86
81.87
81.86
81.86
81.84
81.82
81.79
81.80
81.81
81.79
81.82
81.79
81.77
81.72
81.73
81.77
81.72
81.68
81.73
81.76
81.79
81.80
81.81
81.84
81.82
81.83
81.81
81.83
81.81
81.82
81.80
81.80
81.76
81.78
81.80
81.79
81.77
81.78
81.75
81.74
81.73
81.72
81.69
81.71
81.74
81.73
81.72
81.73
81.70
81.70
81.72
81.69
81.69
81.66
81.67
81.63
81.64
81.66
81.69
81.68
81.71
81.75
81.75
81.77
81.76
81.74
81.74
81.77
81.78
81.74
81.75
81.74
81.76
81.79
81.80
81.82
81.85
81.83
81.85
81.79
81.76
81.79
81.79
81.82
81.81
81.81
81.84
81.83
81.81
81.80
81.81
81.84
81.85
81.84
81.86
81.86
81.83
81.79
81.79
81.79
81.81
81.82
81.82
81.81
81.79
81.79
81.78
81.82
81.78
81.76
81.77
81.77
81.79
81.80
81.76
81.77
81.76
81.77
81.74
81.75
81.74
81.75
81.75
81.73
81.70
81.70
81.70
81.69
81.70
81.71
81.69
81.68
81.65
81.68
81.66
81.68
81.67
81.65
81.62
81.60
81.62
81.61
81.61
81.62
81.61
81.61
81.63
81.62
81.63
81.62
81.59
81.61
81.60
81.57
81.59
81.59
81.58
81.56
81.59
81.60
81.59
81.59
81.59
81.57
81.58
81.58
81.57
81.58
81.58
81.60
81.60
81.59
81.60
81.62
81.62
81.64
81.65
81.65
81.66
81.65
81.64
81.64
81.64
81.66
81.66
81.68
81.68
81.69
81.70
81.72
81.72
81.72
81.74
81.73
81.72
81.70
81.70
81.73
81.72
81.72
81.72
81.70
81.73
81.76
81.78
81.78
81.78
81.79
81.81
81.81
81.82
81.81
81.80
81.78
81.79
81.78
81.79
81.82
81.83
81.83
81.84
81.84
81.82
81.81
81.81
81.82
81.83
81.83
81.84
81.83
81.80
81.80
81.82
81.81
81.82
81.82
81.84
81.84
81.83
81.80
81.79
81.79
81.78
81.77
81.78
81.79
81.79
81.81
81.82
81.83
81.82
81.82
81.80
81.79
81.82
81.79
81.78
81.78
81.78
81.79
81.79
81.78
81.77
81.76
81.78
81.76
81.76
81.76
81.76
81.75
81.76
81.77
81.76
81.76
81.77
81.77
81.76
81.77
81.77
81.76
81.76
81.75
81.76
81.76
81.76
81.77
81.78
81.79
81.79
81.79
81.77
81.75
81.74
81.73
81.76
81.74
81.76
81.77
81.77
81.76
81.77
81.79
81.80
81.81
81.84
81.84
81.85
81.86
81.86
81.86
81.87
81.88
81.89
81.88
81.88
81.89
81.87
81.88
81.86
81.86
81.86
81.87
81.88
81.89
81.89
81.89
81.88
81.87
81.88
81.85
81.84
81.84
81.83
81.84
81.85
81.84
81.85
81.86
81.88
81.89
81.89
81.90
81.88
81.88
81.89
81.90
81.90
81.90
81.91
81.90
81.88
81.87
81.85
81.86
81.86
81.85
81.87
81.87
81.87
81.88
81.89
81.90
81.90
81.91
81.89
81.88
81.90
81.91
81.89
81.91
81.90
81.91
81.92
81.93
81.93
81.93
81.92
81.91
81.93
81.93
81.92
81.92
81.93
81.91
81.91
81.91
81.91
81.91
81.93
81.92
81.94
81.94
81.92
81.90
81.90
81.90
81.91
81.91
81.91
81.91
81.92
81.91
81.92
81.92
81.94
81.95
81.95
81.95
81.96
81.96
81.96
81.96
81.96
81.97
81.98
81.98
81.97
81.96
81.95
81.95
81.94
81.95
81.95
81.95
81.97
81.97
81.97
81.96
81.96
81.95
