81.25
81.25
80.73
80.08
80.62
81.25
82.59
83.01
83.16
82.66
82.67
82.81
82.81
82.14
81.88
81.74
81.80
81.94
81.74
81.64
81.70
81.25
81.45
81.38
81.69
81.61
81.54
81.25
81.14
81.09
81.10
81.20
81.44
81.48
81.61
81.51
81.46
81.62
81.57
81.45
81.59
81.66
81.76
81.85
81.91
81.83
82.05
82.06
81.95
81.88
81.89
81.76
81.75
81.83
81.88
81.95
81.99
82.06
82.15
81.93
81.97
81.83
81.89
81.84
81.92
82.03
82.11
82.12
82.04
82.14
82.09
82.12
82.06
82.05
82.10
82.13
82.12
82.13
82.06
82.05
81.96
81.90
81.85
81.99
81.95
81.98
81.99
82.07
82.13
82.15
82.23
82.18
82.31
82.30
82.34
82.32
82.36
82.37
82.35
82.31
82.36
82.38
82.31
82.35
82.25
82.27
82.27
82.32
82.27
82.23
82.18
82.18
82.19
82.24
82.23
82.23
82.25
82.20
82.21
82.20
82.24
82.13
82.15
82.12
82.12
82.13
82.14
82.14
82.19
82.22
82.23
82.23
82.27
82.31
82.35
82.42
82.44
82.37
82.39
82.35
82.34
82.34
82.33
82.31
82.32
82.31
82.30
82.31
82.29
82.32
82.32
82.36
82.37
82.39
82.41
82.43
82.43
82.43
82.46
82.49
82.49
82.45
82.47
82.43
82.44
82.44
82.33
82.30
82.30
82.28
82.29
82.29
82.28
82.31
82.33
82.34
82.35
82.38
82.40
82.42
82.38
82.32
82.31
82.24
82.23
82.16
82.18
82.16
82.16
82.14
82.15
82.12
82.13
82.10
82.12
82.13
82.11
82.09
82.11
82.11
82.12
82.14
82.10
82.08
82.07
82.04
82.05
82.08
82.13
82.13
82.17
82.19
82.20
82.18
82.19
82.20
82.21
82.20
82.17
82.18
82.18
82.20
82.20
82.24
82.24
82.20
82.21
82.21
82.22
82.19
82.17
82.15
82.14
82.12
82.10
82.11
82.09
82.11
82.09
82.08
82.09
82.10
82.09
82.12
82.14
82.16
82.14
82.14
82.12
82.10
82.07
82.06
82.05
82.05
82.07
82.08
82.06
82.08
82.06
82.04
82.03
82.06
82.04
82.04
82.03
81.97
81.92
81.90
81.92
81.92
81.94
81.96
81.97
81.98
81.97
81.95
81.96
81.99
82.00
81.98
81.95
81.97
81.97
81.99
81.97
81.96
81.95
81.95
81.95
81.93
81.91
81.91
81.92
81.90
81.90
81.92
81.90
81.87
81.84
81.84
81.81
81.82
81.83
81.84
81.85
81.81
81.79
81.78
81.80
81.80
81.81
81.82
81.82
81.83
81.83
81.83
81.83
81.85
81.86
81.86
81.87
81.88
81.88
81.91
81.90
81.92
81.90
81.91
81.91
81.89
81.89
81.89
81.90
81.91
81.90
81.88
81.87
81.87
81.86
81.86
81.84
81.83
81.83
81.82
81.82
81.81
81.81
81.82
81.81
81.80
81.82
81.80
81.80
81.79
81.78
81.77
81.78
81.77
81.78
81.76
81.77
81.77
81.78
81.78
81.79
81.78
81.77
81.77
81.76
81.74
81.72
81.73
81.73
81.73
81.73
81.72
81.71
81.72
81.71
81.71
81.71
81.72
81.72
81.73
81.75
81.74
81.75
81.75
81.74
81.76
81.75
81.73
81.74
81.75
81.75
81.74
81.73
81.74
81.74
81.75
81.76
81.75
81.75
81.74
81.74
81.76
81.77
81.78
81.79
81.79
81.81
81.82
81.82
81.84
81.83
81.84
81.84
81.85
81.85
81.85
81.84
81.85
81.85
81.86
81.86
81.86
81.88
81.87
81.87
81.87
81.86
81.86
81.87
81.87
81.86
81.88
81.88
81.88
81.86
81.86
81.86
81.86
81.86
81.86
81.85
81.84
81.83
81.85
81.84
81.82
81.83
81.83
81.85
81.86
81.86
81.85
81.86
81.86
81.88
81.86
81.87
81.89
81.89
81.89
81.88
81.89
81.90
81.91
81.91
81.90
81.91
81.91
81.91
81.91
81.91
81.91
81.92
81.91
81.91
81.92
81.94
81.94
81.92
81.92
81.92
81.92
81.91
81.92
81.93
81.93
81.93
81.93
81.93
81.95
81.95
81.92
81.93
81.93
81.91
81.93
81.93
81.93
81.93
81.94
81.94
81.94
81.95
81.94
81.96
81.95
81.96
81.97
81.95
81.97
81.97
81.95
81.95
81.96
81.95
81.95
81.94
81.94
81.94
81.96
81.96
81.96
81.96
81.95
81.93
81.94
81.93
81.93
81.94
81.95
81.95
81.94
81.94
81.93
81.93
81.94
81.94
81.94
81.95
81.95
81.96
81.97
81.97
81.97
81.95
81.93
81.93
81.92
81.92
81.92
81.92
81.92
81.92
81.92
81.92
81.92
81.92
81.91
81.90
81.91
81.91
81.90
81.91
81.91
81.91
81.91
81.90
81.90
81.90
81.88
81.87
81.87
81.88
81.89
81.89
81.89
81.90
81.90
81.90
81.90
81.90
81.88
81.89
81.90
81.91
81.91
81.91
81.92
81.92
81.92
81.93
81.94
81.95
81.95
81.94
81.94
81.94
81.94
81.94
81.95
81.96
81.96
81.96
81.95
81.94
81.96
81.96
81.95
81.96
81.95
81.96
81.97
81.97
81.96
81.95
81.96
81.96
81.97
81.97
81.97
81.96
81.97
81.97
81.97
81.98
81.97
81.96
81.96
81.96
81.95
81.96
81.97
81.96
81.96
81.96
81.97
81.98
81.96
81.96
81.96
81.97
81.98
81.98
81.97
81.97
81.97
81.98
81.98
81.99
81.99
81.99
81.98
81.96
81.96
81.97
81.96
81.97
81.97
81.98
81.98
81.98
81.97
81.98
81.97
81.97
81.97
81.98
81.98
81.96
81.95
81.95
81.95
81.96
81.96
81.97
81.97
81.97
81.97
81.98
81.98
81.98
81.98
81.99
81.99
82.00
82.01
82.02
82.02
82.03
82.03
82.03
82.04
82.03
82.03
82.03
82.03
82.04
82.04
82.04
82.04
