85.94
84.38
83.33
83.59
82.81
84.11
83.93
83.40
84.03
83.75
83.66
84.38
84.13
83.37
83.12
83.30
83.46
83.77
83.63
83.44
83.33
83.24
83.15
83.33
83.31
83.41
83.28
83.20
82.76
82.60
82.51
82.71
82.72
82.58
82.68
82.55
82.60
82.77
82.69
82.89
83.00
83.00
83.10
83.17
83.30
83.12
83.11
83.04
82.91
82.75
82.78
82.66
82.75
82.78
82.90
82.67
82.65
82.70
82.73
82.76
82.89
82.86
82.76
82.81
82.81
82.81
82.74
82.65
82.70
82.70
82.68
82.68
82.75
82.73
82.73
82.69
82.67
82.71
82.75
82.81
82.81
82.79
82.79
82.76
82.78
82.81
82.79
82.71
82.71
82.74
82.76
82.78
82.81
82.81
82.86
82.75
82.72
82.62
82.64
82.64
82.56
82.58
82.68
82.69
82.65
82.75
82.75
82.74
82.77
82.80
82.76
82.73
82.72
82.65
82.61
82.62
82.60
82.65
82.64
82.67
82.72
82.72
82.72
82.74
82.72
82.71
82.60
82.62
82.59
82.60
82.56
82.52
82.46
82.45
82.50
82.43
82.41
82.40
82.45
82.46
82.49
82.49
82.44
82.41
82.37
82.35
82.40
82.35
82.39
82.42
82.44
82.39
82.39
82.40
82.43
82.41
82.43
82.39
82.38
82.35
82.37
82.38
82.38
82.41
82.43
82.43
82.39
82.39
82.40
82.44
82.45
82.43
82.44
82.47
82.47
82.48
82.49
82.51
82.43
82.43
82.43
82.34
82.32
82.31
82.34
82.35
82.38
82.36
82.38
82.37
82.34
82.33
82.34
82.28
82.30
82.28
82.25
82.25
82.24
82.24
82.25
82.24
82.20
82.20
82.19
82.18
82.17
82.18
82.16
82.14
82.15
82.14
82.12
82.13
82.15
82.14
82.14
82.19
82.16
82.17
82.20
82.15
82.17
82.19
82.17
82.18
82.22
82.23
82.24
82.24
82.26
82.25
82.28
82.28
82.27
82.25
82.25
82.25
82.24
82.25
82.25
82.25
82.23
82.24
82.27
82.29
82.30
82.29
82.29
82.28
82.25
82.25
82.28
82.31
82.33
82.35
82.36
82.34
82.34
82.35
82.38
82.38
82.37
82.37
82.36
82.38
82.42
82.42
82.41
82.41
82.42
82.42
82.41
82.36
82.36
82.34
82.30
82.28
82.25
82.23
82.21
82.21
82.22
82.22
82.20
82.22
82.22
82.22
82.20
82.17
82.18
82.19
82.19
82.17
82.18
82.16
82.15
82.17
82.15
82.14
82.13
82.13
82.09
82.07
82.05
82.06
82.05
82.06
82.06
82.06
82.04
82.04
82.04
82.04
82.07
82.07
82.08
82.10
82.11
82.14
82.14
82.13
82.12
82.10
82.10
82.08
82.09
82.08
82.08
82.10
82.09
82.08
82.05
82.04
82.05
82.06
82.08
82.07
82.08
82.10
82.10
82.11
82.12
82.11
82.12
82.12
82.12
82.10
82.10
82.10
82.10
82.10
82.08
82.08
82.10
82.10
82.10
82.10
82.10
82.08
82.11
82.11
82.12
82.13
82.16
82.14
82.14
82.14
82.13
82.14
82.10
82.10
82.10
82.07
82.06
82.07
82.09
82.11
82.10
82.13
82.10
82.10
82.08
82.06
82.05
82.05
82.04
82.04
82.02
82.03
82.02
82.02
82.04
82.04
82.05
82.03
82.04
82.05
82.04
82.04
82.06
82.05
82.05
82.06
82.09
82.08
82.06
82.05
82.04
82.06
82.08
82.07
82.06
82.05
82.06
82.07
82.06
82.05
82.05
82.06
82.06
82.05
82.07
82.05
82.06
82.06
82.06
82.06
82.06
82.06
82.05
82.05
82.05
82.04
82.03
82.03
82.03
82.05
82.04
82.02
82.02
82.03
82.03
82.03
82.02
82.02
82.04
82.04
82.04
82.02
82.02
82.05
82.07
82.07
82.06
82.06
82.06
82.06
82.06
82.06
82.06
82.08
82.09
82.09
82.08
82.08
82.09
82.09
82.09
82.10
82.09
82.10
82.10
82.10
82.09
82.10
82.09
82.08
82.09
82.07
82.06
82.05
82.06
82.06
82.06
82.06
82.06
82.07
82.06
82.06
82.06
82.06
82.07
82.08
82.08
82.08
82.09
82.08
82.08
82.09
82.09
82.11
82.13
82.11
82.13
82.14
82.13
82.12
82.14
82.14
82.14
82.14
82.15
82.14
82.16
82.16
82.16
82.15
82.15
82.15
82.16
82.15
82.15
82.15
82.15
82.16
82.14
82.13
82.14
82.13
82.14
82.14
82.14
82.15
82.14
82.14
82.14
82.12
82.12
82.10
82.10
82.11
82.12
82.12
82.12
82.13
82.13
82.12
82.12
82.11
82.11
82.12
82.11
82.12
82.13
82.12
82.12
82.10
82.10
82.11
82.11
82.11
82.12
82.12
82.12
82.12
82.12
82.12
82.12
82.11
82.11
82.11
82.12
82.11
82.09
82.08
82.09
82.10
82.10
82.10
82.11
82.10
82.09
82.08
82.06
82.06
82.05
82.04
82.04
82.03
82.03
82.04
82.04
82.04
82.04
82.04
82.05
82.04
82.05
82.04
82.03
82.03
82.02
82.02
82.02
82.02
82.01
82.01
82.01
82.02
82.02
82.01
82.02
82.02
82.02
82.02
82.01
82.01
81.99
81.99
81.99
81.99
81.98
81.98
81.99
81.99
81.99
81.99
81.97
81.99
81.98
81.99
82.00
82.01
82.01
82.01
82.00
81.98
81.98
81.99
82.00
81.99
81.99
81.99
81.99
81.99
81.98
81.97
81.97
81.98
81.98
81.97
81.97
81.97
81.98
81.98
81.98
81.97
81.99
81.99
82.00
81.99
81.99
81.99
82.00
82.00
82.00
81.99
81.98
81.97
81.97
81.96
81.97
81.96
81.95
81.95
81.94
81.94
81.95
81.95
81.95
81.95
81.96
81.95
81.95
81.95
81.96
81.97
81.97
81.97
81.97
81.98
81.99
81.98
81.99
81.97
81.97
81.97
81.97
81.98
81.99
82.00
82.00
82.01
82.01
82.00
82.01
82.02
82.02
82.01
82.01
82.01
82.01
82.02
82.03
82.04
82.05
82.04
82.03
82.03
82.02
82.02
82.02
82.02
82.01
82.01
82.01
82.00
82.00
81.99
81.99
81.99
81.99
81.99
81.99
81.99
82.00
81.99
81.99
81.99
81.99
82.00
82.00
82.00
82.01
82.01
82.01
82.01
82.01
82.00
82.00
82.00
81.99
81.99
81.99
81.99
81.99
81.99
82.00
82.00
82.00
81.99
82.00
82.01
82.01
82.01
82.00
82.01
81.99
81.98
81.98
81.97
81.97
81.97
81.97
81.97
81.97
81.97
81.97
81.96
81.97
81.88
