89.06
86.72
86.46
83.20
82.81
83.33
83.04
82.62
82.81
82.19
81.82
82.16
82.33
82.14
82.08
82.71
82.81
82.73
83.06
82.81
83.11
83.10
82.88
82.88
82.88
82.75
82.81
83.04
83.19
83.28
83.47
83.40
83.33
83.23
83.30
83.29
83.28
83.22
83.17
83.01
82.96
82.96
82.99
82.74
82.95
82.91
82.81
82.78
82.72
82.72
82.81
82.75
82.81
82.78
82.67
82.53
82.57
82.65
82.55
82.55
82.43
82.41
82.47
82.40
82.33
82.53
82.42
82.31
82.38
82.34
82.26
82.29
82.30
82.26
82.31
82.28
82.26
82.21
82.20
82.21
82.21
82.28
82.17
82.09
82.08
82.12
82.17
82.07
82.06
82.05
82.06
82.01
82.11
82.05
82.01
82.06
82.15
82.27
82.34
82.39
82.29
82.26
82.22
82.21
82.20
82.09
81.99
82.00
82.00
81.96
81.95
81.96
81.96
81.96
81.97
81.83
81.84
81.83
81.87
81.86
81.93
81.98
82.05
82.12
82.06
82.08
82.07
82.10
82.12
82.08
82.05
82.00
82.04
82.07
82.11
82.16
82.19
82.16
82.14
82.17
82.21
82.19
82.17
82.17
82.19
82.18
82.20
82.16
82.14
82.11
82.15
82.16
82.13
82.12
82.14
82.16
82.18
82.20
82.21
82.19
82.20
82.20
82.13
82.15
82.17
82.20
82.19
82.20
82.17
82.20
82.15
82.17
82.16
82.14
82.13
82.16
82.15
82.11
82.14
82.18
82.14
82.17
82.13
82.12
82.13
82.17
82.20
82.26
82.28
82.29
82.29
82.30
82.27
82.29
82.28
82.29
82.30
82.29
82.32
82.34
82.32
82.30
82.29
82.31
82.31
82.29
82.29
82.26
82.27
82.27
82.23
82.26
82.25
82.23
82.25
82.22
82.19
82.17
82.14
82.16
82.18
82.19
82.20
82.23
82.22
82.22
82.21
82.18
82.21
82.19
82.17
82.19
82.19
82.18
82.19
82.21
82.21
82.22
82.19
82.24
82.26
82.27
82.27
82.27
82.25
82.22
82.21
82.22
82.23
82.24
82.24
82.24
82.24
82.25
82.23
82.23
82.24
82.21
82.19
82.19
82.20
82.20
82.21
82.18
82.18
82.16
82.17
82.19
82.17
82.16
82.12
82.11
82.13
82.11
82.11
82.12
82.13
82.12
82.10
82.12
82.13
82.16
82.15
82.16
82.17
82.18
82.21
82.23
82.22
82.21
82.23
82.23
82.26
82.24
82.24
82.23
82.21
82.19
82.19
82.20
82.22
82.22
82.22
82.21
82.22
82.20
82.21
82.20
82.20
82.17
82.16
82.16
82.16
82.16
82.13
82.14
82.15
82.15
82.16
82.17
82.15
82.15
82.14
82.12
82.14
82.15
82.12
82.11
82.11
82.08
82.08
82.05
82.07
82.08
82.07
82.06
82.05
82.06
82.08
82.07
82.07
82.09
82.10
82.10
82.11
82.11
82.09
82.10
82.11
82.10
82.10
82.13
82.13
82.12
82.12
82.10
82.10
82.10
82.10
82.12
82.12
82.14
82.15
82.15
82.15
82.15
82.14
82.16
82.16
82.15
82.16
82.17
82.15
82.16
82.16
82.16
82.12
82.11
82.11
82.11
82.11
82.09
82.09
82.09
82.10
82.12
82.12
82.10
82.09
82.09
82.07
82.09
82.10
82.09
82.08
82.07
82.08
82.07
82.05
82.05
82.05
82.05
82.05
82.04
82.04
82.05
82.06
82.05
82.06
82.07
82.06
82.07
82.06
82.06
82.06
82.06
82.05
82.05
82.06
82.07
82.06
82.06
82.08
82.09
82.10
82.10
82.11
82.12
82.14
82.13
82.12
82.13
82.12
82.10
82.11
82.11
82.10
82.10
82.09
82.08
82.10
82.11
82.10
82.11
82.10
82.10
82.10
82.10
82.10
82.08
82.08
82.09
82.08
82.10
82.11
82.11
82.12
82.10
82.09
82.11
82.09
82.11
82.11
82.13
82.14
82.15
82.16
82.17
82.18
82.18
82.20
82.20
82.20
82.18
82.19
82.19
82.16
82.15
82.14
82.16
82.16
82.15
82.15
82.13
82.14
82.13
82.14
82.13
82.15
82.17
82.16
82.16
82.15
82.16
82.17
82.14
82.13
82.13
82.12
82.12
82.10
82.10
82.09
82.10
82.08
82.10
82.09
82.08
82.08
82.09
82.10
82.08
82.08
82.09
82.09
82.09
82.09
82.09
82.08
82.08
82.09
82.09
82.08
82.06
82.06
82.07
82.07
82.06
82.06
82.06
82.06
82.06
82.06
82.07
82.07
82.07
82.09
82.10
82.10
82.09
82.09
82.09
82.09
82.08
82.10
82.09
82.08
82.09
82.09
82.09
82.11
82.10
82.10
82.10
82.09
82.09
82.08
82.08
82.06
82.06
82.08
82.09
82.08
82.08
82.07
82.07
82.07
82.06
82.05
82.05
82.06
82.06
82.06
82.06
82.05
82.07
82.07
82.07
82.07
82.08
82.08
82.07
82.07
82.06
82.06
82.06
82.05
82.06
82.05
82.05
82.06
82.06
82.05
82.06
82.05
82.03
82.03
82.04
82.04
82.05
82.05
82.04
82.05
82.05
82.05
82.04
82.05
82.04
82.03
82.03
82.02
82.02
82.01
82.01
82.01
82.01
82.01
82.01
82.02
82.04
82.03
82.04
82.04
82.03
82.03
82.02
82.03
82.05
82.04
82.06
82.06
82.06
82.04
82.05
82.04
82.05
82.04
82.03
82.04
82.05
82.04
82.05
82.04
82.05
82.04
82.04
82.04
82.05
82.05
82.06
82.06
82.06
82.05
82.06
82.05
82.06
82.06
82.07
82.07
82.07
82.07
82.07
82.08
82.09
82.08
82.08
82.08
82.07
82.08
82.08
82.08
82.08
82.08
82.09
82.08
82.09
82.09
82.10
82.08
82.07
82.07
82.07
82.08
82.09
82.09
82.09
82.09
82.10
82.10
82.09
82.09
82.09
82.08
82.07
82.06
82.07
82.06
82.06
82.07
82.06
82.06
82.05
82.05
82.06
82.05
82.03
82.02
82.02
82.00
82.01
82.01
82.00
82.01
82.01
82.02
82.03
82.03
82.04
82.03
82.03
82.03
82.02
82.03
82.02
82.03
82.02
82.02
82.02
82.01
82.01
82.01
82.02
82.03
82.02
82.01
82.01
82.02
82.01
82.02
82.02
82.02
82.01
82.01
82.00
82.00
82.00
81.99
81.99
81.99
81.98
82.00
81.99
81.98
81.99
82.00
82.00
82.00
82.00
82.00
82.00
82.00
82.00
81.99
81.98
81.99
81.98
81.97
81.97
81.97
81.97
81.96
81.96
81.96
81.97
81.96
81.95
81.95
81.95
81.96
81.96
81.97
81.88
