89.06
81.25
83.33
79.69
81.56
82.29
81.03
81.25
81.42
81.56
80.97
81.51
81.25
80.92
81.04
80.86
81.16
81.34
81.58
81.88
82.14
82.17
81.66
81.58
81.62
81.55
81.66
81.70
81.79
81.77
81.80
81.88
81.82
82.08
82.23
82.25
82.09
82.11
82.25
82.11
82.09
82.18
82.12
82.28
82.29
82.27
82.28
82.19
82.27
82.31
82.57
82.51
82.61
82.61
82.53
82.59
82.54
82.54
82.60
82.66
82.68
82.76
82.69
82.52
82.50
82.48
82.58
82.49
82.40
82.41
82.35
82.40
82.30
82.24
82.23
82.32
82.33
82.37
82.38
82.44
82.52
82.60
82.55
82.55
82.52
82.47
82.42
82.39
82.39
82.41
82.43
82.44
82.41
82.40
82.42
82.32
82.31
82.33
82.34
82.33
82.24
82.26
82.31
82.32
82.26
82.27
82.27
82.22
82.27
82.24
82.29
82.30
82.27
82.31
82.26
82.26
82.25
82.27
82.26
82.23
82.15
82.20
82.23
82.16
82.22
82.24
82.19
82.18
82.21
82.22
82.19
82.20
82.18
82.18
82.16
82.16
82.14
82.12
82.08
82.09
82.08
82.12
82.09
82.03
82.05
82.05
82.07
82.11
82.10
82.06
82.09
82.05
82.09
82.10
82.10
82.07
82.05
82.03
82.02
82.01
82.07
82.10
82.09
82.11
82.14
82.15
82.11
82.11
82.12
82.09
82.06
82.04
82.04
82.01
82.03
82.03
81.97
81.93
81.87
81.87
81.91
81.86
81.85
81.78
81.80
81.74
81.75
81.78
81.78
81.77
81.74
81.74
81.70
81.68
81.69
81.68
81.69
81.68
81.69
81.65
81.60
81.62
81.63
81.56
81.59
81.61
81.65
81.67
81.63
81.62
81.59
81.58
81.61
81.59
81.56
81.58
81.60
81.63
81.63
81.64
81.65
81.63
81.64
81.68
81.72
81.73
81.72
81.72
81.73
81.72
81.74
81.74
81.79
81.78
81.79
81.78
81.81
81.85
81.87
81.88
81.89
81.86
81.85
81.88
81.88
81.91
81.93
81.94
81.92
81.91
81.88
81.86
81.84
81.82
81.84
81.81
81.79
81.78
81.76
81.78
81.77
81.78
81.76
81.76
81.75
81.76
81.75
81.75
81.77
81.78
81.80
81.80
81.81
81.82
81.81
81.80
81.87
81.90
81.87
81.87
81.88
81.89
81.92
81.96
81.98
81.97
81.94
81.98
81.93
81.92
81.92
81.91
81.90
81.92
81.93
81.91
81.91
81.94
81.93
81.91
81.92
81.89
81.90
81.89
81.89
81.86
81.85
81.85
81.85
81.85
81.86
81.85
81.85
81.85
81.86
81.87
81.89
81.89
81.90
81.89
81.88
81.89
81.89
81.89
81.89
81.89
81.91
81.91
81.89
81.91
81.90
81.87
81.86
81.86
81.87
81.87
81.89
81.87
81.88
81.89
81.90
81.90
81.91
81.91
81.89
81.89
81.90
81.91
81.93
81.94
81.92
81.92
81.91
81.93
81.95
81.96
81.96
81.97
81.98
81.98
81.98
81.98
81.98
81.97
81.97
81.96
81.97
81.97
81.97
81.98
81.99
82.01
82.02
82.04
82.01
82.00
82.00
82.00
81.99
81.99
81.99
82.01
82.04
82.04
82.04
82.04
82.05
82.06
82.05
82.06
82.05
82.05
82.07
82.05
82.06
82.07
82.08
82.08
82.06
82.07
82.07
82.05
82.05
82.04
82.06
82.06
82.06
82.06
82.06
82.04
82.04
82.04
82.03
82.01
82.02
82.01
82.00
82.01
82.02
82.01
82.01
82.01
82.02
82.03
82.03
82.01
82.01
82.03
82.02
82.02
82.02
82.02
82.03
82.03
82.02
82.02
82.03
82.03
82.05
82.06
82.05
82.03
82.03
82.03
82.05
82.06
82.07
82.08
82.09
82.08
82.08
82.08
82.07
82.09
82.09
82.10
82.11
82.09
82.11
82.10
82.11
82.12
82.11
82.11
82.09
82.10
82.09
82.08
82.09
82.07
82.05
82.04
82.05
82.05
82.04
82.02
82.02
82.00
82.01
82.01
82.02
82.02
82.03
82.02
82.02
82.02
82.03
82.02
82.00
82.01
82.00
82.00
81.99
81.99
81.98
81.99
82.00
81.99
82.00
81.99
81.99
82.00
81.99
81.98
81.99
81.98
82.00
82.00
82.01
82.02
82.03
82.05
82.04
82.03
82.01
82.01
82.02
82.01
82.01
82.00
82.00
81.99
81.99
81.98
81.99
82.00
82.00
82.00
81.99
82.00
82.01
82.00
81.98
81.99
81.99
82.01
82.02
82.01
82.02
82.02
82.03
82.03
82.02
82.03
82.04
82.03
82.03
82.03
82.04
82.04
82.04
82.04
82.06
82.04
82.05
82.06
82.04
82.04
82.05
82.03
82.00
81.99
81.99
81.99
81.99
82.01
82.00
82.00
81.98
81.97
81.97
81.98
81.99
82.00
82.00
82.00
81.99
82.00
82.01
82.00
82.01
82.02
82.02
82.01
82.02
82.02
82.01
82.01
82.01
82.00
81.99
81.99
81.97
81.98
81.99
81.99
82.00
82.00
82.00
81.99
82.00
82.01
82.01
82.01
82.00
82.00
82.01
82.02
82.03
82.04
82.05
82.05
82.04
82.02
82.02
82.03
82.03
82.04
82.01
82.00
81.98
81.98
81.97
81.97
81.97
81.99
82.00
82.00
81.99
81.99
82.00
81.99
82.00
81.99
82.00
82.01
82.01
82.02
82.02
82.02
82.01
82.00
82.01
82.00
82.01
82.01
82.00
82.00
82.00
82.01
82.01
82.01
82.01
82.00
82.01
82.02
82.01
82.00
81.99
81.99
81.99
81.99
81.98
81.98
81.99
81.99
81.99
81.99
81.99
82.01
82.00
82.00
82.00
82.01
82.01
82.01
81.99
82.00
82.00
82.01
82.00
82.00
82.01
82.02
82.02
82.02
82.01
82.00
82.00
82.01
82.00
82.00
82.00
82.00
82.00
81.99
81.99
81.99
81.99
82.00
81.99
81.99
81.98
81.99
81.99
81.99
81.99
82.00
81.99
81.98
81.97
81.99
81.97
81.98
81.99
82.00
81.98
81.98
81.98
81.99
81.98
81.99
81.99
82.00
82.00
82.00
81.99
81.99
82.00
82.01
82.00
82.00
82.00
82.00
82.00
82.01
82.01
82.01
82.01
82.02
82.01
82.00
82.01
82.02
82.02
82.01
82.01
82.00
81.99
81.99
82.00
81.99
81.98
81.98
81.98
81.99
82.00
81.99
81.99
81.99
81.99
81.98
81.99
81.99
81.98
81.99
81.99
81.98
81.99
81.99
81.98
81.99
81.98
81.99
81.99
81.99
82.00
81.99
81.98
81.98
81.99
81.90
