79.69
80.47
79.69
81.64
82.19
82.81
82.14
82.42
82.81
82.66
82.95
82.94
82.33
82.48
82.81
82.13
82.44
82.55
81.83
82.03
81.85
81.75
81.59
81.84
81.88
82.09
82.12
82.14
82.17
82.24
81.96
81.98
82.01
81.94
82.14
82.47
82.35
82.40
82.65
82.73
82.66
82.55
82.45
82.56
82.53
82.54
82.45
82.58
82.53
82.41
82.38
82.51
82.43
82.41
82.44
82.42
82.46
82.30
82.12
82.29
82.30
82.31
82.39
82.35
82.33
82.34
82.28
82.26
82.22
82.30
82.28
82.34
82.38
82.43
82.42
82.32
82.41
82.39
82.46
82.52
82.54
82.58
82.53
82.55
82.50
82.50
82.44
82.42
82.43
82.41
82.49
82.42
82.34
82.31
82.27
82.32
82.43
82.45
82.45
82.48
82.56
82.61
82.58
82.56
82.51
82.52
82.54
82.47
82.44
82.43
82.43
82.41
82.44
82.47
82.50
82.49
82.45
82.42
82.44
82.49
82.52
82.53
82.52
82.54
82.55
82.51
82.55
82.52
82.47
82.50
82.49
82.52
82.57
82.56
82.49
82.54
82.54
82.50
82.51
82.58
82.61
82.65
82.62
82.61
82.54
82.51
82.48
82.50
82.51
82.53
82.55
82.52
82.50
82.53
82.54
82.52
82.48
82.46
82.47
82.48
82.47
82.45
82.42
82.41
82.36
82.35
82.37
82.32
82.35
82.37
82.36
82.37
82.41
82.38
82.34
82.33
82.34
82.36
82.31
82.31
82.33
82.37
82.35
82.37
82.36
82.33
82.27
82.31
82.31
82.30
82.29
82.28
82.27
82.26
82.29
82.30
82.31
82.34
82.33
82.29
82.31
82.32
82.33
82.33
82.31
82.31
82.28
82.26
82.24
82.26
82.24
82.26
82.28
82.27
82.27
82.31
82.32
82.31
82.32
82.33
82.32
82.35
82.36
82.35
82.36
82.37
82.33
82.31
82.30
82.29
82.33
82.33
82.36
82.37
82.38
82.38
82.36
82.35
82.35
82.36
82.37
82.39
82.39
82.38
82.42
82.41
82.41
82.40
82.42
82.41
82.40
82.38
82.42
82.41
82.42
82.42
82.44
82.41
82.44
82.47
82.45
82.47
82.43
82.43
82.44
82.46
82.46
82.40
82.38
82.35
82.37
82.39
82.37
82.35
82.34
82.30
82.31
82.32
82.31
82.32
82.35
82.34
82.33
82.33
82.32
82.33
82.34
82.34
82.33
82.32
82.30
82.28
82.30
82.30
82.30
82.32
82.31
82.29
82.30
82.28
82.29
82.28
82.32
82.32
82.31
82.30
82.30
82.31
82.31
82.30
82.29
82.28
82.30
82.29
82.28
82.26
82.25
82.23
82.25
82.27
82.26
82.26
82.25
82.27
82.26
82.29
82.30
82.30
82.28
82.28
82.31
82.34
82.32
82.31
82.30
82.32
82.33
82.31
82.31
82.30
82.29
82.29
82.28
82.27
82.24
82.25
82.26
82.27
82.28
82.30
82.31
82.29
82.30
82.30
82.31
82.33
82.34
82.38
82.38
82.37
82.37
82.34
82.34
82.34
82.33
82.34
82.33
82.31
82.30
82.31
82.32
82.30
82.29
82.27
82.27
82.26
82.26
82.26
82.28
82.27
82.27
82.24
82.23
82.22
82.20
82.20
82.22
82.21
82.21
82.22
82.21
82.23
82.23
82.23
82.23
82.21
82.23
82.24
82.25
82.24
82.22
82.22
82.23
82.22
82.24
82.24
82.24
82.25
82.26
82.25
82.24
82.25
82.24
82.25
82.25
82.25
82.24
82.24
82.25
82.25
82.26
82.26
82.26
82.25
82.25
82.25
82.26
82.26
82.26
82.25
82.24
82.23
82.24
82.25
82.23
82.24
82.23
82.24
82.23
82.24
82.24
82.24
82.23
82.23
82.22
82.21
82.21
82.22
82.21
82.22
82.21
82.21
82.22
82.21
82.21
82.23
82.22
82.22
82.22
82.21
82.21
82.20
82.20
82.19
82.19
82.20
82.21
82.20
82.22
82.22
82.21
82.20
82.21
82.20
82.21
82.21
82.21
82.21
82.20
82.19
82.20
82.20
82.18
82.20
82.21
82.23
82.23
82.22
82.21
82.22
82.22
82.21
82.21
82.22
82.21
82.21
82.21
82.20
82.19
82.19
82.19
82.19
82.19
82.18
82.20
82.19
82.18
82.19
82.18
82.16
82.17
82.20
82.19
82.20
82.17
82.17
82.16
82.15
82.16
82.13
82.13
82.11
82.10
82.09
82.09
82.10
82.10
82.10
82.09
82.08
82.08
82.08
82.06
82.06
82.06
82.07
82.09
82.09
82.10
82.11
82.10
82.09
82.09
82.09
82.12
82.10
82.11
82.11
82.11
82.11
82.11
82.10
82.10
82.10
82.08
82.08
82.07
82.07
82.07
82.06
82.07
82.04
82.03
82.03
82.03
82.02
82.04
82.04
82.04
82.02
82.02
82.02
82.02
82.02
82.02
82.00
82.01
82.00
82.00
81.99
81.98
81.96
81.96
81.96
81.96
81.95
81.94
81.93
81.94
81.95
81.95
81.94
81.94
81.92
81.93
81.93
81.94
81.93
81.93
81.93
81.92
81.94
81.94
81.94
81.93
81.93
81.92
81.92
81.92
81.92
81.91
81.90
81.90
81.91
81.89
81.90
81.90
81.91
81.90
81.92
81.93
81.93
81.93
81.95
81.94
81.94
81.94
81.94
81.93
81.93
81.91
81.90
81.91
81.92
81.92
81.91
81.91
81.91
81.91
81.91
81.92
81.91
81.91
81.92
81.92
81.93
81.94
81.95
81.96
81.96
81.97
81.97
81.96
81.95
81.95
81.97
81.98
81.98
81.98
81.97
81.97
81.97
81.99
81.97
81.98
81.97
81.98
81.98
81.97
81.97
81.98
81.97
81.97
81.97
81.97
81.97
81.98
81.98
82.00
82.01
82.01
82.00
82.00
82.00
82.00
82.01
81.99
81.99
81.99
81.99
81.99
81.99
81.99
82.00
81.99
82.00
81.98
81.98
81.98
81.98
81.99
81.99
81.99
81.99
81.99
81.98
81.98
81.97
81.98
81.99
81.98
81.98
81.97
81.99
81.98
81.99
81.98
81.99
81.99
81.99
81.99
81.98
81.97
81.98
81.97
81.97
81.98
81.99
81.99
81.99
81.99
82.00
81.99
82.00
81.99
81.98
81.99
81.98
81.98
81.98
81.98
81.97
81.98
81.98
81.99
81.99
81.99
81.99
81.98
81.98
81.97
81.97
81.98
81.98
81.98
81.98
81.99
81.98
81.98
81.99
81.99
81.99
81.99
81.99
82.00
81.99
82.00
81.99
81.99
82.00
81.99
82.00
82.00
81.99
81.98
81.98
81.98
81.97
81.98
81.99
81.98
81.90
