76.56
79.69
78.12
78.91
79.38
78.91
79.02
79.69
80.03
80.16
80.11
80.47
80.53
80.92
81.35
81.25
81.16
81.16
81.33
81.41
81.70
82.10
81.93
81.84
82.12
82.15
82.12
82.42
82.54
82.71
82.91
82.96
83.05
82.95
82.77
82.77
82.60
82.65
82.53
82.38
82.32
82.66
82.59
82.39
82.29
82.30
82.28
82.13
81.98
81.88
81.83
81.73
81.66
81.71
81.65
81.56
81.55
81.47
81.46
81.54
81.53
81.60
81.50
81.59
81.66
81.72
81.74
81.73
81.75
81.70
81.78
81.84
81.85
81.88
81.94
81.87
81.90
81.91
81.88
81.82
81.81
81.90
81.78
81.81
81.73
81.78
81.88
81.89
81.88
81.81
81.87
81.96
82.06
82.05
82.01
81.97
81.91
81.94
81.99
81.95
81.96
81.97
82.01
81.93
81.93
81.97
81.91
81.87
81.95
81.86
81.80
81.78
81.82
81.76
81.74
81.72
81.73
81.66
81.66
81.78
81.73
81.70
81.73
81.79
81.80
81.77
81.73
81.69
81.69
81.67
81.66
81.68
81.67
81.59
81.61
81.58
81.59
81.59
81.59
81.65
81.68
81.72
81.72
81.75
81.76
81.74
81.74
81.76
81.80
81.76
81.79
81.76
81.80
81.78
81.79
81.80
81.80
81.78
81.82
81.80
81.86
81.90
81.94
81.94
81.99
82.00
82.02
81.98
81.96
81.97
81.92
81.91
81.92
81.93
81.93
81.92
81.91
81.87
81.89
81.87
81.85
81.83
81.80
81.81
81.80
81.83
81.83
81.84
81.82
81.78
81.75
81.75
81.74
81.76
81.75
81.74
81.76
81.79
81.79
81.80
81.83
81.83
81.85
81.81
81.84
81.85
81.85
81.86
81.88
81.86
81.88
81.90
81.95
81.97
82.00
81.98
81.94
81.94
81.93
81.93
81.96
81.97
81.98
81.99
82.00
81.99
82.01
82.04
82.04
82.04
82.03
82.03
82.01
82.00
82.02
82.03
82.02
82.03
82.02
82.02
81.98
81.99
81.98
81.98
82.00
81.97
81.96
81.97
81.97
81.97
81.98
81.94
81.93
81.90
81.91
81.92
81.88
81.88
81.90
81.89
81.88
81.87
81.88
81.87
81.90
81.87
81.85
81.86
81.85
81.85
81.85
81.85
81.86
81.82
81.84
81.84
81.85
81.83
81.80
81.77
81.77
81.75
81.80
81.81
81.79
81.76
81.75
81.76
81.74
81.71
81.69
81.64
81.67
81.66
81.67
81.68
81.69
81.66
81.65
81.65
81.62
81.60
81.60
81.63
81.65
81.64
81.64
81.63
81.64
81.67
81.69
81.70
81.71
81.71
81.72
81.69
81.69
81.68
81.68
81.67
81.66
81.67
81.70
81.71
81.70
81.70
81.69
81.70
81.69
81.68
81.67
81.69
81.68
81.71
81.72
81.74
81.73
81.73
81.72
81.74
81.74
81.76
81.76
81.77
81.78
81.80
81.79
81.78
81.78
81.81
81.79
81.80
81.78
81.78
81.78
81.79
81.79
81.80
81.78
81.77
81.78
81.79
81.78
81.78
81.79
81.80
81.81
81.81
81.80
81.80
81.81
81.82
81.82
81.82
81.82
81.84
81.84
81.85
81.88
81.88
81.89
81.88
81.89
81.91
81.90
81.91
81.90
81.90
81.89
81.90
81.90
81.89
81.90
81.90
81.90
81.90
81.90
81.90
81.90
81.91
81.91
81.90
81.90
81.89
81.88
81.86
81.85
81.85
81.86
81.85
81.87
81.88
81.90
81.88
81.88
81.86
81.85
81.84
81.85
81.86
81.87
81.87
81.87
81.87
81.87
81.88
81.88
81.89
81.88
81.89
81.90
81.91
81.91
81.89
81.88
81.88
81.86
81.85
81.83
81.83
81.83
81.83
81.84
81.85
81.87
81.87
81.86
81.87
81.87
81.85
81.83
81.85
81.85
81.87
81.89
81.87
81.87
81.87
81.87
81.89
81.88
81.87
81.85
81.85
81.85
81.86
81.85
81.84
81.84
81.85
81.87
81.88
81.89
81.88
81.88
81.89
81.91
81.92
81.91
81.91
81.91
81.93
81.95
81.96
81.97
81.99
81.98
82.00
82.00
82.00
82.00
82.01
82.00
81.99
82.01
82.02
82.00
82.02
82.00
81.99
81.99
82.00
82.00
82.00
81.99
81.99
82.00
81.99
81.99
81.98
81.97
81.97
81.97
81.98
81.96
81.95
81.95
81.96
81.95
81.95
81.95
81.95
81.96
81.96
81.95
81.96
81.96
81.96
81.97
81.98
81.98
81.99
82.01
82.00
81.98
81.98
82.00
81.99
81.99
81.99
81.99
81.99
81.99
81.99
81.99
82.00
82.00
82.01
82.01
82.00
82.00
82.00
82.00
81.99
81.99
81.99
81.98
81.99
82.00
81.99
81.99
82.00
81.99
82.00
81.99
81.99
82.00
82.00
82.00
82.00
82.01
82.01
82.00
82.01
82.01
82.00
82.00
82.01
82.01
82.00
82.00
81.99
81.98
81.97
81.98
81.98
81.97
81.98
81.97
81.97
81.97
81.97
81.97
81.97
81.98
81.98
81.99
81.99
81.98
81.98
81.97
81.98
81.99
82.00
82.00
82.00
81.99
81.98
82.00
81.99
81.99
82.00
82.01
82.01
82.00
82.00
81.99
81.99
82.00
82.01
82.00
82.00
82.01
82.01
82.01
82.01
82.01
82.00
82.01
82.01
82.01
82.01
82.00
82.00
81.99
81.98
81.97
