79.69
82.03
83.33
85.55
85.31
85.42
85.04
84.77
84.20
84.69
84.23
84.11
83.77
83.59
83.33
83.20
83.27
83.33
83.14
83.05
82.81
82.81
82.68
82.68
82.94
82.63
82.52
82.53
82.70
82.76
82.91
82.96
82.81
82.72
82.81
82.90
82.94
82.85
82.81
82.73
82.85
82.81
82.67
82.53
82.43
82.44
82.45
82.36
82.40
82.22
82.23
82.00
82.10
82.23
82.30
82.37
82.18
82.11
82.15
82.16
82.20
82.23
82.32
82.32
82.31
82.32
82.32
82.35
82.29
82.28
82.22
82.25
82.23
82.24
82.35
82.42
82.43
82.39
82.44
82.36
82.31
82.32
82.29
82.16
82.11
82.16
82.11
82.16
82.18
82.24
82.28
82.34
82.31
82.16
82.14
82.15
82.18
82.13
82.09
82.05
82.05
82.12
82.13
82.08
82.08
82.12
82.07
82.15
82.18
82.24
82.18
82.21
82.22
82.15
82.11
82.06
82.06
82.02
82.00
81.97
82.00
81.99
82.02
81.98
81.97
81.98
81.99
82.02
82.07
82.10
82.08
82.03
82.01
81.98
82.01
82.01
82.05
82.07
81.98
82.00
81.98
82.01
81.97
81.96
81.97
81.98
81.98
81.96
81.91
81.91
81.91
81.86
81.85
81.86
81.88
81.80
81.83
81.86
81.94
81.93
82.00
82.00
82.00
82.06
82.07
82.08
82.07
82.13
82.09
82.12
82.15
82.19
82.17
82.14
82.12
82.10
82.05
82.06
82.06
81.99
82.03
82.08
82.08
82.05
82.06
82.08
82.08
82.09
82.08
82.08
82.07
82.05
82.05
82.10
82.09
82.13
82.13
82.09
82.07
82.09
82.11
82.12
82.14
82.10
82.07
82.08
82.10
82.13
82.12
82.11
82.11
82.12
82.11
82.10
82.14
82.14
82.11
82.11
82.11
82.11
82.11
82.10
82.13
82.18
82.18
82.18
82.19
82.20
82.19
82.16
82.15
82.15
82.20
82.21
82.23
82.25
82.25
82.23
82.18
82.19
82.14
82.15
82.18
82.18
82.23
82.22
82.21
82.20
82.21
82.22
82.20
82.22
82.19
82.21
82.20
82.21
82.23
82.26
82.24
82.26
82.26
82.25
82.25
82.26
82.22
82.19
82.17
82.21
82.21
82.24
82.24
82.27
82.27
82.28
82.27
82.26
82.28
82.27
82.28
82.29
82.26
82.23
82.25
82.28
82.27
82.28
82.27
82.29
82.28
82.27
82.25
82.24
82.26
82.27
82.25
82.23
82.24
82.26
82.26
82.22
82.22
82.22
82.22
82.22
82.21
82.21
82.21
82.21
82.24
82.23
82.23
82.23
82.22
82.23
82.26
82.25
82.23
82.23
82.21
82.22
82.23
82.20
82.19
82.18
82.17
82.18
82.19
82.19
82.20
82.21
82.20
82.20
82.22
82.22
82.22
82.22
82.22
82.23
82.25
82.26
82.28
82.29
82.27
82.27
82.26
82.26
82.27
82.28
82.28
82.28
82.26
82.25
82.25
82.26
82.26
82.28
82.27
82.29
82.29
82.28
82.25
82.24
82.26
82.23
82.23
82.22
82.22
82.22
82.20
82.21
82.24
82.27
82.25
82.24
82.21
82.21
82.22
82.25
82.24
82.23
82.24
82.22
82.23
82.23
82.21
82.22
82.21
82.18
82.16
82.14
82.14
82.15
82.16
82.15
82.14
82.15
82.14
82.14
82.15
82.13
82.11
82.11
82.10
82.12
82.12
82.12
82.11
82.12
82.12
82.14
82.14
82.16
82.15
82.15
82.15
82.16
82.17
82.19
82.18
82.17
82.18
82.18
82.19
82.21
82.21
82.20
82.22
82.21
82.21
82.22
82.23
82.22
82.22
82.23
82.23
82.24
82.23
82.23
82.22
82.20
82.21
82.22
82.22
82.22
82.21
82.20
82.20
82.20
82.21
82.21
82.20
82.20
82.21
82.22
82.21
82.22
82.21
82.20
82.20
82.22
82.20
82.21
82.21
82.21
82.21
82.20
82.19
82.19
82.19
82.19
82.20
82.20
82.19
82.20
82.22
82.22
82.21
82.23
82.23
82.22
82.20
82.19
82.19
82.18
82.17
82.17
82.17
82.18
82.17
82.17
82.15
82.14
82.15
82.16
82.17
82.17
82.14
82.15
82.16
82.17
82.16
82.17
82.17
82.15
82.14
82.13
82.13
82.13
82.14
82.15
82.16
82.17
82.17
82.16
82.17
82.17
82.16
82.17
82.18
82.18
82.19
82.19
82.17
82.17
82.16
82.17
82.18
82.19
82.18
82.17
82.17
82.18
82.18
82.18
82.18
82.16
82.16
82.15
82.15
82.15
82.15
82.16
82.16
82.16
82.16
82.17
82.16
82.17
82.16
82.16
82.17
82.18
82.19
82.18
82.17
82.16
82.17
82.17
82.18
82.19
82.18
82.18
82.19
82.18
82.15
82.16
82.16
82.16
82.16
82.16
82.16
82.16
82.14
82.14
82.14
82.14
82.13
82.13
82.13
82.13
82.13
82.13
82.12
82.10
82.12
82.12
82.13
82.13
82.13
82.13
82.14
82.14
82.13
82.13
82.14
82.12
82.13
82.11
82.13
82.12
82.13
82.12
82.11
82.11
82.13
82.12
82.12
82.12
82.11
82.11
82.11
82.12
82.12
82.09
82.10
82.10
82.10
82.10
82.10
82.10
82.10
82.09
82.09
82.09
82.08
82.08
82.07
82.08
82.08
82.09
82.09
82.08
82.09
82.10
82.10
82.11
82.11
82.12
82.13
82.12
82.11
82.11
82.10
82.10
82.10
82.10
82.11
82.11
82.12
82.11
82.11
82.11
82.11
82.10
82.11
82.11
82.11
82.11
82.12
82.11
82.10
82.11
82.12
82.12
82.12
82.10
82.09
82.09
82.08
82.08
82.08
82.06
82.06
82.05
82.04
82.04
82.05
82.03
82.04
82.04
82.04
82.04
82.04
82.04
82.04
82.03
82.03
82.04
82.03
82.03
82.02
82.02
82.02
82.02
82.02
82.01
82.02
82.02
82.00
82.01
82.01
82.01
82.00
82.00
82.01
82.01
82.00
82.00
82.00
82.01
82.00
82.00
81.99
81.97
81.97
81.97
81.97
81.96
81.96
81.96
81.94
81.93
81.93
81.94
81.94
81.95
81.95
81.94
81.95
81.94
81.94
81.94
81.94
81.95
81.96
81.97
81.97
81.96
81.96
81.96
81.96
81.97
81.97
81.97
81.97
81.97
81.97
81.98
81.98
81.97
81.98
81.98
81.96
81.96
81.97
81.97
81.98
81.98
81.99
82.00
82.00
81.99
81.99
81.98
81.97
81.96
81.97
81.97
81.97
81.97
81.98
81.97
81.98
81.98
81.98
81.99
81.99
81.99
81.99
81.98
81.98
81.90
