75.00
80.47
82.29
82.03
83.12
82.29
82.81
83.20
82.99
82.97
82.67
82.03
81.61
81.92
82.40
82.23
82.08
82.55
82.98
82.89
82.74
82.81
83.22
83.14
83.31
83.41
83.39
83.43
83.46
83.33
83.22
83.30
83.52
83.64
83.66
83.59
83.66
83.59
83.41
83.40
83.42
83.52
83.61
83.45
83.47
83.46
83.41
83.43
83.51
83.50
83.49
83.47
83.34
83.30
83.41
83.34
83.25
83.30
83.34
83.39
83.32
83.39
83.31
83.25
83.15
83.21
83.26
83.23
83.29
83.37
83.41
83.33
83.26
83.13
83.15
83.20
83.18
83.15
83.11
82.99
83.01
82.93
82.81
82.66
82.63
82.76
82.76
82.78
82.74
82.71
82.64
82.66
82.61
82.56
82.55
82.58
82.49
82.45
82.42
82.47
82.52
82.43
82.40
82.53
82.50
82.43
82.42
82.44
82.40
82.30
82.36
82.34
82.36
82.40
82.40
82.39
82.39
82.42
82.42
82.42
82.40
82.42
82.38
82.40
82.38
82.34
82.31
82.29
82.24
82.28
82.25
82.24
82.23
82.22
82.26
82.28
82.28
82.29
82.31
82.27
82.24
82.26
82.21
82.16
82.13
82.12
82.13
82.15
82.16
82.19
82.23
82.22
82.25
82.24
82.19
82.18
82.12
82.12
82.16
82.14
82.16
82.13
82.13
82.15
82.14
82.12
82.13
82.15
82.12
82.17
82.18
82.19
82.21
82.22
82.21
82.25
82.26
82.25
82.21
82.20
82.20
82.20
82.16
82.18
82.18
82.17
82.19
82.22
82.20
82.21
82.22
82.19
82.22
82.23
82.21
82.20
82.17
82.19
82.19
82.18
82.18
82.23
82.20
82.20
82.20
82.21
82.21
82.20
82.18
82.16
82.13
82.13
82.17
82.18
82.19
82.17
82.16
82.13
82.12
82.13
82.14
82.14
82.16
82.16
82.16
82.20
82.19
82.22
82.22
82.19
82.18
82.16
82.16
82.13
82.13
82.13
82.11
82.12
82.12
82.11
82.13
82.14
82.16
82.17
82.17
82.18
82.19
82.22
82.25
82.22
82.22
82.20
82.19
82.19
82.18
82.19
82.19
82.19
82.20
82.20
82.21
82.19
82.19
82.19
82.18
82.16
82.15
82.14
82.14
82.13
82.17
82.17
82.17
82.17
82.14
82.14
82.14
82.14
82.15
82.13
82.13
82.12
82.11
82.11
82.12
82.12
82.13
82.15
82.14
82.12
82.11
82.13
82.15
82.16
82.17
82.17
82.17
82.17
82.15
82.16
82.15
82.17
82.15
82.15
82.16
82.16
82.16
82.15
82.15
82.16
82.16
82.15
82.12
82.13
82.16
82.20
82.21
82.23
82.25
82.28
82.28
82.26
82.27
82.27
82.27
82.27
82.27
82.26
82.27
82.29
82.29
82.31
82.32
82.33
82.33
82.33
82.33
82.34
82.33
82.33
82.34
82.32
82.31
82.31
82.31
82.31
82.32
82.31
82.29
82.28
82.26
82.26
82.28
82.29
82.31
82.31
82.33
82.33
82.33
82.35
82.33
82.32
82.31
82.32
82.32
82.32
82.28
82.29
82.29
82.27
82.26
82.23
82.23
82.26
82.25
82.24
82.25
82.26
82.27
82.27
82.28
82.27
82.27
82.28
82.27
82.27
82.26
82.26
82.26
82.26
82.29
82.27
82.28
82.27
82.26
82.26
82.27
82.26
82.27
82.25
82.23
82.23
82.23
82.22
82.22
82.22
82.22
82.23
82.25
82.26
82.27
82.26
82.24
82.22
82.23
82.24
82.25
82.25
82.25
82.27
82.24
82.25
82.25
82.26
82.25
82.26
82.27
82.27
82.27
82.27
82.28
82.25
82.26
82.27
82.26
82.28
82.25
82.23
82.24
82.24
82.25
82.23
82.23
82.22
82.22
82.22
82.23
82.22
82.22
82.22
82.22
82.24
82.22
82.21
82.20
82.21
82.20
82.22
82.24
82.23
82.24
82.24
82.24
82.24
82.22
82.23
82.23
82.22
82.22
82.24
82.24
82.23
82.22
82.23
82.24
82.25
82.24
82.25
82.24
82.24
82.24
82.24
82.22
82.23
82.23
82.23
82.23
82.21
82.22
82.22
82.22
82.23
82.21
82.22
82.22
82.21
82.22
82.23
82.22
82.22
82.22
82.21
82.19
82.19
82.18
82.17
82.19
82.18
82.18
82.18
82.18
82.18
82.18
82.17
82.16
82.17
82.17
82.17
82.14
82.14
82.16
82.15
82.15
82.13
82.13
82.12
82.10
82.12
82.12
82.14
82.14
82.12
82.12
82.12
82.11
82.13
82.12
82.12
82.12
82.11
82.10
82.09
82.08
82.06
82.06
82.06
82.05
82.05
82.05
82.03
82.03
82.03
82.04
82.02
82.02
82.03
82.02
82.01
82.02
82.03
82.03
82.04
82.04
82.03
82.03
82.03
82.03
82.04
82.03
82.03
82.04
82.04
82.04
82.03
82.04
82.05
82.04
82.04
82.05
82.03
82.03
82.01
82.02
82.03
82.02
82.03
82.03
82.02
82.03
82.02
82.03
82.02
82.04
82.04
82.04
82.03
82.03
82.03
82.03
82.03
82.03
82.04
82.04
82.04
82.05
82.05
82.06
82.04
82.05
82.03
82.02
82.02
82.02
82.01
82.01
82.01
82.00
82.01
82.00
81.99
82.00
82.01
82.01
82.00
82.00
82.00
81.99
81.99
81.99
81.98
82.00
82.00
82.00
82.01
82.01
82.01
82.02
82.01
82.01
82.02
82.00
81.99
81.98
81.97
81.96
81.96
81.98
81.97
81.98
81.97
81.98
81.98
81.98
81.99
81.98
81.98
81.98
81.98
81.99
81.99
81.99
81.99
81.99
81.98
81.98
81.98
81.99
81.99
82.00
82.00
82.01
82.01
82.02
82.02
82.01
82.01
82.01
