85.94
76.56
81.25
80.86
80.31
81.51
81.70
81.84
82.12
81.41
81.68
80.99
81.01
80.92
80.94
81.54
81.62
81.77
81.91
82.03
82.07
82.03
81.93
81.90
81.88
81.97
81.71
81.47
81.57
81.20
81.20
81.40
81.63
81.62
81.83
81.60
81.46
81.50
81.61
81.76
81.90
81.92
82.01
82.00
82.05
82.07
82.25
82.29
82.37
82.28
82.20
82.15
82.28
82.32
82.36
82.31
82.21
82.27
82.36
82.42
82.38
82.48
82.32
82.45
82.38
82.32
82.25
82.35
82.25
82.17
82.06
82.10
82.08
82.14
82.19
82.18
82.18
82.17
82.08
82.13
82.20
82.26
82.15
82.16
82.17
82.23
82.29
82.19
82.11
82.10
82.06
81.98
81.97
82.03
82.09
82.10
82.06
82.05
82.07
82.02
81.96
81.95
81.92
81.90
81.96
81.88
81.95
81.93
81.82
81.73
81.70
81.65
81.66
81.67
81.60
81.53
81.49
81.51
81.42
81.35
81.39
81.38
81.34
81.34
81.39
81.41
81.32
81.30
81.23
81.20
81.13
81.16
81.12
81.13
81.16
81.12
81.14
81.17
81.17
81.18
81.14
81.10
81.11
81.15
81.16
81.21
81.26
81.26
81.24
81.17
81.15
81.13
81.14
81.12
81.12
81.16
81.13
81.17
81.17
81.20
81.23
81.24
81.26
81.30
81.32
81.34
81.32
81.33
81.38
81.39
81.45
81.47
81.48
81.47
81.46
81.45
81.44
81.40
81.42
81.44
81.48
81.50
81.53
81.49
81.49
81.49
81.48
81.51
81.53
81.52
81.56
81.56
81.57
81.57
81.58
81.57
81.59
81.58
81.58
81.62
81.62
81.65
81.66
81.63
81.64
81.63
81.61
81.63
81.62
81.64
81.66
81.69
81.70
81.69
81.68
81.69
81.71
81.68
81.69
81.72
81.74
81.70
81.71
81.65
81.63
81.68
81.70
81.70
81.70
81.70
81.72
81.74
81.74
81.76
81.77
81.79
81.77
81.79
81.82
81.80
81.81
81.81
81.78
81.74
81.76
81.80
81.83
81.82
81.83
81.85
81.87
81.88
81.91
81.93
81.95
81.96
81.96
81.92
81.91
81.93
81.95
81.93
81.93
81.96
81.96
81.94
81.97
81.96
81.96
81.94
81.92
81.90
81.91
81.93
81.93
81.92
81.93
81.92
81.93
81.93
81.92
81.94
81.94
81.94
81.91
81.92
81.91
81.90
81.91
81.93
81.94
81.97
81.97
81.98
81.98
81.99
82.00
82.02
82.03
82.04
82.06
82.07
82.06
82.08
82.10
82.06
82.06
82.07
82.08
82.07
82.05
82.05
82.05
82.06
82.05
82.07
82.06
82.09
82.09
82.10
82.09
82.06
82.03
82.03
82.05
82.06
82.09
82.11
82.11
82.10
82.10
82.09
82.10
82.10
82.11
82.11
82.12
82.14
82.13
82.11
82.08
82.07
82.06
82.07
82.05
82.05
82.05
82.05
82.04
82.04
82.04
82.04
82.04
82.04
82.04
82.04
82.02
82.02
82.02
82.02
82.05
82.06
82.04
82.04
82.06
82.06
82.06
82.07
82.06
82.04
82.05
82.05
82.06
82.07
82.08
82.07
82.07
82.08
82.07
82.06
82.05
82.04
82.06
82.06
82.05
82.07
82.08
82.08
82.07
82.07
82.07
82.08
82.07
82.08
82.09
82.09
82.09
82.08
82.08
82.09
82.09
82.10
82.11
82.10
82.11
82.12
82.11
82.13
82.14
82.14
82.12
82.12
82.12
82.13
82.10
82.11
82.13
82.15
82.16
82.16
82.17
82.16
82.16
82.17
82.16
82.17
82.16
82.19
82.19
82.20
82.21
82.22
82.20
82.21
82.21
82.20
82.20
82.18
82.16
82.16
82.15
82.14
82.14
82.12
82.13
82.14
82.14
82.14
82.12
82.11
82.11
82.12
82.13
82.13
82.14
82.14
82.15
82.14
82.15
82.14
82.15
82.16
82.14
82.15
82.14
82.14
82.13
82.13
82.14
82.14
82.13
82.11
82.11
82.08
82.08
82.08
82.06
82.06
82.07
82.06
82.07
82.08
82.08
82.08
82.11
82.12
82.12
82.12
82.11
82.10
82.10
82.10
82.10
82.12
82.10
82.09
82.11
82.10
82.10
82.11
82.11
82.11
82.10
82.09
82.09
82.09
82.10
82.11
82.12
82.13
82.12
82.14
82.14
82.13
82.13
82.14
82.14
82.13
82.13
82.12
82.13
82.12
82.12
82.13
82.14
82.14
82.13
82.14
82.14
82.13
82.14
82.15
82.15
82.15
82.15
82.15
82.15
82.15
82.15
82.15
82.15
82.16
82.16
82.18
82.17
82.18
82.17
82.17
82.16
82.15
82.16
82.15
82.17
82.16
82.15
82.15
82.14
82.12
82.13
82.13
82.14
82.14
82.14
82.14
82.13
82.13
82.12
82.13
82.12
82.12
82.13
82.13
82.13
82.14
82.13
82.13
82.13
82.14
82.14
82.13
82.13
82.15
82.15
82.16
82.16
82.16
82.15
82.15
82.14
82.15
82.16
82.16
82.17
82.18
82.17
82.16
82.16
82.16
82.15
82.15
82.15
82.14
82.14
82.14
82.14
82.14
82.15
82.16
82.15
82.15
82.15
82.13
82.12
82.12
82.12
82.10
82.08
82.07
82.06
82.06
82.07
82.07
82.07
82.07
82.09
82.09
82.09
82.10
82.10
82.11
82.11
82.10
82.11
82.10
82.10
82.10
82.09
82.10
82.10
82.10
82.09
82.08
82.08
82.07
82.07
82.08
82.08
82.08
82.06
82.07
82.07
82.06
82.07
82.08
82.08
82.07
82.06
82.05
82.04
82.04
82.04
82.04
82.04
82.04
82.03
82.02
82.03
82.03
82.03
82.03
82.03
82.02
82.02
82.01
82.02
82.02
82.01
82.00
81.99
82.00
82.01
82.00
82.00
82.01
82.00
82.01
82.01
82.01
82.01
82.01
82.01
82.00
82.00
81.99
82.00
81.99
81.99
81.99
81.97
81.97
81.96
81.97
81.98
81.97
81.98
81.99
81.99
81.99
81.99
81.98
81.98
81.97
81.97
81.95
81.96
81.97
81.98
81.96
81.97
81.98
81.97
81.98
81.98
81.99
81.98
81.99
81.99
81.98
81.98
81.99
81.98
81.98
81.98
81.98
81.97
81.97
81.98
81.98
81.99
81.99
81.99
82.00
81.99
81.99
81.99
81.99
81.98
81.97
81.97
81.96
81.96
81.97
81.98
81.97
81.97
81.97
81.98
81.97
81.97
81.97
81.97
81.97
81.97
81.98
81.99
81.98
81.99
81.98
81.99
81.98
81.98
81.97
81.98
81.96
81.96
81.96
81.97
81.96
81.97
81.96
81.96
81.88
