75.00
78.91
80.21
81.64
81.88
82.55
82.14
81.64
81.08
80.94
80.54
80.73
80.77
81.03
80.94
80.76
80.79
81.16
81.17
81.02
81.10
81.11
81.11
81.32
81.12
81.25
81.42
81.47
81.90
81.93
81.60
81.35
81.44
81.07
80.89
80.90
81.17
81.04
81.01
81.09
81.21
81.29
81.32
81.39
81.46
81.52
81.55
81.61
81.63
81.53
81.62
81.52
81.57
81.77
81.88
81.92
81.83
81.82
81.78
81.80
81.89
81.91
81.87
81.91
81.85
81.82
81.81
82.03
82.11
82.12
82.11
82.05
82.04
82.05
82.02
82.05
82.08
82.15
82.12
82.19
82.10
82.18
82.23
82.22
82.28
82.30
82.27
82.24
82.15
82.17
82.11
82.12
82.07
82.06
82.11
82.10
82.10
82.11
82.12
82.14
82.10
82.12
82.10
82.14
82.11
82.12
82.01
82.06
82.14
82.12
82.08
82.16
82.15
82.11
82.01
81.99
81.98
81.97
81.99
82.01
81.95
81.95
81.99
81.97
81.88
81.88
81.91
81.88
81.84
81.84
81.77
81.78
81.81
81.74
81.75
81.70
81.71
81.73
81.74
81.81
81.76
81.73
81.73
81.77
81.75
81.77
81.75
81.76
81.69
81.71
81.71
81.71
81.74
81.74
81.70
81.69
81.72
81.72
81.70
81.66
81.64
81.66
81.67
81.68
81.71
81.72
81.69
81.69
81.68
81.67
81.63
81.64
81.67
81.67
81.65
81.65
81.66
81.67
81.69
81.74
81.74
81.73
81.76
81.82
81.82
81.83
81.82
81.82
81.79
81.74
81.77
81.75
81.78
81.77
81.81
81.84
81.82
81.83
81.84
81.85
81.86
81.86
81.83
81.82
81.83
81.80
81.85
81.82
81.83
81.82
81.83
81.78
81.79
81.81
81.80
81.80
81.83
81.84
81.86
81.90
81.93
81.90
81.89
81.93
81.92
81.95
81.94
81.94
81.94
81.92
81.94
81.96
81.98
81.98
82.00
81.98
81.98
81.96
81.94
81.91
81.92
81.90
81.88
81.88
81.88
81.88
81.86
81.85
81.85
81.87
81.84
81.81
81.82
81.84
81.86
81.84
81.85
81.82
81.81
81.82
81.84
81.83
81.83
81.84
81.85
81.85
81.84
81.83
81.86
81.89
81.87
81.89
81.91
81.88
81.86
81.86
81.85
81.86
81.86
81.81
81.81
81.81
81.78
81.76
81.78
81.77
81.80
81.79
81.81
81.79
81.81
81.80
81.80
81.80
81.78
81.79
81.80
81.82
81.82
81.80
81.82
81.80
81.81
81.80
81.80
81.81
81.82
81.81
81.79
81.78
81.80
81.81
81.80
81.82
81.83
81.82
81.82
81.82
81.81
81.81
81.80
81.78
81.74
81.76
81.74
81.73
81.75
81.74
81.74
81.73
81.75
81.75
81.74
81.75
81.72
81.75
81.73
81.74
81.74
81.73
81.74
81.74
81.72
81.75
81.77
81.77
81.77
81.77
81.78
81.79
81.80
81.81
81.79
81.80
81.78
81.79
81.79
81.80
81.78
81.79
81.79
81.79
81.79
81.78
81.80
81.79
81.79
81.77
81.78
81.78
81.78
81.77
81.78
81.78
81.79
81.79
81.78
81.78
81.80
81.81
81.82
81.81
81.80
81.82
81.80
81.83
81.81
81.83
81.83
81.83
81.81
81.79
81.79
81.79
81.78
81.78
81.78
81.79
81.76
81.77
81.78
81.77
81.78
81.78
81.80
81.79
81.78
81.79
81.79
81.80
81.81
81.82
81.81
81.83
81.83
81.81
81.82
81.81
81.82
81.83
81.83
81.82
81.84
81.84
81.83
81.83
81.85
81.84
81.83
81.81
81.81
81.81
81.82
81.82
81.82
81.82
81.80
81.79
81.78
81.78
81.78
81.78
81.79
81.77
81.78
81.78
81.79
81.77
81.76
81.75
81.75
81.73
81.73
81.74
81.75
81.76
81.75
81.74
81.75
81.76
81.77
81.78
81.78
81.78
81.78
81.78
81.80
81.79
81.79
81.80
81.79
81.81
81.81
81.81
81.82
81.81
81.83
81.83
81.82
81.83
81.82
81.82
81.82
81.83
81.83
81.85
81.84
81.84
81.83
81.83
81.82
81.81
81.80
81.79
81.79
81.79
81.79
81.80
81.81
81.80
81.80
81.79
81.80
81.80
81.79
81.79
81.80
81.81
81.81
81.80
81.80
81.80
81.81
81.81
81.81
81.82
81.82
81.81
81.83
81.83
81.82
81.83
81.82
81.81
81.81
81.80
81.80
81.82
81.82
81.81
81.81
81.81
81.80
81.81
81.83
81.83
81.81
81.81
81.81
81.82
81.83
81.83
81.84
81.83
81.85
81.85
81.84
81.85
81.84
81.84
81.84
81.83
81.83
81.83
81.84
81.84
81.84
81.84
81.85
81.84
81.84
81.85
81.85
81.86
81.88
81.88
81.89
81.88
81.88
81.89
81.88
81.88
81.87
81.86
81.86
81.87
81.85
81.86
81.85
81.85
81.86
81.86
81.86
81.86
81.86
81.86
81.86
81.85
81.84
81.85
81.85
81.85
81.84
81.84
81.85
81.85
81.86
81.87
81.85
81.85
81.86
81.86
81.85
81.86
81.86
81.87
81.88
81.89
81.90
81.90
81.91
81.90
81.90
81.89
81.89
81.89
81.89
81.89
81.89
81.89
81.87
81.88
81.87
81.87
81.89
81.88
81.89
81.88
81.88
81.88
81.88
81.88
81.88
81.88
81.87
81.87
81.87
81.88
81.88
81.89
81.90
81.89
81.89
81.90
81.89
81.90
81.90
81.89
81.89
81.91
81.91
81.92
81.93
81.93
81.93
81.92
81.92
81.91
81.90
81.90
81.90
81.91
81.90
81.91
81.92
81.92
81.93
81.94
81.93
81.92
81.92
81.92
81.93
81.93
81.92
81.92
81.92
81.93
81.92
81.91
81.92
81.92
81.93
81.94
81.95
81.94
81.93
81.92
81.92
81.92
81.92
81.92
81.92
81.92
81.93
81.92
81.93
81.93
81.92
81.93
81.93
81.92
81.93
81.94
81.93
81.93
81.93
81.92
81.93
81.93
81.94
81.93
81.94
81.95
81.96
81.96
81.96
81.96
81.96
81.96
81.96
81.97
81.97
81.98
81.97
81.98
81.98
81.98
81.99
81.99
81.99
82.00
82.00
82.01
82.01
82.02
82.02
82.02
82.01
82.01
82.00
81.98
81.99
81.99
81.98
81.99
82.00
82.00
81.98
81.98
81.98
81.98
81.97
81.98
81.98
81.99
81.99
81.99
81.99
81.99
82.00
82.00
81.99
81.98
81.99
82.00
81.99
81.99
81.99
81.98
81.98
81.99
82.00
81.99
81.99
81.99
81.99
81.98
81.97
81.97
81.97
81.89
