84.38
83.59
81.77
80.86
80.31
80.47
80.80
80.86
80.56
80.94
81.25
81.77
81.49
81.36
81.25
81.54
81.89
81.77
82.07
81.88
81.99
81.89
81.66
81.51
81.44
81.01
81.02
81.14
81.25
80.83
80.54
80.71
80.82
80.79
80.98
80.82
80.74
81.04
81.05
81.02
81.10
81.10
81.18
81.25
81.22
81.39
81.48
81.32
81.28
81.28
81.34
81.34
81.37
81.31
81.36
81.22
81.28
81.22
81.36
81.38
81.48
81.45
81.57
81.59
81.61
81.63
81.55
81.64
81.57
81.58
81.56
81.68
81.57
81.59
81.62
81.54
81.49
81.45
81.43
81.45
81.46
81.52
81.53
81.57
81.60
81.52
81.54
81.55
81.65
81.72
81.80
81.73
81.72
81.80
81.81
81.87
81.86
81.84
81.91
81.94
81.92
81.86
81.92
81.97
81.96
81.97
82.01
82.00
82.02
81.97
82.01
81.95
81.94
81.94
81.89
81.84
81.84
81.86
81.88
81.84
81.87
81.88
81.86
81.91
81.89
81.92
81.91
82.01
81.96
81.98
81.97
81.91
81.85
81.86
81.83
81.84
81.75
81.71
81.73
81.75
81.76
81.75
81.75
81.78
81.75
81.77
81.78
81.80
81.83
81.85
81.92
81.91
81.95
81.97
81.98
81.99
81.97
81.94
82.00
82.00
82.01
81.98
81.97
81.94
81.87
81.88
81.86
81.83
81.87
81.81
81.83
81.83
81.86
81.86
81.84
81.81
81.82
81.79
81.77
81.76
81.78
81.79
81.79
81.81
81.81
81.81
81.83
81.78
81.79
81.81
81.79
81.80
81.82
81.83
81.79
81.78
81.76
81.75
81.76
81.80
81.83
81.86
81.87
81.86
81.85
81.88
81.90
81.89
81.88
81.90
81.92
81.91
81.92
81.93
81.95
81.94
81.98
82.00
82.00
82.02
82.03
82.05
81.98
82.03
82.06
82.04
82.05
82.07
82.08
82.01
82.03
82.04
82.06
82.06
82.04
82.04
82.05
82.08
82.07
82.07
82.10
82.12
82.10
82.11
82.13
82.12
82.10
82.11
82.11
82.14
82.14
82.14
82.17
82.20
82.16
82.18
82.17
82.15
82.14
82.13
82.14
82.16
82.17
82.17
82.19
82.20
82.19
82.18
82.20
82.19
82.19
82.19
82.20
82.19
82.19
82.22
82.23
82.23
82.25
82.28
82.27
82.29
82.27
82.27
82.28
82.28
82.28
82.28
82.27
82.29
82.31
82.33
82.30
82.30
82.31
82.33
82.31
82.32
82.33
82.34
82.37
82.36
82.37
82.38
82.39
82.39
82.41
82.42
82.42
82.40
82.41
82.40
82.40
82.40
82.36
82.35
82.35
82.37
82.39
82.40
82.39
82.38
82.39
82.38
82.37
82.40
82.36
82.36
82.37
82.36
82.35
82.35
82.38
82.40
82.39
82.39
82.41
82.43
82.40
82.39
82.37
82.38
82.36
82.37
82.39
82.38
82.39
82.39
82.41
82.37
82.37
82.37
82.35
82.36
82.36
82.35
82.36
82.35
82.36
82.37
82.38
82.37
82.38
82.37
82.36
82.36
82.34
82.35
82.36
82.36
82.33
82.34
82.35
82.35
82.34
82.33
82.32
82.30
82.30
82.30
82.30
82.30
82.31
82.32
82.33
82.33
82.32
82.31
82.33
82.33
82.35
82.35
82.34
82.36
82.37
82.37
82.37
82.37
82.38
82.38
82.39
82.40
82.37
82.36
82.36
82.37
82.36
82.33
82.31
82.32
82.33
82.33
82.34
82.34
82.33
82.34
82.33
82.33
82.34
82.34
82.34
82.35
82.36
82.37
82.38
82.40
82.40
82.38
82.36
82.35
82.33
82.34
82.34
82.34
82.35
82.36
82.37
82.39
82.40
82.40
82.39
82.37
82.37
82.36
82.37
82.36
82.37
82.37
82.38
82.36
82.37
82.37
82.36
82.37
82.38
82.37
82.39
82.38
82.37
82.35
82.34
82.33
82.32
82.33
82.34
82.35
82.33
82.35
82.36
82.36
82.36
82.36
82.35
82.36
82.37
82.37
82.37
82.36
82.34
82.32
82.33
82.32
82.32
82.32
82.32
82.31
82.29
82.30
82.30
82.32
82.31
82.31
82.31
82.31
82.33
82.33
82.33
82.34
82.33
82.33
82.31
82.31
82.30
82.28
82.25
82.24
82.24
82.24
82.24
82.23
82.22
82.23
82.24
82.24
82.24
82.22
82.22
82.22
82.21
82.21
82.22
82.24
82.24
82.25
82.25
82.23
82.22
82.21
82.21
82.21
82.21
82.21
82.20
82.21
82.22
82.21
82.20
82.19
82.20
82.20
82.21
82.22
82.21
82.20
82.19
82.20
82.18
82.19
82.18
82.17
82.17
82.16
82.16
82.17
82.19
82.19
82.20
82.20
82.19
82.19
82.19
82.17
82.17
82.18
82.19
82.18
82.17
82.18
82.18
82.19
82.19
82.19
82.20
82.18
82.19
82.19
82.18
82.17
82.17
82.17
82.16
82.17
82.17
82.17
82.14
82.14
82.14
82.16
82.16
82.16
82.16
82.15
82.16
82.15
82.16
82.16
82.16
82.17
82.16
82.16
82.16
82.16
82.15
82.15
82.15
82.16
82.16
82.16
82.17
82.16
82.16
82.16
82.16
82.16
82.16
82.17
82.17
82.17
82.18
82.18
82.18
82.16
82.16
82.16
82.16
82.14
82.14
82.14
82.15
82.15
82.15
82.15
82.16
82.16
82.16
82.16
82.16
82.15
82.15
82.17
82.16
82.17
82.16
82.15
82.15
82.16
82.16
82.15
82.14
82.14
82.14
82.15
82.15
82.16
82.15
82.15
82.14
82.14
82.14
82.13
82.12
82.12
82.13
82.13
82.13
82.12
82.12
82.12
82.13
82.13
82.12
82.11
82.11
82.11
82.09
82.09
82.09
82.09
82.08
82.08
82.07
82.06
82.06
82.07
82.08
82.09
82.09
82.09
82.08
82.07
82.07
82.06
82.07
82.08
82.09
82.08
82.08
82.09
82.08
82.08
82.08
82.09
82.09
82.08
82.08
82.08
82.09
82.10
82.09
82.08
82.08
82.07
82.07
82.07
82.07
82.07
82.06
82.07
82.06
82.07
82.08
82.07
82.08
82.09
82.09
82.09
82.10
82.10
82.09
82.09
82.09
82.08
82.09
82.09
82.10
82.09
82.09
82.08
82.08
82.09
82.09
82.08
82.08
82.08
82.09
82.09
82.08
82.08
82.08
82.08
82.08
82.09
82.08
82.09
82.07
82.06
82.05
82.06
82.05
82.05
82.04
82.03
82.02
82.02
82.01
82.01
81.99
81.99
81.99
81.98
81.98
81.98
81.98
81.97
81.98
81.98
81.99
81.99
81.99
81.98
81.98
81.90
