82.81
82.03
82.29
79.69
80.00
79.95
79.24
79.69
79.86
80.16
80.40
80.86
80.65
80.80
81.04
81.15
81.16
80.99
81.50
81.25
81.25
81.46
81.45
81.45
81.56
81.37
81.08
81.19
81.09
81.20
81.25
81.35
81.34
81.48
81.83
81.86
82.05
82.03
82.21
82.15
81.97
81.92
82.16
82.07
81.74
81.86
81.91
82.00
82.17
82.12
82.05
81.97
82.02
81.92
81.90
81.86
81.74
81.73
81.83
81.90
81.81
81.83
81.99
82.01
82.07
82.08
82.04
82.01
81.97
81.96
81.91
81.88
81.93
81.97
82.06
82.05
82.00
81.97
82.04
81.99
81.94
81.90
81.89
81.94
82.06
82.12
82.17
82.07
82.06
81.96
82.01
81.95
81.94
81.87
81.91
81.92
81.99
82.00
81.98
82.05
82.07
82.08
82.02
81.99
81.99
82.03
81.98
81.84
81.88
81.93
81.94
81.95
82.00
81.98
81.92
81.92
81.94
81.97
81.92
81.86
81.86
81.83
81.80
81.82
81.85
81.87
81.93
81.92
81.93
81.94
81.89
81.94
81.98
81.96
82.01
82.07
82.06
82.07
82.08
82.11
82.04
82.04
81.98
81.99
81.97
82.01
82.02
82.00
81.96
81.96
81.95
81.97
81.93
81.95
81.95
81.97
82.02
82.06
82.06
82.06
82.04
82.02
81.97
81.96
81.97
81.96
81.96
81.94
82.00
82.00
82.01
81.98
81.97
82.00
81.99
82.01
81.99
82.03
82.04
82.06
82.04
81.99
82.00
82.02
82.00
82.01
82.01
82.03
82.00
81.97
81.98
81.97
81.95
81.97
81.95
81.96
81.99
81.99
81.99
81.98
81.98
82.02
82.07
82.09
82.08
82.05
82.06
82.07
82.06
82.08
82.09
82.10
82.09
82.07
82.06
82.04
82.05
82.06
82.07
82.05
82.03
82.05
82.03
82.01
82.02
82.02
82.03
82.04
82.03
82.07
82.08
82.10
82.10
82.09
82.10
82.12
82.15
82.14
82.15
82.12
82.14
82.17
82.19
82.21
82.22
82.22
82.21
82.21
82.22
82.21
82.17
82.18
82.15
82.15
82.15
82.14
82.14
82.14
82.17
82.17
82.17
82.16
82.13
82.11
82.10
82.07
82.08
82.08
82.03
82.01
82.01
82.04
82.03
82.06
82.07
82.07
82.06
82.06
82.07
82.08
82.08
82.09
82.09
82.07
82.07
82.07
82.08
82.11
82.09
82.11
82.13
82.11
82.12
82.12
82.13
82.14
82.12
82.11
82.10
82.12
82.12
82.13
82.13
82.13
82.13
82.15
82.14
82.14
82.17
82.16
82.14
82.16
82.15
82.14
82.15
82.14
82.15
82.16
82.17
82.15
82.17
82.20
82.22
82.23
82.23
82.22
82.19
82.19
82.18
82.16
82.17
82.15
82.15
82.12
82.10
82.11
82.11
82.10
82.08
82.08
82.07
82.08
82.08
82.10
82.07
82.03
82.03
82.03
82.04
82.03
82.02
82.03
82.05
82.04
82.06
82.05
82.06
82.07
82.07
82.04
82.05
82.06
82.07
82.08
82.08
82.06
82.04
82.04
82.06
82.06
82.06
82.06
82.05
82.06
82.05
82.05
82.05
82.06
82.04
82.01
82.02
82.01
82.01
82.01
81.99
81.98
81.98
81.98
81.98
81.98
81.99
82.00
82.00
82.02
82.01
82.00
81.98
81.98
81.99
81.99
81.99
81.99
81.99
81.99
81.97
81.96
81.96
81.95
81.96
81.99
82.00
81.99
81.99
82.00
82.01
82.01
82.01
82.00
82.00
82.00
82.00
82.01
82.03
82.03
82.03
82.03
82.01
82.00
82.02
82.01
82.01
82.02
82.02
82.03
82.04
82.04
82.04
82.06
82.06
82.06
82.05
82.06
82.05
82.06
82.06
82.04
82.05
82.04
82.05
82.05
82.05
82.05
82.06
82.06
82.05
82.07
82.07
82.07
82.07
82.08
82.09
82.09
82.11
82.11
82.12
82.12
82.11
82.11
82.13
82.13
82.13
82.12
82.13
82.13
82.13
82.12
82.12
82.11
82.12
82.12
82.11
82.12
82.12
82.12
82.12
82.10
82.08
82.09
82.07
82.06
82.05
82.06
82.05
82.06
82.07
82.08
82.07
82.08
82.07
82.07
82.07
82.07
82.06
82.06
82.07
82.06
82.07
82.06
82.06
82.06
82.05
82.05
82.04
82.05
82.06
82.03
82.04
82.04
82.04
82.04
82.01
82.02
82.02
82.00
82.00
82.00
81.99
82.00
82.00
82.02
82.02
82.03
82.02
82.01
82.02
82.01
82.01
82.00
82.00
82.01
82.00
82.01
82.00
82.00
82.00
82.00
82.00
82.01
82.00
82.00
81.98
81.98
81.97
81.97
81.97
81.97
81.96
81.94
81.96
81.96
81.96
81.95
81.95
81.95
81.95
81.94
81.94
81.94
81.94
81.94
81.94
81.94
81.95
81.95
81.94
81.95
81.96
81.96
81.95
81.94
81.94
81.94
81.94
81.95
81.96
81.97
81.97
81.98
81.98
81.98
81.97
81.98
81.99
81.97
81.98
81.98
81.99
81.99
81.97
81.98
81.98
81.99
82.01
82.01
82.01
82.00
82.00
82.00
82.00
82.00
81.99
81.99
81.98
81.99
81.99
81.98
82.00
82.00
82.00
82.01
82.02
81.99
82.00
82.02
82.02
82.01
82.01
82.00
81.98
81.97
81.98
81.96
81.96
81.97
81.96
81.96
81.96
81.97
81.99
81.98
82.01
82.00
82.00
82.01
82.01
82.02
82.01
81.99
81.99
81.99
82.00
82.00
81.99
81.99
81.99
82.00
82.00
81.99
81.99
82.00
81.99
82.00
82.00
82.01
82.00
82.01
82.02
82.02
82.03
82.02
82.02
82.02
82.03
82.02
82.03
82.03
82.03
82.03
82.04
82.04
82.04
82.03
82.04
82.04
82.03
82.03
82.03
82.03
82.01
82.02
82.02
82.02
82.01
82.01
82.02
82.02
82.01
82.02
82.01
82.01
82.02
82.02
82.02
82.03
82.01
82.02
82.03
82.03
82.03
82.04
82.03
82.03
82.03
82.02
82.01
82.01
82.02
82.02
82.02
82.01
82.03
82.03
82.02
82.03
82.04
82.03
82.03
82.04
82.06
82.06
82.06
82.05
82.04
82.04
82.04
82.05
82.04
82.04
82.04
82.03
82.02
82.02
82.02
82.01
82.01
82.02
82.02
82.02
82.01
82.00
82.01
82.00
82.00
82.00
81.99
81.99
81.99
81.99
82.00
82.00
82.00
82.00
82.01
82.02
82.02
82.02
82.02
82.02
82.01
82.01
82.01
82.01
82.01
82.01
82.01
82.01
82.01
82.01
82.00
81.99
81.97
81.89
