82.81
79.69
81.77
81.64
80.62
81.51
81.25
82.23
81.94
81.72
81.53
81.38
81.61
81.25
81.25
81.45
81.71
81.34
81.58
81.64
81.55
81.61
81.66
81.71
81.62
81.85
81.83
81.92
81.73
81.72
81.60
81.64
81.58
81.57
81.61
81.38
81.50
81.46
81.49
81.37
81.40
81.44
81.40
81.50
81.70
81.56
81.68
81.51
81.63
81.59
81.62
81.64
81.54
81.66
81.82
81.89
81.85
81.71
81.59
81.64
81.69
81.80
81.72
81.67
81.73
81.49
81.44
81.53
81.41
81.41
81.32
81.27
81.31
81.38
81.38
81.35
81.37
81.23
81.31
81.37
81.27
81.33
81.34
81.38
81.40
81.34
81.29
81.36
81.43
81.41
81.35
81.40
81.45
81.47
81.48
81.54
81.54
81.54
81.44
81.42
81.50
81.50
81.48
81.49
81.55
81.56
81.53
81.60
81.61
81.63
81.70
81.68
81.64
81.67
81.70
81.71
81.70
81.75
81.66
81.64
81.69
81.69
81.64
81.63
81.69
81.68
81.67
81.62
81.58
81.59
81.60
81.57
81.66
81.62
81.59
81.62
81.61
81.69
81.58
81.57
81.59
81.59
81.61
81.66
81.69
81.67
81.64
81.66
81.64
81.70
81.65
81.66
81.65
81.68
81.65
81.71
81.70
81.72
81.66
81.65
81.64
81.64
81.64
81.62
81.65
81.62
81.62
81.63
81.59
81.61
81.57
81.58
81.60
81.61
81.58
81.55
81.59
81.59
81.56
81.57
81.57
81.60
81.57
81.54
81.58
81.58
81.56
81.57
81.60
81.64
81.66
81.64
81.66
81.68
81.71
81.70
81.68
81.72
81.71
81.76
81.79
81.84
81.76
81.81
81.78
81.77
81.77
81.74
81.77
81.73
81.70
81.70
81.73
81.73
81.73
81.73
81.73
81.74
81.74
81.73
81.72
81.70
81.68
81.68
81.69
81.67
81.68
81.71
81.71
81.73
81.76
81.78
81.83
81.84
81.87
81.88
81.89
81.89
81.88
81.88
81.86
81.83
81.84
81.84
81.85
81.85
81.90
81.87
81.87
81.86
81.89
81.87
81.89
81.87
81.85
81.88
81.88
81.88
81.87
81.84
81.85
81.84
81.86
81.88
81.89
81.86
81.85
81.85
81.87
81.89
81.90
81.90
81.94
81.93
81.94
81.91
81.92
81.92
81.94
81.96
81.98
81.98
81.96
81.98
81.98
81.98
82.00
81.96
81.99
81.98
81.98
81.99
81.99
