81.25
81.25
81.25
82.42
81.88
81.25
80.58
81.25
80.56
80.94
81.68
81.25
81.61
81.47
81.46
81.84
81.89
81.68
81.17
81.33
81.47
81.68
81.39
81.45
81.81
81.79
82.06
82.20
82.38
82.40
82.56
82.71
82.43
82.49
82.68
82.60
82.47
82.36
82.25
82.34
82.32
82.22
82.27
82.35
82.43
82.54
82.58
82.45
82.53
82.47
82.44
82.51
82.46
82.44
82.47
82.42
82.32
82.41
82.52
82.50
82.30
82.23
82.12
82.18
82.21
82.24
82.32
82.26
82.22
82.32
82.37
82.44
82.45
82.54
82.58
82.55
82.53
82.63
82.59
82.50
82.50
82.55
82.51
82.48
82.37
82.41
82.42
82.49
82.51
82.50
82.52
82.47
82.44
82.43
82.42
82.31
82.33
82.29
82.28
82.20
82.27
82.18
82.18
82.08
82.07
82.10
82.11
82.16
82.14
82.14
82.11
82.13
82.11
82.11
82.11
82.18
82.13
82.11
82.14
82.08
82.14
82.13
82.13
82.16
82.15
82.07
82.07
82.09
82.12
82.09
82.08
82.08
82.11
82.14
82.15
82.12
82.07
82.01
81.99
81.98
82.04
82.04
82.05
82.03
82.02
82.03
82.05
82.05
82.04
82.07
82.11
82.07
82.09
82.13
82.12
82.12
82.15
82.17
82.16
82.17
82.15
82.16
82.17
82.18
82.22
82.18
82.11
82.08
82.08
82.05
82.08
82.09
82.10
82.07
82.02
82.02
82.00
81.99
81.99
81.97
81.98
82.01
82.04
82.02
82.04
82.02
81.97
81.91
81.90
81.93
81.94
81.95
81.96
81.90
81.90
81.84
81.86
81.88
81.89
81.88
81.88
81.88
81.87
81.87
81.86
81.88
81.85
81.87
81.87
81.88
81.87
81.85
81.84
81.89
81.86
81.86
81.86
81.85
81.86
81.83
81.83
81.81
81.84
81.85
81.83
81.86
81.88
81.89
81.91
81.92
81.95
81.98
81.97
81.92
81.91
81.91
81.90
81.89
81.88
81.90
81.90
81.93
81.96
81.97
81.96
81.99
82.02
82.03
82.03
82.05
82.05
82.06
82.05
82.05
82.06
82.07
82.05
82.00
82.02
82.03
82.03
82.04
82.01
82.00
81.98
81.94
81.93
81.93
81.93
81.93
81.94
81.92
81.94
81.94
81.92
81.93
81.91
81.89
81.91
81.89
81.91
81.94
81.92
81.90
81.88
81.86
81.84
81.87
81.86
81.86
81.81
81.82
81.85
81.83
81.84
81.83
81.81
81.82
81.82
81.83
81.82
81.81
81.85
81.85
81.85
81.84
81.86
81.89
81.89
81.87
81.86
81.88
81.87
81.87
81.87
81.87
81.87
81.89
81.90
81.89
81.87
81.89
81.90
81.90
81.90
81.86
81.85
81.86
81.85
81.85
81.84
81.82
81.81
81.82
81.82
81.78
81.77
81.79
81.80
81.81
81.81
81.83
81.83
81.84
81.85
81.87
81.88
81.85
81.86
81.88
81.88
81.85
81.83
81.85
81.85
81.87
81.87
81.87
81.87
81.89
81.90
81.88
81.87
81.83
81.84
81.85
81.87
81.85
81.86
81.87
81.88
81.88
81.87
81.88
81.88
81.87
81.87
81.86
81.86
81.87
81.88
81.87
81.84
81.84
81.82
81.84
81.84
81.87
81.87
81.88
81.89
81.89
81.89
81.90
81.87
81.88
81.89
81.89
81.88
81.90
81.92
81.91
81.92
81.92
81.92
81.90
81.89
81.90
81.92
81.91
81.92
81.92
81.92
81.91
81.92
81.91
81.91
81.90
81.92
81.94
81.94
81.92
81.94
81.95
81.95
81.94
81.93
81.92
81.92
81.92
81.91
81.92
81.92
81.92
81.90
81.92
81.93
81.95
81.95
81.96
81.94
81.94
81.96
81.96
81.95
81.92
81.92
81.91
81.91
81.89
81.90
81.90
81.89
81.89
81.87
81.88
81.88
81.88
81.90
81.90
81.88
81.87
81.86
81.86
81.87
81.87
81.87
81.86
81.86
81.85
81.85
81.83
81.84
81.84
81.85
81.86
81.86
81.86
81.87
81.85
81.86
81.87
81.87
81.88
81.89
81.90
81.90
81.90
81.91
81.90
81.91
81.90
81.90
81.90
81.90
81.91
81.90
81.90
81.89
81.89
81.90
81.91
81.91
81.90
81.89
81.90
81.92
81.89
81.89
81.89
81.89
81.90
81.91
81.92
81.93
81.93
81.93
81.94
81.92
81.93
81.92
81.92
81.91
81.91
81.89
81.89
81.89
81.90
81.91
81.90
81.91
81.92
81.92
81.92
81.93
81.93
81.94
81.94
81.94
81.95
81.94
81.94
81.96
81.95
81.95
81.95
81.95
81.96
81.96
81.97
81.98
81.99
81.99
81.99
82.00
82.00
82.00
82.01
82.02
82.01
82.00
82.00
81.99
81.99
82.00
81.99
81.98
81.97
81.98
81.98
81.99
81.98
81.98
81.98
81.97
81.99
81.98
82.00
81.98
81.99
82.00
82.00
82.01
82.02
82.03
82.03
82.02
82.03
82.02
82.03
82.03
82.03
82.03
82.02
82.04
82.05
82.06
82.04
82.04
82.04
82.04
82.05
82.06
82.06
82.06
82.04
82.05
82.04
82.04
82.02
82.02
82.04
82.05
82.06
82.07
82.08
82.08
82.09
82.09
82.10
82.10
82.09
82.10
82.09
82.10
82.10
82.09
82.09
82.09
82.10
82.09
82.08
82.07
82.08
82.07
82.07
82.07
82.08
82.09
82.10
82.09
82.10
82.10
82.09
82.10
82.08
82.09
82.09
82.09
82.08
82.08
82.07
82.06
82.06
82.05
82.06
82.06
82.05
82.04
82.05
82.03
82.03
82.02
82.02
82.02
82.01
82.01
82.01
81.99
81.98
81.98
81.98
81.98
81.98
81.98
81.98
81.97
81.97
81.96
81.97
81.96
81.95
81.95
81.96
81.96
81.96
81.96
81.97
81.97
81.97
81.98
81.99
81.98
81.98
81.98
81.98
81.98
81.98
81.97
81.97
81.97
81.97
81.97
81.98
81.97
81.97
81.97
81.96
81.96
81.97
81.96
81.96
81.97
81.97
81.99
81.97
81.97
81.98
81.99
81.99
82.00
82.00
82.00
82.01
82.01
82.01
82.00
82.00
82.01
82.01
82.02
82.02
82.01
82.00
81.99
82.00
82.00
82.00
82.00
82.00
82.01
82.02
82.02
82.02
82.02
82.01
82.01
82.00
82.00
81.99
81.99
82.00
82.00
82.00
81.98
81.98
81.98
81.98
81.98
81.97
81.99
81.97
81.97
81.97
81.96
81.96
81.96
81.96
81.96
81.96
81.95
81.95
81.95
81.95
81.95
81.95
81.95
81.95
81.96
81.97
81.97
81.90
