81.25
82.03
81.77
81.25
80.62
81.77
81.47
80.66
81.08
81.56
82.24
82.42
82.33
82.48
82.60
82.03
82.26
81.94
81.74
82.27
81.99
82.03
82.00
82.16
82.06
82.03
82.23
82.09
82.22
82.19
81.96
82.03
81.96
81.89
81.74
81.68
81.63
81.87
81.93
81.95
81.97
81.96
81.98
82.03
82.05
81.73
81.75
81.84
81.92
81.84
81.89
81.85
81.87
81.94
81.82
81.92
82.02
81.90
81.91
81.80
81.94
82.01
81.97
81.86
81.90
81.98
82.09
82.12
82.20
82.25
82.20
82.23
82.28
82.31
82.33
82.34
82.28
82.23
82.22
82.23
82.20
82.20
82.08
82.14
82.08
82.09
82.02
82.05
82.09
82.14
82.19
82.13
82.07
82.10
82.12
82.19
82.30
82.27
82.34
82.37
82.39
82.31
82.27
82.23
82.25
82.19
82.20
82.20
82.20
82.23
82.11
82.11
82.13
82.15
82.17
82.09
82.09
81.95
81.93
81.90
81.82
81.84
81.83
81.77
81.74
81.76
81.75
81.85
81.83
81.85
81.87
81.90
81.84
81.80
81.78
81.74
81.76
81.78
81.81
81.83
81.86
81.86
81.83
81.78
81.81
81.83
81.85
81.83
81.84
81.89
81.85
81.85
81.87
81.93
82.00
82.03
82.05
82.05
82.08
82.09
82.09
82.09
82.08
82.15
82.15
82.15
82.17
82.19
82.17
82.20
82.15
82.17
82.15
82.08
82.09
82.07
82.06
82.08
82.13
82.14
82.14
82.12
82.10
82.07
82.05
82.05
82.07
82.08
82.04
82.05
82.05
82.03
82.06
82.03
82.02
82.02
81.98
81.99
82.04
82.05
82.02
82.02
81.99
81.99
81.99
82.00
81.97
82.00
81.98
82.02
82.01
81.99
82.00
82.02
82.03
82.01
82.02
82.02
82.02
81.98
81.94
81.95
81.92
81.91
81.92
81.93
81.90
81.90
81.91
81.90
81.87
81.86
81.87
81.84
81.86
81.87
81.89
81.89
81.89
81.88
81.90
81.88
81.91
81.90
81.88
81.90
81.90
81.91
81.92
81.89
81.92
81.91
81.90
81.91
81.89
81.90
81.93
81.89
81.90
81.89
81.88
81.91
81.92
81.95
81.96
81.94
81.92
81.87
81.90
81.93
81.94
81.91
81.93
81.93
81.93
81.93
81.96
81.99
81.99
81.99
82.00
82.00
82.02
82.03
82.05
82.07
82.09
82.07
82.07
82.09
82.08
82.07
82.08
82.07
82.08
82.09
82.11
82.14
82.14
82.14
82.14
82.13
82.12
82.12
82.12
82.13
82.13
82.12
82.12
82.11
82.11
82.12
82.12
82.13
82.12
82.11
82.07
82.08
82.07
82.08
82.12
82.13
82.13
82.13
82.15
82.15
82.13
82.13
82.14
82.11
82.10
82.09
82.08
82.07
82.08
82.09
82.13
82.14
82.14
82.17
82.14
82.13
82.12
82.10
82.10
82.12
82.10
82.09
82.09
82.09
82.09
82.11
82.10
82.09
82.08
82.07
82.07
82.07
82.06
82.05
82.04
82.04
82.05
82.04
82.04
82.03
82.02
81.99
81.97
81.97
81.97
81.96
81.97
81.99
82.01
82.02
82.02
82.02
82.01
82.00
82.00
82.01
82.01
81.99
81.99
82.02
82.03
82.04
82.03
82.05
82.07
82.08
82.07
82.07
82.10
82.09
82.10
82.08
82.09
82.09
82.08
82.11
82.12
82.12
82.13
82.12
82.12
82.12
82.11
82.11
82.11
82.09
82.11
82.10
82.10
82.10
82.08
82.09
82.08
82.09
82.11
82.11
82.11
82.13
82.11
82.12
82.11
82.11
82.09
82.10
82.10
82.09
82.10
82.09
82.10
82.11
82.10
82.10
82.09
82.08
82.07
82.08
82.06
82.07
82.06
82.04
82.04
82.05
82.08
82.05
82.05
82.06
82.05
82.06
82.05
82.03
82.03
82.03
82.03
82.04
82.05
82.04
82.04
82.05
82.05
82.04
82.06
82.05
82.02
82.03
82.04
82.04
82.06
82.07
82.07
82.07
82.08
82.08
82.08
82.07
82.07
82.06
82.07
82.07
82.07
82.07
82.06
82.06
82.06
82.05
82.05
82.05
82.04
82.03
82.03
82.03
82.03
82.03
82.03
82.03
82.02
82.03
82.04
82.03
82.02
82.01
82.01
82.01
82.03
82.02
82.01
82.01
82.01
82.01
82.00
81.99
81.99
81.99
81.98
81.97
81.95
81.95
81.96
81.96
81.96
81.97
81.97
81.98
81.98
82.00
81.99
81.99
81.97
81.97
81.96
81.96
81.97
81.96
81.98
81.99
82.00
82.01
82.03
82.01
82.00
82.01
82.01
82.02
82.02
82.03
82.03
82.03
82.04
82.01
82.00
82.01
81.99
81.99
82.00
82.01
82.01
82.01
82.00
81.99
81.98
81.98
81.97
81.97
81.96
81.97
81.98
81.97
81.96
81.97
81.95
81.96
81.96
81.96
81.94
81.95
81.93
81.92
81.93
81.92
81.92
81.92
81.92
81.91
81.91
81.91
81.92
81.92
81.91
81.92
81.91
81.91
81.92
81.93
81.93
81.94
81.94
81.95
81.93
81.93
81.93
81.93
81.95
81.95
81.95
81.95
81.95
81.95
81.94
81.94
81.95
81.95
81.95
81.96
81.96
81.95
81.95
81.95
81.93
81.92
81.92
81.91
81.91
81.91
81.91
81.90
81.89
81.88
81.89
81.91
81.90
81.91
81.90
81.90
81.89
81.89
81.89
81.90
81.91
81.91
81.91
81.90
81.91
81.91
81.90
81.91
81.90
81.91
81.92
81.92
81.92
81.91
81.92
81.94
81.94
81.95
81.95
81.96
81.97
81.97
81.96
81.97
81.97
81.98
81.98
81.98
81.98
81.98
81.99
81.98
81.98
81.99
82.00
81.99
81.99
81.99
81.99
81.99
81.99
81.99
82.00
82.00
82.00
82.02
82.01
82.01
82.00
82.00
82.00
81.99
82.00
82.00
82.01
82.01
82.00
81.98
81.99
81.98
81.98
81.98
81.98
81.97
81.97
81.98
81.98
81.98
81.98
81.98
81.98
81.98
81.98
81.98
81.97
81.98
81.98
81.97
81.97
81.97
81.95
81.94
81.95
81.95
81.94
81.94
81.95
81.95
81.95
81.95
81.95
81.96
81.96
81.96
81.96
81.97
81.96
81.96
81.96
81.96
81.96
81.95
81.95
81.96
81.96
81.97
81.97
81.97
81.97
81.97
81.96
81.95
81.95
81.95
81.95
81.95
81.94
81.94
81.94
81.94
81.94
81.93
81.94
81.95
81.95
81.95
81.95
81.96
81.96
81.97
81.97
81.96
81.98
81.98
81.99
81.99
81.99
81.98
81.98
81.90
