85.94
82.03
82.29
80.86
80.62
79.95
80.13
80.86
81.08
80.78
80.97
80.86
81.49
82.25
82.50
82.62
82.44
82.81
82.65
82.27
82.22
82.03
82.00
81.90
81.88
82.09
82.12
82.20
82.11
82.40
82.16
82.08
82.01
82.17
82.28
82.16
82.31
82.32
82.09
82.23
82.24
82.18
82.23
82.14
82.08
82.13
81.98
82.10
82.14
82.09
82.08
81.88
81.69
81.71
81.70
81.75
81.72
81.65
81.57
81.51
81.69
81.63
81.65
81.67
81.73
81.72
81.76
81.76
81.86
81.81
81.78
81.66
81.66
81.63
81.73
81.72
81.68
81.67
81.70
81.56
81.66
81.57
81.61
81.53
81.49
81.49
81.39
81.45
81.50
81.55
81.61
81.69
81.64
81.67
81.74
81.75
81.78
81.81
81.80
81.75
81.75
81.74
81.80
81.85
81.85
81.84
81.80
81.79
81.81
81.83
81.90
81.82
81.83
81.77
81.81
81.86
81.89
81.94
81.93
81.91
81.91
81.97
82.01
82.03
82.07
82.06
82.09
82.07
82.06
82.02
82.01
82.02
82.05
82.04
82.00
82.01
82.06
82.07
82.03
82.05
82.09
82.12
82.09
82.07
82.09
82.04
81.96
82.02
82.07
82.07
82.09
82.12
82.09
82.02
82.04
82.06
82.03
82.04
82.05
82.06
82.06
82.04
82.00
81.98
81.99
81.95
81.94
81.95
81.95
81.96
81.99
81.96
81.99
82.01
81.98
81.97
81.97
81.93
81.91
81.93
81.89
81.86
81.84
81.84
81.86
81.81
81.81
81.87
81.88
81.91
81.92
81.93
81.95
81.97
81.96
82.01
82.00
82.00
82.00
81.97
81.97
81.92
81.92
81.91
81.87
81.88
81.88
81.89
81.90
81.87
81.87
81.86
81.83
81.82
81.84
81.84
81.83
81.84
81.83
81.81
81.80
81.78
81.75
81.73
81.72
81.69
81.69
81.67
81.68
81.66
81.67
81.66
81.65
81.62
81.66
81.68
81.66
81.68
81.68
81.70
81.71
81.68
81.66
81.67
81.65
81.66
81.67
81.63
81.62
81.61
81.64
81.63
81.64
81.65
81.66
81.68
81.68
81.70
81.67
81.66
81.71
81.73
81.71
81.72
81.72
81.70
81.71
81.72
81.72
81.72
81.71
81.71
81.68
81.68
81.66
81.67
81.67
81.67
81.69
81.71
81.72
81.72
81.75
81.76
81.76
81.76
81.76
81.76
81.79
81.80
81.80
81.82
81.82
81.82
81.83
81.81
81.82
81.81
81.81
81.81
81.82
81.82
81.83
81.86
81.84
81.84
81.83
81.83
81.86
81.85
81.87
81.87
81.89
81.90
81.89
81.89
81.87
81.88
81.88
81.89
81.89
81.89
81.86
81.88
81.89
81.90
81.87
81.88
81.89
81.90
81.88
81.88
81.89
81.90
81.90
81.88
81.85
81.83
81.82
81.82
81.82
81.81
81.80
81.78
81.79
81.80
81.80
81.80
81.81
81.83
81.81
81.81
81.81
81.78
81.80
81.80
81.80
81.79
81.80
81.79
81.78
81.77
81.77
81.77
81.76
81.78
81.78
81.79
81.78
81.77
81.77
81.76
81.77
81.76
81.77
81.78
81.77
81.75
81.75
81.74
81.74
81.74
81.73
81.74
81.75
81.71
81.70
81.69
81.70
81.70
81.73
81.72
81.73
81.75
81.74
81.74
81.75
81.73
81.75
81.75
81.76
81.75
81.78
81.78
81.80
81.81
81.81
81.81
81.82
81.82
81.81
81.82
81.83
81.82
81.83
81.85
81.85
81.86
81.88
81.87
81.87
81.86
81.86
81.85
81.86
81.85
81.85
81.83
81.85
81.85
81.85
81.85
81.85
81.84
81.85
81.86
81.83
81.83
81.82
81.80
81.81
81.79
81.78
81.80
81.82
81.81
81.83
81.84
81.84
81.84
81.83
81.83
81.83
81.82
81.82
81.83
81.82
81.82
81.80
81.82
81.83
81.84
81.84
81.83
81.83
81.83
81.83
81.83
81.83
81.82
81.82
81.84
81.83
81.82
81.82
81.80
81.80
81.78
81.78
81.77
81.79
81.79
81.79
81.80
81.80
81.80
81.80
81.79
81.80
81.80
81.79
81.80
81.79
81.78
81.80
81.81
81.82
81.82
81.83
81.85
81.85
81.85
81.85
81.83
81.84
81.86
81.87
81.87
81.86
81.85
81.86
81.86
81.86
81.85
81.87
81.87
81.88
81.88
81.89
81.90
81.90
81.92
81.93
81.92
81.92
81.92
81.93
81.94
81.94
81.95
81.94
81.95
81.94
81.93
81.93
81.92
81.90
81.91
81.92
81.90
81.89
81.89
81.90
81.91
81.92
81.92
81.93
81.94
81.94
81.94
81.93
81.93
81.93
81.92
81.94
81.95
81.95
81.95
81.97
81.98
81.99
81.99
81.99
82.00
82.01
82.01
82.00
81.99
82.01
82.00
82.00
82.00
82.00
82.00
81.99
81.99
81.98
81.98
81.99
82.00
82.00
81.99
81.99
81.99
82.00
82.00
82.00
81.99
82.00
81.99
81.99
81.99
81.99
81.99
81.99
82.00
81.99
82.01
81.99
82.00
82.00
82.00
82.00
81.99
81.99
81.99
81.99
82.01
82.01
82.01
82.02
82.01
82.01
82.00
82.00
81.99
81.99
81.99
81.99
81.98
81.98
81.99
81.98
82.00
82.00
82.00
82.00
82.00
81.99
81.99
81.99
81.99
81.97
81.97
81.97
81.98
81.99
81.99
81.99
81.99
81.98
81.98
81.97
81.97
81.98
81.97
81.98
81.99
81.98
81.99
81.99
81.99
