79.69
78.91
79.69
80.86
81.25
80.47
80.36
80.47
80.03
80.47
80.54
80.47
80.05
79.80
79.69
79.39
79.60
79.25
78.95
79.30
79.54
79.69
79.48
79.56
79.81
79.81
79.92
79.80
79.80
80.05
79.99
80.32
80.45
80.65
80.80
80.90
80.87
80.80
80.77
80.82
80.87
81.14
81.07
80.89
81.04
81.01
81.02
81.02
81.06
81.06
81.04
81.10
81.19
81.25
81.22
81.36
81.39
81.41
81.41
81.35
81.38
81.43
81.42
81.42
81.37
81.44
81.32
81.30
81.41
81.45
81.51
81.62
81.68
81.78
81.69
81.76
81.82
81.81
81.84
81.93
81.89
81.86
81.93
81.96
81.95
81.80
81.82
81.84
81.85
81.82
81.82
81.83
81.75
81.85
81.88
81.87
81.91
81.94
81.96
81.89
81.81
81.88
81.93
81.94
81.99
81.99
82.04
82.09
82.20
82.24
82.29
82.28
82.27
82.26
82.26
82.19
82.24
82.27
82.22
82.19
82.23
82.18
82.18
82.14
82.10
82.03
81.99
81.97
81.95
81.98
82.00
82.00
82.04
82.11
82.09
82.08
82.05
81.97
82.00
82.00
82.00
82.03
82.05
82.06
82.06
82.05
82.06
82.07
82.11
82.14
82.18
82.14
82.10
82.08
82.06
82.06
82.08
82.07
82.10
82.09
82.11
82.12
82.11
82.08
82.05
82.05
82.10
82.11
82.14
82.12
82.13
82.17
82.17
82.17
82.13
82.10
82.09
82.14
82.16
82.13
82.17
82.16
82.18
82.21
82.25
82.26
82.30
82.29
82.26
82.24
82.21
82.18
82.17
82.18
82.20
82.21
82.17
82.12
82.09
82.10
82.05
82.05
82.03
81.99
81.99
81.96
81.97
81.96
81.96
81.94
81.92
81.89
81.90
81.84
81.89
81.89
81.90
81.91
81.92
81.90
81.90
81.90
81.95
81.98
81.97
81.99
81.98
81.98
81.99
81.96
81.97
81.98
81.95
81.95
81.96
81.96
81.95
81.95
81.97
81.98
81.99
81.97
81.97
81.97
81.95
81.94
81.93
81.90
81.93
81.94
81.92
81.93
81.92
81.90
81.91
81.89
81.88
81.92
81.94
81.94
81.97
81.95
81.93
81.94
81.96
81.93
81.92
81.94
81.95
81.93
81.92
81.93
81.95
81.95
81.97
81.95
81.94
81.92
81.90
81.91
81.91
81.93
81.93
81.92
81.87
81.88
81.89
81.90
81.88
81.85
81.86
81.87
81.86
81.87
81.88
81.86
81.85
81.84
81.86
81.89
81.88
81.87
81.89
81.90
81.90
81.90
81.89
81.90
81.90
81.92
81.93
81.93
81.93
81.94
81.95
81.93
81.94
81.94
81.91
81.88
81.89
81.88
81.86
81.86
81.88
81.89
81.88
81.87
81.87
81.88
81.87
81.87
81.87
81.87
81.88
81.87
81.89
81.88
81.90
81.88
81.91
81.93
81.94
81.94
81.96
81.97
81.99
81.98
81.98
82.00
82.00
81.98
81.98
81.97
82.00
81.99
82.01
82.00
82.00
82.00
82.01
82.02
82.00
82.00
82.00
81.98
81.98
81.99
82.01
82.00
82.00
82.01
82.01
82.02
82.04
82.05
82.03
82.03
82.05
82.06
82.07
82.08
82.08
82.08
82.08
82.08
82.10
82.11
82.11
82.09
82.11
82.08
82.09
82.11
82.11
82.10
82.07
82.08
82.08
82.07
82.06
82.07
82.06
82.05
82.07
82.09
82.09
82.10
82.09
82.10
82.09
82.09
82.09
82.10
82.09
82.08
82.11
82.10
82.09
82.11
82.09
82.07
82.08
82.08
82.04
82.05
82.08
82.10
82.07
82.06
82.07
82.09
82.11
82.10
82.10
82.10
82.09
82.08
82.09
82.09
82.09
82.09
82.09
82.09
82.09
82.08
82.09
82.08
82.08
82.08
82.08
82.09
82.07
82.07
82.07
82.08
82.09
82.12
82.13
82.12
82.12
82.12
82.12
82.13
82.12
82.11
82.09
82.10
82.10
82.11
82.11
82.11
82.10
82.08
82.09
82.09
82.09
82.09
82.09
82.07
82.06
82.05
82.06
82.07
82.07
82.07
82.07
82.07
82.09
82.11
82.10
82.09
82.06
82.07
82.07
82.07
82.07
82.07
82.05
82.04
82.05
82.04
82.05
82.05
82.05
82.05
82.05
82.03
82.03
82.04
82.04
82.03
82.03
82.03
82.02
82.01
82.00
82.00
82.00
82.00
82.01
82.01
82.00
82.00
82.00
82.00
82.00
82.00
82.02
82.02
82.02
82.01
81.99
81.98
81.99
82.00
82.00
82.01
82.01
82.01
82.02
82.02
82.00
82.01
82.00
82.01
82.02
82.03
82.03
82.02
82.03
82.04
82.04
82.03
82.03
82.01
82.01
82.00
82.01
82.03
82.02
82.03
82.03
82.02
82.02
82.01
82.01
82.00
82.01
82.02
82.01
82.00
81.99
82.01
81.98
81.98
81.97
81.98
81.98
81.97
81.96
81.96
81.97
81.96
81.95
81.93
81.93
81.93
81.94
81.94
81.92
81.93
81.93
81.93
81.92
81.92
81.91
81.90
81.90
81.91
81.90
81.90
81.92
81.92
81.91
81.92
81.91
81.91
81.90
81.91
81.90
81.90
81.90
81.88
81.89
81.88
81.90
81.90
81.89
81.88
81.90
81.91
81.91
81.92
81.92
81.93
81.93
81.92
81.92
81.92
81.92
81.92
81.93
81.92
81.93
81.92
81.93
81.93
81.94
81.95
81.95
81.94
81.93
81.91
81.91
81.92
81.92
81.92
81.92
81.93
81.93
81.93
81.93
81.93
81.93
81.93
81.93
81.94
81.94
81.93
81.94
81.93
81.93
81.93
81.92
81.93
81.91
81.91
81.92
81.92
81.92
81.93
81.93
81.94
81.94
81.94
81.94
81.94
81.93
81.93
81.94
81.95
81.94
81.93
81.93
81.94
81.96
81.96
81.96
81.95
81.95
81.95
81.95
81.95
81.96
81.96
81.96
81.97
81.97
81.97
81.97
81.97
81.98
81.98
81.99
81.98
81.98
81.97
81.99
81.99
81.99
82.00
82.00
82.00
82.00
82.01
82.02
82.02
82.01
82.00
82.00
81.99
82.00
82.01
82.00
81.99
82.00
81.99
82.00
81.99
81.98
81.98
81.97
81.98
81.98
81.98
81.98
81.97
81.97
81.97
81.97
81.97
81.98
81.99
81.99
81.99
82.00
82.00
82.00
82.01
82.01
82.01
82.01
82.00
82.00
82.00
82.01
82.02
82.02
82.02
82.01
82.01
82.00
82.00
82.00
82.00
81.99
81.99
82.00
81.99
81.99
81.98
81.98
81.97
81.98
81.98
81.99
81.99
81.99
81.99
81.98
81.90
