85.94
81.25
83.85
81.25
81.25
82.29
83.04
83.01
83.51
83.44
82.95
82.81
83.05
83.26
83.44
82.81
83.18
82.73
82.65
82.42
82.59
81.89
81.59
81.58
81.56
81.67
81.60
81.81
82.00
81.98
82.11
81.98
81.77
81.76
81.88
81.86
81.71
81.78
81.97
81.88
81.94
81.85
81.90
81.85
81.77
81.90
82.05
82.29
82.17
82.16
82.20
82.15
82.05
82.12
82.16
82.06
81.94
82.09
82.20
82.08
82.20
82.16
82.14
82.23
82.02
82.08
82.16
82.12
82.11
82.14
82.15
82.10
82.06
81.97
81.96
82.05
82.12
82.19
82.24
82.15
82.08
82.09
82.10
82.09
82.08
82.05
82.00
82.05
82.06
82.00
82.06
82.00
82.06
82.06
82.17
82.15
82.14
82.21
82.24
82.16
82.13
82.11
82.08
82.14
82.05
81.99
82.01
82.05
82.08
82.12
82.16
82.10
82.04
82.00
82.01
82.00
81.94
81.99
82.04
82.02
82.00
81.89
81.94
81.85
81.82
81.88
81.85
81.84
81.84
81.81
81.85
81.84
81.87
81.82
81.90
81.90
81.90
81.85
81.86
81.91
81.90
81.91
81.94
81.94
81.97
81.97
81.90
81.92
81.90
81.91
81.93
81.90
81.88
81.92
81.87
81.88
81.91
81.91
81.87
81.90
81.90
81.85
81.83
81.85
81.87
81.88
81.88
81.87
81.92
81.88
81.90
81.92
81.88
81.91
81.89
81.89
81.88
81.92
81.90
81.87
81.89
81.87
81.92
81.89
81.86
81.87
81.88
81.87
81.84
81.83
81.79
81.82
81.79
81.80
81.83
81.84
81.84
81.86
81.88
81.87
81.88
81.90
81.89
81.86
81.85
81.86
81.88
81.87
81.86
81.87
81.86
81.88
81.89
81.89
81.88
81.88
81.90
81.90
81.92
81.94
81.96
81.95
81.91
81.90
81.87
81.88
81.88
81.87
81.83
81.83
81.83
81.86
81.87
81.89
81.91
81.93
81.91
81.93
81.94
81.96
81.96
81.96
81.98
81.98
81.98
82.00
82.01
82.01
82.03
81.97
82.00
81.99
81.97
81.96
81.97
81.99
81.98
82.00
82.00
82.00
82.00
81.98
81.99
82.01
82.03
82.03
82.03
82.04
82.03
82.04
82.03
82.05
82.03
82.03
82.01
82.02
82.02
82.05
82.05
82.05
82.05
82.04
82.04
82.04
82.03
81.99
81.97
81.96
81.97
81.99
81.99
82.01
82.02
81.97
81.98
81.97
81.96
81.96
81.98
81.98
82.00
82.00
81.99
81.97
81.99
82.01
82.02
82.03
82.01
81.99
81.97
81.98
81.99
81.96
81.95
81.95
81.96
81.95
81.95
81.96
81.96
81.95
81.94
81.93
81.90
81.93
81.93
81.92
81.92
81.93
81.93
81.93
81.94
81.96
81.96
81.97
81.97
81.96
81.96
81.98
81.98
81.99
81.99
81.98
81.98
81.99
82.00
81.99
81.99
81.97
81.96
81.96
81.96
81.96
81.95
81.93
81.94
81.94
81.95
81.91
81.89
81.91
81.91
81.90
81.90
81.93
81.94
81.95
81.95
81.94
81.97
81.97
81.95
81.97
81.99
81.98
82.00
82.01
82.01
82.01
82.01
82.00
81.99
81.99
82.00
82.02
82.05
82.05
82.06
82.06
82.06
82.06
82.06
82.06
82.04
82.03
82.03
82.02
82.03
82.00
82.00
82.00
82.01
82.01
81.98
82.00
82.01
81.99
81.99
81.99
81.98
81.96
81.93
81.93
81.94
81.93
81.94
81.95
81.95
81.96
81.96
81.93
81.93
81.92
81.93
81.93
81.91
81.93
81.92
81.91
81.87
81.88
81.87
81.88
81.87
81.89
81.88
81.87
81.87
81.88
81.88
81.88
81.88
81.89
81.91
81.92
81.92
81.93
81.93
81.92
81.92
81.90
81.89
81.89
81.89
81.88
81.87
81.88
81.87
81.88
81.88
81.87
81.88
81.88
81.87
81.86
81.87
81.86
81.85
81.86
81.86
81.85
81.85
81.83
81.83
81.85
81.84
81.84
81.85
81.83
81.81
81.81
81.82
81.83
81.84
81.84
81.84
81.84
81.87
81.86
81.86
81.87
81.88
81.86
81.87
81.85
81.88
81.88
81.89
81.90
81.88
81.88
81.89
81.89
81.90
81.90
81.89
81.87
81.87
81.88
81.90
81.91
81.88
81.89
81.88
81.89
81.87
81.86
81.87
81.87
81.88
81.88
81.89
81.89
81.90
81.90
81.88
81.88
81.89
81.90
81.89
81.88
81.89
81.89
81.89
81.90
81.90
81.92
81.92
81.92
81.90
81.89
81.87
81.86
81.88
81.88
81.89
81.89
81.90
81.89
81.89
81.88
81.87
81.87
81.87
81.89
81.89
81.90
81.90
81.91
81.90
81.91
81.92
81.92
81.92
81.92
81.91
81.90
81.90
81.89
81.91
81.92
81.93
81.93
81.94
81.93
81.94
81.94
81.95
81.95
81.95
81.95
81.96
81.95
81.95
81.95
81.95
81.94
81.94
81.93
81.90
81.91
81.92
81.91
81.91
81.90
81.91
81.91
81.92
81.92
81.92
81.91
81.92
81.92
81.92
81.91
81.91
81.91
81.91
81.92
81.92
81.91
81.91
81.91
81.90
81.90
81.89
81.89
81.89
81.88
81.88
81.90
81.90
81.92
81.91
81.91
81.90
81.88
81.89
81.90
81.89
81.90
81.90
81.89
81.89
81.89
81.89
81.89
81.89
81.89
81.89
81.89
81.89
81.89
81.90
81.89
81.89
81.88
81.88
81.89
81.88
81.87
81.87
81.88
81.88
81.88
81.89
81.89
81.89
81.89
81.90
81.91
81.93
81.92
81.92
81.93
81.92
81.92
81.92
81.91
81.91
81.91
81.92
81.93
81.93
81.94
81.94
81.94
81.94
81.94
81.95
81.95
81.95
81.95
81.95
81.96
81.95
81.97
81.97
81.97
81.96
81.97
81.98
81.97
81.98
81.99
82.00
82.00
81.99
81.98
82.00
81.98
81.98
81.97
81.98
81.99
81.99
81.99
81.98
81.99
81.98
81.98
81.98
81.97
81.97
81.97
81.97
81.96
81.96
81.96
81.96
81.96
81.97
81.97
81.98
81.98
81.98
81.99
81.98
81.97
81.98
81.98
81.98
81.98
81.99
81.98
81.98
81.97
81.98
81.98
81.99
81.99
81.99
81.99
82.00
82.00
82.01
82.00
82.01
82.01
82.01
82.01
82.02
82.01
82.02
82.01
81.99
81.99
81.97
81.98
81.96
81.97
81.98
81.98
81.99
81.98
81.99
81.98
81.98
81.97
81.97
81.96
81.97
81.96
81.96
81.95
81.96
81.96
81.96
81.97
81.98
81.90
