79.69
83.59
84.38
84.38
83.44
82.29
82.59
82.81
83.51
84.06
83.66
83.07
83.17
83.04
83.02
82.91
83.27
83.33
83.31
83.59
83.78
83.45
83.63
83.46
83.25
83.17
82.99
82.92
82.49
82.55
82.41
82.42
82.53
82.31
82.01
82.20
82.14
82.20
82.21
82.27
82.36
82.51
82.52
82.39
82.47
82.47
82.51
82.55
82.62
82.53
82.44
82.45
82.37
82.35
82.30
82.23
82.35
82.33
82.28
82.27
82.22
82.28
82.34
82.47
82.45
82.48
82.51
82.40
82.31
82.41
82.46
82.53
82.53
82.39
82.40
82.32
82.35
82.45
82.38
82.38
82.45
82.53
82.53
82.42
82.37
82.43
82.45
82.51
82.58
82.60
82.66
82.64
82.63
82.63
82.57
82.60
82.59
82.57
82.59
82.61
82.58
82.57
82.57
82.57
82.59
82.56
82.56
82.62
82.63
82.64
82.59
82.49
82.48
82.51
82.49
82.46
82.37
82.39
82.33
82.34
82.39
82.38
82.36
82.37
82.40
82.39
82.43
82.45
82.44
82.49
82.48
82.54
82.55
82.59
82.58
82.58
82.54
82.52
82.52
82.50
82.47
82.50
82.54
82.55
82.54
82.48
82.51
82.51
82.44
82.45
82.47
82.43
82.43
82.44
82.37
82.38
82.39
82.44
82.42
82.40
82.40
82.41
82.41
82.42
82.44
82.45
82.45
82.42
82.41
82.38
82.36
82.39
82.32
82.37
82.41
82.42
82.41
82.34
82.31
82.36
82.33
82.25
82.28
82.29
82.34
82.33
82.31
82.30
82.32
82.35
82.33
82.28
82.25
82.20
82.23
82.17
82.15
82.12
82.11
82.13
82.13
82.13
82.10
82.13
82.12
82.16
82.20
82.19
82.17
82.17
82.16
82.15
82.16
82.16
82.19
82.21
82.19
82.17
82.18
82.20
82.20
82.21
82.19
82.21
82.18
82.16
82.15
82.16
82.19
82.19
82.20
82.18
82.18
82.18
82.16
82.16
82.20
82.20
82.20
82.21
82.18
82.17
82.16
82.16
82.17
82.19
82.17
82.18
82.17
82.15
82.19
82.21
82.21
82.20
82.21
82.23
82.22
82.23
82.23
82.24
82.24
82.23
82.24
82.24
82.24
82.27
82.29
82.26
82.25
82.22
82.20
82.19
82.15
82.17
82.18
82.17
82.16
82.15
82.15
82.15
82.15
82.17
82.19
82.18
82.17
82.18
82.16
82.18
82.19
82.18
82.19
82.18
82.18
82.19
82.18
82.18
82.19
82.19
82.18
82.21
82.22
82.20
82.22
82.24
82.24
82.23
82.24
82.20
82.22
82.20
82.19
82.21
82.21
82.21
82.20
82.18
82.17
82.17
82.18
82.15
82.16
82.16
82.15
82.16
82.14
82.14
82.14
82.14
82.12
82.10
82.12
82.11
82.09
82.09
82.10
82.12
82.12
82.10
82.12
82.13
82.14
82.14
82.13
82.15
82.14
82.11
82.11
82.11
82.11
82.12
82.13
82.13
82.14
82.15
82.17
82.17
82.17
82.17
82.17
82.17
82.16
82.16
82.17
82.14
82.14
82.15
82.15
82.15
82.17
82.18
82.17
82.17
82.18
82.16
82.16
82.14
82.15
82.13
82.14
82.13
82.12
82.13
82.11
82.10
82.10
82.10
82.12
82.11
82.10
82.10
82.09
82.11
82.11
82.11
82.12
82.12
82.12
82.11
82.09
82.09
82.10
82.11
82.12
82.12
82.11
82.10
82.11
82.10
82.08
82.08
82.08
82.09
82.07
82.08
82.07
82.08
82.06
82.04
82.06
82.03
82.04
82.04
82.05
82.06
82.06
82.06
82.04
82.03
82.01
82.03
82.03
82.04
82.05
82.02
82.02
82.02
82.04
82.06
82.05
82.07
82.05
82.05
82.03
82.02
82.03
82.02
82.03
82.01
82.01
82.01
82.00
82.01
82.01
82.01
81.99
81.99
82.01
82.01
82.00
82.00
82.00
82.00
82.03
82.02
82.02
82.01
82.02
82.02
82.02
82.02
82.03
82.03
82.03
82.04
82.05
82.05
82.05
82.05
82.05
82.05
82.06
82.07
82.07
82.06
82.07
82.07
82.06
82.06
82.06
82.07
82.07
82.06
82.05
82.04
82.05
82.07
82.06
82.06
82.06
82.07
82.07
82.06
82.06
82.05
82.06
82.08
82.09
82.10
82.09
82.09
82.08
82.06
82.06
82.05
82.04
82.04
82.04
82.02
82.02
82.01
82.01
82.01
82.02
82.02
82.01
82.00
82.02
82.02
82.01
82.02
82.03
82.04
82.04
82.05
82.06
82.05
82.03
82.03
82.03
82.04
82.05
82.04
82.04
82.05
82.04
82.05
82.05
82.06
82.04
82.03
82.02
82.03
82.02
82.02
82.02
82.04
82.03
82.05
82.06
82.07
82.08
82.09
82.08
82.09
82.09
82.09
82.09
82.06
82.05
82.05
82.05
82.05
82.07
82.07
82.08
82.07
82.08
82.08
82.06
82.07
82.07
82.06
82.06
82.07
82.06
82.05
82.05
82.05
82.05
82.04
82.04
82.03
82.04
82.04
82.04
82.03
82.02
82.03
82.03
82.03
82.03
82.04
82.04
82.04
82.05
82.04
82.03
82.03
82.02
82.01
82.01
82.00
82.01
82.02
82.01
82.00
81.99
82.00
82.00
82.00
81.99
81.98
81.98
81.97
81.98
81.99
81.98
81.98
81.98
81.99
81.99
81.98
81.96
81.96
81.96
81.96
81.97
81.98
81.98
81.98
81.99
81.97
81.95
81.95
81.95
81.95
81.95
81.95
81.95
81.95
81.96
81.97
81.98
81.98
81.97
81.95
81.94
81.94
81.95
81.95
81.94
81.94
81.94
81.93
81.94
81.94
81.95
81.96
81.96
81.97
81.98
81.98
81.97
81.98
81.97
81.97
81.97
81.96
81.96
81.95
81.95
81.95
81.95
81.95
81.94
81.93
81.93
81.94
81.96
81.96
81.97
81.98
81.97
81.97
81.99
81.99
81.98
81.99
81.98
81.99
81.99
81.99
81.99
82.00
82.00
82.00
82.00
81.99
81.99
81.99
82.00
81.98
81.98
81.97
81.97
81.98
81.98
81.99
81.98
81.97
81.97
81.97
81.97
81.96
81.97
81.97
81.97
81.96
81.95
81.95
81.94
81.95
81.94
81.94
81.96
81.96
81.96
81.97
81.97
81.95
81.95
81.95
81.95
81.97
81.96
81.96
81.95
81.96
81.96
81.96
81.96
81.96
81.96
81.95
81.95
81.95
81.96
81.96
81.97
81.97
81.97
81.96
81.97
81.97
81.97
81.97
81.97
81.97
81.97
81.96
81.96
81.96
81.96
81.96
81.97
81.97
81.98
81.97
81.97
81.98
81.98
81.90
