79.69
80.47
82.81
82.42
82.19
81.25
81.03
80.08
80.90
81.25
81.53
81.77
81.85
81.92
81.77
81.64
81.71
82.20
81.66
82.03
81.85
81.82
81.66
81.64
81.44
81.37
81.13
80.69
80.82
80.99
81.20
81.59
81.44
81.43
81.52
81.38
81.46
81.66
81.69
81.72
81.78
81.99
81.98
81.89
81.94
81.86
81.58
81.64
81.70
81.84
81.89
81.88
81.81
81.77
81.82
81.84
81.91
81.95
81.94
81.85
81.97
81.98
82.07
82.03
82.09
82.08
82.16
82.17
82.18
82.10
82.09
82.07
82.15
82.07
82.00
82.01
82.06
82.13
82.12
82.11
82.06
82.03
82.06
82.05
82.10
82.14
82.06
82.08
82.02
81.96
81.92
82.00
82.01
81.96
81.99
81.90
81.86
81.89
81.94
81.94
81.92
81.86
81.87
81.82
81.85
81.90
81.92
81.92
81.90
81.88
81.93
81.92
81.97
81.92
81.92
81.95
82.02
82.03
82.04
81.98
82.01
81.97
82.02
82.06
82.09
82.03
82.05
82.07
82.07
82.10
82.14
82.21
82.20
82.21
82.19
82.18
82.23
82.27
82.28
82.27
82.28
82.30
82.27
82.20
82.19
82.19
82.16
82.20
82.21
82.23
82.24
82.25
82.20
82.18
82.21
82.21
82.20
82.23
82.24
82.18
82.22
82.22
82.24
82.23
82.22
82.25
82.24
82.30
82.26
82.23
82.28
82.25
82.24
82.23
82.19
82.23
82.20
82.21
82.20
82.21
82.20
82.19
82.13
82.09
82.11
82.08
82.09
82.04
82.05
82.02
82.03
82.04
82.07
82.10
82.11
82.06
82.11
82.15
82.15
82.16
82.15
82.15
82.14
82.18
82.20
82.14
82.13
82.11
82.11
82.14
82.13
82.10
82.11
82.13
82.15
82.18
82.13
82.13
82.13
82.16
82.15
82.17
82.13
82.14
82.14
82.13
82.13
82.14
82.16
82.16
82.20
82.20
82.18
82.20
82.21
82.22
82.21
82.23
82.25
82.26
82.29
82.28
82.33
82.33
82.30
82.32
82.29
82.27
82.25
82.22
82.20
82.19
82.17
82.15
82.19
82.20
82.22
82.22
82.20
82.22
82.20
82.17
82.15
82.11
82.13
82.13
82.14
82.14
82.12
82.12
82.13
82.15
82.14
82.10
82.10
82.12
82.08
82.05
82.05
82.04
82.03
82.05
82.06
82.05
82.04
82.01
81.99
81.99
81.97
81.99
82.00
82.00
82.02
82.04
82.03
82.02
82.02
82.02
81.99
82.00
82.00
82.02
82.01
81.99
81.96
81.98
81.98
82.00
82.02
82.02
82.03
82.05
82.07
82.08
82.06
82.08
82.10
82.12
82.12
82.14
82.13
82.11
82.09
82.07
82.09
82.08
82.09
82.08
82.08
82.06
82.08
82.06
82.09
82.10
82.06
82.04
82.05
82.07
82.08
82.07
82.07
82.07
82.08
82.07
82.08
82.09
82.08
82.06
82.06
82.06
82.07
82.09
82.08
82.07
82.06
82.05
82.05
82.03
82.02
82.01
82.02
82.03
82.04
82.04
82.03
82.01
82.02
82.01
82.02
82.04
82.00
82.00
82.01
82.01
82.03
82.03
82.03
82.03
82.02
81.99
81.99
81.99
82.00
82.02
82.02
82.00
82.02
82.00
82.01
81.99
81.99
81.98
81.99
81.97
81.97
81.97
81.97
81.97
81.97
81.97
81.96
81.95
81.95
81.96
81.94
81.95
81.97
81.97
81.95
81.94
81.95
81.94
81.93
81.96
81.94
81.93
81.93
81.92
81.90
81.90
81.91
81.92
81.94
81.95
81.97
81.96
81.96
81.95
81.96
81.95
81.95
81.95
81.93
81.93
81.91
81.93
81.93
81.92
81.91
81.91
81.90
81.89
81.89
81.90
81.91
81.89
81.91
81.93
81.96
81.94
81.93
81.91
81.92
81.94
81.94
81.94
81.94
81.93
81.93
81.92
81.93
81.92
81.92
81.93
81.93
81.91
81.92
81.92
81.91
81.91
81.92
81.90
81.90
81.92
81.91
81.91
81.91
81.93
81.94
81.95
81.95
81.97
81.97
81.96
81.94
81.95
81.96
81.96
81.97
81.97
81.99
82.00
82.00
82.02
82.02
82.02
82.01
82.02
82.03
82.04
82.04
82.04
82.05
82.05
82.03
82.03
82.03
82.03
82.03
82.03
82.04
82.03
82.02
82.04
82.04
82.03
82.04
82.04
82.04
82.05
82.03
82.02
82.02
82.01
82.01
82.01
82.02
82.02
82.02
82.02
82.04
82.03
82.02
82.03
82.03
82.04
82.03
82.03
82.02
82.03
82.03
82.03
82.02
82.03
82.02
82.03
82.03
82.05
82.06
82.07
82.05
82.05
82.06
82.04
82.03
82.01
82.02
82.03
82.04
82.03
82.04
82.03
82.04
82.02
82.02
82.01
82.01
82.00
82.00
82.00
82.00
82.01
82.01
82.00
82.00
82.00
82.00
82.00
82.01
82.01
82.01
82.00
82.00
82.01
82.02
82.03
82.02
82.02
82.01
82.01
82.00
82.01
82.00
82.00
81.99
82.00
82.00
82.00
81.99
81.99
81.99
82.01
82.01
82.00
82.00
82.00
82.00
82.00
82.00
82.00
82.00
82.01
82.00
82.00
81.99
82.00
82.00
82.00
81.98
81.99
81.98
81.97
81.96
81.96
81.96
81.97
81.97
81.98
81.98
81.98
81.99
81.99
82.00
81.99
82.00
82.00
82.01
82.02
82.02
82.00
82.01
82.02
82.02
82.01
82.02
82.02
82.02
82.02
82.01
82.01
82.01
82.01
82.01
82.01
82.02
82.02
82.02
82.03
82.03
82.03
82.04
82.05
82.05
82.06
82.04
82.04
82.02
82.02
82.01
82.01
82.00
82.00
82.00
82.00
82.00
82.00
81.99
81.98
81.99
81.97
81.97
81.97
81.96
81.97
81.96
81.94
81.94
81.94
81.94
81.94
81.94
81.93
81.94
81.94
81.95
81.95
81.95
81.95
81.95
81.95
81.96
81.96
81.97
81.96
81.97
81.97
81.97
81.96
81.96
81.95
81.94
81.94
81.94
81.94
81.94
81.94
81.96
81.96
81.95
81.95
81.94
81.95
81.96
81.95
81.95
81.96
81.97
81.96
81.97
81.97
81.95
81.96
81.96
81.96
81.96
81.96
81.97
81.97
81.97
81.97
81.97
81.97
81.96
81.96
81.96
81.96
81.95
81.95
81.94
81.95
81.94
81.95
81.96
81.97
81.95
81.94
81.95
81.95
81.96
81.96
81.97
81.98
81.97
81.98
81.98
81.98
81.99
81.99
81.99
81.99
81.99
82.00
82.00
82.00
82.00
81.99
81.99
81.98
81.98
81.99
81.98
81.90
