81.25
85.16
83.33
84.38
84.38
83.07
83.26
83.59
82.12
81.88
82.39
82.29
81.13
81.36
81.46
81.45
81.16
81.25
80.84
80.78
80.51
80.68
80.64
80.73
80.75
80.65
80.67
80.75
80.77
80.99
80.90
81.15
81.34
81.39
81.47
81.42
81.38
81.50
81.65
81.84
81.94
81.96
81.94
81.96
82.01
82.10
82.15
82.16
82.08
82.06
82.05
82.24
82.13
82.18
82.16
82.11
82.21
82.30
82.12
82.14
82.27
82.31
82.29
82.28
82.38
82.46
82.46
82.47
82.45
82.50
82.48
82.62
82.58
82.52
82.56
82.59
82.53
82.61
82.56
82.54
82.50
82.60
82.61
82.59
82.61
82.69
82.72
82.76
82.69
82.52
82.50
82.54
82.59
82.56
82.47
82.50
82.43
82.32
82.39
82.38
82.35
82.29
82.27
82.23
82.26
82.24
82.26
82.28
82.27
82.24
82.22
82.23
82.23
82.14
82.13
82.17
82.20
82.19
82.17
82.21
82.23
82.22
82.23
82.21
82.26
82.24
82.20
82.20
82.26
82.24
82.25
82.28
82.26
82.29
82.28
82.26
82.23
82.25
82.30
82.35
82.36
82.41
82.42
82.39
82.38
82.37
82.38
82.38
82.40
82.42
82.37
82.36
82.33
82.31
82.26
82.27
82.25
82.21
82.18
82.23
82.18
82.16
82.13
82.08
82.05
82.03
82.03
82.02
82.03
82.03
82.03
82.03
82.04
82.05
82.03
82.03
82.00
82.00
82.00
82.01
82.00
82.01
81.98
81.99
81.93
81.95
81.96
81.97
81.99
81.96
81.90
81.85
81.83
81.85
81.82
81.86
81.87
81.87
81.89
81.91
81.90
81.88
81.83
81.82
81.83
81.84
81.82
81.82
81.86
81.87
81.86
81.84
81.85
81.83
81.83
81.81
81.80
81.77
81.77
81.79
81.80
81.81
81.80
81.79
81.78
81.78
81.80
81.82
81.85
81.84
81.85
81.85
81.85
81.84
81.88
81.85
81.81
81.81
81.83
81.84
81.85
81.84
81.82
81.81
81.80
81.78
81.78
81.77
81.75
81.74
81.77
81.78
81.81
81.79
81.76
81.78
81.79
81.76
81.77
81.78
81.81
81.79
81.77
81.78
81.77
81.79
81.77
81.77
81.74
81.75
81.75
81.73
81.75
81.71
81.72
81.72
81.73
81.71
81.69
81.72
81.73
81.74
81.76
81.78
81.77
81.77
81.76
81.78
81.76
81.77
81.76
81.75
81.75
81.74
81.75
81.74
81.74
81.74
81.74
81.74
81.76
81.78
81.75
81.76
81.78
81.76
81.75
81.76
81.77
81.80
81.79
81.82
81.82
81.80
81.82
81.83
81.86
81.88
81.88
81.86
81.85
81.87
81.86
81.85
81.83
81.83
81.83
81.85
81.86
81.85
81.85
81.88
81.88
81.91
81.91
81.91
81.88
81.90
81.90
81.88
81.90
81.91
81.91
81.92
81.92
81.94
81.91
81.92
81.91
81.92
81.91
81.91
81.89
81.90
81.91
81.92
81.92
81.92
81.91
81.92
81.93
81.96
81.95
81.96
81.99
81.98
81.99
81.98
81.98
81.96
81.97
81.94
81.93
81.93
81.93
81.92
81.90
81.89
81.89
81.90
81.87
81.84
81.83
81.82
81.79
81.79
81.80
81.79
81.79
81.79
81.79
81.79
81.78
81.77
81.78
81.79
81.79
81.80
81.81
81.80
81.80
81.82
81.82
81.83
81.85
81.84
81.86
81.86
81.85
81.87
81.86
81.86
81.84
81.84
81.84
81.85
81.84
81.83
81.82
81.83
81.83
81.84
81.83
81.84
81.84
81.84
81.83
81.84
81.83
81.84
81.83
81.84
81.85
81.84
81.83
81.83
81.84
81.85
81.85
81.86
81.85
81.85
81.87
81.87
81.87
81.89
81.88
81.87
81.88
81.87
81.88
81.88
81.88
81.89
81.87
81.86
81.87
81.87
81.87
81.89
81.89
81.88
81.87
81.87
81.88
81.86
81.88
81.87
81.87
81.86
81.86
81.86
81.86
81.85
81.84
81.85
81.83
81.82
81.81
81.80
81.80
81.78
81.78
81.79
81.79
81.79
81.79
81.79
81.78
81.77
81.77
81.76
81.76
81.76
81.76
81.76
81.77
81.78
81.79
81.79
81.77
81.78
81.78
81.80
81.79
81.81
81.81
81.81
81.81
81.83
81.84
81.84
81.85
81.85
81.86
81.88
81.88
81.88
81.89
81.88
81.89
81.89
81.90
81.91
81.92
81.93
81.94
81.94
81.94
81.93
81.95
81.96
81.97
81.97
81.97
81.98
81.98
81.99
82.00
82.01
82.00
82.00
81.99
81.99
81.99
81.98
81.96
81.96
81.97
81.97
81.97
81.97
81.98
81.99
81.98
81.97
81.97
81.98
82.00
81.99
81.99
82.00
81.99
82.00
82.00
81.99
81.99
81.98
81.96
81.95
81.95
81.94
81.95
81.96
81.95
81.94
81.95
81.96
81.97
81.96
81.97
81.97
81.98
81.97
81.98
81.99
81.98
81.98
81.97
81.97
81.97
81.98
81.96
81.97
81.97
81.98
81.97
81.98
81.98
81.97
81.97
81.97
81.97
81.97
81.96
81.97
81.99
81.97
81.97
81.96
81.96
81.95
81.95
81.95
81.95
81.96
81.96
81.95
81.95
81.95
81.95
81.96
81.96
81.96
81.96
81.96
81.96
81.97
81.96
81.97
81.99
81.99
81.99
81.99
81.99
82.00
82.00
81.99
82.00
82.00
82.00
82.01
82.00
82.01
82.01
82.00
82.00
82.00
82.01
82.00
82.00
82.00
82.00
82.01
82.00
82.01
82.02
82.02
82.03
82.04
82.03
82.03
82.04
82.04
82.03
82.04
82.04
82.02
82.03
82.03
82.03
82.03
82.01
82.01
82.02
82.01
82.01
82.02
82.02
82.02
82.02
82.03
82.03
82.02
82.03
82.03
82.03
82.03
82.02
82.03
82.03
82.04
82.05
82.04
82.04
82.04
82.03
82.03
82.04
82.05
82.05
82.06
82.07
82.07
82.06
82.06
82.06
82.06
82.05
82.05
82.04
82.04
82.04
82.06
82.05
82.04
82.05
82.04
82.03
82.02
82.02
82.03
82.03
82.03
82.02
82.01
82.00
82.00
81.99
81.99
81.98
81.97
81.96
81.97
81.96
81.95
81.95
81.95
81.96
81.95
81.96
81.96
81.97
81.96
81.97
81.95
81.95
81.95
81.94
81.95
81.94
81.95
81.95
81.95
81.94
81.94
81.94
81.94
81.94
81.94
81.94
81.95
81.94
81.95
81.95
81.96
81.96
81.95
81.95
81.95
81.95
81.96
81.95
81.95
81.95
81.95
81.96
81.96
81.97
81.97
81.97
81.90
