90.62
87.50
84.38
85.16
84.69
83.33
84.60
84.18
83.33
82.97
82.67
82.94
83.65
83.59
83.44
83.50
83.73
83.94
84.21
84.22
83.93
83.66
83.42
83.53
83.19
82.87
83.10
83.20
83.24
82.97
82.91
82.86
83.05
83.27
83.21
82.94
83.02
82.94
82.97
83.09
83.12
83.18
83.07
83.10
83.06
82.91
82.91
82.94
82.91
83.03
83.03
83.08
83.02
83.07
83.04
83.01
82.95
83.05
83.16
83.18
83.07
83.09
83.11
83.08
83.12
83.00
82.98
83.00
82.97
82.97
82.94
82.96
83.01
83.02
82.96
82.89
82.85
82.89
82.97
83.03
83.01
82.98
82.98
83.04
83.11
82.99
82.97
82.81
82.76
82.81
82.85
82.81
82.88
82.90
82.83
82.88
82.86
82.84
82.88
82.84
82.83
82.81
82.71
82.66
82.60
82.61
82.59
82.62
82.58
82.59
82.62
82.60
82.63
82.63
82.64
82.60
82.63
82.67
82.59
82.59
82.62
82.53
82.51
82.47
82.49
82.47
82.48
82.40
82.42
82.42
82.44
82.47
82.52
82.52
82.52
82.51
82.53
82.53
82.57
82.54
82.56
82.50
82.50
82.53
82.56
82.56
82.56
82.57
82.60
82.61
82.66
82.68
82.71
82.65
82.67
82.61
82.61
82.64
82.62
82.67
82.68
82.70
82.71
82.71
82.71
82.68
82.68
82.69
82.63
82.62
82.58
82.59
82.61
82.61
82.59
82.56
82.59
82.63
82.60
82.62
82.57
82.53
82.56
82.55
82.53
82.53
82.54
82.52
82.55
82.55
82.55
82.54
82.55
82.55
82.54
82.54
82.52
82.46
82.47
82.48
82.48
82.53
82.55
82.54
82.54
82.55
82.55
82.55
82.58
82.56
82.58
82.55
82.54
82.54
82.51
82.50
82.49
82.46
82.41
82.43
82.42
82.44
82.42
82.41
82.40
82.38
82.39
82.42
82.37
82.38
82.38
82.37
82.37
82.35
82.37
82.39
82.37
82.35
82.32
82.29
82.30
82.30
82.28
82.27
82.28
82.28
82.26
82.26
82.28
82.27
82.28
82.25
82.28
82.27
82.27
82.26
82.25
82.23
82.23
82.25
82.26
82.28
82.28
82.23
82.23
82.23
82.20
82.21
82.20
82.20
82.19
82.18
82.19
82.19
82.18
82.16
82.15
82.17
82.15
82.15
82.15
82.16
82.19
82.18
82.16
82.15
82.15
82.16
82.15
82.18
82.18
82.17
82.15
82.13
82.16
82.13
82.12
82.10
82.10
82.10
82.07
82.09
82.10
82.10
82.09
82.08
82.07
82.07
82.10
82.09
82.11
82.11
82.13
82.16
82.12
82.14
82.16
82.13
82.14
82.14
82.16
82.15
82.15
82.15
82.16
82.16
82.16
82.16
82.14
82.13
82.15
82.13
82.14
82.12
82.11
82.10
82.09
82.10
82.11
82.10
82.13
82.14
82.16
82.17
82.16
82.14
82.16
82.16
82.17
82.17
82.15
82.15
82.16
82.16
82.19
82.18
82.19
82.19
82.21
82.20
82.20
82.20
82.20
82.19
82.19
82.20
82.20
82.21
82.20
82.19
82.21
82.20
82.18
82.19
82.20
82.18
82.15
82.14
82.14
82.14
82.15
82.13
82.12
82.14
82.12
82.12
82.11
82.12
82.13
82.14
82.12
82.13
82.13
82.15
82.14
82.13
82.14
82.14
82.15
82.12
82.13
82.14
82.14
82.16
82.15
82.16
82.15
82.15
82.14
82.14
82.15
82.14
82.13
82.14
82.14
82.14
82.12
82.12
82.11
82.11
82.11
82.10
82.10
82.09
82.11
82.14
82.15
82.16
82.16
82.14
82.14
82.16
82.14
82.13
82.13
82.15
82.13
82.12
82.11
82.10
82.10
82.09
82.08
82.06
82.05
82.07
82.08
82.05
82.06
82.07
82.08
82.07
82.06
82.04
82.05
82.06
82.07
82.06
82.05
82.05
82.06
82.04
82.06
82.05
82.05
82.04
82.04
82.03
82.03
82.05
82.05
82.07
82.07
82.06
82.08
82.08
82.08
82.08
82.08
82.06
82.06
82.07
82.07
82.09
82.09
82.10
82.09
82.08
82.09
82.10
82.10
82.11
82.09
82.09
82.06
82.07
82.07
82.07
82.06
82.07
82.07
82.08
82.08
82.07
82.07
82.06
82.05
82.05
82.05
82.06
82.07
82.06
82.06
82.06
82.06
82.05
82.05
82.04
82.04
82.03
82.04
82.04
82.06
82.05
82.07
82.06
82.07
82.07
82.05
82.04
82.04
82.03
82.03
82.03
82.03
82.02
82.01
82.01
82.02
82.02
82.01
82.01
82.00
82.00
82.01
82.02
82.03
82.03
82.04
82.03
82.02
82.02
82.02
82.03
82.04
82.05
82.04
82.04
82.04
82.02
82.02
82.01
82.01
82.02
82.02
82.02
82.04
82.03
82.03
82.02
82.02
82.01
82.02
82.02
82.02
82.01
82.01
81.99
82.00
82.00
81.99
81.98
81.98
81.97
81.95
81.96
81.96
81.95
81.95
81.95
81.95
81.94
81.93
81.94
81.94
81.94
81.96
81.95
81.93
81.94
81.94
81.93
81.91
81.92
81.91
81.91
81.91
81.90
81.90
81.90
81.90
81.89
81.89
81.89
81.89
81.89
81.88
81.88
81.89
81.89
81.90
81.90
81.90
81.91
81.93
81.93
81.93
81.92
81.92
81.92
81.92
81.92
81.92
81.92
81.92
81.92
81.91
81.91
81.91
81.91
81.92
81.92
81.91
81.92
81.92
81.91
81.91
81.91
81.91
81.91
81.91
81.91
81.91
81.92
81.92
81.92
81.92
81.92
81.91
81.90
81.90
81.90
81.91
81.91
81.92
81.92
81.92
81.93
81.91
81.90
81.90
81.91
81.91
81.91
81.91
81.92
81.90
81.91
81.91
81.91
81.92
81.92
81.91
81.91
81.90
81.90
81.89
81.91
81.92
81.92
81.92
81.92
81.92
81.92
81.91
81.91
81.91
81.91
81.92
81.92
81.92
81.93
81.94
81.94
81.94
81.95
81.96
81.96
81.97
81.97
81.96
81.96
81.96
81.97
81.97
81.97
81.97
81.97
81.97
81.98
81.97
81.96
81.97
81.97
81.97
81.96
81.96
81.96
81.96
81.96
81.96
81.96
81.97
81.97
81.97
81.97
81.97
81.97
81.97
81.98
81.97
81.97
81.97
81.97
81.97
81.96
81.97
81.97
81.98
81.98
81.98
81.99
81.98
81.98
81.97
81.97
81.97
81.98
81.99
81.99
81.98
81.97
81.98
81.98
81.99
81.99
81.99
81.98
81.97
81.97
81.97
81.97
81.97
81.97
81.96
81.97
81.96
81.96
81.96
81.97
81.96
81.89
