75.00
78.91
77.60
79.30
79.06
79.17
79.91
80.66
81.42
82.19
80.97
80.99
80.65
80.13
80.73
81.25
81.62
81.51
81.50
81.41
81.18
81.53
81.39
81.32
81.06
80.95
80.96
81.03
81.09
80.99
80.90
81.10
81.20
81.25
80.98
80.95
80.87
80.80
80.85
80.86
80.95
80.92
80.96
81.11
80.94
80.94
80.98
81.05
81.19
81.44
81.46
81.43
81.46
81.51
81.56
81.53
81.50
81.55
81.51
81.64
81.71
81.73
81.70
81.76
81.88
81.96
82.04
81.96
81.97
81.99
82.04
82.05
82.06
82.05
82.06
82.13
82.16
82.07
82.08
82.09
82.06
82.09
82.06
82.03
82.02
82.03
82.02
82.03
82.02
82.00
82.02
81.91
81.91
81.90
81.96
81.95
81.91
81.87
81.85
81.84
81.92
81.94
81.96
81.88
81.83
81.85
81.95
81.97
81.97
81.89
81.88
81.89
81.91
81.91
81.93
81.96
81.96
81.89
81.89
81.80
81.79
81.80
81.78
81.70
81.67
81.73
81.77
81.77
81.77
81.74
81.77
81.82
81.72
81.77
81.78
81.78
81.74
81.74
81.67
81.61
81.60
81.65
81.67
81.67
81.68
81.71
81.62
81.64
81.64
81.68
81.68
81.69
81.71
81.78
81.78
81.85
81.85
81.84
81.83
81.82
81.80
81.72
81.73
81.71
81.76
81.74
81.73
81.71
81.70
81.73
81.69
81.72
81.74
81.76
81.78
81.79
81.81
81.80
81.81
81.78
81.76
81.77
81.75
81.72
81.72
81.75
81.76
81.77
81.72
81.74
81.73
81.76
81.76
81.80
81.79
81.80
81.84
81.87
81.86
81.87
81.90
81.90
81.90
81.89
81.91
81.93
81.94
81.94
81.97
82.02
81.98
81.97
82.00
81.99
82.02
82.05
82.06
82.08
82.09
82.10
82.08
82.12
82.14
82.11
82.11
82.11
82.05
82.04
82.03
82.04
82.07
82.04
82.09
82.06
82.07
82.08
82.10
82.14
82.13
82.12
82.14
82.16
82.17
82.17
82.17
82.16
82.19
82.21
82.18
82.16
82.14
82.14
82.15
82.12
82.13
82.15
82.13
82.12
82.09
82.13
82.11
82.11
82.11
82.08
82.10
82.11
82.13
82.11
82.12
82.12
82.14
82.13
82.16
82.17
82.16
82.14
82.16
82.18
82.16
82.15
82.13
82.16
82.14
82.18
82.19
82.19
82.18
82.18
82.18
82.20
82.18
82.20
82.22
82.21
82.20
82.20
82.24
82.25
82.26
82.27
82.27
82.26
82.24
82.26
82.28
82.30
82.28
82.27
82.28
82.28
82.28
82.27
82.27
82.27
82.26
82.28
82.28
82.29
82.27
82.23
82.22
82.22
82.22
82.22
82.22
82.25
82.29
82.29
82.31
82.33
82.35
82.34
82.32
82.34
82.34
82.36
82.36
82.34
82.33
82.33
82.31
82.32
82.33
82.34
82.33
82.35
82.36
82.36
82.36
82.34
82.36
82.38
82.37
82.39
82.40
82.37
82.38
82.38
82.39
82.40
82.36
82.36
82.35
82.35
82.35
82.35
82.34
82.36
82.36
82.35
82.35
82.35
82.34
82.37
82.34
82.35
82.35
82.33
82.35
82.33
82.34
82.35
82.33
82.33
82.34
82.33
82.33
82.32
82.33
82.30
82.31
82.31
82.32
82.31
82.30
82.28
82.29
82.29
82.30
82.31
82.29
82.31
82.31
82.30
82.28
82.28
82.26
82.26
82.27
82.27
82.28
82.29
82.28
82.26
82.24
82.25
82.26
82.26
82.23
82.24
82.23
82.24
82.23
82.24
82.25
82.24
82.24
82.23
82.22
82.22
82.20
82.19
82.16
82.16
82.17
82.17
82.15
82.16
82.15
82.15
82.14
82.14
82.14
82.15
82.15
82.15
82.15
82.15
82.15
82.14
82.15
82.16
82.14
82.13
82.15
82.16
82.17
82.18
82.18
82.18
82.18
82.18
82.18
82.19
82.19
82.20
82.19
82.21
82.21
82.20
82.21
82.22
82.20
82.21
82.21
82.22
82.23
82.22
82.23
82.22
82.23
82.21
82.20
82.20
82.19
82.20
82.20
82.21
82.21
82.21
82.21
82.21
82.20
82.20
82.20
82.19
82.19
82.18
82.18
82.18
82.18
82.16
82.18
82.18
82.17
82.17
82.17
82.17
82.17
82.17
82.18
82.18
82.19
82.17
82.16
82.15
82.16
82.16
82.13
82.12
82.11
82.10
82.10
82.08
82.10
82.10
82.09
82.09
82.09
82.08
82.09
82.09
82.11
82.11
82.12
82.11
82.10
82.10
82.12
82.11
82.10
82.11
82.11
82.11
82.09
82.09
82.07
82.07
82.07
82.08
82.08
82.08
82.08
82.08
82.08
82.07
82.09
82.09
82.08
82.09
82.09
82.09
82.10
82.11
82.10
82.10
82.10
82.11
82.12
82.12
82.14
82.15
82.14
82.15
82.16
82.16
82.16
82.16
82.14
82.14
82.14
82.15
82.13
82.12
82.11
82.10
82.12
82.12
82.12
82.13
82.13
82.13
82.13
82.12
82.10
82.09
82.09
82.09
82.09
82.09
82.09
82.08
82.07
82.06
82.07
82.06
82.06
82.05
82.05
82.05
82.05
82.07
82.08
82.09
82.10
82.09
82.10
82.10
