79.69
78.91
79.17
80.86
81.56
82.29
81.70
81.05
81.42
81.41
82.10
82.68
82.69
82.59
82.60
82.91
82.63
82.20
82.48
82.34
81.92
81.68
82.00
81.77
81.88
81.73
81.60
81.70
81.52
81.15
81.15
81.15
80.97
80.97
81.03
81.21
81.38
81.37
81.49
81.48
81.59
81.73
81.65
81.78
81.77
81.76
81.68
81.87
81.66
81.66
81.59
81.52
81.57
81.48
81.45
81.45
81.47
81.55
81.49
81.69
81.69
81.75
81.70
81.88
81.83
81.87
81.81
81.82
81.84
81.79
81.80
81.81
81.85
81.90
81.85
81.78
81.88
81.83
81.82
81.82
81.83
81.63
81.66
81.81
81.88
81.85
81.82
81.76
81.85
81.88
81.83
81.78
81.69
81.73
81.64
81.69
81.80
81.79
81.82
81.88
81.87
81.91
81.90
81.91
81.95
82.00
82.05
82.03
81.92
81.89
81.91
81.91
81.96
81.94
81.90
81.98
81.98
82.00
82.06
82.07
82.10
82.13
82.11
82.21
82.14
82.22
82.27
82.26
82.24
82.24
82.23
82.22
82.24
82.21
82.23
82.23
82.25
82.18
82.16
82.20
82.25
82.23
82.24
82.24
82.25
82.26
82.23
82.28
82.31
82.32
82.32
82.34
82.32
82.34
82.34
82.34
82.34
82.33
82.31
82.32
82.36
82.37
82.35
82.35
82.33
82.31
82.29
82.28
82.26
82.27
82.26
82.22
82.24
82.18
82.14
82.14
82.17
82.20
82.13
82.15
82.11
82.13
82.10
82.05
81.97
81.94
81.98
81.98
82.01
82.02
82.03
82.05
82.04
82.05
82.09
82.11
82.12
82.13
82.10
82.09
82.04
82.04
82.03
82.01
81.97
82.01
81.97
81.95
81.96
81.95
81.94
81.94
81.98
81.97
81.98
81.98
81.98
81.99
81.97
81.97
82.00
81.99
82.03
82.02
82.06
82.04
82.06
82.06
82.06
82.03
82.05
82.04
82.03
82.02
82.03
82.04
82.02
82.00
81.98
81.96
81.94
81.96
81.96
81.98
81.96
81.99
82.00
81.99
82.00
81.98
81.95
81.94
81.94
81.91
81.89
81.88
81.91
81.89
81.89
81.91
81.92
81.92
81.92
81.93
81.93
81.98
81.99
81.98
81.96
81.96
81.98
81.97
81.98
81.97
81.97
81.99
81.98
81.99
81.96
81.96
81.95
81.94
81.94
81.89
81.92
81.91
81.94
81.97
81.95
81.93
81.94
81.92
81.91
81.90
81.91
81.94
81.96
81.96
81.96
81.98
81.98
81.97
81.93
81.95
81.98
81.98
81.98
81.99
82.00
82.00
82.01
82.00
82.01
82.00
82.00
82.01
82.01
82.00
81.98
81.98
81.99
81.98
81.97
81.99
81.97
81.96
81.97
81.96
81.99
81.98
81.99
81.97
81.98
81.97
81.99
81.98
81.98
81.98
81.99
81.98
81.97
81.94
81.93
81.90
81.91
81.92
81.94
81.91
81.91
81.92
81.95
81.95
81.94
81.95
81.95
81.97
81.98
81.97
81.95
81.95
81.96
81.96
81.96
81.94
81.93
81.92
81.91
81.91
81.93
81.93
81.94
81.93
81.91
81.90
81.90
81.90
81.91
81.93
81.94
81.92
81.93
81.93
81.91
81.91
81.89
81.90
81.89
81.88
81.88
81.90
81.93
81.92
81.92
81.93
81.93
81.94
81.94
81.94
81.94
81.93
81.93
81.92
81.93
81.92
81.92
81.89
81.88
81.87
81.86
81.85
81.85
81.85
81.84
81.85
81.85
81.86
81.85
81.85
81.85
81.85
81.84
81.82
81.83
81.84
81.82
81.81
81.82
81.80
81.80
81.80
81.80
81.79
81.78
81.78
81.79
81.77
81.78
81.80
81.82
81.82
81.83
81.81
81.82
81.81
81.81
81.82
81.83
81.84
81.84
81.83
81.84
81.83
81.84
81.85
81.85
81.87
81.88
81.89
81.88
81.89
81.89
81.87
81.89
81.90
81.89
81.90
81.92
81.91
81.92
81.93
81.93
81.93
81.91
81.93
81.94
81.94
81.93
81.92
81.94
81.94
81.95
81.92
81.92
81.92
81.93
81.92
81.91
81.91
81.89
81.89
81.88
81.89
81.88
81.87
81.87
81.86
81.85
81.85
81.86
81.87
81.86
81.86
81.86
81.84
81.84
81.84
81.84
81.83
81.83
81.83
81.82
81.83
81.83
81.83
81.83
81.82
81.82
81.83
81.84
81.84
81.85
81.86
81.87
81.88
81.86
81.86
81.86
81.85
81.87
81.88
81.89
81.88
81.89
81.89
81.86
81.86
81.84
81.85
81.85
81.85
81.87
81.87
81.86
81.86
81.86
81.86
81.84
81.82
81.83
81.82
81.83
81.82
81.83
81.84
81.83
81.83
81.84
81.84
81.84
81.84
81.83
81.84
81.84
81.84
81.85
81.85
81.85
81.86
81.87
81.88
81.87
81.87
81.89
81.90
81.90
81.89
81.89
81.90
81.89
81.89
81.89
81.89
81.89
81.88
81.89
81.91
81.92
81.91
81.91
81.90
81.90
81.91
81.90
81.90
81.91
81.92
81.92
81.92
81.91
81.92
81.92
81.92
81.91
81.89
81.90
81.90
81.90
81.91
81.92
81.92
81.90
81.89
81.89
81.90
81.90
81.90
81.89
81.89
81.90
81.91
81.90
81.90
81.91
81.91
81.92
81.92
81.91
81.92
81.91
81.91
81.92
81.92
81.93
81.93
81.93
81.92
81.91
81.92
81.90
81.89
81.89
81.89
81.88
81.87
81.86
81.87
81.89
81.89
81.90
81.90
81.90
81.90
81.89
81.90
81.89
81.90
81.91
81.91
81.92
81.93
81.92
81.92
81.93
81.92
81.92
81.93
81.94
81.94
81.96
81.96
81.96
81.96
81.97
81.97
81.96
81.95
81.95
81.94
81.94
81.95
81.95
81.95
81.95
81.95
81.96
81.95
81.95
81.95
81.96
81.96
81.96
81.96
81.95
81.96
81.95
81.94
81.94
81.94
81.93
81.94
81.94
81.93
81.93
81.94
81.95
81.96
81.95
81.96
81.96
81.95
81.96
81.97
81.97
81.96
81.97
81.97
81.96
81.96
81.96
81.96
81.97
81.96
81.96
81.96
81.96
81.98
81.97
81.96
81.96
81.97
81.96
81.97
81.95
81.96
81.96
81.96
81.96
81.97
81.97
81.97
81.98
81.99
81.99
81.98
81.98
81.98
81.98
81.99
81.99
81.99
81.99
82.00
81.99
81.99
82.00
82.00
82.01
82.00
81.99
81.99
81.98
81.98
81.97
81.96
81.96
81.96
81.96
81.96
81.97
81.97
81.97
81.97
81.98
81.98
81.98
81.98
81.98
81.98
81.98
81.97
81.97
81.89
