84.38
86.72
85.42
86.33
85.94
85.42
84.60
84.96
85.42
85.78
84.52
84.51
84.62
84.15
84.06
83.98
83.46
83.42
83.31
83.52
83.85
83.59
83.56
83.46
83.81
83.59
83.51
83.48
83.67
83.65
83.57
83.69
83.43
83.27
83.12
83.07
83.02
83.10
83.21
83.16
83.04
82.89
82.70
82.53
82.53
82.44
82.48
82.49
82.43
82.53
82.51
82.45
82.22
82.23
82.33
82.31
82.46
82.38
82.44
82.29
82.27
82.36
82.42
82.37
82.52
82.48
82.44
82.40
82.38
82.32
82.31
82.31
82.28
82.20
82.17
82.18
82.18
82.11
82.12
82.13
82.08
81.94
81.93
81.88
81.78
81.89
81.91
81.92
81.92
81.94
81.90
81.95
81.91
82.01
82.01
81.95
82.01
82.02
82.04
82.06
82.05
82.09
82.10
82.11
82.13
82.18
82.23
82.23
82.21
82.14
82.21
82.23
82.23
82.28
82.27
82.18
82.18
82.11
82.09
82.11
82.14
82.20
82.18
82.21
82.20
82.20
82.19
82.21
82.23
82.28
82.24
82.27
82.28
82.32
82.34
82.35
82.39
82.38
82.35
82.40
82.45
82.39
82.38
82.31
82.30
82.26
82.29
82.31
82.36
82.38
82.43
82.39
82.36
82.42
82.43
82.45
82.41
82.42
82.42
82.41
82.43
82.44
82.44
82.43
82.41
82.41
82.45
82.44
82.43
82.37
82.38
82.37
82.36
82.28
82.29
82.25
82.25
82.23
82.23
82.22
82.16
82.16
82.17
82.15
82.14
82.11
82.10
82.13
82.11
82.11
82.11
82.10
82.12
82.12
82.09
82.05
82.09
82.09
82.10
82.09
82.05
82.05
82.04
82.08
82.07
82.07
82.07
82.10
82.11
82.10
82.10
82.10
82.12
82.13
82.14
82.14
82.15
82.20
82.21
82.22
82.23
82.24
82.23
82.22
82.18
82.18
82.16
82.18
82.14
82.16
82.18
82.17
82.20
82.17
82.19
82.19
82.21
82.20
82.20
82.19
82.20
82.18
82.16
82.17
82.17
82.20
82.19
82.16
82.17
82.17
82.16
82.17
82.17
82.17
82.14
82.14
82.16
82.16
82.14
82.16
82.14
82.11
82.14
82.16
82.16
82.17
82.15
82.17
82.15
82.16
82.14
82.15
82.19
82.23
82.22
82.22
82.23
82.24
82.24
82.23
82.21
82.23
82.25
82.29
82.31
82.31
82.30
82.29
82.29
82.28
82.28
82.28
82.26
82.24
82.26
82.24
82.22
82.21
82.22
82.21
82.22
82.22
82.23
82.23
82.19
82.18
82.20
82.18
82.16
82.13
82.13
82.14
82.15
82.15
82.15
82.15
82.15
82.14
82.16
82.18
82.18
82.17
82.18
82.17
82.14
82.14
82.11
82.14
82.13
82.14
82.13
82.12
82.12
82.13
82.11
82.09
82.08
82.07
82.09
82.08
82.09
82.09
82.07
82.07
82.06
82.06
82.07
82.08
82.07
82.08
82.08
82.08
82.08
82.08
82.07
82.07
82.06
82.08
82.09
82.07
82.08
82.07
82.05
82.07
82.08
82.07
82.10
82.09
82.10
82.10
82.10
82.10
82.08
82.07
82.08
82.10
82.10
82.11
82.11
82.10
82.09
82.11
82.11
82.10
82.09
82.11
82.10
82.09
82.09
82.10
82.11
82.09
82.09
82.11
82.13
82.09
82.09
82.10
82.11
82.10
82.09
82.08
82.10
82.09
82.10
82.11
82.08
82.08
82.08
82.08
82.08
82.10
82.09
82.08
82.08
82.07
82.09
82.08
82.09
82.10
82.09
82.06
82.06
82.05
82.06
82.06
82.06
82.03
82.04
82.04
82.05
82.05
82.06
82.06
82.06
82.07
82.06
82.05
82.06
82.08
82.07
82.06
82.04
82.04
82.04
82.03
82.02
82.03
82.03
82.04
82.03
82.03
82.02
82.02
82.02
82.02
82.02
82.02
82.04
82.05
82.03
82.03
82.05
82.06
82.07
82.06
82.08
82.08
82.08
82.07
82.09
82.10
82.10
82.09
82.09
82.08
82.07
82.07
82.08
82.07
82.05
82.02
82.04
82.03
82.01
82.01
82.02
82.02
82.02
82.02
82.03
82.04
82.06
82.05
82.05
82.05
82.06
82.06
82.06
82.07
82.07
82.06
82.06
82.06
82.07
82.07
82.05
82.06
82.07
82.07
82.07
82.06
82.05
82.05
82.04
82.03
82.03
82.03
82.03
82.01
82.01
82.01
82.02
82.03
82.02
82.03
82.03
82.03
82.03
82.01
82.01
82.00
81.99
81.99
81.99
81.99
81.99
81.98
81.98
81.98
81.99
81.99
81.98
81.99
81.98
82.00
82.00
82.01
82.02
82.00
82.01
82.01
82.00
81.98
81.98
81.99
82.00
82.00
82.00
81.99
82.00
81.99
82.00
82.01
82.00
82.00
81.99
81.99
81.99
81.99
81.99
81.99
81.99
81.99
81.98
81.98
81.98
81.99
81.99
81.99
81.99
82.00
82.00
81.98
81.98
81.99
81.99
82.00
81.98
81.99
81.99
81.99
82.01
82.00
81.98
81.99
81.99
81.99
81.99
81.99
82.01
81.99
81.99
82.00
82.00
82.01
82.01
82.02
82.01
82.02
82.02
82.03
82.04
82.05
82.05
82.04
82.04
82.05
82.05
82.05
82.06
82.06
82.05
82.05
82.06
82.07
82.07
82.07
82.07
82.06
82.07
82.06
82.05
82.07
82.06
82.06
82.05
82.05
82.05
82.06
82.06
82.06
82.06
82.06
82.06
82.07
82.06
82.06
82.07
82.06
82.05
82.06
82.05
82.05
82.05
82.03
82.03
82.05
82.05
82.05
82.05
82.04
82.04
82.04
82.05
82.05
82.05
82.04
82.04
82.04
82.03
82.03
82.03
82.03
82.04
82.03
82.02
82.02
82.01
82.01
82.01
82.01
82.00
82.02
82.01
81.99
82.00
82.00
81.99
81.99
81.99
82.00
81.99
81.98
82.00
82.00
81.98
81.97
81.96
81.96
81.95
81.95
81.94
81.94
81.95
81.96
81.96
81.97
81.96
81.96
81.95
81.95
81.93
81.93
81.93
81.93
81.93
81.93
81.93
81.93
81.93
81.93
81.92
81.93
81.94
81.94
81.93
81.92
81.92
81.91
81.91
81.92
81.93
81.93
81.93
81.93
81.94
81.94
81.94
81.94
81.94
81.94
81.93
81.93
81.94
81.93
81.94
81.94
81.94
81.94
81.94
81.93
81.93
81.93
81.94
81.95
81.96
81.97
81.97
81.96
81.97
81.97
81.97
81.97
81.98
81.98
81.98
81.98
81.96
81.96
81.97
81.96
81.96
81.96
81.96
81.98
81.99
81.98
81.99
81.98
81.98
81.90
