78.12
83.59
81.77
80.47
80.00
79.17
80.13
79.30
79.51
80.62
80.40
80.73
81.25
81.03
81.04
80.96
81.16
81.25
81.33
81.64
81.62
81.75
81.66
81.71
81.62
81.85
81.71
81.70
81.30
81.46
81.55
81.20
81.06
81.20
80.98
80.99
80.95
81.04
81.29
81.13
81.14
80.99
80.89
81.00
81.11
81.01
80.95
81.02
81.09
81.09
81.10
81.16
81.28
81.25
81.19
81.28
81.30
81.36
81.46
81.48
81.51
81.63
81.62
81.79
81.68
81.77
81.88
81.85
81.75
81.85
81.73
81.64
81.70
81.76
81.52
81.54
81.53
81.57
81.65
81.72
81.75
81.80
81.66
81.68
81.80
81.76
81.77
81.75
81.65
81.70
81.58
81.61
81.60
81.65
81.60
81.58
81.57
81.52
81.55
81.61
81.59
81.59
81.63
81.58
81.56
81.56
81.67
81.71
81.79
81.79
81.78
81.81
81.83
81.85
81.92
81.94
81.92
81.91
81.87
81.80
81.87
81.84
81.90
81.82
81.82
81.80
81.73
81.74
81.76
81.77
81.81
81.79
81.76
81.69
81.78
81.72
81.73
81.77
81.76
81.75
81.76
81.80
81.81
81.78
81.81
81.76
81.79
81.78
81.76
81.81
81.80
81.77
81.81
81.80
81.78
81.81
81.82
81.83
81.84
81.89
81.92
81.90
81.89
81.95
81.94
81.96
81.92
81.87
81.86
81.87
81.85
81.89
81.87
81.83
81.83
81.86
81.90
81.86
81.88
81.90
81.91
81.94
81.95
81.96
81.97
82.01
81.95
82.01
81.99
82.01
82.01
82.04
82.04
82.04
82.05
82.08
82.08
82.08
82.07
82.03
82.07
82.08
82.04
82.02
82.03
82.03
82.02
82.02
82.02
81.96
81.95
81.94
81.92
81.90
81.93
81.94
81.96
81.98
82.01
82.00
82.02
82.00
82.01
82.00
81.98
81.98
81.95
81.92
81.94
81.94
81.92
81.90
81.90
81.92
81.95
81.96
81.98
82.00
81.96
81.92
81.93
81.95
81.94
81.97
82.01
82.01
82.00
81.96
81.95
81.96
81.93
81.91
81.92
81.96
81.94
81.93
81.94
81.94
81.94
81.93
81.93
81.91
81.90
81.90
81.92
81.94
81.95
81.96
81.96
81.94
81.95
81.94
81.93
81.95
81.93
81.92
81.94
81.93
81.93
81.90
81.90
81.92
81.91
81.94
81.93
81.94
81.96
81.92
81.90
81.90
81.93
81.92
81.93
81.92
81.93
81.94
81.93
81.92
81.91
81.90
81.90
81.91
81.92
81.91
81.92
81.91
81.93
81.92
81.92
81.93
81.94
81.93
81.92
81.91
81.91
81.94
81.96
81.94
81.95
81.96
81.94
81.96
81.94
81.95
81.96
81.98
81.97
81.94
81.92
81.93
81.94
81.96
81.95
81.98
81.98
81.98
81.98
82.00
82.01
81.99
82.01
81.99
81.99
82.00
82.01
82.03
82.05
82.02
82.03
82.04
82.03
82.04
82.05
82.07
82.08
82.06
82.06
82.05
82.06
82.07
82.08
82.08
82.09
82.08
82.08
82.08
82.08
82.07
82.05
82.05
82.05
82.06
82.04
82.04
82.05
82.05
82.04
82.05
82.04
82.04
82.04
82.04
82.02
82.01
82.01
82.02
82.01
82.02
82.03
82.01
82.01
82.01
82.01
82.01
81.99
81.98
81.98
81.97
81.97
81.94
81.92
81.91
81.92
81.92
81.92
81.92
81.93
81.92
81.91
81.92
81.93
81.94
81.94
81.94
81.92
81.92
81.93
81.92
81.94
81.94
81.93
81.94
81.92
81.92
81.91
81.92
81.93
81.94
81.92
81.92
81.93
81.93
81.92
81.93
81.93
81.92
81.94
81.96
81.98
81.97
81.97
81.96
81.96
81.96
81.98
81.97
81.99
82.00
82.02
82.02
82.01
82.01
82.00
82.01
82.02
82.03
82.04
82.05
82.05
82.04
82.04
82.03
82.02
82.01
82.00
82.00
82.00
82.00
82.01
82.00
82.01
82.01
82.01
82.00
82.01
82.00
82.00
82.01
82.02
82.01
82.03
82.03
82.04
82.04
82.05
82.02
82.05
82.04
82.05
82.06
82.05
82.06
82.05
82.02
82.03
82.05
82.06
82.07
82.07
82.05
82.05
82.05
82.07
82.04
82.04
82.05
82.05
82.06
82.04
82.02
82.02
82.00
81.99
81.99
81.99
81.99
82.00
82.01
82.02
82.04
82.06
82.05
82.04
82.04
82.04
82.05
82.04
82.04
82.04
82.04
82.02
82.01
82.01
82.01
82.01
82.00
82.01
81.98
81.97
81.96
81.96
81.96
81.97
81.95
81.95
81.94
81.94
81.93
81.93
81.93
81.94
81.94
81.93
81.93
81.93
81.95
81.95
81.94
81.96
81.96
81.96
81.96
81.97
81.97
81.98
81.98
81.98
81.97
81.97
81.97
81.95
81.97
81.96
81.96
81.95
81.97
81.96
81.95
81.94
81.91
81.91
81.90
81.91
81.91
81.92
81.92
81.91
81.92
81.91
81.92
81.93
81.92
81.91
81.90
81.89
81.89
81.89
81.90
81.90
81.91
81.91
81.91
81.90
81.89
81.90
81.88
81.89
81.87
81.88
81.88
81.88
81.89
81.88
81.87
81.87
81.86
81.86
81.87
81.88
81.87
81.87
81.89
81.89
81.90
81.89
81.90
81.90
81.90
81.89
81.88
81.88
81.88
81.89
81.89
81.90
81.90
81.90
81.92
81.91
81.92
81.93
81.92
81.92
81.91
81.91
81.91
81.91
81.91
81.90
81.90
81.91
81.91
81.92
81.93
81.95
81.94
81.94
81.94
81.94
81.94
81.94
81.95
81.95
81.94
81.95
81.95
81.94
81.94
81.94
81.92
81.94
81.94
81.95
81.94
81.94
81.95
81.95
81.95
81.95
81.94
81.93
81.93
81.93
81.92
81.92
81.93
81.93
81.91
81.90
81.90
81.90
81.91
81.91
81.91
81.92
81.92
81.92
81.91
81.91
81.91
81.93
81.93
81.93
81.94
81.94
81.94
81.92
81.92
81.92
81.93
81.92
81.93
81.94
81.93
81.93
81.91
81.91
81.91
81.93
81.93
81.93
81.92
81.92
81.92
81.93
81.93
81.94
81.93
81.93
81.93
81.92
81.93
81.94
81.94
81.94
81.94
81.94
81.95
81.95
81.94
81.96
81.96
81.95
81.95
81.95
81.95
81.95
81.95
81.95
81.94
81.94
81.94
81.95
81.94
81.94
81.96
81.96
81.97
81.96
81.94
81.93
81.93
81.94
81.94
81.95
81.96
81.96
81.97
81.97
81.97
81.97
81.98
81.98
81.99
81.99
81.98
81.99
81.98
81.98
81.98
81.97
81.89
