87.50
85.16
85.94
86.33
85.31
85.42
86.16
85.94
86.28
85.78
85.37
85.03
84.98
84.38
84.17
84.08
84.38
84.64
85.20
85.08
84.97
84.80
85.05
84.83
84.50
84.62
84.66
84.32
84.21
84.38
84.02
83.98
83.76
83.69
83.30
83.38
83.45
83.47
83.49
83.40
83.42
83.22
83.28
83.13
83.06
83.02
82.95
82.88
83.00
82.91
82.94
82.81
82.90
82.96
82.87
82.84
82.81
82.84
82.92
82.92
82.91
83.06
82.76
82.79
82.81
82.77
82.70
82.58
82.54
82.46
82.44
82.42
82.28
82.16
82.15
82.15
82.18
82.23
82.32
82.34
82.29
82.28
82.21
82.22
82.28
82.21
82.22
82.19
82.09
82.17
82.16
82.17
82.11
82.06
81.99
82.05
82.06
82.06
81.93
81.91
81.92
81.86
81.86
81.88
81.89
81.85
81.91
81.90
81.91
81.88
81.87
81.82
81.83
81.85
81.89
81.91
81.93
81.94
81.93
81.91
81.90
81.93
81.87
81.85
81.82
81.85
81.91
81.92
81.98
82.06
82.08
82.09
82.11
82.08
82.13
82.13
82.17
82.24
82.27
82.24
82.19
82.25
82.29
82.27
82.30
82.31
82.27
82.22
82.26
82.31
82.25
82.21
82.18
82.23
82.24
82.20
82.18
82.15
82.13
82.15
82.15
82.09
82.01
82.02
82.04
81.98
81.99
81.95
81.92
81.88
81.91
81.97
82.03
82.06
82.04
82.04
81.97
82.00
82.02
82.05
82.11
82.15
82.13
82.13
82.16
82.16
82.14
82.13
82.14
82.18
82.23
82.25
82.25
82.27
82.28
82.27
82.24
82.27
82.25
82.21
82.20
82.20
82.18
82.16
82.20
82.18
82.19
82.20
82.18
82.19
82.21
82.19
82.17
82.15
82.13
82.11
82.11
82.12
82.13
82.11
82.04
82.02
82.01
81.98
81.99
81.99
81.98
82.00
82.01
82.00
82.01
82.03
82.04
82.00
81.97
81.98
81.99
81.97
81.95
81.96
81.98
82.00
82.02
82.02
82.00
82.02
82.03
82.06
82.07
82.08
82.11
82.11
82.11
82.11
82.13
82.12
82.12
82.10
82.08
82.10
82.10
82.08
82.11
82.12
82.14
82.11
82.09
82.10
82.08
82.08
82.11
82.11
82.13
82.12
82.12
82.14
82.19
82.21
82.22
82.22
82.20
82.18
82.19
82.19
82.20
82.21
82.21
82.23
82.23
82.21
82.18
82.19
82.17
82.19
82.20
82.19
82.21
82.20
82.21
82.22
82.22
82.21
82.22
82.19
82.19
82.16
82.16
82.18
82.16
82.15
82.14
82.13
82.14
82.17
82.17
82.17
82.16
82.16
82.17
82.17
82.17
82.17
82.15
82.15
82.12
82.14
82.14
82.14
82.13
82.13
82.13
82.10
82.10
82.12
82.11
82.12
82.15
82.19
82.18
82.18
82.18
82.18
82.20
82.21
82.19
82.18
82.19
82.20
82.19
82.17
82.15
82.17
82.16
82.18
82.18
82.20
82.21
82.21
82.22
82.23
82.21
82.20
82.22
82.24
82.24
82.25
82.22
82.21
82.22
82.21
82.21
82.20
82.21
82.22
82.22
82.21
82.23
82.24
82.25
82.25
82.25
82.25
82.27
82.23
82.23
82.21
82.21
82.22
82.23
82.24
82.24
82.25
82.24
82.23
82.22
82.21
82.21
82.23
82.22
82.20
82.22
82.21
82.20
82.19
82.19
82.18
82.17
82.17
82.17
82.16
82.17
82.16
82.15
82.16
82.17
82.15
82.15
82.16
82.17
82.18
82.19
82.19
82.19
82.19
82.20
82.20
82.20
82.20
82.20
82.19
82.16
82.17
82.15
82.15
82.13
82.12
82.12
82.12
82.13
82.13
82.14
82.15
82.17
82.17
82.19
82.18
82.17
82.17
82.18
82.17
82.18
82.18
82.17
82.17
82.17
82.16
82.16
82.14
82.14
82.14
82.14
82.15
82.15
82.15
82.15
82.16
82.17
82.18
82.18
82.19
82.19
82.17
82.16
82.15
82.14
82.13
82.15
82.16
82.16
82.15
82.17
82.16
82.17
82.17
82.16
82.17
82.16
82.15
82.16
82.15
82.14
82.16
82.15
82.14
82.13
82.13
82.13
82.09
82.10
82.11
82.10
82.11
82.11
82.12
82.08
82.08
82.10
82.09
82.10
82.11
82.10
82.09
82.09
82.09
82.09
82.07
82.08
82.09
82.08
82.09
82.09
82.06
82.06
82.05
82.06
82.07
82.06
82.06
82.05
82.06
82.05
82.06
82.06
82.06
82.07
82.08
82.08
82.06
82.05
82.03
82.03
82.05
82.06
82.07
82.06
82.05
82.07
82.06
82.05
82.04
82.05
82.05
82.04
82.05
82.05
82.06
82.05
82.04
82.05
82.05
82.05
82.04
82.05
82.04
82.05
82.06
82.05
82.04
82.05
82.04
82.04
82.04
82.04
82.04
82.06
82.06
82.07
82.07
82.06
82.06
82.07
82.07
82.08
82.08
82.07
82.07
82.09
82.09
82.10
82.11
82.11
82.10
82.09
82.08
82.09
82.10
82.10
82.09
82.08
82.08
82.09
82.09
82.08
82.08
82.08
82.07
82.08
82.08
82.08
82.08
82.07
82.06
82.07
82.06
82.06
82.05
82.07
82.07
82.07
82.08
82.08
82.08
82.09
82.08
82.08
82.08
82.07
82.07
82.07
82.08
82.07
82.06
82.05
82.06
82.05
82.05
82.05
82.03
82.02
82.02
82.02
82.03
82.04
82.05
82.05
82.04
82.04
82.03
82.02
82.02
82.02
82.02
82.01
82.00
82.00
81.99
81.99
81.98
81.98
81.98
81.98
81.98
81.98
81.99
81.98
81.98
81.98
81.98
81.98
81.98
81.97
81.97
81.97
81.97
81.97
81.97
81.98
81.98
81.97
81.98
81.99
81.98
81.99
81.99
81.98
81.99
81.98
81.97
81.97
81.98
81.97
81.98
81.97
81.97
81.98
81.97
81.96
81.95
81.95
81.94
81.93
81.94
81.94
81.94
81.94
81.93
81.92
81.91
81.91
81.91
81.91
81.91
81.92
81.92
81.92
81.92
81.92
81.92
81.93
81.92
81.93
81.92
81.90
81.91
81.91
81.91
81.92
81.92
81.93
81.93
81.93
81.94
81.96
81.97
81.98
81.96
81.96
81.96
81.96
81.97
81.97
81.98
81.97
81.97
81.98
81.97
81.97
81.97
81.98
81.98
81.98
81.98
81.98
81.98
81.99
81.98
81.98
81.98
81.98
81.99
82.00
82.00
81.99
82.00
82.00
82.00
82.00
82.00
82.01
82.01
82.01
82.01
82.01
82.02
82.01
82.01
82.00
81.99
81.98
81.98
81.97
81.89
