76.56
76.56
77.60
77.73
76.25
76.30
76.56
76.37
77.60
78.28
78.69
79.43
79.69
79.69
80.21
79.88
80.51
80.56
80.76
80.62
80.88
80.61
80.91
80.79
80.94
81.31
81.54
81.75
81.79
81.82
81.75
81.40
81.53
81.53
81.43
81.73
81.71
81.78
81.85
81.88
81.82
81.92
81.94
82.14
81.98
82.07
82.11
82.16
82.11
82.03
82.02
82.06
81.93
81.92
81.93
81.78
81.85
81.90
81.91
82.01
81.94
81.96
82.02
81.96
81.71
81.70
81.65
81.59
81.68
81.76
81.80
81.77
81.72
81.69
81.75
81.72
81.72
81.73
81.70
81.68
81.66
81.67
81.65
81.68
81.71
81.78
81.81
81.80
81.78
81.72
81.70
81.59
81.60
81.52
81.56
81.51
81.52
81.52
81.53
81.56
81.57
81.62
81.61
81.63
81.61
81.66
81.72
81.76
81.78
81.75
81.73
81.72
81.71
81.77
81.71
81.72
81.72
81.73
81.67
81.71
81.73
81.78
81.81
81.82
81.77
81.73
81.80
81.82
81.78
81.78
81.76
81.82
81.76
81.80
81.83
81.87
81.87
81.83
81.86
81.90
81.86
81.81
81.74
81.74
81.75
81.77
81.75
81.79
81.82
81.85
81.88
81.88
81.84
81.86
81.91
81.90
81.93
81.94
81.91
81.94
81.89
81.92
81.95
81.95
81.97
82.00
82.00
82.02
82.05
82.06
82.03
82.03
82.06
82.03
82.04
81.98
81.97
81.98
82.02
82.06
82.04
82.03
82.05
82.00
82.03
82.04
82.04
82.01
82.01
81.97
81.94
81.96
81.98
81.94
81.94
81.93
81.92
81.89
81.87
81.91
81.87
81.85
81.81
81.78
81.78
81.82
81.82
81.84
81.83
81.86
81.86
81.88
81.86
81.83
81.85
81.88
81.91
81.92
81.95
81.95
81.97
81.98
81.96
81.96
81.93
81.93
81.94
81.95
81.95
81.96
81.94
81.93
81.95
81.92
81.90
81.92
81.92
81.93
81.96
81.97
81.99
82.02
82.03
82.02
82.04
82.02
82.05
82.05
82.03
82.03
82.03
82.06
82.05
82.04
82.02
82.02
82.00
82.03
82.02
82.04
82.04
82.06
82.06
82.07
82.07
82.03
82.02
82.01
82.01
81.98
82.00
81.96
81.96
81.95
81.94
81.93
81.96
81.96
81.97
81.96
81.97
81.97
81.98
82.00
82.01
82.00
82.02
82.01
82.01
81.98
82.01
82.00
81.99
82.00
82.01
82.02
82.03
82.02
82.02
82.04
82.03
82.02
82.01
81.99
81.99
81.99
81.98
81.99
81.98
81.99
81.97
81.99
82.01
82.03
82.02
82.00
81.99
81.99
81.96
81.98
81.96
81.96
81.94
81.93
81.93
81.95
81.95
81.95
81.96
81.95
81.95
81.96
81.97
81.99
82.00
81.99
82.00
81.99
81.98
81.99
81.97
81.97
81.97
81.94
81.94
81.94
81.93
81.92
81.91
81.92
81.90
81.88
81.87
81.89
81.89
81.90
81.91
81.91
81.90
81.90
81.91
81.92
81.90
81.90
81.90
81.89
81.86
81.85
81.86
81.87
81.85
81.85
81.83
81.83
81.84
81.86
81.84
81.81
81.81
81.85
81.86
81.85
81.84
81.85
81.83
81.82
81.84
81.84
81.84
81.83
81.85
81.82
81.83
81.84
81.85
81.83
81.85
81.86
81.87
81.87
81.89
81.89
81.87
81.87
81.86
81.87
81.86
81.86
81.88
81.89
81.89
81.87
81.87
81.87
81.87
81.86
81.87
81.87
81.85
81.85
81.87
81.88
81.89
81.88
81.88
81.87
81.85
81.88
81.86
81.86
81.87
81.87
81.86
81.86
81.85
81.86
81.86
81.86
81.86
81.87
81.88
81.89
81.91
81.92
81.93
81.92
81.93
81.92
81.91
81.92
81.92
81.91
81.92
81.92
81.92
81.90
81.91
81.89
81.90
81.89
81.89
81.88
81.89
81.89
81.88
81.89
81.88
81.90
81.90
81.90
81.90
81.89
81.88
81.88
81.87
81.87
81.88
81.88
81.88
81.88
81.89
81.89
81.89
81.90
81.89
81.89
81.89
81.88
81.89
81.89
81.89
81.89
81.89
81.89
81.90
81.89
81.89
81.89
81.90
81.91
81.90
81.92
81.92
81.93
81.94
81.94
81.92
81.94
81.92
81.91
81.91
81.91
81.91
81.91
81.92
81.92
81.91
81.91
81.92
81.93
81.93
81.94
81.94
81.93
81.93
81.94
81.93
81.93
81.93
81.92
81.92
81.91
81.90
81.90
81.90
81.91
81.90
81.90
81.91
81.90
81.92
81.90
81.91
81.91
81.90
81.89
81.89
81.88
81.88
81.89
81.89
81.90
81.89
81.90
81.90
81.90
81.90
81.89
81.90
81.91
81.91
81.91
81.90
81.88
81.86
81.87
81.87
81.86
81.85
81.84
81.85
81.85
81.86
81.85
81.86
81.85
81.85
81.84
81.84
81.84
81.83
81.83
81.83
81.82
81.80
81.80
81.80
81.78
81.79
81.79
81.79
81.80
81.80
81.80
81.80
81.81
81.81
81.80
81.80
81.79
81.80
81.80
81.80
81.79
81.80
81.80
81.80
81.80
81.79
81.78
81.78
81.78
81.80
81.79
81.80
81.81
81.80
81.80
81.80
81.80
81.80
81.79
81.79
81.79
81.80
81.80
81.80
81.79
81.80
81.80
81.80
81.80
81.82
81.82
81.82
81.82
81.81
81.80
81.79
81.80
81.80
81.79
81.79
81.79
81.80
81.80
81.80
81.80
81.81
81.81
81.81
81.82
81.82
81.82
81.83
81.83
81.83
81.84
81.85
81.85
81.85
81.86
81.87
81.87
81.87
81.88
81.87
81.87
81.87
81.87
81.87
81.88
81.89
81.89
81.89
81.88
81.89
81.89
81.89
81.89
81.89
81.91
81.91
81.91
81.90
81.89
81.90
81.90
81.91
81.92
81.93
81.92
81.92
81.91
81.90
81.90
81.90
81.89
81.89
81.88
81.88
81.89
81.89
81.90
81.91
81.91
81.91
81.91
81.90
81.91
81.91
81.92
81.92
81.92
81.90
81.91
81.90
81.91
81.91
81.90
81.90
81.91
81.90
81.90
81.91
81.91
81.91
81.89
81.90
81.90
81.89
81.89
81.89
81.89
81.91
81.91
81.91
81.90
81.91
81.92
81.90
81.92
81.92
81.92
81.92
81.93
81.94
81.94
81.94
81.95
81.96
81.96
81.96
81.96
81.96
81.96
81.96
81.95
81.96
81.95
81.95
81.95
81.96
81.96
81.96
81.96
81.96
81.96
81.96
81.96
81.97
81.97
81.98
81.98
81.97
81.97
81.97
81.96
81.97
81.97
81.97
81.89
