84.38
82.81
84.90
84.38
84.69
83.85
83.26
82.62
81.94
81.09
81.96
81.38
80.89
80.80
80.94
80.76
80.70
80.99
80.84
81.17
80.80
80.26
80.30
80.53
80.44
80.47
80.56
80.69
80.71
80.94
81.20
81.35
81.44
81.57
81.47
81.38
81.50
81.58
81.85
81.88
81.78
81.62
81.50
81.50
81.53
81.45
81.58
81.51
81.60
81.47
81.46
81.55
81.52
81.57
81.51
81.58
81.63
81.71
81.65
81.48
81.48
81.43
81.47
81.45
81.51
81.65
81.72
81.76
81.75
81.83
81.71
81.79
81.79
81.76
81.69
81.64
81.72
81.75
81.84
81.78
81.81
81.84
81.85
81.94
81.93
81.90
81.90
81.96
81.93
81.94
81.94
81.86
81.87
81.80
81.74
81.71
81.83
81.84
81.85
81.89
81.81
81.74
81.77
81.82
81.74
81.77
81.66
81.67
81.67
81.76
81.73
81.61
81.60
81.67
81.63
81.63
81.64
81.66
81.64
81.65
81.68
81.63
81.68
81.72
81.67
81.71
81.73
81.68
81.72
81.72
81.76
81.81
81.80
81.76
81.70
81.66
81.68
81.73
81.78
81.74
81.74
81.71
81.75
81.77
81.82
81.84
81.87
81.84
81.88
81.81
81.85
81.76
81.81
81.83
81.77
81.82
81.85
81.83
81.80
81.85
81.81
81.80
81.78
81.79
81.84
81.82
81.85
81.85
81.81
81.82
81.82
81.82
81.84
81.87
81.88
81.87
81.90
81.90
81.86
81.86
81.86
81.84
81.86
81.89
81.86
81.88
81.84
81.86
81.85
81.85
81.83
81.83
81.88
81.86
81.86
81.82
81.81
81.82
81.82
81.79
81.79
81.79
81.80
81.82
81.83
81.81
81.82
81.81
81.79
81.79
81.81
81.80
81.79
81.79
81.82
81.79
81.75
81.76
81.73
81.70
81.72
81.71
81.68
81.68
81.70
81.67
81.68
81.70
81.67
81.64
81.66
81.69
81.71
81.72
81.71
81.68
81.68
81.71
81.70
81.71
81.74
81.72
81.69
81.69
81.73
81.69
81.69
81.72
81.69
81.68
81.67
81.62
81.64
81.63
81.60
81.59
81.61
81.62
81.58
81.60
81.60
81.63
81.64
81.64
81.63
81.64
81.64
81.63
81.66
81.67
81.68
81.68
81.67
81.70
81.66
81.66
81.68
81.68
81.68
81.67
81.67
81.67
81.68
81.71
81.71
81.69
81.71
81.66
81.68
81.71
81.72
81.72
81.75
81.76
81.75
81.76
81.77
81.78
81.78
81.77
81.75
81.72
81.71
81.71
81.74
81.73
81.73
81.74
81.73
81.73
81.72
81.72
81.70
81.70
81.69
81.70
81.69
81.69
81.70
81.69
81.70
81.72
81.70
81.69
81.73
81.70
81.70
81.70
81.71
81.71
81.71
81.68
81.68
81.69
81.71
81.71
81.73
81.73
81.73
81.72
81.74
81.77
81.78
81.79
81.79
81.77
81.79
81.78
81.75
81.72
81.70
81.69
81.69
81.70
81.70
81.71
81.70
81.71
81.72
81.73
81.74
81.74
81.77
81.78
81.76
81.78
81.79
81.79
81.80
81.82
81.81
81.81
81.79
81.79
81.79
81.77
81.75
81.75
81.75
81.75
81.76
81.75
81.75
81.74
81.74
81.74
81.75
81.75
81.74
