81.25
81.25
82.81
82.42
82.81
82.81
82.37
82.23
82.29
82.66
83.24
82.29
82.21
82.14
82.29
82.13
81.80
81.68
81.66
81.80
81.85
81.96
81.93
81.84
81.38
81.43
81.60
81.58
81.47
81.46
81.40
81.15
81.20
81.25
81.34
81.60
81.59
81.58
81.73
81.64
81.94
81.96
81.87
81.75
81.60
81.49
81.58
81.64
81.63
81.59
81.68
81.64
81.60
81.63
81.62
81.61
81.74
81.90
81.83
82.01
81.99
82.03
81.89
81.93
82.04
82.13
82.11
82.22
82.25
82.30
82.28
82.23
82.21
82.16
82.17
82.11
82.02
82.03
82.00
81.95
81.87
81.94
81.95
81.88
81.82
81.90
81.91
81.89
81.85
81.88
81.92
81.96
81.99
81.98
82.04
82.01
82.06
82.08
81.96
81.91
82.02
82.03
81.99
82.03
81.96
82.00
81.97
81.94
81.97
81.96
81.95
81.96
82.04
82.06
82.05
82.04
82.04
82.03
82.06
82.11
82.13
82.15
82.10
82.07
82.07
82.14
82.09
82.12
82.10
82.08
82.16
82.21
82.17
82.23
82.20
82.22
82.17
82.10
82.14
82.14
82.06
82.11
82.07
82.06
82.10
82.11
82.07
82.00
82.06
82.05
82.02
81.97
81.95
81.97
81.99
81.95
81.93
81.91
81.87
81.90
81.88
81.91
81.90
81.90
81.94
81.96
81.92
81.94
81.97
81.98
81.97
82.01
82.01
82.00
81.99
82.00
82.00
82.01
82.02
82.00
81.98
82.01
82.01
82.05
82.06
82.06
82.05
82.09
82.05
82.06
82.05
82.08
82.10
82.12
82.12
82.10
82.12
82.09
82.11
82.13
82.14
82.16
82.17
82.11
82.11
82.14
82.12
82.10
82.12
82.13
82.13
82.12
82.12
82.13
82.15
82.19
82.14
82.15
82.17
82.17
82.16
82.16
82.18
82.20
82.22
82.22
82.25
82.26
82.21
82.21
82.18
82.18
82.18
82.19
82.20
82.17
82.15
82.16
82.15
82.16
82.16
82.13
82.14
82.10
82.10
82.13
82.15
82.13
82.13
82.13
82.14
82.17
82.16
82.18
82.15
82.17
82.14
82.15
82.19
82.18
82.18
82.16
82.13
82.14
82.12
82.12
82.13
82.11
82.15
82.18
82.20
82.18
82.21
82.21
82.21
82.23
82.21
82.18
82.17
82.17
82.16
82.16
82.13
82.12
82.13
82.15
82.18
82.21
82.22
82.21
82.22
82.27
82.26
82.24
82.27
82.28
82.29
82.29
82.30
82.31
82.29
82.31
82.27
82.25
82.26
82.26
82.29
82.31
82.30
82.30
82.31
82.32
82.30
82.30
82.29
82.28
82.28
82.27
82.26
82.28
82.29
82.26
82.28
82.25
82.24
82.26
82.24
82.25
82.22
82.23
82.22
82.21
82.23
82.22
82.21
82.21
82.21
82.20
82.19
82.20
82.22
82.20
82.19
82.19
82.17
82.18
82.18
82.16
82.15
82.15
82.15
82.16
82.18
82.19
82.20
82.20
82.17
82.15
82.13
82.15
82.13
82.14
82.13
82.15
82.17
82.16
82.16
82.14
82.14
82.12
82.12
82.11
82.10
82.14
82.15
82.16
82.16
82.14
82.15
82.17
82.18
82.19
82.20
82.19
82.19
82.20
82.19
82.20
82.21
82.22
82.22
82.23
82.23
82.23
82.23
82.24
82.25
82.26
82.25
82.28
82.25
82.25
82.25
82.27
82.26
82.25
82.23
82.22
82.21
82.21
82.21
82.21
82.20
82.21
82.19
82.20
82.18
82.17
82.15
82.15
82.16
82.17
82.17
82.18
82.17
82.17
82.19
82.20
82.20
82.19
82.18
82.18
82.17
82.18
82.19
82.17
82.19
82.19
82.19
82.19
82.20
82.21
82.21
82.20
82.18
82.19
82.18
82.20
82.20
82.19
82.21
82.21
82.22
82.22
82.24
82.24
82.23
82.23
82.24
82.26
82.25
82.26
82.28
82.28
82.27
82.27
82.25
82.25
82.24
82.24
82.23
82.24
82.25
82.26
82.26
82.26
82.26
82.28
82.27
82.27
82.27
82.26
82.26
82.26
82.26
82.26
82.27
82.26
82.26
82.26
82.27
82.26
82.26
82.26
82.24
82.25
82.23
82.23
82.23
82.23
82.22
82.21
82.20
82.21
82.21
82.19
82.18
82.17
82.16
82.15
82.13
82.14
82.14
82.14
82.14
82.13
82.14
82.14
82.14
82.12
82.13
82.14
82.14
82.13
82.13
82.12
82.10
82.11
82.10
82.11
82.09
82.09
82.10
82.09
82.08
82.08
82.09
82.10
82.10
82.09
82.09
82.09
82.08
82.08
82.07
82.06
82.05
82.05
82.03
82.03
82.02
82.02
82.04
82.05
82.03
82.03
82.04
82.04
82.05
82.05
82.04
82.03
82.03
82.04
82.03
82.04
82.04
82.04
82.03
82.01
82.02
82.01
82.02
82.02
82.04
82.04
82.04
82.03
82.02
82.03
82.04
82.04
82.05
82.04
82.04
82.04
82.04
82.04
82.03
82.04
82.05
82.04
82.06
82.04
82.04
82.05
82.05
82.05
82.05
82.05
82.04
82.04
82.05
82.04
82.04
82.04
82.06
82.05
82.05
82.05
82.05
82.07
82.07
82.05
82.06
82.06
82.07
82.06
82.06
82.06
82.06
82.05
82.07
82.07
82.08
82.07
82.06
82.08
82.09
82.10
82.09
82.10
82.09
82.08
82.08
82.07
82.08
82.08
82.07
82.06
82.05
82.06
82.06
82.07
82.08
82.08
82.08
82.08
82.07
82.08
82.08
82.09
82.09
82.09
82.10
82.10
82.11
82.11
82.12
82.12
82.11
82.11
82.11
82.13
82.12
82.11
82.11
82.10
82.10
82.10
82.09
82.09
82.09
82.08
82.09
82.09
82.08
82.08
82.08
82.07
82.07
82.07
82.06
82.06
82.07
82.07
82.08
82.09
82.09
82.09
82.09
82.10
82.09
82.09
82.10
82.11
82.10
82.11
82.10
82.10
82.10
82.09
82.09
82.08
82.07
82.06
82.08
82.07
82.07
82.07
82.07
82.08
82.08
82.06
82.07
82.07
82.07
82.06
82.06
82.06
82.06
82.07
82.08
82.07
82.07
82.07
82.08
82.09
82.09
82.09
82.09
82.08
82.08
82.08
82.08
82.08
82.08
82.08
82.07
82.07
82.06
82.06
82.06
82.07
82.06
82.07
82.06
82.05
82.05
82.04
82.05
82.05
82.05
82.05
82.06
82.05
82.04
82.04
82.03
82.02
82.02
82.02
82.03
82.03
82.03
82.03
82.02
82.02
82.02
82.03
82.04
82.03
82.01
82.01
82.00
82.00
81.99
82.00
82.00
81.98
81.98
81.90
