84.38
83.59
82.81
82.81
83.44
82.55
81.92
81.84
80.90
79.84
80.26
79.95
80.53
80.25
80.62
80.66
81.07
80.82
80.76
80.39
80.43
80.61
80.71
80.86
80.88
80.95
81.13
81.03
81.25
81.15
81.35
81.54
81.87
82.03
81.88
81.86
82.01
81.95
82.09
81.91
82.05
81.99
82.09
81.96
81.88
81.86
81.75
81.74
81.73
81.84
81.92
81.94
81.93
81.92
81.96
82.00
81.94
81.98
82.10
82.03
82.10
82.11
82.09
82.10
82.07
82.08
81.95
81.96
81.84
81.79
81.84
81.90
81.96
81.97
81.98
82.03
81.92
82.01
81.98
81.97
81.98
82.01
82.04
82.09
82.10
82.16
82.15
82.24
82.34
82.29
82.26
82.29
82.34
82.36
82.40
82.42
82.43
82.41
82.37
82.36
82.33
82.40
82.40
82.41
82.29
82.33
82.26
82.23
82.14
82.14
82.19
82.23
82.22
82.20
82.23
82.22
82.24
82.31
82.30
82.30
82.33
82.40
82.41
82.37
82.41
82.42
82.36
82.34
82.23
82.14
82.16
82.15
82.07
82.10
82.14
82.17
82.11
82.14
82.14
82.15
82.18
82.19
82.21
82.22
82.22
82.19
82.22
82.25
82.30
82.32
82.35
82.33
82.34
82.35
82.36
82.31
82.30
82.27
82.26
82.24
82.24
82.27
82.24
82.23
82.23
82.26
82.21
82.14
82.10
82.08
82.09
82.04
82.03
82.00
82.01
82.00
82.04
82.05
81.99
82.03
81.97
81.98
81.98
81.99
82.00
82.01
81.95
81.96
81.96
81.96
82.02
82.03
82.00
82.04
82.06
82.09
82.08
82.07
82.09
82.10
82.12
82.12
82.07
82.09
82.10
82.13
82.13
82.14
82.15
82.13
82.12
82.10
82.11
82.13
82.11
82.10
82.11
82.12
82.12
82.15
82.13
82.12
82.15
82.11
82.14
82.14
82.19
82.20
82.19
82.21
82.18
82.16
82.15
82.16
82.17
82.13
82.12
82.14
82.16
82.14
82.12
82.13
82.19
82.20
82.16
82.16
82.14
82.14
82.12
82.12
82.14
82.11
82.09
82.14
82.13
82.11
82.13
82.16
82.15
82.14
82.17
82.19
82.18
82.17
82.21
82.20
82.20
82.22
82.23
82.25
82.22
82.24
82.25
82.25
82.26
82.28
82.29
82.29
82.33
82.32
82.33
82.34
82.32
82.29
82.31
82.33
82.32
82.31
82.30
82.27
82.24
82.22
82.21
82.22
82.22
82.22
82.22
82.20
82.21
82.21
82.19
82.20
82.19
82.19
82.19
82.17
82.16
82.18
82.19
82.18
82.19
82.18
82.18
82.20
82.19
82.16
82.18
82.19
82.21
82.20
82.21
82.22
82.24
82.22
82.23
82.23
82.22
82.24
82.23
82.23
82.19
82.18
82.16
82.14
82.16
82.16
82.14
82.14
82.13
82.12
82.11
82.10
82.11
82.10
82.11
82.12
82.10
82.09
82.12
82.12
82.12
82.11
82.13
82.12
82.12
82.11
82.09
82.09
82.09
82.07
82.09
82.08
82.09
82.09
82.06
82.07
82.04
82.05
82.02
82.01
81.99
81.99
82.00
82.00
82.01
82.01
82.03
82.04
82.05
82.04
82.01
82.02
82.00
81.99
81.96
81.96
81.96
81.95
81.93
81.91
81.92
81.93
81.94
81.94
81.95
81.92
81.93
81.94
81.94
81.93
81.94
81.95
81.95
81.95
81.95
81.94
81.94
81.96
81.96
81.94
81.93
81.94
81.95
81.94
81.94
81.95
81.94
81.94
81.91
81.91
81.90
81.90
81.90
81.90
81.92
81.92
81.92
81.92
81.93
81.92
81.91
81.91
81.90
81.88
81.89
81.91
81.93
81.94
81.95
81.97
81.96
81.97
81.99
81.99
82.00
81.99
81.98
82.00
82.01
81.99
82.00
82.01
82.01
82.02
82.04
82.03
82.03
82.03
82.04
82.03
82.03
82.03
82.01
81.99
81.98
81.98
81.98
81.97
81.97
81.96
81.96
81.96
81.95
81.94
81.95
81.95
81.94
81.94
81.94
81.95
81.95
81.94
81.94
81.93
81.93
81.92
81.92
81.91
81.90
81.89
81.90
81.89
81.87
81.86
81.86
81.85
81.86
81.85
81.85
81.84
81.81
81.84
81.85
81.85
81.87
81.86
81.85
81.85
81.84
81.84
81.85
81.85
81.86
81.86
81.87
81.87
81.86
81.86
81.87
81.87
81.87
81.88
81.88
81.88
81.87
81.89
81.87
81.86
81.85
81.85
81.85
81.84
81.85
81.85
81.85
81.86
81.86
81.86
81.86
81.85
81.86
81.86
81.86
81.86
81.87
81.84
81.84
81.83
81.82
81.82
81.82
81.83
81.84
81.85
81.85
81.84
81.85
81.85
81.87
81.88
81.89
81.88
81.88
81.89
81.91
81.90
81.90
81.90
81.90
81.90
81.88
81.88
81.87
81.87
81.86
81.86
81.87
81.87
81.87
81.87
81.87
81.88
81.89
81.90
81.90
81.91
81.92
81.92
81.93
81.92
81.91
81.93
81.94
81.94
81.95
81.94
81.94
81.92
81.92
81.92
81.93
81.94
81.94
81.94
81.93
81.93
81.93
81.94
81.95
81.96
81.95
81.94
81.94
81.94
81.94
81.95
81.96
81.97
81.97
81.97
81.98
81.97
81.97
81.97
81.98
81.98
82.00
81.99
82.00
81.99
81.99
81.99
82.00
81.99
82.00
82.01
82.01
82.01
82.02
82.01
82.00
82.00
82.00
82.00
82.00
82.00
82.00
82.01
82.02
82.01
82.01
82.01
82.01
82.01
82.03
82.03
82.04
82.03
82.03
82.04
82.03
82.03
82.04
82.04
82.04
82.04
82.03
82.02
82.03
82.03
82.03
82.04
82.03
82.04
82.04
82.05
82.06
82.06
82.07
82.06
82.05
82.04
82.02
82.02
82.01
82.00
82.01
82.01
82.02
82.01
81.99
81.99
81.98
81.99
81.99
81.98
81.98
81.97
81.97
81.97
81.97
81.96
81.96
81.95
81.96
81.96
81.96
81.97
81.97
81.96
81.96
81.97
81.96
81.96
81.96
81.95
81.95
81.96
81.95
81.96
81.95
81.95
81.96
81.95
81.95
81.94
81.94
81.94
81.93
81.94
81.94
81.94
81.94
81.94
81.94
81.94
81.93
81.93
81.93
81.94
81.94
81.93
81.93
81.92
81.92
81.92
81.92
81.92
81.93
81.93
81.93
81.94
81.93
81.93
81.92
81.91
81.90
81.91
81.91
81.91
81.92
81.92
81.93
81.93
81.93
81.92
81.92
81.91
81.90
81.91
81.92
81.92
81.94
81.94
81.96
81.96
81.96
81.96
81.96
81.97
81.97
81.89
