85.94
82.03
82.29
82.81
82.50
83.59
84.38
83.40
83.51
83.44
83.66
83.33
83.29
83.26
83.65
83.40
83.55
83.51
83.55
83.52
83.56
83.59
83.49
83.46
83.69
83.59
83.22
83.09
82.92
82.76
82.56
82.67
82.81
82.95
82.59
82.55
82.60
82.57
82.49
82.46
82.58
82.59
82.74
82.67
82.78
82.88
83.05
83.07
83.20
83.16
83.24
83.17
83.20
83.16
83.18
83.20
83.14
83.22
83.29
83.15
83.20
83.09
82.99
83.08
83.15
83.29
83.28
83.30
83.24
83.24
83.21
83.29
83.26
83.17
83.06
82.92
83.02
83.03
82.95
82.91
82.93
82.93
82.89
82.89
82.79
82.81
82.81
82.79
82.78
82.78
82.73
82.71
82.69
82.63
82.66
82.57
82.46
82.49
82.39
82.39
82.33
82.35
82.34
82.32
82.34
82.33
82.29
82.26
82.27
82.23
82.28
82.31
82.33
82.31
82.28
82.29
82.21
82.15
82.10
82.10
82.12
82.10
82.05
82.04
82.09
82.09
82.15
82.10
82.06
82.06
82.03
82.04
82.07
82.09
82.06
82.09
82.13
82.10
82.14
82.14
82.05
82.08
82.14
82.16
82.19
82.16
82.15
82.12
82.14
82.14
82.11
82.11
82.11
82.11
82.14
82.16
82.20
82.22
82.27
82.24
82.25
82.20
82.24
82.21
82.25
82.27
82.28
82.31
82.29
82.27
82.28
82.33
82.32
82.35
82.34
82.36
82.35
82.36
82.36
82.40
82.38
82.37
82.32
82.28
82.25
82.22
82.21
82.21
82.24
82.23
82.19
82.19
82.17
82.22
82.24
82.24
82.24
82.21
82.17
82.15
82.14
82.14
82.14
82.12
82.11
82.08
82.10
82.10
82.10
82.08
82.05
82.06
82.08
82.06
82.03
82.04
82.02
82.05
82.06
82.07
82.01
82.01
82.03
82.04
82.01
82.03
82.03
82.03
82.03
82.04
82.05
82.09
82.09
82.08
82.05
82.04
82.08
82.08
82.08
82.12
82.13
82.11
82.11
82.12
82.07
82.08
82.07
82.05
82.05
82.09
82.08
82.11
82.12
82.14
82.14
82.14
82.10
82.12
82.14
82.13
82.13
82.16
82.18
82.17
82.15
82.15
82.14
82.12
82.12
82.09
82.10
82.08
82.09
82.09
82.09
82.09
82.09
82.08
82.06
82.06
82.05
82.06
82.07
82.06
82.05
82.07
82.06
82.04
82.04
82.04
82.08
82.10
82.08
82.08
82.08
82.10
82.08
82.07
82.10
82.09
82.07
82.05
82.08
82.09
82.06
82.05
82.06
82.07
82.08
82.06
82.05
82.02
82.03
82.02
82.03
82.01
81.98
81.97
81.93
81.94
81.93
81.93
81.95
81.94
81.95
81.96
81.96
81.94
81.92
81.92
81.93
81.93
81.94
81.94
81.94
81.96
81.99
81.99
81.98
81.99
82.00
82.01
82.01
81.99
81.99
81.99
81.98
81.99
81.98
81.97
81.97
81.98
81.98
81.96
81.97
81.93
81.94
81.95
81.92
81.93
81.95
81.95
81.96
81.98
81.98
81.99
82.00
81.98
81.98
81.98
81.99
81.99
81.98
81.99
81.98
82.00
82.00
81.98
81.98
81.98
81.99
81.95
81.98
81.98
82.00
81.99
82.00
81.99
82.00
82.01
81.98
81.98
82.02
82.04
82.03
82.01
81.99
81.98
81.95
81.96
81.96
81.96
81.94
81.94
81.94
81.94
81.94
81.93
81.93
81.92
81.93
81.95
81.97
81.96
81.95
81.95
81.97
81.98
81.98
81.99
81.98
81.96
81.97
81.98
81.99
81.99
82.00
81.99
81.99
81.98
81.99
81.97
81.96
81.97
81.96
81.98
81.97
81.94
81.95
81.95
81.97
81.97
81.97
81.98
81.96
81.95
81.95
81.94
81.95
81.94
81.94
81.95
81.95
81.96
81.94
81.94
81.94
81.96
81.95
81.95
81.95
81.95
81.97
81.97
81.96
81.95
81.97
81.97
81.97
81.97
81.97
81.98
81.97
81.97
81.99
81.99
81.98
81.97
81.96
81.96
81.97
81.98
81.98
81.98
81.97
81.98
81.98
81.98
81.98
82.00
82.01
82.02
82.02
82.02
82.03
82.02
82.02
82.04
82.04
82.06
82.05
82.06
82.05
82.06
82.07
82.06
82.06
82.05
82.05
82.04
82.06
82.06
82.04
82.04
82.04
82.05
82.04
82.03
82.05
82.05
82.05
82.04
82.03
82.02
82.01
82.00
82.00
82.00
81.99
82.00
82.00
81.99
82.02
82.03
82.03
82.02
82.02
82.01
82.02
82.03
82.03
82.03
82.04
82.04
82.05
82.04
82.04
82.04
82.04
82.03
82.02
82.02
82.00
82.00
82.00
82.01
82.00
82.01
82.00
82.01
82.02
82.03
82.02
82.02
82.03
82.03
82.02
82.03
82.04
82.04
82.03
82.02
82.03
82.04
82.04
82.04
82.04
82.03
82.02
82.02
82.01
82.00
81.99
81.98
81.97
81.97
81.98
81.99
81.99
81.97
81.96
81.96
81.96
81.96
81.95
81.94
81.93
81.94
81.94
81.95
81.96
81.96
81.96
81.97
81.96
81.95
81.95
81.95
81.96
81.97
81.96
81.97
81.99
81.98
81.98
81.97
81.98
81.97
81.95
81.96
81.96
81.97
81.98
81.97
81.97
81.97
81.97
81.98
81.97
81.97
81.97
81.97
81.97
81.97
81.97
81.97
81.97
81.95
81.96
81.95
81.94
81.95
81.97
81.96
81.97
81.97
81.95
81.95
81.94
81.94
81.94
81.93
81.93
81.94
81.94
81.95
81.93
81.94
81.93
81.93
81.94
81.95
81.95
81.96
81.96
81.95
81.95
81.94
81.94
81.94
81.93
81.95
81.96
81.97
81.97
81.98
81.98
81.98
81.97
81.98
81.99
81.99
81.99
81.97
81.97
81.96
81.94
81.95
81.96
81.98
81.98
81.97
81.97
81.97
81.98
81.98
81.99
81.99
81.98
81.97
81.98
81.99
81.99
81.98
81.99
81.99
81.99
81.97
81.98
81.99
81.99
81.99
82.00
82.00
82.00
81.99
81.98
81.99
81.98
81.97
81.97
81.97
81.97
81.97
81.97
81.97
81.97
81.95
81.96
81.96
81.95
81.95
81.95
81.95
81.95
81.95
81.96
81.96
81.97
81.97
81.98
81.97
81.97
81.99
81.99
81.99
81.99
82.00
82.00
82.00
81.99
82.00
81.99
81.99
81.98
81.98
81.97
81.97
81.97
81.98
81.98
81.99
82.00
82.01
82.00
82.01
82.01
82.00
82.00
82.00
81.99
81.99
81.99
81.99
81.98
81.98
81.99
81.99
82.00
81.99
81.99
81.90
