10.94
10.94
13.02
12.89
11.56
10.68
10.94
10.74
10.94
10.78
10.65
10.42
10.58
10.94
10.83
10.64
11.03
11.20
10.86
10.55
10.49
10.44
10.60
10.48
10.31
10.16
10.24
10.38
10.29
10.16
9.98
9.96
9.90
9.88
9.91
9.85
9.92
9.99
9.98
10.16
10.18
10.08
9.99
9.80
9.83
9.65
9.61
9.64
9.57
9.50
9.71
9.68
9.70
9.66
9.69
9.65
9.81
9.73
9.64
9.69
9.68
9.60
9.67
9.77
9.83
9.82
9.84
9.93
9.81
9.71
9.64
9.68
9.63
9.65
9.62
9.66
9.56
9.58
9.63
9.55
9.55
9.62
9.64
9.62
9.58
9.70
9.63
9.62
9.66
9.69
9.68
9.65
9.68
9.69
9.65
9.60
9.58
9.58
9.53
9.53
9.56
9.57
9.54
9.57
9.58
9.60
9.67
9.75
9.72
9.72
9.76
9.77
9.76
9.77
9.84
9.89
9.86
9.83
9.82
9.80
9.81
9.76
9.73
9.70
9.70
9.65
9.66
9.63
9.61
9.54
9.54
9.58
9.56
9.55
9.50
9.49
9.53
9.51
9.50
9.52
9.52
9.47
9.45
9.44
9.46
9.44
9.43
9.41
9.45
9.43
9.43
9.47
9.51
9.57
9.58
9.56
9.54
9.54
9.54
9.53
9.56
9.53
9.57
9.58
9.64
9.63
9.61
9.60
9.65
9.66
9.62
9.63
9.64
9.64
9.62
9.63
9.65
9.67
9.67
9.68
9.67
9.66
9.64
9.62
9.60
9.60
9.59
9.56
9.56
9.57
9.58
9.59
9.59
9.60
9.62
9.61
9.62
9.63
9.62
9.66
9.65
9.65
9.64
9.65
9.65
9.67
9.66
9.67
9.66
9.64
9.63
9.61
9.60
9.59
9.59
9.59
9.58
9.59
9.61
9.62
9.62
9.63
9.63
9.63
9.63
9.62
9.60
9.58
9.55
9.57
9.56
9.56
9.54
9.53
9.53
9.51
9.51
9.52
9.49
9.48
9.49
9.49
9.52
9.53
9.52
9.50
9.51
9.50
9.49
9.49
9.50
9.51
9.50
9.49
9.51
9.48
9.47
9.49
9.48
9.48
9.47
9.48
9.51
9.52
9.52
9.52
9.52
9.53
9.52
9.53
9.54
9.52
9.54
9.54
9.52
9.56
9.57
9.58
9.58
9.58
9.58
9.58
9.59
9.58
9.59
9.58
9.58
9.56
9.59
9.60
9.58
9.62
9.61
9.61
9.62
9.61
9.60
9.59
9.61
9.59
9.60
9.58
9.60
9.59
9.59
9.59
9.59
9.61
9.60
9.60
9.59
9.59
9.57
9.55
9.54
9.53
9.51
9.49
9.50
9.52
9.51
9.51
9.50
9.48
9.48
9.48
9.51
9.51
9.51
9.51
9.53
9.52
9.51
9.50
9.51
9.53
9.51
9.51
9.54
9.54
9.54
9.52
9.52
9.54
9.56
9.56
9.58
9.58
9.60
9.60
9.60
9.61
9.59
9.58
9.57
9.59
9.60
9.60
9.59
9.60
9.61
9.62
9.62
9.62
9.63
9.64
9.63
9.63
9.63
9.64
9.64
9.65
9.65
9.65
9.64
9.63
9.64
9.63
9.61
9.61
9.60
9.58
9.58
9.58
9.57
9.56
9.59
9.59
9.60
9.60
9.59
9.58
9.60
9.60
9.59
9.60
9.60
9.61
9.61
9.61
9.61
9.62
9.62
9.63
9.64
9.63
9.63
9.64
9.63
9.64
9.64
9.65
9.65
9.65
9.66
9.65
9.65
9.65
9.65
9.65
9.65
9.66
9.67
9.66
9.66
9.68
9.67
9.67
9.66
9.66
9.66
9.65
9.64
9.64
9.64
9.64
9.65
9.66
9.65
9.65
9.65
9.67
9.66
9.66
9.67
9.67
9.68
9.68
9.67
9.69
9.69
9.69
9.69
9.68
9.69
9.69
9.70
9.70
9.70
9.70
9.69
9.70
9.69
9.68
9.69
9.68
9.69
9.69
9.68
9.72
9.72
9.73
9.71
9.70
9.69
9.70
9.71
9.73
9.73
9.74
9.73
9.73
9.72
9.71
9.72
9.74
9.74
9.74
9.74
9.74
9.73
9.73
9.75
9.75
9.74
9.73
9.72
9.71
9.72
9.72
9.72
9.72
9.72
9.72
9.72
9.74
9.74
9.73
9.73
9.74
9.72
9.71
9.72
9.71
9.71
9.72
9.72
9.73
9.72
9.71
9.70
9.70
9.71
9.70
9.70
9.70
9.71
9.72
9.72
9.72
9.71
9.72
9.72
9.72
9.72
9.72
9.72
9.72
9.71
9.71
9.73
9.73
9.71
9.71
9.71
9.71
9.70
9.71
9.71
9.71
9.71
9.71
9.71
9.72
9.72
9.72
9.73
9.72
9.71
9.72
9.71
9.71
9.71
9.70
9.70
9.69
9.69
9.69
9.69
9.68
9.67
9.68
9.68
9.67
9.67
9.67
9.67
9.67
9.67
9.67
9.67
9.67
9.67
9.67
9.67
9.67
9.67
9.66
9.66
9.66
9.66
9.67
9.67
9.66
9.66
9.67
9.68
9.68
9.68
9.68
9.68
9.68
9.68
9.68
9.68
9.68
9.68
9.67
9.67
9.66
9.66
9.66
9.65
9.65
9.65
9.65
9.65
9.64
9.64
9.64
9.65
9.65
9.65
9.65
9.64
9.64
9.64
9.64
9.64
9.64
9.64
9.64
9.64
9.63
9.63
9.65
9.64
9.64
9.63
9.63
9.64
9.63
9.64
9.64
9.64
9.63
9.63
9.64
9.64
9.63
9.63
9.63
9.63
9.64
9.62
9.63
9.62
9.61
9.61
9.61
9.61
9.62
9.62
9.61
9.62
9.62
9.63
9.62
9.63
9.64
9.63
9.63
9.63
9.63
9.64
9.66
9.65
9.65
9.65
9.65
9.65
9.65
9.65
9.65
9.65
9.64
9.64
9.64
9.65
9.64
9.64
9.65
9.65
9.65
9.65
9.65
9.66
9.65
9.66
9.67
9.67
9.66
9.66
9.65
9.65
9.65
9.66
9.65
9.66
9.66
9.67
9.67
9.68
9.68
9.68
9.68
9.67
9.68
9.68
9.67
9.68
9.69
9.68
9.67
9.68
9.68
9.68
9.68
9.68
9.67
9.67
9.67
9.68
9.68
9.68
9.68
9.68
9.68
9.69
9.68
9.68
9.69
9.68
9.69
9.68
9.69
9.69
9.68
9.69
9.69
9.68
9.69
9.69
9.70
9.71
9.71
9.71
9.71
9.70
9.71
9.71
9.71
9.70
9.71
9.71
9.71
9.70
9.71
9.71
9.70
9.70
9.70
9.70
9.70
9.70
9.71
9.71
9.71
9.71
9.70
9.70
9.69
