1.56
0.78
0.52
0.78
0.62
0.52
0.67
0.59
0.52
0.47
0.57
0.52
0.48
0.45
0.62
0.68
0.64
0.69
0.66
0.62
0.74
0.78
0.75
0.72
0.69
0.66
0.64
0.67
0.65
0.62
0.66
0.68
0.71
0.69
0.67
0.69
0.68
0.66
0.68
0.66
0.65
0.63
0.62
0.60
0.59
0.58
0.60
0.59
0.61
0.59
0.58
0.60
0.59
0.58
0.57
0.59
0.60
0.62
0.61
0.60
0.59
0.58
0.57
0.56
0.58
0.59
0.58
0.57
0.57
0.56
0.55
0.59
0.58
0.57
0.58
0.58
0.57
0.56
0.59
0.61
0.60
0.59
0.58
0.58
0.57
0.56
0.56
0.57
0.56
0.56
0.55
0.54
0.54
0.55
0.54
0.54
0.53
0.54
0.55
0.55
0.54
0.55
0.56
0.57
0.57
0.56
0.57
0.56
0.56
0.58
0.59
0.59
0.58
0.59
0.58
0.61
0.61
0.62
0.63
0.62
0.62
0.63
0.62
0.63
0.62
0.62
0.62
0.61
0.61
0.61
0.61
0.60
0.60
0.61
0.60
0.60
0.59
0.60
0.60
0.59
0.61
0.61
0.61
0.62
0.62
0.62
0.62
0.61
0.61
0.60
0.61
0.63
0.62
0.62
0.61
0.62
0.62
0.61
0.61
0.61
0.60
0.60
0.60
0.60
0.61
0.60
0.60
0.60
0.59
0.61
0.61
0.61
0.61
0.61
0.61
0.60
0.60
0.60
0.60
0.60
0.60
0.59
0.60
0.60
0.60
0.60
0.59
0.59
0.59
0.58
0.59
0.59
0.59
0.59
0.59
0.59
0.59
0.58
0.58
0.58
0.58
0.59
0.59
0.59
0.59
0.59
0.60
0.59
0.59
0.60
0.59
0.60
0.60
0.60
0.60
0.60
0.60
0.62
0.61
0.62
0.63
0.63
0.63
0.63
0.64
0.64
0.64
0.64
0.63
0.63
0.63
0.63
0.63
0.63
0.62
0.62
0.62
0.62
0.63
0.62
0.63
0.63
0.62
0.63
0.63
0.63
0.63
0.62
0.62
0.62
0.62
0.62
0.62
0.62
0.61
0.62
0.62
0.62
0.62
0.62
0.62
0.63
0.62
0.62
0.62
0.62
0.61
0.61
0.61
0.61
0.61
0.61
0.61
0.61
0.61
0.61
0.62
0.62
0.62
0.62
0.62
0.62
0.61
0.61
0.61
0.61
0.60
0.61
0.61
0.60
0.61
0.62
0.61
0.61
0.61
0.61
0.61
0.61
0.61
0.60
0.60
0.60
0.60
0.60
0.60
0.60
0.60
0.59
0.59
0.59
0.59
0.59
0.59
0.59
0.59
0.58
0.58
0.58
0.58
0.59
0.58
0.58
0.58
0.58
0.58
0.58
0.59
0.60
0.59
0.60
0.59
0.59
0.59
0.59
0.59
0.59
0.59
0.59
0.59
0.59
0.59
0.59
0.59
0.59
0.58
0.58
0.58
0.58
0.58
0.58
0.57
0.57
0.57
0.57
0.57
0.57
0.57
0.57
0.57
0.56
0.57
0.57
0.56
0.56
0.56
0.56
0.57
0.57
0.57
0.57
0.57
0.57
0.57
0.57
0.58
0.57
0.57
0.57
0.57
0.57
0.57
0.57
0.57
0.58
0.58
0.58
0.58
0.58
0.58
0.58
0.58
0.58
0.58
0.58
0.58
0.58
0.58
0.58
0.58
0.58
0.58
0.58
0.58
0.58
0.58
0.58
0.58
0.57
0.57
0.57
0.57
0.57
0.57
0.57
0.57
0.57
0.57
0.57
0.57
0.57
0.57
0.57
0.57
0.57
0.57
0.57
0.57
0.57
0.57
0.57
0.57
0.57
0.57
0.57
0.57
0.57
0.57
0.57
0.57
0.57
0.58
0.58
0.58
0.58
0.58
0.58
0.58
0.58
0.57
0.58
0.58
0.58
0.58
0.58
0.58
0.58
0.58
0.58
0.59
0.59
0.59
0.59
0.59
0.59
0.59
0.59
0.59
0.59
0.59
0.59
0.59
0.59
0.59
0.59
0.59
0.59
0.59
0.59
0.59
0.59
0.59
0.59
0.59
0.59
0.59
0.59
0.59
0.59
0.60
0.60
0.60
0.60
0.60
0.59
0.59
0.59
0.59
0.60
0.59
0.59
0.60
0.59
0.59
0.60
0.60
0.60
0.60
0.60
0.60
0.59
0.60
0.60
0.60
0.60
0.60
0.60
0.60
0.60
0.60
0.59
0.59
0.59
0.59
0.59
0.59
0.60
0.60
0.60
0.60
0.60
0.60
0.60
0.60
0.59
0.59
0.59
0.59
0.59
0.59
0.59
0.59
0.59
0.59
0.59
0.59
0.59
0.59
0.59
0.59
0.59
0.59
0.59
0.59
0.59
0.59
0.59
0.59
0.59
0.59
0.59
0.58
0.58
0.58
0.58
0.58
0.58
0.58
0.58
0.59
0.59
0.59
0.58
0.58
0.58
0.58
0.58
0.58
0.58
0.59
0.59
0.59
0.59
0.59
0.59
0.58
0.58
0.58
0.58
0.58
0.58
0.58
0.58
0.58
0.58
0.58
0.58
0.58
0.58
0.58
0.58
0.58
0.58
0.58
0.58
0.58
0.57
0.58
0.58
0.58
0.58
0.58
0.58
0.58
0.58
0.57
0.57
0.57
0.57
0.57
0.57
0.57
0.57
0.57
0.57
0.57
0.57
0.57
0.57
0.57
0.57
0.57
0.57
0.57
0.56
0.57
0.57
0.56
0.56
0.56
0.56
0.56
0.56
0.56
0.56
0.56
0.56
0.56
0.56
0.56
0.56
0.56
0.56
0.56
0.56
0.56
0.56
0.56
0.56
0.56
0.56
0.56
0.55
0.55
0.55
0.55
0.55
0.55
0.55
0.55
0.55
0.55
0.55
0.55
0.55
0.55
0.55
0.55
0.55
0.55
0.54
0.55
0.55
0.54
0.55
0.55
0.54
0.54
0.54
0.54
0.54
0.54
0.54
0.54
0.54
0.54
0.54
0.54
0.54
0.54
0.54
0.54
0.54
0.54
0.54
0.54
0.54
0.53
0.54
0.54
0.54
0.54
0.54
0.55
0.55
0.55
0.55
0.55
0.55
0.55
0.55
0.55
0.55
0.55
0.55
0.55
0.55
0.55
0.55
0.56
0.55
0.55
0.55
0.55
0.56
0.56
0.56
0.56
0.55
0.55
0.55
0.55
0.55
0.55
0.55
0.55
0.55
0.55
0.55
0.55
0.55
0.55
0.55
0.55
0.55
0.54
0.54
0.55
0.55
0.55
0.54
0.55
0.55
0.54
0.54
0.54
0.54
0.54
0.54
0.54
0.54
0.55
0.54
0.54
0.55
0.54
0.55
0.55
0.55
0.55
0.54
0.54
0.54
