3.12
3.91
4.17
4.30
4.69
4.69
4.46
4.49
5.03
5.00
4.97
4.69
4.69
4.46
4.48
4.39
4.50
4.43
4.44
4.37
4.39
4.62
4.69
4.88
4.81
4.87
4.80
4.80
4.80
4.69
4.74
4.74
4.59
4.50
4.37
4.38
4.43
4.36
4.33
4.41
4.46
4.50
4.43
4.37
4.38
4.45
4.49
4.59
4.59
4.56
4.50
4.45
4.45
4.46
4.49
4.52
4.52
4.47
4.45
4.45
4.46
4.49
4.51
4.54
4.50
4.59
4.62
4.66
4.64
4.62
4.60
4.58
4.60
4.62
4.60
4.67
4.65
4.71
4.75
4.75
4.71
4.73
4.74
4.78
4.83
4.83
4.78
4.74
4.74
4.77
4.76
4.74
4.77
4.77
4.80
4.80
4.80
4.80
4.81
4.80
4.80
4.79
4.78
4.75
4.75
4.78
4.78
4.79
4.79
4.79
4.74
4.76
4.77
4.73
4.71
4.75
4.75
4.74
4.75
4.73
4.75
4.73
4.71
4.70
4.69
4.69
4.69
4.69
4.70
4.71
4.70
4.71
4.71
4.71
4.73
4.73
4.72
4.74
4.75
4.74
4.72
4.72
4.73
4.71
4.72
4.72
4.70
4.70
4.70
4.70
4.70
4.68
4.68
4.67
4.68
4.67
4.71
4.75
4.77
4.80
4.81
4.81
4.81
4.83
4.83
4.84
4.87
4.87
4.88
4.86
4.85
4.83
4.84
4.87
4.87
4.87
4.87
4.88
4.89
4.90
4.90
4.91
4.92
4.92
4.90
4.88
4.87
4.85
4.82
4.80
4.78
4.75
4.74
4.73
4.74
4.76
4.75
4.75
4.74
4.73
4.72
4.73
4.73
4.70
4.70
4.68
4.68
4.66
4.66
4.66
4.64
4.64
4.64
4.64
4.64
4.62
4.64
4.64
4.64
4.65
4.64
4.65
4.67
4.69
4.68
4.67
4.69
4.71
4.71
4.70
4.69
4.71
4.69
4.69
4.69
4.68
4.69
4.70
4.70
4.69
4.68
4.68
4.68
4.69
4.68
4.68
4.68
4.68
4.69
4.68
4.69
4.69
4.69
4.69
4.68
4.68
4.68
4.69
4.69
4.71
4.72
4.72
4.72
4.75
4.77
4.77
4.77
4.76
4.77
4.76
4.76
4.76
4.75
4.75
4.74
4.74
4.73
4.73
4.73
4.73
4.74
4.75
4.76
4.76
4.78
4.78
4.78
4.79
4.78
4.80
4.80
4.80
4.80
4.80
4.80
4.79
4.79
4.79
4.80
4.81
4.81
4.82
4.81
4.81
4.80
4.79
4.78
4.77
4.77
4.77
4.77
4.77
4.77
4.80
4.80
4.80
4.81
4.80
4.81
4.79
4.79
4.79
4.81
4.80
4.78
4.80
4.80
4.80
4.81
4.80
4.80
4.79
4.78
4.79
4.79
4.79
4.78
4.78
4.78
4.79
4.79
4.78
4.79
4.79
4.80
4.80
4.79
4.79
4.79
4.79
4.79
4.79
4.78
4.78
4.78
4.78
4.78
4.80
4.79
4.80
4.80
4.80
4.80
4.80
4.79
4.79
4.79
4.79
4.78
4.78
4.78
4.77
4.79
4.80
4.80
4.81
4.82
4.82
4.84
4.83
4.83
4.83
4.83
4.82
4.82
4.83
4.83
4.84
4.83
4.83
4.82
4.83
4.83
4.82
4.83
4.84
4.83
4.84
4.84
4.83
4.84
4.83
4.82
4.82
4.82
4.83
4.83
4.83
4.84
4.84
4.83
4.84
4.84
4.84
4.83
4.83
4.83
4.83
4.82
4.82
4.82
4.82
4.82
4.84
4.84
4.83
4.83
4.83
4.83
4.82
4.81
4.82
4.82
4.82
4.82
4.81
4.81
4.81
4.80
4.80
4.81
4.81
4.81
4.83
4.82
4.83
4.83
4.83
4.83
4.83
4.84
4.84
4.85
4.84
4.84
4.84
4.84
4.84
4.84
4.84
4.83
4.83
4.83
4.84
4.83
4.83
4.82
4.82
4.82
4.82
4.82
4.83
4.82
4.82
4.81
4.81
4.81
4.81
4.82
4.84
4.84
4.83
4.83
4.83
4.82
4.82
4.83
4.82
4.82
4.82
4.83
4.84
4.84
4.84
4.85
4.85
4.84
4.84
4.84
4.84
4.84
4.84
4.83
4.83
4.82
4.82
4.83
4.82
4.82
4.82
4.81
4.81
4.81
4.81
4.81
4.81
4.81
4.81
4.81
4.80
4.80
4.80
4.80
4.80
4.80
4.80
4.79
4.79
4.79
4.78
4.79
4.79
4.79
4.79
4.78
4.78
4.79
4.79
4.79
4.80
4.80
4.80
4.81
4.80
4.80
4.80
4.79
4.79
4.79
4.79
4.80
4.80
4.80
4.79
4.79
4.79
4.81
4.81
4.80
4.80
4.80
4.80
4.80
4.80
4.79
4.78
4.79
4.79
4.79
4.79
4.78
4.78
4.78
4.79
4.79
4.78
4.78
4.78
4.78
4.78
4.78
4.77
4.77
4.79
4.78
4.78
4.79
4.79
4.79
4.79
4.79
4.78
4.78
4.79
4.79
4.79
4.79
4.78
4.79
4.79
4.79
4.79
4.79
4.79
4.79
4.79
4.80
4.79
4.79
4.79
4.79
4.79
4.79
4.79
4.79
4.80
4.79
4.79
4.79
4.79
4.79
4.79
4.80
4.79
4.79
4.79
4.80
4.79
4.79
4.79
4.79
4.79
4.79
4.78
4.78
4.78
4.78
4.77
4.78
4.78
4.77
4.77
4.77
4.77
4.77
4.78
4.78
4.78
4.78
4.78
4.78
4.77
4.77
4.77
4.77
4.77
4.78
4.78
4.78
4.78
4.78
4.78
4.79
4.79
4.79
4.79
4.79
4.79
4.79
4.79
4.79
4.79
4.79
4.79
4.79
4.79
4.79
4.78
4.78
4.78
4.79
4.79
4.79
4.78
4.78
4.78
4.79
4.78
4.79
4.79
4.79
4.79
4.79
4.79
4.79
4.80
4.81
4.81
4.81
4.81
4.81
4.81
4.81
4.82
4.82
4.82
4.81
4.82
4.82
4.82
4.82
4.82
4.82
4.82
4.83
4.82
4.83
4.83
4.83
4.83
4.83
4.83
4.83
4.83
4.83
4.82
4.82
4.82
4.83
4.85
4.85
4.85
4.85
4.85
4.85
4.86
4.86
4.85
4.85
4.85
4.84
4.84
4.84
4.84
4.83
4.83
4.83
4.83
4.83
4.83
4.83
4.83
4.84
4.84
4.84
4.85
4.85
4.85
4.86
4.86
4.86
4.85
4.85
4.85
4.85
4.85
4.86
4.85
4.85
4.86
4.86
4.86
4.86
4.86
4.85
4.85
4.85
4.86
4.86
4.86
4.87
4.86
