3.12
3.12
2.60
2.34
2.19
2.08
1.79
2.15
2.43
2.34
2.70
3.12
3.00
3.01
3.12
3.32
3.12
3.30
3.21
3.20
3.20
3.34
3.26
3.32
3.50
3.49
3.47
3.40
3.34
3.39
3.33
3.37
3.41
3.35
3.35
3.34
3.34
3.41
3.41
3.44
3.43
3.46
3.42
3.37
3.51
3.46
3.42
3.45
3.41
3.41
3.40
3.49
3.45
3.44
3.47
3.49
3.48
3.45
3.44
3.41
3.41
3.45
3.50
3.49
3.49
3.50
3.47
3.52
3.46
3.46
3.48
3.49
3.51
3.53
3.56
3.60
3.65
3.65
3.64
3.59
3.55
3.51
3.54
3.55
3.60
3.60
3.56
3.59
3.55
3.54
3.54
3.53
3.53
3.51
3.59
3.58
3.59
3.60
3.60
3.59
3.59
3.60
3.58
3.64
3.62
3.61
3.61
3.60
3.58
3.59
3.66
3.64
3.64
3.62
3.63
3.62
3.65
3.69
3.73
3.76
3.76
3.73
3.73
3.74
3.74
3.72
3.72
3.70
3.68
3.68
3.65
3.63
3.62
3.63
3.61
3.60
3.58
3.57
3.57
3.59
3.57
3.58
3.59
3.59
3.58
3.55
3.54
3.55
3.54
3.55
3.57
3.56
3.57
3.58
3.60
3.62
3.62
3.66
3.68
3.68
3.66
3.67
3.68
3.67
3.67
3.69
3.70
3.72
3.72
3.72
3.71
3.71
3.71
3.70
3.69
3.68
3.66
3.65
3.65
3.65
3.64
3.63
3.62
3.63
3.64
3.65
3.67
3.66
3.64
3.63
3.66
3.65
3.68
3.67
3.67
3.66
3.64
3.62
3.60
3.60
3.62
3.64
3.63
3.64
3.63
3.64
3.65
3.64
3.63
3.62
3.61
3.60
3.60
3.59
3.60
3.62
3.62
3.62
3.62
3.61
3.60
3.60
3.59
3.60
3.59
3.57
3.57
3.58
3.56
3.57
3.57
3.59
3.61
3.60
3.58
3.59
3.57
3.58
3.60
3.59
3.57
3.57
3.56
3.55
3.54
3.53
3.54
3.53
3.55
3.54
3.54
3.53
3.53
3.53
3.53
3.53
3.51
3.51
3.52
3.51
3.51
3.52
3.53
3.54
3.53
3.54
3.53
3.53
3.53
3.53
3.53
3.52
3.51
3.53
3.53
3.54
3.53
3.52
3.54
3.55
3.54
3.55
3.54
3.55
3.55
3.56
3.54
3.54
3.54
3.53
3.55
3.56
3.59
3.59
3.59
3.59
3.60
3.59
3.59
3.59
3.59
3.59
3.59
3.59
3.58
3.59
3.60
3.61
3.61
3.60
3.60
3.60
3.58
3.58
3.57
3.56
3.56
3.56
3.56
3.56
3.56
3.56
3.57
3.56
3.57
3.57
3.56
3.58
3.59
3.58
3.58
3.58
3.58
3.57
3.58
3.57
3.58
3.57
3.57
3.56
3.56
3.57
3.58
3.57
3.56
3.56
3.55
3.56
3.56
3.55
3.56
3.56
3.56
3.56
3.56
3.56
3.56
3.56
3.56
3.57
3.57
3.57
3.57
3.57
3.57
3.56
3.55
3.54
3.54
3.54
3.56
3.55
3.54
3.55
3.54
3.54
3.55
3.55
3.56
3.56
3.56
3.57
3.57
3.58
3.58
3.57
3.58
3.59
3.59
3.59
3.60
3.60
3.60
3.60
3.61
3.62
3.62
3.61
3.61
3.61
3.60
3.60
3.60
3.60
3.59
3.58
3.58
3.58
3.58
3.57
3.58
3.58
3.59
3.58
3.58
3.58
3.57
3.60
3.60
3.60
3.60
3.60
3.60
3.60
3.59
3.59
3.59
3.59
3.58
3.58
3.58
3.58
3.58
3.58
3.58
3.58
3.59
3.59
3.59
3.60
3.60
3.60
3.60
3.61
3.61
3.60
3.59
3.59
3.58
3.58
3.58
3.59
3.60
3.60
3.60
3.59
3.59
3.60
3.60
3.60
3.60
3.60
3.59
3.60
3.60
3.60
3.61
3.61
3.61
3.60
3.60
3.60
3.60
3.60
3.61
3.60
3.61
3.62
3.62
3.62
3.61
3.61
3.62
3.61
3.61
3.60
3.60
3.60
3.60
3.61
3.61
3.60
3.60
3.60
3.60
3.60
3.59
3.58
3.58
3.59
3.59
3.59
3.59
3.59
3.58
3.59
3.59
3.59
3.59
3.60
3.60
3.61
3.62
3.62
3.63
3.62
3.62
3.62
3.61
3.61
3.61
3.61
3.60
3.61
3.61
3.61
3.61
3.60
3.60
3.61
3.60
3.60
3.60
3.60
3.60
3.59
3.60
3.60
3.59
3.59
3.60
3.61
3.61
3.61
3.60
3.60
3.60
3.60
3.59
3.59
3.58
3.59
3.60
3.60
3.59
3.60
3.60
3.60
3.60
3.59
3.60
3.59
3.59
3.59
3.60
3.59
3.60
3.60
3.60
3.60
3.61
3.61
3.61
3.61
3.61
3.61
3.61
3.61
3.61
3.60
3.60
3.62
3.62
3.63
3.63
3.63
3.63
3.64
3.63
3.63
3.63
3.63
3.62
3.62
3.62
3.62
3.62
3.62
3.62
3.62
3.62
3.62
3.61
3.61
3.61
3.61
3.61
3.62
3.61
3.61
3.61
3.60
3.60
3.60
3.60
3.60
3.61
3.61
3.61
3.61
3.61
3.61
3.61
3.62
3.61
3.61
3.61
3.61
3.61
3.61
3.61
3.60
3.60
3.61
3.61
3.61
3.61
3.61
3.61
3.61
3.61
3.61
3.61
3.61
3.61
3.61
3.61
3.60
3.60
3.60
3.60
3.60
3.60
3.60
3.60
3.61
3.61
3.61
3.62
3.62
3.61
3.61
3.62
3.61
3.61
3.61
3.61
3.62
3.62
3.62
3.62
3.61
3.61
3.61
3.61
3.61
3.61
3.62
3.62
3.61
3.61
3.61
3.61
3.61
3.62
3.61
3.61
3.61
3.61
3.61
3.61
3.61
3.61
3.61
3.61
3.61
3.61
3.61
3.61
3.61
3.62
3.62
3.62
3.62
3.62
3.62
3.62
3.61
3.62
3.62
3.62
3.62
3.63
3.62
3.62
3.61
3.61
3.61
3.60
3.61
3.60
3.61
3.61
3.61
3.61
3.62
3.61
3.61
3.62
3.62
3.62
3.62
3.62
3.62
3.62
3.62
3.61
3.61
3.61
3.61
3.61
3.61
3.60
3.60
3.60
3.59
3.59
3.58
3.58
3.58
3.58
3.58
3.59
3.59
3.59
3.59
3.59
3.59
3.59
3.59
3.59
3.59
3.58
3.58
3.58
3.58
3.58
3.58
3.58
3.58
3.58
3.59
3.59
3.59
3.59
3.59
3.59
3.59
3.59
3.60
3.60
3.60
