51.56
53.12
53.12
55.86
53.75
53.65
52.23
52.54
52.78
52.81
52.98
53.12
52.52
52.23
51.77
52.15
52.39
52.69
52.63
52.11
52.31
52.20
52.24
52.08
52.56
52.82
52.43
52.57
52.37
52.19
52.12
52.20
52.37
52.67
52.77
52.82
53.17
53.21
53.00
52.85
52.97
52.57
52.33
52.59
52.64
52.75
52.99
53.09
53.03
53.19
53.16
53.46
53.54
53.76
53.86
54.07
54.14
54.34
54.26
54.11
54.20
54.21
54.27
54.35
54.33
54.24
54.29
54.25
54.21
54.29
54.38
54.25
54.22
54.33
54.33
54.26
54.26
54.17
54.17
54.16
54.28
54.25
54.27
54.33
54.32
54.18
54.15
54.23
54.06
53.98
54.00
53.99
54.12
54.14
54.18
54.22
54.24
54.18
54.12
54.22
54.15
54.17
54.20
54.28
54.26
54.25
54.23
54.27
54.34
54.33
54.34
54.32
54.36
54.34
54.14
54.15
54.15
54.22
54.20
54.08
53.98
54.01
54.03
54.11
54.06
54.03
54.00
54.04
54.02
53.98
53.95
53.92
53.94
53.98
53.96
53.93
53.88
53.84
53.86
53.84
53.82
53.91
53.85
53.87
53.83
53.88
53.84
53.90
53.88
53.94
53.92
53.91
53.98
54.00
53.98
54.02
53.95
53.97
53.96
53.96
53.96
53.91
53.92
53.91
53.90
53.92
53.89
53.82
53.79
53.83
53.79
53.78
53.78
53.70
53.71
53.75
53.77
53.75
53.81
53.85
53.86
53.83
53.82
53.83
53.81
53.81
53.83
53.85
53.84
53.84
53.77
53.74
53.66
53.62
53.60
53.59
53.59
53.61
53.60
53.63
53.59
53.64
53.65
53.63
53.67
53.70
53.74
53.73
53.73
53.71
53.69
53.69
53.65
53.66
53.74
53.72
53.73
53.67
53.70
53.73
53.73
53.78
53.79
53.77
53.73
53.77
53.72
53.71
53.70
53.72
53.70
53.72
53.75
53.77
53.77
53.78
53.77
53.76
53.79
53.85
53.86
53.89
53.89
53.91
53.88
53.88
53.90
53.94
53.95
53.97
54.02
54.02
54.01
53.97
53.94
53.99
53.98
53.94
53.92
53.92
53.94
53.93
53.91
53.90
53.91
53.89
53.89
53.87
53.84
53.84
53.83
53.85
53.85
53.83
53.84
53.84
53.84
53.84
53.85
53.84
53.86
53.86
53.86
53.86
53.83
53.81
53.83
53.82
53.84
53.86
53.86
53.83
53.81
53.78
53.77
53.79
53.77
53.75
53.76
53.81
53.78
53.81
53.79
53.77
53.78
53.81
53.84
53.84
53.83
53.82
53.82
53.84
53.82
53.82
53.85
53.84
53.84
53.82
53.85
53.84
53.85
53.86
53.87
53.84
53.84
53.79
53.81
53.80
53.79
53.77
53.78
53.77
53.75
53.76
53.75
53.78
53.79
53.78
53.77
53.77
53.78
53.76
53.78
53.77
53.75
53.78
53.77
53.77
53.73
53.69
53.71
53.73
53.73
53.73
53.71
53.71
53.68
53.68
53.65
53.64
53.64
53.63
53.62
53.63
53.62
53.59
53.58
53.57
53.54
53.53
53.52
53.56
53.56
53.57
53.56
53.54
53.54
53.53
53.53
53.54
53.53
53.53
53.55
53.56
53.57
53.57
53.60
53.59
53.59
53.59
53.60
53.60
53.61
53.59
53.60
53.59
53.61
53.59
53.60
53.62
53.63
53.63
53.66
53.67
53.68
53.68
53.67
53.66
53.68
53.70
53.69
53.67
53.68
53.65
53.66
53.65
53.63
53.63
53.62
53.65
53.64
53.67
53.69
53.67
53.67
53.67
53.69
53.68
53.70
53.72
53.75
53.75
53.76
53.74
53.76
53.76
53.79
53.81
53.84
53.85
53.84
53.82
