3.12
2.34
2.08
1.95
2.19
1.82
2.01
2.54
2.95
3.75
3.98
3.91
3.97
4.13
3.96
3.81
4.14
4.17
4.19
3.98
3.94
3.84
3.80
3.71
3.69
3.73
3.59
3.68
3.83
3.85
3.83
3.96
3.98
4.00
3.93
3.86
3.89
3.91
4.21
4.26
4.19
4.17
4.18
4.26
4.27
4.25
4.26
4.30
4.30
4.38
4.29
4.24
4.30
4.25
4.29
4.21
4.22
4.23
4.18
4.19
4.12
4.13
4.17
4.13
4.16
4.17
4.17
4.27
4.23
4.20
4.25
4.32
4.37
4.41
4.40
4.36
4.36
4.35
4.33
4.34
4.32
4.29
4.25
4.22
4.23
4.22
4.20
4.21
4.25
4.20
4.17
4.14
4.13
4.12
4.11
4.13
4.14
4.11
4.12
4.11
4.07
4.11
4.11
4.09
4.12
4.23
4.21
4.17
4.14
4.15
4.17
4.17
4.15
4.17
4.16
4.16
4.17
4.16
4.15
4.15
4.13
4.12
4.13
4.11
4.08
4.07
4.10
4.11
4.11
4.10
4.13
4.11
4.10
4.08
4.10
4.09
4.07
4.08
4.11
4.12
4.11
4.12
4.12
4.10
4.12
4.12
4.11
4.15
4.15
4.15
4.13
4.12
4.14
4.12
4.12
4.12
4.11
4.09
4.10
4.13
4.13
4.13
4.11
4.10
4.09
4.08
4.06
4.06
4.06
4.04
4.04
4.05
4.09
4.11
4.11
4.12
4.12
4.11
4.11
4.11
4.08
4.10
4.14
4.14
4.14
4.13
4.14
4.15
4.14
4.15
4.16
4.16
4.17
4.20
4.21
4.22
4.21
4.21
4.19
4.17
4.17
4.18
4.17
4.18
4.18
4.17
4.17
4.17
4.17
4.18
4.19
4.20
4.23
4.22
4.22
4.22
4.21
4.21
4.20
4.21
4.21
4.20
4.20
4.21
4.20
4.19
4.19
4.19
4.20
4.20
4.22
4.21
4.22
4.21
4.21
4.22
4.23
4.21
4.20
4.21
4.21
4.22
4.21
4.20
4.21
4.21
4.21
4.20
4.20
4.23
4.23
4.23
4.22
4.22
4.22
4.24
4.23
4.25
4.25
4.25
4.24
4.23
4.23
4.23
4.24
4.23
4.22
4.22
4.23
4.24
4.22
4.22
4.22
4.20
4.20
4.19
4.19
4.19
4.20
4.19
4.21
4.20
4.21
4.20
4.21
4.21
4.20
4.20
4.20
4.19
4.17
4.17
4.18
4.17
4.17
4.17
4.16
4.16
4.16
4.16
4.15
4.15
4.15
4.14
4.15
4.17
4.17
4.19
4.18
4.18
4.19
4.19
4.21
4.20
4.22
4.21
4.21
4.21
4.22
4.22
4.23
4.22
4.22
4.21
4.21
4.20
4.20
4.19
4.19
4.19
4.19
4.18
4.18
4.19
4.18
4.18
4.18
4.18
4.20
4.19
4.20
4.20
4.20
4.20
4.21
4.23
4.23
4.23
4.24
4.23
4.23
4.23
4.21
4.22
4.22
4.21
4.21
4.21
4.21
4.21
4.23
4.24
4.26
4.26
4.26
4.24
4.24
4.24
4.25
4.25
4.25
4.25
4.26
4.27
4.27
4.27
4.27
4.27
4.28
4.28
4.29
4.29
4.28
4.28
4.28
4.28
4.29
4.29
4.29
4.28
4.27
4.28
4.29
4.29
4.28
4.28
4.29
4.29
4.30
4.31
4.31
4.30
4.30
4.30
4.30
4.31
4.31
4.32
4.31
4.31
4.31
4.32
4.32
4.32
4.34
4.33
4.34
4.33
4.33
4.33
4.32
4.32
4.33
4.32
4.32
4.32
4.33
4.33
4.33
4.32
4.32
4.32
4.32
4.33
4.34
4.34
4.34
4.33
4.34
4.33
4.32
4.32
4.33
4.32
4.32
4.33
4.32
4.32
4.32
4.33
4.34
4.33
4.33
4.33
4.33
4.33
4.32
4.31
4.31
4.32
4.31
4.32
4.32
4.32
4.32
4.32
4.31
4.32
4.33
4.34
4.33
4.33
4.33
4.34
4.34
4.33
4.33
4.33
4.33
4.34
4.34
4.34
4.35
4.35
4.35
4.35
4.35
4.35
4.35
4.36
4.35
4.35
4.35
4.35
4.35
4.35
4.35
4.35
4.34
4.34
4.34
4.35
4.35
4.34
4.35
4.36
4.35
4.35
4.34
4.34
4.33
4.33
4.33
4.32
4.32
4.32
4.32
4.32
4.31
4.31
4.31
4.31
4.30
4.31
4.31
4.30
4.31
4.31
4.30
4.30
4.30
4.30
4.30
4.30
4.30
4.30
4.30
4.31
4.31
4.31
4.31
4.30
4.30
4.31
4.31
4.31
4.30
4.30
4.30
4.32
4.32
4.32
4.33
4.32
4.32
4.33
4.32
4.32
4.32
4.32
4.32
4.33
4.32
4.33
4.34
4.33
4.34
4.34
4.34
4.34
4.34
4.35
4.34
4.34
4.34
4.33
4.34
4.35
4.34
4.34
4.35
4.36
4.36
4.36
4.36
4.35
4.35
4.34
4.34
4.34
4.34
4.35
4.35
4.35
4.35
4.34
4.34
4.35
4.34
4.35
4.35
4.35
4.35
4.36
4.35
4.35
4.34
4.34
4.33
4.32
4.33
4.32
4.33
4.33
4.33
4.33
4.33
4.33
4.33
4.32
4.32
4.33
4.33
4.34
4.34
4.34
4.34
4.34
4.34
4.34
4.33
4.33
4.33
4.33
4.33
4.33
4.32
4.32
4.33
4.33
4.33
4.33
4.32
4.32
4.32
4.32
4.31
4.31
4.31
4.31
4.31
4.31
4.31
4.31
4.31
4.31
4.31
4.31
4.31
4.31
4.31
4.31
4.31
4.31
4.31
4.31
4.31
4.31
4.31
4.31
4.30
4.30
4.30
4.30
4.30
4.30
4.30
4.30
4.29
4.29
4.29
4.29
4.30
4.31
4.31
4.31
4.32
4.32
4.32
4.31
4.32
4.31
4.32
4.32
4.32
4.32
4.32
4.33
4.32
4.32
4.32
4.32
4.32
4.32
4.31
4.31
4.31
4.31
4.30
4.30
4.31
4.31
4.30
4.30
4.30
4.29
4.30
4.29
4.29
4.29
4.29
4.29
4.30
4.29
4.29
4.29
4.29
4.28
4.28
4.28
4.28
4.28
4.27
4.27
4.27
4.26
4.27
4.27
4.27
4.27
4.27
4.26
4.26
4.26
4.27
4.27
4.28
4.27
4.28
4.28
4.28
4.28
4.28
4.28
4.27
4.27
4.27
4.27
4.27
4.27
4.27
4.27
4.27
4.27
4.27
4.28
4.28
4.28
4.28
4.28
4.28
4.29
4.30
4.30
4.30
4.30
4.31
4.31
4.31
4.30
4.31
4.30
