0.00
2.34
3.12
2.73
2.19
2.08
1.79
2.15
2.08
1.88
1.70
1.56
1.56
1.56
1.56
1.66
1.56
1.65
1.64
1.80
1.86
1.92
2.04
2.02
2.19
2.22
2.14
2.12
2.21
2.19
2.17
2.15
2.23
2.30
2.32
2.39
2.32
2.30
2.32
2.30
2.36
2.34
2.29
2.34
2.33
2.34
2.36
2.38
2.33
2.34
2.33
2.34
2.39
2.37
2.39
2.40
2.38
2.40
2.38
2.40
2.38
2.39
2.38
2.42
2.43
2.41
2.40
2.41
2.45
2.46
2.44
2.45
2.48
2.49
2.54
2.51
2.52
2.48
2.51
2.54
2.57
2.57
2.58
2.59
2.57
2.60
2.57
2.57
2.58
2.57
2.61
2.62
2.64
2.61
2.62
2.60
2.63
2.61
2.62
2.66
2.65
2.65
2.62
2.63
2.63
2.67
2.67
2.66
2.67
2.68
2.70
2.71
2.70
2.69
2.69
2.68
2.66
2.69
2.68
2.72
2.71
2.73
2.74
2.72
2.75
2.74
2.76
2.78
2.80
2.79
2.78
2.78
2.80
2.78
2.78
2.79
2.77
2.76
2.77
2.78
2.77
2.75
2.76
2.76
2.77
2.77
2.78
2.79
2.78
2.78
2.77
2.78
2.79
2.79
2.79
2.79
2.82
2.81
2.79
2.79
2.80
2.79
2.77
2.80
2.81
2.81
2.81
2.80
2.79
2.82
2.81
2.82
2.83
2.82
2.80
2.81
2.82
2.80
2.80
2.80
2.78
2.77
2.77
2.79
2.80
2.80
2.78
2.78
2.77
2.77
2.77
2.75
2.74
2.75
2.76
2.76
2.78
2.79
2.79
2.80
2.80
2.80
2.82
2.82
2.83
2.82
2.81
2.80
2.80
2.78
2.78
2.79
2.79
2.80
2.81
2.81
2.80
2.82
2.83
2.85
2.86
2.84
2.84
2.83
2.83
2.83
2.83
2.82
2.81
2.80
2.79
2.79
2.80
2.79
2.79
2.79
2.79
2.79
2.79
2.81
2.80
2.81
2.82
2.83
2.84
2.85
2.86
2.87
2.86
2.86
2.87
2.87
2.90
2.92
2.91
2.92
2.94
2.94
2.96
2.97
2.97
2.97
2.98
2.97
2.96
2.97
2.96
2.95
2.94
2.95
2.94
2.93
2.94
2.93
2.93
2.93
2.92
2.92
2.93
2.92
2.92
2.91
2.91
2.90
2.89
2.88
2.88
2.87
2.87
2.86
2.87
2.88
2.89
2.90
2.89
2.89
2.88
2.87
2.87
2.89
2.88
2.88
2.87
2.88
2.88
2.88
2.89
2.88
2.89
2.89
2.89
2.89
2.90
2.90
2.90
2.89
2.89
2.88
2.88
2.90
2.91
2.92
2.91
2.90
2.90
2.90
2.92
2.92
2.92
2.92
2.92
2.93
2.94
2.93
2.93
2.93
2.94
2.94
2.95
2.95
2.96
2.97
2.97
2.98
2.98
2.97
2.97
2.96
2.96
2.96
2.96
2.95
2.94
2.95
2.95
2.95
2.96
2.96
2.96
2.96
2.97
2.97
2.96
2.95
2.95
2.96
2.96
2.96
2.96
2.97
2.99
2.98
2.99
2.99
3.00
2.99
2.98
2.98
2.98
2.98
3.00
2.99
3.00
3.01
3.01
3.01
3.00
3.00
3.00
3.00
3.00
3.00
3.00
3.00
3.00
3.00
3.00
3.00
2.99
2.99
2.98
2.97
2.97
2.97
2.97
2.97
2.97
2.96
2.96
2.95
2.95
2.95
2.95
2.95
2.94
2.95
2.94
2.93
2.93
2.94
2.93
2.92
2.91
2.91
2.91
2.91
2.92
2.91
2.91
2.91
2.90
2.90
2.90
2.89
2.89
2.89
2.89
2.89
2.89
2.89
2.88
2.88
2.89
2.89
2.89
2.88
2.89
2.89
2.89
2.90
2.89
2.89
2.89
2.88
2.88
2.89
2.89
2.89
2.89
2.89
2.89
2.90
2.90
2.89
2.90
2.89
2.90
2.90
2.90
2.90
2.90
2.89
2.90
2.89
2.89
2.90
2.90
2.91
2.91
2.92
2.92
2.92
2.92
2.92
2.92
2.92
2.92
2.92
2.92
2.92
2.92
2.93
2.93
2.93
2.92
2.93
2.92
2.92
2.92
2.91
2.93
2.93
2.93
2.93
2.93
2.93
2.92
2.92
2.93
2.92
2.92
2.91
2.91
2.91
2.91
2.91
2.91
2.91
2.90
2.90
2.91
2.92
2.92
2.91
2.91
2.91
2.90
2.91
2.91
2.91
2.90
2.90
2.90
2.90
2.90
2.91
2.91
2.91
2.91
2.91
2.91
2.91
2.91
2.91
2.91
2.91
2.91
2.90
2.91
2.91
2.90
2.90
2.90
2.90
2.89
2.90
2.90
2.91
2.92
2.92
2.92
2.92
2.92
2.92
2.92
2.92
2.92
2.92
2.92
2.92
2.92
2.92
2.92
2.93
2.92
2.93
2.93
2.94
2.94
2.94
2.93
2.94
2.94
2.94
2.94
2.94
2.94
2.94
2.94
2.94
2.95
2.94
2.94
2.94
2.93
2.93
2.93
2.93
2.93
2.93
2.93
2.93
2.92
2.92
2.91
2.91
2.91
2.91
2.90
2.90
2.90
2.90
2.91
2.91
2.91
2.92
2.92
2.92
2.93
2.92
2.93
2.94
2.93
2.93
2.93
2.94
2.95
2.95
2.95
2.94
2.94
2.95
2.94
2.95
2.95
2.94
2.94
2.95
2.95
2.95
2.95
2.95
2.96
2.95
2.96
2.95
2.95
2.95
2.94
2.94
2.93
2.93
2.93
2.93
2.93
2.93
2.93
2.94
2.94
2.95
2.95
2.95
2.95
2.95
2.95
2.95
2.95
2.94
2.95
2.95
2.95
2.95
2.95
2.94
2.94
2.95
2.95
2.96
2.96
2.95
2.96
2.96
2.95
2.96
2.95
2.95
2.95
2.94
2.95
2.94
2.94
2.94
2.94
2.95
2.95
2.95
2.96
2.96
2.96
2.96
2.96
2.96
2.96
2.96
2.97
2.97
2.96
2.96
2.97
2.97
2.97
2.97
2.97
2.97
2.97
2.96
2.96
2.96
2.96
2.96
2.96
2.95
2.96
2.95
2.95
2.95
2.96
2.96
2.96
2.96
2.96
2.96
2.96
2.97
2.97
2.96
2.96
2.96
2.96
2.95
2.95
2.94
2.94
2.94
2.94
2.94
2.94
2.94
2.94
2.94
2.94
2.94
2.94
2.94
2.94
2.94
2.94
2.94
2.94
2.94
2.94
2.94
2.94
2.95
2.95
2.95
2.95
2.95
2.95
2.95
2.95
2.95
2.95
2.95
2.95
2.96
2.96
2.96
2.96
2.95
2.95
2.95
