1.56
1.56
3.12
3.12
3.12
2.86
2.68
2.34
2.78
2.66
2.84
2.86
3.00
3.12
3.02
2.93
2.94
2.78
2.88
2.73
2.60
2.63
2.58
2.47
2.38
2.40
2.43
2.40
2.42
2.40
2.32
2.25
2.18
2.21
2.23
2.17
2.11
2.18
2.12
2.11
2.10
2.12
2.11
2.10
2.08
2.07
2.09
2.05
2.04
2.03
1.99
2.01
2.06
2.08
2.07
2.06
2.06
2.05
2.04
2.01
2.02
1.99
1.98
1.98
1.95
1.96
1.96
2.02
1.99
1.96
1.94
1.91
1.88
1.88
1.92
1.91
1.91
1.88
1.92
1.89
1.89
1.89
1.86
1.86
1.88
1.91
1.92
1.95
1.95
1.96
1.96
1.95
1.95
1.93
1.92
1.90
1.88
1.88
1.91
1.92
1.92
1.90
1.93
1.95
1.93
1.95
1.94
1.98
1.99
1.99
1.98
1.97
1.95
1.93
1.94
1.94
1.92
1.93
1.94
1.94
1.95
1.97
1.97
1.97
1.99
1.98
1.98
2.00
2.00
2.01
2.02
2.00
2.00
1.98
1.97
1.96
1.96
1.97
1.97
1.96
1.97
1.96
1.94
1.94
1.96
1.95
1.95
1.94
1.95
1.95
1.95
1.94
1.93
1.94
1.96
1.95
1.94
1.94
1.95
1.94
1.94
1.95
1.95
1.94
1.95
1.94
1.93
1.93
1.91
1.92
1.91
1.91
1.91
1.90
1.89
1.90
1.90
1.89
1.89
1.89
1.91
1.91
1.90
1.90
1.93
1.93
1.93
1.92
1.93
1.96
1.96
1.95
1.95
1.96
1.96
1.96
1.95
1.97
1.97
1.97
1.96
1.96
1.97
1.98
2.00
1.99
2.00
2.00
2.00
2.00
1.99
1.98
1.99
1.99
1.98
1.97
1.97
1.99
1.99
1.98
1.98
1.97
1.96
1.96
1.97
1.98
1.97
1.96
1.97
1.96
1.95
1.96
1.95
1.94
1.95
1.95
1.97
1.97
1.96
1.98
2.00
2.00
2.01
2.02
2.01
2.00
2.01
2.00
2.01
2.01
2.01
2.01
2.01
2.02
2.03
2.03
2.02
2.02
2.01
2.01
2.01
2.01
2.01
2.00
2.00
1.99
1.99
1.99
1.99
2.00
1.99
1.99
1.99
1.98
2.00
2.00
2.00
1.99
1.99
2.00
2.01
2.01
2.01
2.02
2.02
2.03
2.03
2.02
2.02
2.02
2.01
2.00
2.01
2.00
2.00
1.99
1.98
1.99
1.99
1.98
1.98
1.98
1.97
1.97
1.98
1.98
1.97
1.97
1.98
1.98
1.97
1.97
1.96
1.96
1.96
1.95
1.95
1.95
1.94
1.95
1.96
1.95
1.95
1.96
1.96
1.95
1.95
1.96
1.97
1.96
1.95
1.95
1.96
1.96
1.95
1.95
1.95
1.95
1.95
1.95
1.95
1.95
1.95
1.95
1.95
1.95
1.95
1.95
1.95
1.96
1.95
1.95
1.96
1.96
1.96
1.97
1.97
1.97
1.96
1.97
1.97
1.96
1.97
1.97
1.97
1.96
1.97
1.97
1.96
1.96
1.96
1.96
1.95
1.95
1.94
1.94
1.95
1.95
1.95
1.95
1.95
1.95
1.95
1.94
1.94
1.96
1.95
1.95
1.96
1.96
1.96
1.96
1.96
1.95
1.95
1.95
1.95
1.97
1.97
1.97
1.97
1.97
1.97
1.97
1.97
1.97
1.97
1.97
1.97
1.97
1.97
1.97
1.97
1.97
1.98
1.98
1.97
1.97
1.97
1.97
1.97
1.98
1.98
1.98
1.98
1.98
1.98
1.98
1.98
1.98
1.98
1.98
1.98
1.98
1.98
1.98
1.98
1.98
1.98
1.97
1.97
1.97
1.98
1.98
1.98
1.98
1.98
1.98
1.99
1.99
2.00
2.00
2.00
2.00
2.00
1.99
1.99
1.99
1.98
1.98
2.00
1.99
1.99
2.00
1.99
1.99
1.99
1.99
1.99
1.98
1.99
1.98
1.98
1.97
1.97
1.97
1.97
1.97
1.97
1.97
1.97
1.96
1.96
1.96
1.96
1.96
1.96
1.96
1.96
1.96
1.97
1.96
1.96
1.96
1.96
1.96
1.96
1.96
1.96
1.96
1.96
1.97
1.97
1.97
1.98
1.98
1.98
1.97
1.98
1.98
1.97
1.97
1.97
1.97
1.97
1.97
1.97
1.96
1.96
1.96
1.96
1.95
1.95
1.95
1.95
1.95
1.94
1.94
1.94
1.94
1.95
1.95
1.95
1.95
1.95
1.95
1.95
1.95
1.95
1.95
1.94
1.94
1.94
1.94
1.95
1.95
1.95
1.95
1.95
1.95
1.95
1.94
1.94
1.94
1.95
1.94
1.94
1.94
1.95
1.94
1.94
1.94
1.94
1.94
1.94
1.94
1.93
1.93
1.94
1.94
1.94
1.94
1.94
1.94
1.94
1.94
1.94
1.94
1.94
1.94
1.94
1.94
1.95
1.95
1.94
1.95
1.95
1.95
1.95
1.95
1.95
1.95
1.95
1.95
1.95
1.95
1.95
1.95
1.95
1.95
1.96
1.95
1.95
1.95
1.95
1.95
1.95
1.95
1.95
1.95
1.95
1.95
1.95
1.95
1.95
1.96
1.96
1.96
1.95
1.96
1.96
1.95
1.95
1.95
1.95
1.95
1.95
1.95
1.95
1.95
1.95
1.95
1.95
1.95
1.95
1.96
1.96
1.96
1.97
1.97
1.96
1.96
1.96
1.96
1.95
1.95
1.96
1.96
1.96
1.96
1.96
1.96
1.96
1.96
1.96
1.96
1.96
1.95
1.96
1.96
1.95
1.96
1.95
1.95
1.95
1.95
1.95
1.95
1.95
1.95
1.95
1.95
1.95
1.95
1.95
1.95
1.95
1.95
1.94
1.94
1.94
1.94
1.94
1.94
1.94
1.94
1.93
1.93
1.93
1.93
1.93
1.93
1.93
1.93
1.93
1.93
1.93
1.94
1.94
1.94
1.94
1.93
1.93
1.93
1.93
1.93
1.93
1.93
1.93
1.93
1.93
1.93
1.93
1.93
1.93
1.93
1.93
1.93
1.93
1.93
1.93
1.93
1.93
1.93
1.93
1.93
1.93
1.93
1.93
1.93
1.93
1.93
1.93
1.93
1.93
1.93
1.93
1.93
1.93
1.93
1.93
1.94
1.94
1.94
1.94
1.94
1.94
1.93
1.93
1.94
1.94
1.94
1.94
1.94
1.94
1.94
1.95
1.95
1.96
1.96
1.95
1.95
1.95
1.95
1.95
1.96
1.96
1.96
1.96
1.96
1.96
1.96
1.96
1.96
1.96
1.96
1.96
1.96
1.96
1.96
1.95
1.95
