3.12
3.12
3.65
3.91
3.12
2.86
3.35
3.32
3.30
3.91
4.12
3.91
3.85
3.57
3.65
3.52
3.40
3.39
3.21
3.05
2.98
3.05
3.06
3.06
3.06
3.19
3.18
3.24
3.13
3.18
3.23
3.17
3.08
3.17
3.13
3.08
3.17
3.08
3.04
3.09
3.09
3.16
3.20
3.16
3.12
3.16
3.13
3.13
3.06
3.13
3.16
3.16
3.13
3.07
3.07
3.01
3.02
2.96
2.94
2.94
2.92
3.00
2.95
2.95
3.03
3.03
3.10
3.13
3.13
3.10
3.13
3.10
3.08
3.08
3.13
3.08
3.06
3.06
3.07
3.07
3.09
3.13
3.13
3.13
3.14
3.13
3.11
3.14
3.16
3.14
3.14
3.16
3.19
3.21
3.21
3.19
3.17
3.16
3.16
3.13
3.13
3.14
3.16
3.17
3.15
3.13
3.14
3.14
3.15
3.17
3.18
3.19
3.17
3.15
3.13
3.14
3.14
3.14
3.14
3.15
3.14
3.11
3.15
3.14
3.16
3.16
3.16
3.16
3.15
3.15
3.14
3.15
3.15
3.15
3.15
3.13
3.11
3.10
3.08
3.07
3.07
3.06
3.06
3.06
3.05
3.05
3.03
3.01
2.99
2.98
2.98
2.98
2.96
2.96
2.97
2.96
2.96
2.95
2.96
2.97
2.96
2.97
2.95
2.94
2.95
2.93
2.93
2.92
2.92
2.93
2.93
2.94
2.93
2.95
2.93
2.91
2.91
2.92
2.92
2.93
2.93
2.94
2.93
2.94
2.96
2.96
2.97
2.97
2.97
2.97
2.98
3.00
3.01
3.02
3.00
3.01
3.00
3.02
3.04
3.04
3.05
3.04
3.03
3.03
3.05
3.06
3.06
3.06
3.05
3.06
3.04
3.04
3.04
3.04
3.05
3.07
3.06
3.05
3.07
3.05
3.05
3.04
3.04
3.05
3.06
3.05
3.06
3.05
3.04
3.05
3.05
3.07
3.08
3.09
3.09
3.07
3.07
3.07
3.07
3.08
3.08
3.07
3.07
3.06
3.07
3.06
3.05
3.04
3.04
3.04
3.05
3.05
3.04
3.04
3.03
3.04
3.03
3.03
3.04
3.03
3.04
3.03
3.02
3.02
3.03
3.03
3.01
3.02
3.01
3.00
2.99
2.98
2.97
2.98
2.99
2.98
2.99
3.00
3.01
3.00
2.99
3.00
3.00
3.00
2.99
2.98
2.99
2.98
2.98
2.98
2.99
2.98
2.99
2.98
2.97
2.97
2.98
2.99
2.98
2.99
2.98
2.99
2.99
3.00
3.00
3.00
3.00
3.00
3.00
3.00
3.01
3.02
3.01
3.01
3.00
3.00
2.99
2.98
2.97
2.97
2.96
2.96
2.97
2.96
2.96
2.96
2.97
2.96
2.96
2.96
2.95
2.96
2.96
2.95
2.96
2.97
2.97
2.97
2.96
2.97
2.97
2.97
2.97
2.97
2.96
2.98
2.97
2.96
2.98
2.98
2.98
2.98
2.97
2.97
2.96
2.97
2.97
2.96
2.97
2.97
2.96
2.96
2.96
2.96
2.96
2.95
2.96
2.96
2.96
2.96
2.95
2.95
2.94
2.95
2.95
2.95
2.96
2.95
2.95
2.95
2.96
2.96
2.96
2.95
2.95
2.95
2.95
2.94
2.94
2.94
2.94
2.94
2.93
2.93
2.94
2.94
2.94
2.94
2.94
2.94
2.93
2.93
2.94
2.93
2.94
2.94
2.93
2.94
2.95
2.95
2.95
2.95
2.95
2.95
2.94
2.94
2.93
2.93
2.92
2.92
2.92
2.92
2.93
2.93
2.93
2.93
2.94
2.94
2.93
2.93
2.93
2.92
2.93
2.93
2.93
2.94
2.93
2.94
2.94
2.94
2.94
2.94
2.94
2.94
2.94
2.94
2.93
2.93
2.93
2.94
2.94
2.94
2.94
2.94
2.95
2.94
2.93
2.94
2.94
2.94
2.95
2.97
2.98
2.97
2.98
2.98
2.98
2.98
2.99
2.99
2.99
2.99
2.99
2.99
2.99
2.99
3.00
3.00
3.00
3.00
2.99
2.99
2.99
2.99
2.99
2.98
2.98
2.98
2.98
2.98
2.98
2.98
2.98
2.97
2.97
2.98
2.99
2.98
2.99
2.99
2.99
2.99
2.99
2.99
2.99
3.00
3.00
3.00
3.01
3.01
3.01
3.02
3.02
3.02
3.02
3.02
3.02
3.02
3.02
3.03
3.03
3.03
3.03
3.03
3.03
3.03
3.02
3.02
3.02
3.02
3.02
3.03
3.03
3.03
3.02
3.02
3.02
3.02
3.01
3.01
3.02
3.01
3.02
3.02
3.02
3.02
3.02
3.02
3.03
3.02
3.02
3.02
3.03
3.04
3.04
3.03
3.04
3.03
3.03
3.03
3.02
3.02
3.02
3.02
3.01
3.01
3.01
3.01
3.01
3.01
3.00
3.00
3.01
3.01
3.00
3.00
3.00
3.00
2.99
2.99
2.99
2.99
2.99
2.99
2.99
2.99
2.99
2.99
2.99
2.99
2.98
2.98
2.98
2.98
2.99
2.98
2.98
2.98
2.98
2.97
2.97
2.97
2.97
2.97
2.98
2.98
2.97
2.97
2.97
2.97
2.97
2.97
2.97
2.96
2.96
2.97
2.97
2.97
2.96
2.96
2.97
2.97
2.97
2.97
2.97
2.97
2.97
2.97
2.97
2.97
2.97
2.97
2.97
2.97
2.97
2.97
2.97
2.96
2.96
2.96
2.96
2.96
2.96
2.96
2.96
2.95
2.95
2.95
2.95
2.95
2.95
2.95
2.95
2.95
2.94
2.95
2.94
2.95
2.95
2.95
2.94
2.94
2.95
2.94
2.94
2.94
2.94
2.94
2.93
2.93
2.93
2.93
2.93
2.93
2.93
2.93
2.93
2.93
2.94
2.94
2.95
2.94
2.94
2.95
2.95
2.95
2.95
2.95
2.95
2.95
2.96
2.96
2.96
2.96
2.96
2.95
2.95
2.95
2.95
2.96
2.96
2.95
2.95
2.95
2.95
2.95
2.95
2.95
2.94
2.94
2.94
2.95
2.95
2.95
2.95
2.95
2.95
2.95
2.96
2.95
2.95
2.96
2.95
2.95
2.95
2.96
2.96
2.96
2.96
2.96
2.96
2.96
2.95
2.96
2.96
2.96
2.96
2.96
2.96
2.97
2.96
2.96
2.97
2.97
2.97
2.97
2.97
2.97
2.97
2.98
2.98
2.98
2.97
2.97
2.97
2.97
2.97
2.97
2.97
2.96
2.96
2.97
2.96
2.96
2.96
2.96
2.96
2.96
2.97
2.97
2.97
2.97
2.98
2.97
2.98
2.98
2.98
2.98
2.98
2.98
2.98
2.98
