3.12
4.69
6.77
7.42
8.12
7.55
7.37
6.84
7.12
7.66
7.67
7.81
8.29
8.26
7.92
8.01
8.09
7.90
7.98
7.73
7.81
7.67
7.81
7.88
7.88
7.99
7.81
7.65
7.65
7.45
7.31
7.28
7.20
7.17
7.01
6.90
6.97
6.91
6.77
6.72
6.71
6.66
6.72
6.64
6.67
6.66
6.72
6.71
6.70
6.72
6.74
6.73
6.78
6.74
6.76
6.78
6.72
6.65
6.73
6.74
6.76
6.75
6.75
6.74
6.71
6.68
6.72
6.64
6.59
6.54
6.54
6.60
6.55
6.57
6.50
6.41
6.41
6.47
6.43
6.39
6.39
6.40
6.34
6.38
6.38
6.36
6.36
6.34
6.41
6.41
6.47
6.44
6.47
6.48
6.46
6.45
6.44
6.43
6.41
6.34
6.36
6.34
6.39
6.39
6.41
6.38
6.37
6.38
6.36
6.38
6.38
6.35
6.35
6.39
6.40
6.38
6.41
6.40
6.42
6.43
6.52
6.56
6.57
6.54
6.53
6.51
6.51
6.51
6.46
6.45
6.44
6.45
6.50
6.46
6.44
6.43
6.42
6.44
6.45
6.45
6.44
6.46
6.44
6.42
6.41
6.40
6.40
6.40
6.39
6.45
6.43
6.41
6.45
6.48
6.48
6.51
6.48
6.49
6.46
6.49
6.49
6.49
6.48
6.49
6.47
6.47
6.45
6.44
6.45
6.44
6.41
6.39
6.37
6.36
6.35
6.35
6.33
6.39
6.38
6.42
6.41
6.40
6.40
6.39
6.39
6.38
6.39
6.37
6.37
6.37
6.40
6.40
6.38
6.38
6.40
6.40
6.38
6.38
6.36
6.34
6.34
6.35
6.37
6.36
6.36
6.33
6.33
6.31
6.32
6.31
6.31
6.31
6.30
6.31
6.30
6.29
6.26
6.27
6.27
6.27
6.26
6.25
6.24
6.26
6.24
6.26
6.28
6.28
6.28
6.28
6.28
6.30
6.31
6.32
6.31
6.30
6.32
6.33
6.35
6.37
6.38
6.38
6.35
6.38
6.37
6.38
6.38
6.39
6.39
6.41
6.41
6.39
6.39
6.38
6.37
6.35
6.35
6.34
6.36
6.35
6.35
6.35
6.34
6.34
6.34
6.33
6.32
6.34
6.35
6.36
6.35
6.35
6.36
6.36
6.37
6.37
6.36
6.35
6.37
6.37
6.37
6.37
6.38
6.39
6.38
6.39
6.39
6.41
6.40
6.40
6.41
6.39
6.38
6.40
6.40
6.39
6.39
6.38
6.38
6.37
6.36
6.36
6.37
6.36
6.38
6.38
6.37
6.39
6.40
6.39
6.40
6.39
6.40
6.41
6.40
6.41
6.40
6.41
6.39
6.40
6.40
6.40
6.39
6.38
6.38
6.36
6.36
6.35
6.35
6.35
6.35
6.35
6.36
6.35
6.34
6.35
6.35
6.37
6.37
6.37
6.37
6.38
6.39
6.40
6.39
6.39
6.41
6.42
6.43
6.42
6.41
6.41
6.40
6.39
6.38
6.39
6.40
6.41
6.42
6.42
6.43
6.42
6.44
6.43
6.44
6.44
6.44
6.44
6.45
6.44
6.44
6.43
6.43
6.42
6.43
6.43
6.42
6.43
6.43
6.42
6.43
6.43
6.43
6.43
6.44
6.44
6.43
6.44
6.43
6.43
6.41
6.43
6.43
6.45
6.44
6.45
6.45
6.45
6.45
6.45
6.45
6.44
6.44
6.43
6.43
6.42
6.42
6.42
6.42
6.42
6.44
6.44
6.43
6.46
6.46
6.46
6.47
6.47
6.46
6.47
6.46
6.46
6.47
6.47
6.47
6.48
6.50
6.51
6.51
6.51
6.51
6.50
6.51
6.52
6.52
6.51
6.53
6.52
6.52
6.52
6.52
6.54
6.54
6.54
6.55
6.54
6.53
6.53
6.54
6.53
6.52
6.52
6.53
6.52
6.52
6.52
6.52
6.53
6.53
6.53
6.52
6.52
6.54
6.54
6.55
6.54
6.53
6.53
6.56
6.56
6.56
6.57
6.56
6.56
6.56
6.57
6.56
6.56
6.55
6.55
6.56
6.56
6.56
6.56
6.55
6.56
6.57
6.57
6.57
6.58
6.59
6.58
6.58
6.58
6.58
6.59
6.58
6.58
6.59
6.58
6.57
6.57
6.59
6.58
6.59
6.58
6.59
6.59
6.58
6.57
6.58
6.59
6.58
6.58
6.58
6.57
6.58
6.58
6.59
6.58
6.60
6.59
6.60
6.60
6.60
6.59
6.59
6.59
6.58
6.59
6.60
6.61
6.60
6.60
6.61
6.60
6.59
6.60
6.61
6.60
6.61
6.60
6.61
6.62
6.62
6.63
6.62
6.62
6.61
6.61
6.60
6.60
6.61
6.61
6.60
6.60
6.60
6.59
6.59
6.60
6.61
6.62
6.62
6.63
6.62
6.62
6.61
6.60
6.60
6.61
6.61
6.61
6.60
6.60
6.61
6.61
6.60
6.59
6.59
6.59
6.59
6.59
6.58
6.57
6.57
6.57
6.57
6.57
6.58
6.57
6.58
6.57
6.57
6.57
6.57
6.57
6.57
6.57
6.57
6.58
6.57
6.58
6.57
6.57
6.57
6.56
6.57
6.57
6.57
6.57
6.58
6.59
6.59
6.58
6.58
6.59
6.59
6.59
6.59
6.59
6.60
6.59
6.60
6.60
6.60
6.60
6.60
6.60
6.61
6.61
6.61
6.61
6.62
6.61
6.61
6.61
6.63
6.61
6.62
6.63
6.63
6.63
6.63
6.62
6.63
6.62
6.63
6.64
6.64
6.65
6.64
6.64
6.64
6.64
6.64
6.64
6.64
6.65
6.64
6.64
6.64
6.64
6.64
6.63
6.64
6.63
6.63
6.62
6.62
6.62
6.62
6.62
6.61
6.61
6.62
6.61
6.61
6.60
6.60
6.60
6.60
6.59
6.59
6.59
6.59
6.59
6.59
6.59
6.59
6.59
6.58
6.58
6.58
6.58
6.58
6.59
6.59
6.59
6.59
6.58
6.58
6.58
6.58
6.57
6.58
6.58
6.58
6.57
6.57
6.56
6.56
6.57
6.57
6.57
6.58
6.57
6.57
6.57
6.57
6.56
6.57
6.57
6.57
6.56
6.57
6.56
6.56
6.57
6.57
6.56
6.56
6.56
6.55
6.55
6.55
6.55
6.54
6.54
6.55
6.55
6.55
6.55
6.55
6.55
6.55
6.55
6.54
6.55
6.54
6.56
6.55
6.56
6.55
6.55
6.55
6.55
6.55
6.54
6.54
6.54
6.55
6.55
6.55
6.55
6.55
6.55
6.55
6.56
6.56
6.55
6.55
6.55
6.55
6.55
6.54
6.55
6.55
6.55
6.55
6.55
6.55
6.54
