4.69
3.91
5.21
4.69
5.31
4.95
5.58
5.66
5.38
5.16
5.26
5.21
5.17
5.25
5.21
5.08
4.96
4.95
4.85
4.77
4.84
4.90
4.96
5.01
4.88
4.93
4.92
5.02
5.06
5.00
4.94
4.88
4.88
4.87
4.87
4.82
4.90
4.89
4.97
4.88
4.92
4.91
4.91
4.87
4.79
4.72
4.82
4.82
4.72
4.75
4.69
4.75
4.69
4.69
4.72
4.69
4.63
4.74
4.71
4.69
4.64
4.69
4.74
4.76
4.71
4.73
4.73
4.73
4.71
4.73
4.75
4.73
4.69
4.69
4.71
4.67
4.65
4.69
4.75
4.73
4.69
4.74
4.74
4.72
4.69
4.69
4.67
4.69
4.71
4.70
4.70
4.67
4.67
4.65
4.70
4.72
4.70
4.69
4.69
4.70
4.67
4.66
4.63
4.66
4.66
4.66
4.66
4.63
4.66
4.63
4.63
4.60
4.62
4.62
4.62
4.59
4.59
4.57
4.60
4.56
4.55
4.53
4.54
4.54
4.51
4.53
4.55
4.53
4.51
4.54
4.54
4.58
4.62
4.59
4.61
4.60
4.60
4.60
4.63
4.64
4.63
4.64
4.64
4.63
4.62
4.62
4.61
4.66
4.66
4.66
4.64
4.64
4.62
4.60
4.58
4.57
4.57
4.58
4.60
4.63
4.63
4.62
4.64
4.64
4.66
4.67
4.68
4.69
4.69
4.68
4.70
4.71
4.70
4.67
4.66
4.64
4.65
4.67
4.67
4.67
4.66
4.67
4.66
4.68
4.66
4.65
4.64
4.64
4.64
4.65
4.65
4.70
4.72
4.74
4.74
4.74
4.74
4.74
4.77
4.77
4.77
4.75
4.76
4.77
4.79
4.81
4.82
4.83
4.84
4.83
4.81
4.83
4.84
4.84
4.85
4.85
4.84
4.84
4.85
4.83
4.82
4.82
4.82
4.81
4.81
4.79
4.78
4.78
4.78
4.80
4.80
4.79
4.79
4.79
4.79
4.79
4.79
4.79
4.79
4.79
4.80
4.80
4.81
4.80
4.80
4.78
4.77
4.78
4.78
4.81
4.81
4.82
4.82
4.81
4.82
4.83
4.85
4.86
4.87
4.87
4.89
4.89
4.90
4.90
4.91
4.90
4.90
4.89
4.88
4.88
4.88
4.88
4.88
4.87
4.86
4.85
4.86
4.84
4.83
4.82
4.83
4.83
4.84
4.84
4.82
4.84
4.85
4.85
4.86
4.85
4.85
4.84
4.83
4.83
4.83
4.85
4.85
4.86
4.87
4.85
4.87
4.89
4.88
4.88
4.88
4.87
4.85
4.84
4.86
4.86
4.87
4.88
4.87
4.89
4.88
4.88
4.86
4.88
4.87
4.86
4.88
4.88
4.88
4.89
4.88
4.87
4.87
4.87
4.87
4.86
4.86
4.86
4.86
4.85
4.85
4.86
4.86
4.86
4.86
4.86
4.88
4.86
4.87
4.87
4.87
4.87
4.87
4.88
4.88
4.89
4.89
4.89
4.89
4.90
4.90
4.90
4.91
4.91
4.91
4.93
4.92
4.92
4.91
4.90
4.91
4.90
4.91
4.90
4.91
4.90
4.90
4.92
4.92
4.92
4.92
4.92
4.92
4.92
4.92
4.93
4.92
4.91
4.92
4.92
4.92
4.91
4.92
4.93
4.92
4.91
4.91
4.91
4.91
4.90
4.90
4.90
4.90
4.90
4.90
4.89
4.89
4.89
4.89
4.88
4.89
4.90
4.89
4.90
4.90
4.90
4.91
4.92
4.92
4.91
4.91
4.91
4.90
4.90
4.90
4.90
4.89
4.89
4.90
4.89
4.88
4.88
4.89
4.89
4.90
4.90
4.90
4.90
4.89
4.90
4.90
4.91
4.91
4.91
4.91
4.90
4.90
4.91
4.92
4.92
4.93
4.93
4.94
4.94
4.95
4.94
4.95
4.95
4.94
4.94
4.94
4.94
4.95
4.95
4.95
4.95
4.95
4.94
4.94
4.94
4.94
4.94
4.95
4.95
4.95
4.94
4.95
4.95
4.96
4.95
4.95
4.96
4.96
4.96
4.95
4.96
4.96
4.96
4.96
4.96
4.97
4.97
4.97
4.97
4.97
4.97
4.96
4.96
4.95
4.95
4.94
4.96
4.96
4.97
4.97
4.97
4.97
4.96
4.95
4.94
4.95
4.96
4.95
4.94
4.95
4.94
4.95
4.95
4.95
4.95
4.95
4.94
4.94
4.94
4.94
4.95
4.95
4.95
4.95
4.96
4.96
4.96
4.95
4.95
4.95
4.95
4.95
4.95
4.95
4.94
4.94
4.94
4.93
4.93
4.93
4.92
4.92
4.91
4.91
4.91
4.91
4.91
4.92
4.91
4.91
4.91
4.90
4.90
4.89
4.89
4.90
4.90
4.90
4.90
4.90
4.90
4.91
4.90
4.91
4.91
4.91
4.91
4.91
4.92
4.92
4.93
4.92
4.92
4.93
4.93
4.95
4.94
4.94
4.94
4.93
4.93
4.93
4.93
4.94
4.94
4.94
4.94
4.94
4.93
4.93
4.93
4.93
4.93
4.92
4.92
4.92
4.92
4.92
4.91
4.92
4.93
4.93
4.93
4.93
4.94
4.95
4.95
4.95
4.96
4.96
4.96
4.96
4.96
4.97
4.96
4.97
4.97
4.97
4.97
4.97
4.96
4.96
4.96
4.97
4.98
4.98
4.99
4.99
5.00
4.99
4.99
4.99
5.00
4.99
5.00
4.99
5.00
5.00
5.00
5.00
5.00
5.00
5.00
5.00
4.99
5.00
5.00
5.00
5.00
5.00
4.99
4.99
4.98
4.97
4.97
4.97
4.99
4.98
4.99
4.99
4.99
4.99
4.99
4.99
5.00
5.00
5.00
5.00
5.00
5.01
5.01
5.02
5.02
5.02
5.01
5.01
5.01
5.01
5.01
5.00
5.00
5.01
5.01
5.01
5.01
5.01
5.01
5.02
5.02
5.02
5.02
5.02
5.03
5.03
5.03
5.03
5.03
5.03
5.03
5.03
5.02
5.03
5.03
5.03
5.02
5.02
5.02
5.03
5.02
5.02
5.02
5.01
5.01
5.02
5.02
5.01
5.02
5.01
5.01
5.02
5.02
5.02
5.02
5.03
5.03
5.03
5.03
5.04
5.04
5.03
5.03
5.02
5.02
5.02
5.02
5.02
5.02
5.02
5.02
5.02
5.02
5.02
5.02
5.02
5.02
5.02
5.02
5.02
5.02
5.02
5.02
5.02
5.01
5.02
5.02
5.02
5.02
5.02
5.01
5.01
5.01
5.01
5.01
5.02
5.01
5.01
5.01
5.00
5.00
5.01
5.01
5.00
5.00
5.00
5.00
5.00
5.00
5.00
4.99
4.99
4.98
4.98
4.98
