3.12
4.69
3.12
2.34
1.88
1.56
1.34
1.17
1.22
1.09
0.99
0.91
0.84
0.78
0.83
0.78
0.83
0.78
0.82
0.78
0.74
0.78
0.82
0.85
0.81
0.78
0.75
0.73
0.75
0.78
0.76
0.73
0.71
0.74
0.80
0.78
0.80
0.82
0.80
0.78
0.76
0.74
0.76
0.75
0.73
0.71
0.70
0.68
0.70
0.72
0.74
0.72
0.71
0.69
0.74
0.73
0.71
0.78
0.77
0.76
0.74
0.73
0.72
0.73
0.75
0.73
0.72
0.74
0.72
0.71
0.70
0.69
0.71
0.72
0.73
0.72
0.71
0.70
0.71
0.70
0.69
0.69
0.68
0.67
0.66
0.65
0.66
0.66
0.65
0.66
0.65
0.65
0.64
0.65
0.67
0.67
0.66
0.65
0.65
0.64
0.67
0.69
0.70
0.71
0.70
0.69
0.69
0.68
0.67
0.67
0.68
0.67
0.66
0.66
0.65
0.65
0.64
0.66
0.66
0.65
0.65
0.64
0.65
0.64
0.65
0.67
0.68
0.68
0.68
0.69
0.68
0.67
0.68
0.68
0.67
0.67
0.66
0.66
0.66
0.66
0.66
0.66
0.66
0.66
0.66
0.65
0.66
0.65
0.65
0.65
0.65
0.66
0.65
0.65
0.65
0.65
0.65
0.65
0.65
0.64
0.65
0.65
0.64
0.65
0.65
0.65
0.65
0.64
0.64
0.65
0.66
0.66
0.66
0.68
0.68
0.67
0.68
0.68
0.67
0.67
0.66
0.66
0.66
0.66
0.66
0.66
0.66
0.66
0.65
0.67
0.66
0.66
0.66
0.65
0.65
0.65
0.64
0.64
0.64
0.64
0.65
0.64
0.64
0.65
0.66
0.66
0.66
0.65
0.65
0.65
0.65
0.65
0.65
0.65
0.65
0.66
0.66
0.66
0.66
0.68
0.69
0.68
0.68
0.68
0.67
0.67
0.67
0.67
0.68
0.68
0.68
0.70
0.70
0.71
0.71
0.71
0.71
0.72
0.71
0.72
0.72
0.72
0.72
0.72
0.71
0.71
0.71
0.72
0.72
0.71
0.71
0.71
0.72
0.73
0.72
0.73
0.73
0.73
0.73
0.73
0.74
0.73
0.74
0.75
0.76
0.76
0.76
0.76
0.76
0.76
0.77
0.77
0.77
0.77
0.77
0.78
0.77
0.77
0.77
0.77
0.77
0.76
0.77
0.77
0.77
0.78
0.77
0.77
0.77
0.77
0.77
0.77
0.76
0.76
0.76
0.77
0.78
0.78
0.79
0.80
0.79
0.79
0.79
0.80
0.80
0.80
0.80
0.80
0.80
0.80
0.80
0.81
0.81
0.81
0.80
0.80
0.81
0.81
0.81
0.82
0.81
0.81
0.81
0.82
0.81
0.81
0.81
0.81
0.80
0.80
0.80
0.80
0.80
0.80
0.80
0.80
0.80
0.80
0.80
0.80
0.80
0.80
0.80
0.80
0.80
0.80
0.80
0.80
0.81
0.80
0.81
0.80
0.81
0.81
0.81
0.80
0.80
0.80
0.80
0.79
0.80
0.80
0.80
0.80
0.80
0.79
0.80
0.80
0.80
0.80
0.80
0.80
0.80
0.80
0.80
0.80
0.80
0.80
0.80
0.80
0.80
0.80
0.80
0.80
0.80
0.80
0.80
0.80
0.80
0.79
0.79
0.79
0.79
0.79
0.79
0.79
0.80
0.79
0.79
0.79
0.79
0.79
0.78
0.79
0.78
0.79
0.78
0.78
0.78
0.78
0.78
0.77
0.77
0.77
0.77
0.77
0.78
0.77
0.78
0.77
0.77
0.77
0.78
0.78
0.78
0.78
0.78
0.78
0.78
0.77
0.78
0.77
0.77
0.77
0.77
0.77
0.77
0.77
0.77
0.77
0.78
0.77
0.77
0.77
0.77
0.77
0.78
0.78
0.78
0.77
0.78
0.78
0.78
0.78
0.78
0.78
0.78
0.77
0.78
0.77
0.78
0.78
0.78
0.78
0.78
0.77
0.77
0.77
0.77
0.77
0.77
0.77
0.77
0.78
0.78
0.78
0.78
0.78
0.78
0.78
0.79
0.78
0.78
0.79
0.79
0.79
0.79
0.80
0.80
0.79
0.80
0.80
0.80
0.80
0.80
0.80
0.80
0.80
0.80
0.80
0.80
0.80
0.80
0.80
0.80
0.79
0.80
0.79
0.80
0.79
0.80
0.79
0.79
0.79
0.79
0.79
0.79
0.79
0.79
0.78
0.78
0.78
0.78
0.78
0.78
0.78
0.78
0.78
0.78
0.78
0.79
0.78
0.78
0.78
0.78
0.78
0.78
0.78
0.78
0.78
0.77
0.77
0.77
0.77
0.77
0.77
0.77
0.77
0.77
0.77
0.77
0.77
0.77
0.77
0.77
0.77
0.77
0.77
0.77
0.76
0.76
0.76
0.77
0.77
0.77
0.77
0.77
0.77
0.77
0.77
0.77
0.77
0.77
0.76
0.76
0.76
0.77
0.77
0.77
0.77
0.77
0.77
0.76
0.76
0.76
0.76
0.76
0.77
0.77
0.77
0.77
0.77
0.76
0.76
0.76
0.76
0.76
0.76
0.76
0.76
0.76
0.76
0.75
0.76
0.76
0.76
0.76
0.76
0.76
0.77
0.76
0.77
0.76
0.76
0.76
0.76
0.76
0.76
0.76
0.76
0.76
0.76
0.76
0.76
0.76
0.76
0.76
0.76
0.76
0.75
0.76
0.76
0.76
0.76
0.77
0.77
0.77
0.77
0.77
0.78
0.78
0.77
0.77
0.77
0.77
0.77
0.77
0.77
0.78
0.78
0.78
0.78
0.78
0.78
0.78
0.78
0.78
0.78
0.79
0.79
0.79
0.79
0.78
0.78
0.78
0.78
0.78
0.78
0.78
0.78
0.78
0.77
0.78
0.77
0.78
0.77
0.77
0.77
0.77
0.77
0.77
0.77
0.77
0.77
0.77
0.78
0.78
0.78
0.78
0.78
0.78
0.78
0.78
0.78
0.78
0.78
0.78
0.78
0.78
0.79
0.79
0.79
0.78
0.78
0.78
0.78
0.78
0.79
0.78
0.78
0.78
0.78
0.78
0.78
0.78
0.78
0.78
0.78
0.78
0.78
0.79
0.79
0.78
0.79
0.79
0.79
0.78
0.78
0.78
0.78
0.78
0.78
0.78
0.78
0.78
0.78
0.78
0.78
0.78
0.78
0.78
0.78
0.78
0.78
0.78
0.78
0.78
0.78
0.78
0.78
0.78
0.79
0.79
0.79
0.78
0.78
0.78
0.78
0.78
0.78
0.78
0.78
0.78
0.78
0.78
0.78
0.78
0.78
0.78
0.78
0.78
0.79
0.79
0.79
0.79
0.79
0.78
0.78
0.78
0.78
0.78
0.78
