6.25
6.25
5.73
5.86
5.00
4.69
4.02
4.30
3.99
3.91
3.69
3.52
3.49
3.46
3.65
3.61
3.49
3.56
3.62
3.52
3.50
3.55
3.46
3.65
3.50
3.55
3.47
3.40
3.34
3.28
3.18
3.08
3.03
2.99
2.95
2.99
2.96
3.00
3.00
2.93
2.93
2.90
2.94
2.91
2.85
2.92
2.96
2.96
3.03
3.06
3.06
3.06
3.07
3.01
2.98
2.96
2.99
2.99
2.97
2.97
3.00
3.00
3.00
2.98
2.98
2.96
2.94
2.90
2.90
2.92
2.93
2.95
2.98
2.93
2.98
2.96
2.92
2.88
2.87
2.89
2.97
2.99
2.99
3.03
3.01
3.02
3.02
3.02
3.00
3.00
3.02
3.01
2.99
3.01
3.06
3.03
3.03
3.01
2.98
2.97
2.94
2.93
2.90
2.91
2.95
2.96
2.94
2.94
2.95
2.95
2.97
2.96
2.97
2.97
2.98
2.98
2.95
2.95
2.97
2.97
2.98
2.98
2.99
2.99
2.98
2.96
2.99
2.97
2.98
2.99
2.99
3.01
3.00
3.00
3.01
2.99
2.97
2.94
2.97
2.96
2.96
2.95
2.94
2.94
2.95
2.94
2.94
2.96
2.97
2.96
2.98
2.98
2.99
2.99
2.99
2.99
2.99
3.00
3.04
3.05
3.05
3.04
3.03
3.02
3.02
3.03
3.02
3.03
3.02
3.01
3.02
3.03
3.07
3.05
3.04
3.05
3.05
3.05
3.04
3.04
3.03
3.02
3.01
3.03
3.02
3.01
3.01
3.00
2.99
3.02
3.02
3.01
3.04
3.04
3.04
3.05
3.06
3.07
3.07
3.05
3.04
3.03
3.02
3.03
3.01
3.03
3.02
3.03
3.04
3.04
3.03
3.02
3.04
3.03
3.03
3.02
3.01
3.00
3.01
3.00
2.99
3.00
3.01
2.99
3.00
3.01
3.00
2.99
3.01
3.01
3.02
3.01
3.02
3.01
3.02
3.01
3.02
3.01
3.01
2.99
2.99
2.99
2.98
2.98
2.97
2.97
2.97
2.96
2.97
2.96
2.94
2.95
2.95
2.97
2.96
2.96
2.96
2.96
2.97
2.96
2.95
2.96
2.95
2.96
2.95
2.95
2.95
2.96
2.96
2.97
2.97
2.96
2.96
2.96
2.96
2.96
2.96
2.97
2.97
2.96
2.96
2.95
2.95
2.95
2.94
2.94
2.94
2.94
2.95
2.95
2.95
2.95
2.95
2.95
2.98
2.98
2.98
2.98
2.97
2.96
2.96
2.95
2.97
2.96
2.96
2.97
2.99
2.98
2.98
2.98
2.97
2.97
2.98
2.97
2.97
2.97
2.97
2.97
2.97
2.97
2.96
2.96
2.96
2.96
2.96
2.96
2.97
2.96
2.96
2.96
2.96
2.96
2.96
2.96
2.96
2.95
2.95
2.94
2.94
2.95
2.96
2.95
2.95
2.94
2.94
2.94
2.94
2.93
2.94
2.94
2.95
2.94
2.94
2.96
2.95
2.95
2.94
2.93
2.94
2.94
2.95
2.95
2.94
2.95
2.95
2.95
2.95
2.94
2.93
2.93
2.93
2.94
2.93
2.94
2.94
2.95
2.95
2.94
2.94
2.96
2.95
2.95
2.95
2.95
2.95
2.95
2.96
2.95
2.95
2.96
2.96
2.95
2.95
2.94
2.95
2.94
2.94
2.93
2.93
2.94
2.93
2.93
2.93
2.93
2.93
2.92
2.92
2.92
2.91
2.91
2.91
2.91
2.92
2.92
2.91
2.91
2.91
2.91
2.90
2.91
2.91
2.90
2.90
2.90
2.91
2.90
2.90
2.90
2.90
2.90
2.90
2.90
2.90
2.90
2.90
2.90
2.90
2.89
2.89
2.89
2.88
2.88
2.90
2.89
2.90
2.89
2.90
2.90
2.89
2.89
2.90
2.89
2.89
2.89
2.89
2.89
2.88
2.89
2.89
2.89
2.88
2.88
2.89
2.89
2.89
2.89
2.88
2.88
2.88
2.88
2.87
2.87
2.86
2.86
2.85
2.85
2.86
2.86
2.85
2.85
2.85
2.86
2.86
2.85
2.85
2.86
2.86
2.86
2.86
2.86
2.87
2.87
2.86
2.87
2.87
2.87
2.87
2.87
2.87
2.87
2.87
2.87
2.88
2.88
2.88
2.89
2.88
2.89
2.90
2.90
2.90
2.91
2.91
2.91
2.91
2.91
2.91
2.91
2.91
2.91
2.90
2.90
2.90
2.90
2.90
2.91
2.90
2.91
2.91
2.90
2.90
2.90
2.90
2.90
2.90
2.91
2.91
2.91
2.90
2.91
2.91
2.91
2.93
2.93
2.93
2.93
2.93
2.94
2.94
2.94
2.94
2.94
2.95
2.95
2.95
2.95
2.95
2.95
2.95
2.95
2.94
2.95
2.95
2.95
2.95
2.95
2.95
2.94
2.94
2.94
2.94
2.94
2.93
2.95
2.94
2.94
2.94
2.93
2.93
2.93
2.93
2.93
2.94
2.93
2.94
2.94
2.94
2.94
2.93
2.93
2.93
2.93
2.92
2.93
2.94
2.94
2.94
2.95
2.94
2.94
2.94
2.94
2.94
2.95
2.95
2.95
2.94
2.94
2.94
2.95
2.95
2.96
2.95
2.95
2.95
2.95
2.95
2.96
2.96
2.96
2.96
2.96
2.96
2.96
2.97
2.97
2.97
2.97
2.97
2.97
2.97
2.97
2.97
2.97
2.97
2.97
2.97
2.97
2.97
2.97
2.97
2.96
2.96
2.97
2.97
2.97
2.97
2.97
2.97
2.98
2.97
2.97
2.97
2.97
2.97
2.97
2.97
2.97
2.97
2.97
2.97
2.97
2.97
2.97
2.97
2.96
2.97
2.97
2.97
2.97
2.97
2.97
2.97
2.97
2.98
2.98
2.97
2.98
2.98
2.98
2.98
2.98
2.98
2.98
2.98
2.98
2.97
2.98
2.98
2.98
2.98
2.97
2.98
2.98
2.98
2.97
2.97
2.97
2.97
2.97
2.97
2.97
2.97
2.97
2.97
2.97
2.98
2.98
2.98
2.98
2.99
3.00
3.00
3.01
3.01
3.01
3.00
3.00
3.00
2.99
2.99
2.99
2.98
2.98
2.98
2.98
2.98
2.98
2.98
2.98
2.98
2.98
2.98
2.98
2.98
2.98
2.97
2.98
2.98
2.98
2.98
2.98
2.98
2.98
2.98
2.98
2.98
2.98
2.99
2.99
2.99
2.98
2.98
2.98
2.99
2.98
2.98
2.98
2.98
2.98
2.98
2.98
2.98
2.98
2.98
2.97
2.98
2.98
2.97
2.97
2.97
2.97
2.97
2.97
2.97
2.97
2.97
2.97
2.97
2.98
2.97
2.97
