1.56
3.12
3.65
4.69
4.06
3.91
3.79
3.52
3.65
4.06
3.84
3.78
3.85
3.68
3.54
3.81
3.95
4.17
4.36
4.22
4.09
4.12
4.21
4.17
4.25
4.27
4.40
4.35
4.47
4.48
4.44
4.49
4.50
4.46
4.42
4.47
4.43
4.48
4.61
4.73
4.69
4.76
4.69
4.65
4.58
4.59
4.65
4.56
4.59
4.56
4.53
4.57
4.63
4.57
4.55
4.60
4.66
4.69
4.71
4.69
4.66
4.61
4.56
4.54
4.52
4.50
4.48
4.55
4.57
4.51
4.49
4.51
4.54
4.52
4.48
4.44
4.46
4.41
4.37
4.34
4.34
4.33
4.29
4.32
4.28
4.29
4.27
4.26
4.27
4.27
4.28
4.31
4.32
4.34
4.36
4.33
4.30
4.29
4.28
4.30
4.30
4.30
4.31
4.31
4.29
4.30
4.29
4.30
4.29
4.29
4.28
4.26
4.27
4.32
4.33
4.32
4.30
4.30
4.32
4.35
4.39
4.37
4.36
4.35
4.32
4.37
4.37
4.36
4.34
4.30
4.27
4.25
4.29
4.27
4.25
4.24
4.23
4.23
4.23
4.21
4.20
4.19
4.18
4.18
4.19
4.22
4.20
4.22
4.25
4.23
4.21
4.24
4.23
4.22
4.22
4.23
4.24
4.22
4.27
4.27
4.26
4.27
4.28
4.26
4.26
4.25
4.28
4.27
4.24
4.24
4.24
4.24
4.24
4.23
4.24
4.23
4.21
4.23
4.22
4.20
4.21
4.23
4.22
4.23
4.23
4.23
4.22
4.25
4.27
4.25
4.25
4.25
4.25
4.24
4.23
4.23
4.23
4.22
4.24
4.23
4.22
4.22
4.20
4.19
4.18
4.17
4.17
4.16
4.16
4.14
4.16
4.15
4.17
4.15
4.14
4.14
4.13
4.11
4.12
4.11
4.10
4.09
4.12
4.14
4.15
4.15
4.14
4.13
4.11
4.12
4.11
4.10
4.09
4.09
4.09
4.09
4.08
4.09
4.10
4.10
4.11
4.12
4.11
4.12
4.14
4.14
4.14
4.14
4.14
4.15
4.15
4.15
4.14
4.15
4.15
4.15
4.15
4.15
4.15
4.18
4.17
4.18
4.18
4.17
4.17
4.18
4.17
4.16
4.16
4.17
4.18
4.19
4.19
4.20
4.20
4.20
4.20
4.19
4.18
4.19
4.19
4.19
4.19
4.18
4.19
4.19
4.19
4.18
4.18
4.16
4.16
4.17
4.16
4.17
4.17
4.16
4.17
4.17
4.16
4.17
4.17
4.18
4.18
4.17
4.18
4.18
4.18
4.20
4.19
4.19
4.20
4.20
4.20
4.19
4.20
4.20
4.21
4.20
4.19
4.19
4.18
4.19
4.19
4.19
4.19
4.19
4.20
4.18
4.19
4.20
4.21
4.20
4.19
4.20
4.20
4.19
4.19
4.18
4.18
4.17
4.17
4.18
4.17
4.18
4.18
4.17
4.17
4.17
4.17
4.17
4.16
4.15
4.15
4.17
4.17
4.17
4.17
4.16
4.16
4.16
4.17
4.17
4.17
4.17
4.17
4.17
4.19
4.20
4.20
4.21
4.21
4.21
4.20
4.20
4.20
4.23
4.22
4.22
4.22
4.22
4.22
4.22
4.22
4.21
4.20
4.19
4.19
4.19
4.18
4.18
4.17
4.17
4.17
4.16
4.16
4.16
4.16
4.16
4.16
4.16
4.17
4.18
4.19
4.20
4.19
4.18
4.18
4.19
4.19
4.19
4.19
4.19
4.19
4.20
4.20
4.20
4.20
4.19
4.20
4.20
4.20
4.20
4.19
4.19
4.18
4.18
4.18
4.18
4.18
4.18
4.18
4.20
4.19
4.19
4.18
4.18
4.19
4.18
4.19
4.19
4.19
4.19
4.19
4.20
4.19
4.19
4.18
4.19
4.18
4.17
4.17
4.17
4.17
4.17
4.18
4.19
4.18
4.18
4.18
4.17
4.17
4.17
4.18
4.18
4.18
4.18
4.18
4.18
4.18
4.18
4.19
4.18
4.18
4.19
4.18
4.19
4.18
4.18
4.18
4.19
4.19
4.19
4.20
4.20
4.19
4.20
4.20
4.20
4.20
4.20
4.20
4.20
4.20
4.20
4.20
4.19
4.18
4.18
4.17
4.17
4.16
4.16
4.16
4.17
4.18
4.17
4.18
4.18
4.19
4.19
4.20
4.20
4.21
4.21
4.21
4.21
4.21
4.22
4.21
4.21
4.22
4.22
4.22
4.22
4.22
4.22
4.22
4.22
4.22
4.22
4.22
4.22
4.22
4.22
4.21
4.22
4.22
4.22
4.22
4.22
4.23
4.23
4.22
4.23
4.23
4.24
4.24
4.24
4.23
4.23
4.23
4.24
4.24
4.24
4.24
4.24
4.24
4.24
4.25
4.26
4.25
4.25
4.25
4.25
4.25
4.25
4.24
4.24
4.24
4.24
4.25
4.25
4.25
4.25
4.25
4.25
4.26
4.25
4.25
4.25
4.25
4.25
4.25
4.26
4.25
4.26
4.25
4.25
4.26
4.25
4.25
4.24
4.24
4.24
4.24
4.24
4.24
4.25
4.25
4.24
4.25
4.25
4.25
4.25
4.24
4.24
4.24
4.23
4.23
4.23
4.23
4.23
4.22
4.22
4.22
4.22
4.22
4.21
4.21
4.21
4.21
4.21
4.21
4.21
4.20
4.20
4.20
4.20
4.20
4.19
4.19
4.19
4.19
4.19
4.19
4.19
4.18
4.18
4.18
4.18
4.19
4.19
4.19
4.19
4.19
4.19
4.19
4.19
4.18
4.18
4.17
4.17
4.16
4.17
4.17
4.17
4.17
4.18
4.18
4.18
4.17
4.18
4.17
4.18
4.18
4.17
4.17
4.18
4.17
4.18
4.18
4.18
4.18
4.18
4.19
4.19
4.19
4.20
4.20
4.20
4.20
4.19
4.19
4.19
4.19
4.18
4.18
4.19
4.19
4.19
4.18
4.19
4.18
4.18
4.18
4.18
4.17
4.17
4.16
4.17
4.16
4.17
4.17
4.17
4.17
4.17
4.17
4.16
4.16
4.16
4.16
4.16
4.15
4.16
4.15
4.15
4.16
4.16
4.16
4.17
4.17
4.16
4.16
4.17
4.17
4.17
4.17
4.17
4.17
4.17
4.17
4.17
4.17
4.17
4.17
4.17
4.16
4.16
4.16
4.16
4.16
4.16
4.16
4.16
4.16
4.16
4.16
4.16
4.16
4.16
4.16
4.16
4.16
4.16
4.16
4.16
4.16
4.16
4.16
4.16
4.17
4.17
4.17
4.16
4.17
4.17
4.17
4.17
4.17
4.17
4.17
4.17
4.17
4.16
4.16
4.16
4.16
4.16
4.16
4.15
4.16
4.16
