4.69
7.03
5.73
6.64
8.12
9.11
10.27
10.55
10.94
10.94
10.94
10.94
11.30
11.50
11.98
12.30
12.04
11.98
12.09
12.03
11.90
11.65
11.35
11.91
11.69
11.90
11.81
11.83
11.96
11.93
12.00
12.40
12.45
12.45
12.41
12.33
12.33
12.50
12.42
12.50
12.39
12.46
12.50
12.43
12.50
12.36
12.37
12.27
12.21
12.19
12.16
12.26
12.23
12.15
12.24
12.14
12.14
12.15
12.10
12.03
12.12
12.15
12.08
12.04
11.95
11.98
12.03
11.99
11.96
11.94
11.97
12.00
12.05
12.01
11.90
11.94
11.97
11.98
11.97
11.93
11.98
11.91
11.97
11.98
11.97
12.03
12.03
12.06
12.03
12.15
12.21
12.21
12.20
12.20
12.22
12.24
12.18
12.15
12.11
12.11
12.07
12.07
12.04
12.05
12.08
12.13
12.09
12.15
12.21
12.19
12.13
12.10
12.03
12.10
12.09
12.10
12.14
12.17
12.20
12.23
12.20
12.19
12.12
12.07
12.11
12.18
12.19
12.17
12.12
12.15
12.14
12.19
12.12
12.15
12.18
12.14
12.17
12.15
12.14
12.12
12.11
12.10
12.10
12.10
12.10
12.11
12.13
12.12
12.12
12.10
12.08
12.05
12.04
12.04
12.07
12.06
12.07
12.06
12.06
12.04
12.01
12.02
12.04
12.02
12.02
12.01
11.99
11.95
12.00
11.98
11.97
11.99
11.96
11.94
11.96
11.94
11.98
11.98
12.03
12.03
12.03
12.04
12.08
12.04
12.04
12.05
12.05
12.05
12.06
12.07
12.04
12.10
12.07
12.05
12.07
12.07
12.07
12.06
12.07
12.06
12.08
12.07
12.09
12.08
12.07
12.06
12.04
12.05
12.07
12.08
12.09
12.09
12.09
12.08
12.09
12.10
12.11
12.10
12.12
12.12
12.12
12.13
12.14
12.17
12.14
12.16
12.19
12.18
12.17
12.17
12.16
12.17
12.17
12.18
12.18
12.18
12.16
12.16
12.19
12.17
12.18
12.17
12.16
12.13
12.11
12.14
12.14
12.16
12.15
12.15
12.18
12.15
12.16
12.14
12.14
12.14
12.14
12.13
12.11
12.11
12.09
12.11
12.11
12.14
12.16
12.15
12.15
12.16
12.16
12.15
12.14
12.14
12.17
12.17
12.17
12.18
12.20
12.21
12.23
12.24
12.24
12.24
12.23
12.24
12.23
12.24
12.27
12.30
12.28
12.26
12.27
12.31
12.31
12.31
12.31
12.30
12.29
12.30
12.30
12.31
12.33
12.33
12.33
12.36
12.36
12.36
12.37
12.35
12.34
12.33
12.31
12.31
12.30
12.31
12.29
12.26
12.26
12.25
12.25
12.26
12.27
12.29
12.30
12.30
12.31
12.29
12.29
12.28
12.26
12.27
12.31
12.31
12.29
12.29
12.30
12.31
12.30
12.27
12.26
12.28
12.28
12.28
12.30
12.30
12.28
12.30
12.29
12.32
12.33
12.32
12.32
12.32
12.33
12.33
12.33
12.33
12.33
12.34
12.33
12.34
12.32
12.31
12.31
12.31
12.31
12.31
12.31
12.30
12.29
12.31
12.31
12.31
12.32
12.32
12.31
12.30
12.29
12.30
12.32
12.32
12.32
12.32
12.31
12.31
12.32
12.33
12.34
12.34
12.35
12.34
12.34
12.33
12.32
12.31
12.30
12.29
12.32
12.30
12.30
12.27
12.26
12.26
12.27
12.25
12.23
12.24
12.23
12.25
12.25
12.27
12.26
12.25
12.24
12.25
12.28
12.29
12.29
12.29
12.28
12.28
12.26
12.25
12.26
12.24
12.23
12.23
12.24
12.25
12.25
12.25
12.23
12.22
12.20
12.21
12.20
12.21
12.21
12.21
12.20
12.19
12.18
12.18
12.18
12.18
12.18
12.17
12.18
12.17
12.17
12.17
12.17
12.18
12.20
12.20
12.20
12.18
12.18
12.18
12.18
12.19
12.18
12.20
12.21
12.21
12.20
12.21
12.21
12.22
12.21
12.21
12.21
12.21
12.20
12.20
12.19
12.18
12.19
12.21
12.21
12.20
12.20
12.20
12.22
12.21
12.21
12.22
12.22
12.22
12.22
12.22
12.22
12.23
12.23
12.24
12.25
12.25
12.24
12.25
12.24
12.25
12.25
12.25
12.25
12.24
12.23
12.23
12.23
12.24
12.23
12.23
12.23
12.24
12.23
12.23
12.22
12.24
12.24
12.24
12.24
12.24
12.25
12.25
12.26
12.26
12.25
12.24
12.25
12.25
12.26
12.27
12.28
12.27
12.27
12.29
12.29
12.28
12.29
12.29
12.28
12.28
12.27
12.26
12.26
12.27
12.26
12.25
12.25
12.27
12.28
12.29
12.30
12.30
12.32
12.31
12.31
12.31
12.31
12.31
12.32
12.31
12.29
12.28
12.27
12.26
12.26
12.25
12.25
12.25
12.25
12.24
12.23
12.22
12.21
12.22
12.22
12.21
12.20
12.21
12.20
12.21
12.21
12.21
12.21
12.21
12.21
12.19
12.20
12.20
12.19
12.18
12.17
12.17
12.16
12.18
12.17
12.19
12.18
12.18
12.18
12.18
12.19
12.20
12.19
12.19
12.19
12.20
12.19
12.20
12.20
12.20
12.20
12.21
12.20
12.22
12.23
12.23
12.23
12.23
12.23
12.23
12.22
12.22
12.22
12.22
12.21
12.20
12.20
12.19
12.19
12.19
12.20
12.19
12.20
12.20
12.20
12.21
12.21
12.21
12.22
12.22
12.23
12.22
12.23
12.23
12.22
12.22
12.22
12.23
12.22
12.22
12.22
12.22
12.22
12.22
12.22
12.21
12.21
12.21
12.21
12.21
12.22
12.20
12.21
12.22
12.22
12.23
12.23
12.23
12.24
12.24
12.23
12.22
12.21
12.21
12.21
12.22
12.22
12.22
12.22
12.23
12.22
12.21
12.21
12.22
12.22
12.23
12.23
12.23
12.23
12.22
12.21
12.21
12.22
12.22
12.23
12.23
12.22
12.22
12.22
12.24
12.23
12.23
12.24
12.24
12.24
12.24
12.24
12.24
12.23
12.23
12.23
12.23
12.23
12.24
12.24
12.24
12.25
12.24
12.25
12.25
12.25
12.26
12.25
12.26
12.26
12.27
12.27
12.26
12.26
12.26
12.25
12.26
12.26
12.26
12.26
12.27
12.26
12.26
12.27
12.27
12.26
12.26
12.26
12.26
12.25
12.25
12.26
12.26
12.25
12.26
12.26
12.26
12.27
12.26
12.26
12.26
12.26
12.26
12.26
12.25
12.26
12.26
12.26
12.27
12.27
12.28
12.27
12.27
12.27
12.26
12.27
12.27
12.27
12.27
12.26
12.25
12.25
12.25
12.24
12.24
12.23
12.22
