9.38
9.38
11.46
11.33
10.62
9.64
9.82
9.38
9.20
9.38
9.52
9.77
9.25
9.04
8.54
8.59
8.64
8.51
8.72
8.75
8.93
9.02
8.97
9.05
9.00
8.89
8.97
8.93
9.05
9.11
9.17
9.28
9.23
9.33
9.33
9.29
9.25
9.25
9.25
9.14
9.34
9.30
9.48
9.38
9.38
9.38
9.31
9.31
9.18
9.25
9.25
9.16
9.05
9.03
8.92
8.87
8.74
8.73
8.79
8.78
8.71
8.72
8.75
8.74
8.75
8.74
8.82
8.80
8.81
8.77
8.71
8.81
8.84
8.80
8.81
8.84
8.85
8.81
8.88
8.85
8.83
8.86
8.87
8.85
8.86
8.87
8.91
8.93
8.90
8.98
8.96
8.95
8.97
8.99
8.95
8.92
8.92
8.93
8.96
8.95
8.94
8.98
8.94
9.00
8.97
9.01
8.97
8.96
8.97
8.98
8.98
8.93
8.95
8.94
8.91
8.97
9.00
9.00
9.02
9.00
9.00
9.07
9.08
9.07
9.09
9.06
9.07
9.05
9.04
9.05
9.05
9.04
9.01
8.99
8.97
8.96
8.91
8.93
8.93
8.88
8.85
8.87
8.86
8.89
8.85
8.83
8.82
8.82
8.82
8.81
8.81
8.83
8.82
8.84
8.82
8.83
8.80
8.79
8.81
8.78
8.77
8.77
8.76
8.77
8.73
8.73
8.72
8.71
8.72
8.71
8.74
8.77
8.81
8.83
8.81
8.82
8.84
8.82
8.82
8.82
8.82
8.82
8.83
8.84
8.91
8.89
8.89
8.89
8.87
8.91
8.91
8.89
8.88
8.89
8.89
8.86
8.88
8.88
8.91
8.89
8.91
8.90
8.91
8.92
8.95
8.95
8.94
8.95
8.94
8.91
8.90
8.94
8.93
8.93
8.92
8.90
8.91
8.89
8.88
8.88
8.87
8.88
8.90
8.91
8.92
8.93
8.91
8.92
8.92
8.94
8.94
8.96
8.98
8.96
8.94
8.96
8.96
8.95
8.94
8.94
8.95
8.96
8.96
8.97
8.99
8.99
8.98
8.96
8.94
8.93
8.93
8.93
8.93
8.94
8.95
8.93
8.96
8.95
8.94
8.91
8.91
8.91
8.93
8.93
8.92
8.94
8.94
8.94
8.96
8.95
8.95
8.94
8.95
8.93
8.92
8.93
8.94
8.95
8.93
8.92
8.91
8.91
8.91
8.90
8.91
8.92
8.91
8.92
8.93
8.92
8.93
8.95
8.94
8.94
8.94
8.95
8.94
8.93
8.94
8.93
8.93
8.92
8.91
8.91
8.91
8.94
8.92
8.92
8.92
8.94
8.95
8.95
8.96
8.97
8.97
8.95
8.94
8.93
8.91
8.91
8.92
8.92
8.91
8.90
8.90
8.89
8.89
8.89
8.90
8.90
8.90
8.90
8.92
8.91
8.89
8.89
8.88
8.87
8.87
8.87
8.87
8.88
8.87
8.86
8.86
8.87
8.89
8.90
8.90
8.89
8.89
8.89
8.88
8.89
8.89
8.88
8.88
8.87
8.88
8.88
8.88
8.87
8.88
8.87
8.87
8.88
8.88
8.90
8.91
8.89
8.90
8.91
8.91
8.89
8.90
8.89
8.89
8.88
8.88
8.90
8.91
8.90
8.91
8.92
8.92
8.93
8.94
8.92
8.94
8.94
8.93
8.92
8.93
8.93
8.93
8.93
8.92
8.90
8.90
8.90
8.90
8.88
8.88
8.88
8.88
8.88
8.91
8.92
8.94
8.95
8.95
8.94
8.94
8.94
8.94
8.93
8.93
8.92
8.93
8.93
8.93
8.93
8.94
8.94
8.93
8.93
8.92
8.93
8.92
8.91
8.91
8.90
8.90
8.90
8.92
8.92
8.92
8.93
8.93
8.92
8.91
8.92
8.92
8.93
8.93
8.92
8.94
8.93
8.92
8.94
8.93
8.94
8.94
8.94
8.94
8.94
8.94
8.95
8.94
8.94
8.94
8.94
8.92
8.93
8.93
8.92
8.93
8.93
8.93
8.93
8.95
8.96
8.96
8.96
8.96
8.97
8.98
8.96
8.96
8.96
8.96
8.96
8.96
8.96
8.97
8.96
8.96
8.96
8.95
8.95
8.95
8.94
8.93
8.93
8.93
8.93
8.93
8.93
8.92
8.92
8.91
8.91
8.91
8.91
8.91
8.92
8.92
8.92
8.92
8.91
8.91
8.91
8.91
8.91
8.92
8.93
8.93
8.93
8.94
8.95
8.96
8.95
8.95
8.96
8.96
8.95
8.95
8.95
8.94
8.94
8.95
8.96
8.95
8.97
8.97
8.96
8.96
8.95
8.96
8.96
8.99
8.97
8.96
8.97
8.97
8.97
8.96
8.97
8.97
8.97
8.96
8.96
8.96
8.95
8.96
8.95
8.95
8.96
8.96
8.96
8.96
8.96
8.96
8.95
8.95
8.95
8.95
8.95
8.95
8.94
8.93
8.93
8.93
8.93
8.92
8.92
8.92
8.91
8.90
8.90
8.89
8.89
8.89
8.90
8.89
8.89
8.89
8.90
8.89
8.90
8.90
8.90
8.90
8.91
8.92
8.92
8.91
8.91
8.92
8.91
8.91
8.91
8.91
8.91
8.91
8.92
8.92
8.91
8.91
8.91
8.91
8.90
8.89
8.89
8.89
8.90
8.91
8.91
8.91
8.91
8.91
8.91
8.91
8.91
8.92
8.92
8.92
8.92
8.93
8.94
8.94
8.94
8.94
8.94
8.94
8.94
8.93
8.93
8.92
8.92
8.92
8.93
8.94
8.94
8.93
8.93
8.93
8.94
8.93
8.93
8.92
8.92
8.93
8.93
8.92
8.92
8.92
8.92
8.92
8.93
8.93
8.94
8.94
8.94
8.94
8.96
8.96
8.96
8.95
8.95
8.95
8.95
8.95
8.94
8.94
8.93
8.93
8.93
8.93
8.93
8.93
8.93
8.92
8.92
8.92
8.92
8.91
8.91
8.91
8.90
8.90
8.89
8.90
8.90
8.90
8.90
8.89
8.89
8.89
8.89
8.88
8.88
8.87
8.87
8.87
8.86
8.87
8.86
8.86
8.86
8.86
8.87
8.87
8.87
8.87
8.86
8.86
8.85
8.86
8.85
8.85
8.86
8.86
8.86
8.86
8.86
8.85
8.85
8.85
8.84
8.84
8.85
8.85
8.86
8.85
8.85
8.86
8.86
8.87
8.87
8.87
8.88
8.89
8.89
8.89
8.89
8.90
8.89
8.90
8.89
8.90
8.91
8.90
8.90
8.89
8.89
8.89
8.89
8.89
8.89
8.88
8.87
8.87
8.87
8.87
8.87
8.87
8.87
8.87
8.87
8.86
8.86
8.87
8.87
8.87
8.87
8.88
8.87
8.87
8.88
8.88
8.87
