1.56
2.34
3.12
3.12
2.81
3.12
3.12
3.71
3.99
3.59
3.98
3.91
3.73
3.79
3.65
3.52
3.58
3.39
3.29
3.20
3.20
3.12
3.06
3.26
3.12
3.19
3.18
3.12
3.12
3.23
3.43
3.47
3.36
3.49
3.48
3.47
3.42
3.33
3.37
3.44
3.35
3.35
3.34
3.44
3.37
3.40
3.46
3.52
3.48
3.47
3.43
3.40
3.39
3.41
3.47
3.46
3.51
3.56
3.52
3.49
3.46
3.48
3.50
3.52
3.58
3.55
3.50
3.49
3.49
3.46
3.41
3.47
3.47
3.46
3.46
3.43
3.41
3.47
3.54
3.50
3.49
3.49
3.45
3.48
3.46
3.43
3.43
3.44
3.44
3.47
3.45
3.43
3.46
3.46
3.45
3.43
3.48
3.48
3.44
3.45
3.45
3.46
3.43
3.43
3.41
3.39
3.36
3.36
3.37
3.34
3.34
3.35
3.35
3.34
3.34
3.34
3.33
3.34
3.32
3.31
3.34
3.32
3.32
3.30
3.30
3.30
3.30
3.30
3.33
3.35
3.34
3.31
3.31
3.31
3.33
3.38
3.38
3.36
3.38
3.39
3.39
3.41
3.40
3.37
3.37
3.38
3.36
3.36
3.36
3.34
3.36
3.37
3.38
3.37
3.38
3.40
3.38
3.37
3.37
3.38
3.37
3.37
3.36
3.33
3.32
3.31
3.33
3.31
3.30
3.29
3.27
3.26
3.27
3.26
3.25
3.25
3.24
3.22
3.22
3.22
3.22
3.25
3.24
3.23
3.25
3.23
3.23
3.22
3.21
3.20
3.18
3.17
3.17
3.16
3.16
3.14
3.14
3.15
3.14
3.14
3.13
3.12
3.12
3.14
3.14
3.14
3.16
3.14
3.13
3.13
3.11
3.11
3.10
3.10
3.09
3.10
3.11
3.11
3.13
3.14
3.13
3.14
3.14
3.13
3.12
3.13
3.14
3.14
3.14
3.15
3.14
3.13
3.11
3.11
3.12
3.11
3.10
3.09
3.09
3.09
3.08
3.09
3.09
3.09
3.09
3.10
3.09
3.08
3.07
3.06
3.06
3.06
3.05
3.06
3.05
3.06
3.05
3.05
3.04
3.05
3.04
3.04
3.04
3.04
3.05
3.08
3.07
3.06
3.06
3.06
3.05
3.06
3.06
3.05
3.05
3.06
3.06
3.07
3.07
3.07
3.07
3.07
3.06
3.06
3.05
3.05
3.04
3.05
3.06
3.07
3.08
3.09
3.09
3.09
3.10
3.10
3.10
3.10
3.10
3.11
3.12
3.11
3.13
3.12
3.13
3.12
3.11
3.13
3.13
3.13
3.16
3.16
3.15
3.15
3.16
3.17
3.17
3.19
3.18
3.18
3.17
3.17
3.17
3.17
3.17
3.16
3.17
3.17
3.16
3.16
3.17
3.17
3.17
3.17
3.16
3.17
3.17
3.17
3.18
3.17
3.16
3.16
3.16
3.15
3.16
3.15
3.14
3.14
3.14
3.14
3.14
3.14
3.14
3.15
3.14
3.14
3.13
3.13
3.13
3.13
3.14
3.14
3.15
3.14
3.13
3.13
3.12
3.12
3.13
3.14
3.15
3.15
3.15
3.16
3.17
3.17
3.17
3.16
3.15
3.15
3.15
3.15
3.15
3.14
3.14
3.14
3.13
3.13
3.12
3.12
3.12
3.13
3.13
3.14
3.15
3.15
3.16
3.15
3.15
3.16
3.15
3.14
3.15
3.15
3.16
3.16
3.15
3.15
3.15
3.16
3.16
3.16
3.17
3.17
3.17
3.18
3.17
3.18
3.19
3.19
3.20
3.20
3.20
3.20
3.20
3.21
3.21
3.20
3.22
3.22
3.22
3.22
3.22
3.22
3.23
3.23
3.22
3.22
3.23
3.22
3.23
3.23
3.24
3.23
3.23
3.24
3.24
3.24
3.24
3.24
3.24
3.24
3.24
3.25
3.24
3.24
3.24
3.24
3.24
3.24
3.23
3.24
3.24
3.24
3.24
3.24
3.23
3.23
3.23
3.23
3.23
3.23
3.23
3.23
3.22
3.22
3.22
3.22
3.22
3.22
3.22
3.21
3.21
3.21
3.22
3.22
3.21
3.21
3.20
3.21
3.20
3.21
3.21
3.21
3.20
3.21
3.20
3.21
3.21
3.21
3.21
3.21
3.21
3.20
3.20
3.20
3.20
3.20
3.20
3.20
3.21
3.21
3.20
3.20
3.20
3.19
3.19
3.18
3.18
3.18
3.17
3.18
3.17
3.17
3.18
3.18
3.18
3.18
3.19
3.19
3.19
3.19
3.18
3.18
3.17
3.19
3.19
3.19
3.19
3.18
3.18
3.19
3.19
3.19
3.20
3.20
3.19
3.19
3.19
3.19
3.19
3.19
3.18
3.18
3.18
3.18
3.18
3.19
3.19
3.19
3.19
3.19
3.19
3.19
3.18
3.19
3.19
3.19
3.19
3.19
3.19
3.19
3.20
3.19
3.19
3.19
3.19
3.19
3.18
3.18
3.19
3.19
3.19
3.19
3.20
3.20
3.20
3.20
3.20
3.19
3.19
3.19
3.19
3.18
3.18
3.18
3.17
3.18
3.18
3.18
3.17
3.17
3.17
3.17
3.16
3.17
3.16
3.16
3.16
3.16
3.17
3.17
3.17
3.18
3.17
3.18
3.18
3.18
3.18
3.18
3.18
3.18
3.18
3.17
3.17
3.17
3.16
3.16
3.16
3.16
3.16
3.16
3.15
3.15
3.15
3.15
3.15
3.15
3.14
3.14
3.14
3.13
3.14
3.14
3.14
3.14
3.13
3.14
3.14
3.14
3.14
3.13
3.13
3.13
3.12
3.12
3.12
3.12
3.12
3.12
3.12
3.13
3.13
3.13
3.13
3.13
3.13
3.12
3.12
3.12
3.13
3.12
3.13
3.13
3.12
3.12
3.12
3.12
3.12
3.12
3.12
3.12
3.12
3.12
3.12
3.12
3.12
3.12
3.12
3.12
3.12
3.12
3.11
3.12
3.12
3.13
3.13
3.13
3.13
3.13
3.13
3.13
3.13
3.13
3.13
3.13
3.13
3.13
3.12
3.12
3.12
3.11
3.11
3.11
3.11
3.11
3.11
3.11
3.11
3.11
3.10
3.10
3.10
3.10
3.10
3.09
3.09
3.10
3.10
3.11
3.11
3.10
3.10
3.11
3.11
3.11
3.11
3.12
3.12
3.12
3.12
3.12
3.12
3.11
3.11
3.11
3.11
3.11
3.11
3.11
3.11
3.11
3.11
3.11
3.11
3.11
3.11
3.11
3.11
3.10
3.11
3.10
3.10
3.11
3.11
3.11
3.10
3.10
3.10
3.10
3.10
3.09
3.09
3.09
3.09
3.09
3.09
3.09
3.09
3.08
3.09
3.08
