26.56
27.34
28.65
28.91
27.81
26.30
26.34
26.56
26.74
27.19
27.70
28.52
28.73
28.57
28.23
28.22
28.40
27.78
28.29
28.05
28.50
28.34
28.53
28.39
28.81
28.79
28.82
29.02
28.88
28.70
28.73
28.61
28.69
28.72
28.79
28.91
29.10
29.15
29.29
29.22
29.19
29.06
29.25
29.40
29.27
29.25
29.49
29.17
29.34
29.34
29.41
29.33
29.42
29.37
29.32
29.35
29.36
29.47
29.45
29.40
29.48
29.49
29.56
29.44
29.62
29.69
29.80
29.76
29.69
29.69
29.80
29.90
29.94
30.00
30.00
30.00
30.13
30.21
30.32
30.39
30.44
30.45
30.52
30.67
30.61
30.69
30.60
30.58
30.62
30.68
30.77
30.74
30.70
30.70
30.66
30.62
30.59
30.52
30.62
30.61
30.66
30.74
30.79
30.75
30.82
30.81
30.77
30.71
30.62
30.62
30.60
30.58
30.45
30.46
30.49
30.51
30.49
30.50
30.48
30.42
30.35
30.30
30.34
30.38
30.36
30.25
30.19
30.21
30.22
30.14
30.18
30.09
30.08
30.06
30.03
30.07
30.11
30.06
30.02
30.07
30.05
29.98
29.93
29.98
29.92
29.92
29.90
29.99
30.01
30.05
30.02
30.11
30.09
30.08
30.00
29.96
29.93
29.92
29.92
29.97
29.93
29.92
29.87
29.84
29.84
29.80
29.86
29.89
29.87
29.90
29.85
29.87
29.86
29.90
29.88
29.87
29.85
29.83
29.84
29.86
29.90
29.87
29.86
29.82
29.84
29.86
29.84
29.80
29.80
29.75
29.74
29.74
29.73
29.75
29.74
29.70
29.71
29.72
29.76
29.74
29.75
29.76
29.83
29.84
29.81
29.79
29.82
29.87
29.83
29.87
29.85
29.81
29.85
29.83
29.80
29.80
29.77
29.78
29.82
29.84
29.83
29.83
29.82
29.87
29.83
29.84
29.83
29.82
29.78
29.79
29.80
29.80
29.79
29.75
29.74
29.72
29.73
29.70
29.69
29.72
29.69
29.69
29.68
29.68
29.68
29.67
29.64
29.62
29.62
29.64
29.61
29.59
29.59
29.58
29.53
29.55
29.52
29.49
29.49
29.47
29.45
29.44
29.50
29.47
29.47
29.46
29.49
29.47
29.47
29.47
29.49
29.49
29.49
29.48
29.51
29.51
29.52
29.50
29.48
29.49
29.49
29.49
29.47
29.43
29.42
29.39
29.40
29.38
29.38
29.40
29.40
29.37
29.38
29.37
29.33
29.32
29.34
29.33
29.32
29.30
29.27
29.29
29.31
29.34
29.35
29.40
29.41
29.42
29.41
29.40
29.38
29.38
29.37
29.36
29.37
29.33
29.35
29.39
29.41
29.39
29.38
29.38
29.37
29.39
29.39
29.39
29.39
29.39
29.37
29.38
29.39
29.39
29.40
29.40
29.40
29.41
29.41
29.42
29.41
29.40
29.41
29.42
29.42
29.45
29.47
29.48
29.48
29.46
29.45
29.45
29.44
29.47
29.45
29.45
29.41
29.42
29.39
29.43
29.44
29.46
29.48
29.46
29.45
29.43
29.41
29.41
29.42
29.42
29.42
29.39
29.40
29.39
29.39
29.37
29.37
29.39
29.40
29.43
29.43
29.44
29.45
29.45
29.43
29.44
29.45
29.45
29.46
29.46
29.45
29.43
29.42
29.44
29.42
29.41
29.41
29.42
29.40
29.39
29.40
29.39
29.37
29.35
29.34
29.35
29.34
29.33
29.31
29.28
29.27
29.29
29.28
29.26
29.24
29.23
29.23
29.24
29.23
29.21
29.20
29.22
29.20
29.20
29.21
29.22
29.23
29.22
29.21
29.21
29.20
29.19
29.20
29.22
29.20
29.18
29.20
29.20
29.20
29.18
29.18
29.19
29.20
29.20
29.20
29.21
29.18
29.17
29.18
29.16
29.16
29.18
29.17
29.16
29.14
29.13
29.12
29.12
29.14
29.14
29.15
29.15
29.15
29.17
29.16
29.15
29.16
29.16
29.17
29.17
29.16
29.16
29.14
29.13
29.13
29.13
29.14
29.13
29.12
29.12
29.13
29.13
29.15
29.17
29.18
29.16
29.17
29.17
29.18
29.19
29.18
29.17
29.15
29.14
29.16
29.15
29.14
29.13
29.15
29.18
29.16
29.16
29.18
29.20
29.21
29.21
29.21
29.22
29.20
29.20
29.20
29.21
29.20
29.21
29.22
29.20
29.20
29.18
29.16
29.16
29.16
29.16
29.18
29.18
29.17
29.16
29.15
29.15
29.15
29.15
29.14
29.14
29.14
29.13
29.14
29.13
29.13
29.12
29.13
29.12
29.10
29.12
29.10
29.08
29.08
29.10
29.09
29.08
29.06
29.08
29.07
29.07
29.07
29.06
29.06
29.06
29.05
29.07
29.07
29.09
29.09
29.10
29.09
29.08
29.07
29.09
29.07
29.07
29.07
29.06
29.06
29.07
29.07
29.08
29.08
29.08
29.07
29.07
29.08
29.06
29.06
29.07
29.07
29.06
29.06
29.06
29.08
29.09
29.11
29.10
29.09
29.10
29.12
29.13
29.12
29.12
29.12
29.12
29.13
29.13
29.13
29.15
29.15
29.15
29.16
29.16
29.16
29.16
29.16
29.16
29.14
29.14
29.14
29.15
29.15
29.14
29.14
29.14
29.14
29.14
29.15
29.13
29.11
29.11
29.10
29.10
29.10
29.10
29.10
29.09
29.08
29.09
29.11
29.10
29.12
29.14
29.15
29.16
29.16
29.17
29.17
29.17
29.18
29.17
29.19
29.20
29.21
29.21
29.21
29.21
29.22
29.22
29.22
29.22
29.24
29.23
29.23
29.22
29.20
29.20
29.20
29.19
29.19
29.18
29.19
29.20
29.20
29.20
29.19
29.19
29.21
29.20
29.19
29.19
29.20
29.20
29.20
29.20
29.20
29.20
29.20
29.20
29.20
29.19
29.20
29.20
29.20
29.20
29.19
29.18
29.20
29.20
29.21
29.22
29.22
29.21
29.21
29.21
29.21
29.22
29.20
29.21
29.20
29.21
29.20
29.19
29.19
29.20
29.21
29.23
29.24
29.22
29.22
29.22
29.22
29.21
29.22
29.22
29.21
29.20
29.21
29.21
29.21
29.20
29.21
29.20
29.19
29.21
29.21
29.21
29.21
29.22
29.22
29.23
29.23
29.23
29.22
29.23
29.24
29.25
29.25
29.25
29.25
29.24
29.24
29.24
29.23
29.23
29.24
29.22
29.23
29.23
29.23
29.23
29.24
29.25
29.23
29.22
29.22
29.22
29.21
29.22
29.21
29.21
29.21
29.22
29.21
29.22
29.23
29.22
29.23
29.22
29.22
29.23
29.22
29.23
29.24
29.23
29.23
29.23
29.24
29.23
29.24
29.21
