4.69
3.12
4.17
3.52
4.38
4.17
3.79
3.71
3.47
3.75
3.84
3.65
3.73
3.91
3.96
4.10
4.14
4.08
3.95
4.06
4.09
4.19
4.28
4.23
4.06
4.03
3.94
3.96
4.15
4.38
4.28
4.30
4.26
4.23
4.24
4.25
4.18
4.24
4.21
4.18
4.12
4.20
4.18
4.19
4.17
4.08
4.06
4.00
4.05
3.97
4.01
3.97
3.89
3.88
3.86
3.88
3.92
3.91
3.89
3.93
4.00
4.01
3.97
3.96
3.94
3.91
3.89
3.93
3.92
3.95
3.94
3.99
4.02
4.03
4.08
4.09
4.18
4.21
4.19
4.22
4.21
4.21
4.25
4.28
4.26
4.29
4.33
4.39
4.42
4.41
4.41
4.40
4.40
4.37
4.33
4.30
4.25
4.29
4.31
4.33
4.36
4.40
4.40
4.39
4.39
4.42
4.41
4.38
4.42
4.43
4.43
4.45
4.48
4.51
4.54
4.55
4.59
4.59
4.63
4.65
4.65
4.64
4.60
4.62
4.70
4.70
4.68
4.68
4.68
4.71
4.75
4.76
4.76
4.77
4.75
4.74
4.77
4.76
4.75
4.74
4.74
4.76
4.74
4.74
4.77
4.81
4.79
4.81
4.80
4.81
4.83
4.82
4.83
4.83
4.84
4.83
4.87
4.87
4.83
4.80
4.81
4.81
4.80
4.82
4.82
4.83
4.82
4.83
4.84
4.81
4.83
4.83
4.80
4.80
4.78
4.79
4.82
4.83
4.83
4.82
4.83
4.82
4.79
4.82
4.82
4.81
4.83
4.82
4.80
4.81
4.81
4.80
4.79
4.82
4.82
4.82
4.83
4.87
4.85
4.85
4.86
4.87
4.87
4.87
4.89
4.91
4.91
4.91
4.91
4.93
4.92
4.92
4.90
4.88
4.88
4.88
4.87
4.86
4.85
4.86
4.88
4.88
4.88
4.88
4.87
4.87
4.89
4.88
4.89
4.87
4.87
4.89
4.89
4.87
4.86
4.85
4.83
4.82
4.80
4.81
4.82
4.80
4.80
4.82
4.83
4.83
4.82
4.81
4.82
4.81
4.82
4.83
4.83
4.84
4.83
4.82
4.85
4.84
4.83
4.83
4.83
4.84
4.84
4.83
4.82
4.81
4.80
4.82
4.84
4.85
4.84
4.87
4.88
4.89
4.90
4.90
4.89
4.88
4.88
4.89
4.89
4.88
4.88
4.87
4.88
4.88
4.88
4.90
4.90
4.90
4.90
4.90
4.91
4.92
4.90
4.91
4.93
4.93
4.94
4.94
4.94
4.95
4.94
4.93
4.96
4.96
4.98
4.97
4.98
4.98
4.97
4.97
4.97
4.98
5.00
5.00
5.02
5.02
5.05
5.04
5.03
5.03
5.04
5.04
5.03
5.03
5.04
5.03
5.02
5.02
5.03
5.04
5.03
5.04
5.05
5.04
5.04
5.04
5.03
5.02
5.01
5.00
4.99
4.99
5.00
5.00
5.01
5.02
5.01
5.02
5.03
5.02
5.01
5.01
5.00
5.00
4.99
4.99
4.99
4.99
5.00
4.99
5.00
5.01
5.00
5.00
4.99
5.00
5.00
5.00
4.99
5.01
5.01
5.02
5.01
5.00
4.99
5.00
5.00
5.00
4.99
4.99
4.98
4.97
4.98
4.99
4.99
5.00
5.00
5.01
5.02
5.03
5.02
5.02
5.03
5.03
5.03
5.03
5.04
5.03
5.03
5.02
5.02
5.02
5.02
5.02
5.03
5.02
5.01
5.01
5.00
4.99
4.99
4.99
4.97
4.97
4.98
4.98
4.99
4.99
4.99
4.98
4.99
4.99
4.98
4.97
4.97
4.97
4.98
4.97
4.97
4.97
4.97
4.96
4.96
4.97
4.97
4.98
4.99
4.98
4.99
4.98
4.99
4.98
4.98
4.99
4.99
4.99
4.99
4.99
4.99
4.98
4.99
4.98
4.97
4.97
4.97
4.97
4.97
4.96
4.96
4.95
4.95
4.96
4.96
4.95
4.95
4.94
4.94
4.94
4.94
4.93
4.94
4.94
4.94
4.94
4.95
4.95
4.96
4.96
4.95
4.95
4.95
4.94
4.93
4.93
4.92
4.93
4.93
4.93
4.94
4.93
4.93
4.92
4.92
4.92
4.93
4.93
4.94
4.95
4.94
4.95
4.95
4.95
4.96
4.95
4.95
4.95
4.96
4.95
4.95
4.95
4.96
4.95
4.95
4.95
4.95
4.95
4.95
4.95
4.95
4.94
4.94
4.94
4.94
4.94
4.95
4.94
4.94
4.95
4.95
4.94
4.95
4.94
4.93
4.92
4.92
4.91
4.91
4.90
4.90
4.91
4.91
4.91
4.90
4.90
4.90
4.91
4.91
4.91
4.90
4.91
4.91
4.90
4.90
4.91
4.92
4.91
4.91
4.91
4.92
4.92
4.92
4.92
4.92
4.92
4.93
4.93
4.93
4.93
4.93
4.93
4.94
4.94
4.93
4.93
4.94
4.94
4.95
4.95
4.95
4.95
4.96
4.95
4.95
4.95
4.95
4.95
4.96
4.97
4.96
4.96
4.96
4.97
4.97
4.96
4.96
4.97
4.96
4.97
4.96
4.96
4.96
4.96
4.97
4.97
4.96
4.96
4.96
4.96
4.96
4.96
4.96
4.95
4.95
4.95
4.95
4.96
4.95
4.94
4.95
4.94
4.95
4.94
4.94
4.94
4.94
4.93
4.94
4.94
4.94
4.94
4.94
4.93
4.94
4.94
4.93
4.93
4.93
4.93
4.93
4.92
4.92
4.92
4.92
4.93
4.93
4.92
4.92
4.93
4.93
4.93
4.93
4.94
4.93
4.93
4.93
4.93
4.93
4.92
4.93
4.93
4.92
4.93
4.92
4.93
4.92
4.92
4.92
4.91
4.91
4.91
4.91
4.91
4.91
4.91
4.91
4.92
4.92
4.92
4.92
4.91
4.91
4.91
4.90
4.90
4.89
4.90
4.89
4.90
4.90
4.90
4.90
4.90
4.89
4.89
4.88
4.89
4.90
4.90
4.90
4.90
4.90
4.89
4.90
4.90
4.90
4.90
4.90
4.90
4.90
4.90
4.90
4.90
4.89
4.90
4.89
4.89
4.89
4.89
4.89
4.89
4.89
4.91
4.90
4.90
4.90
4.90
4.91
4.90
4.90
4.89
4.90
4.90
4.89
4.89
4.89
4.89
4.89
4.89
4.89
4.89
4.89
4.89
4.90
4.90
4.91
4.92
4.92
4.92
4.92
4.92
4.92
4.92
4.92
4.92
4.92
4.92
4.92
4.92
4.92
4.92
4.93
4.93
4.92
4.93
4.93
4.93
4.93
4.93
4.93
4.93
4.93
4.93
4.93
4.93
4.94
4.94
4.94
4.94
4.94
4.93
