1.56
2.34
2.08
1.95
1.88
1.56
1.56
1.76
1.74
1.56
1.42
1.30
1.20
1.12
1.04
0.98
1.01
1.13
1.07
1.02
1.04
0.99
0.95
0.91
0.94
0.90
0.93
1.00
0.97
0.94
0.91
0.93
0.95
0.92
0.94
1.00
1.01
1.03
1.04
1.05
1.03
1.04
1.02
0.99
1.01
0.99
0.96
0.98
0.99
0.97
0.98
0.99
0.97
0.95
0.97
0.95
0.93
0.97
0.95
0.94
0.92
0.91
0.89
0.90
0.89
0.95
0.93
0.92
0.93
0.92
0.90
0.91
0.92
0.91
0.92
0.90
0.89
0.88
0.89
0.88
0.87
0.86
0.85
0.86
0.85
0.84
0.90
0.89
0.88
0.89
0.88
0.88
0.89
0.88
0.89
0.90
0.89
0.89
0.88
0.87
0.87
0.87
0.88
0.90
0.89
0.90
0.89
0.88
0.89
0.88
0.89
0.88
0.87
0.86
0.86
0.85
0.88
0.89
0.91
0.90
0.90
0.91
0.90
0.89
0.90
0.89
0.90
0.89
0.88
0.89
0.88
0.88
0.88
0.87
0.87
0.86
0.86
0.87
0.87
0.87
0.88
0.89
0.90
0.89
0.89
0.90
0.91
0.92
0.91
0.91
0.90
0.90
0.90
0.89
0.90
0.89
0.89
0.89
0.88
0.88
0.87
0.87
0.86
0.86
0.87
0.88
0.88
0.87
0.87
0.86
0.86
0.85
0.86
0.85
0.85
0.85
0.86
0.85
0.85
0.85
0.88
0.88
0.88
0.87
0.87
0.87
0.86
0.87
0.87
0.87
0.87
0.87
0.87
0.86
0.86
0.86
0.86
0.86
0.86
0.86
0.86
0.87
0.87
0.87
0.86
0.86
0.85
0.85
0.84
0.85
0.85
0.86
0.86
0.85
0.85
0.85
0.84
0.84
0.83
0.83
0.83
0.85
0.85
0.85
0.85
0.86
0.85
0.85
0.85
0.84
0.84
0.84
0.84
0.84
0.84
0.84
0.84
0.83
0.84
0.84
0.84
0.84
0.84
0.85
0.84
0.84
0.84
0.84
0.84
0.85
0.85
0.85
0.85
0.85
0.85
0.85
0.85
0.85
0.85
0.85
0.86
0.85
0.86
0.86
0.86
0.86
0.86
0.86
0.86
0.86
0.86
0.86
0.86
0.86
0.86
0.85
0.85
0.86
0.86
0.86
0.86
0.86
0.86
0.86
0.86
0.86
0.85
0.85
0.85
0.86
0.86
0.86
0.86
0.87
0.87
0.87
0.86
0.86
0.87
0.87
0.87
0.87
0.87
0.87
0.87
0.87
0.87
0.88
0.88
0.88
0.88
0.89
0.89
0.89
0.89
0.89
0.90
0.89
0.89
0.89
0.89
0.88
0.89
0.89
0.89
0.89
0.89
0.89
0.88
0.88
0.88
0.88
0.88
0.89
0.89
0.89
0.89
0.88
0.89
0.89
0.89
0.90
0.89
0.89
0.89
0.89
0.89
0.89
0.90
0.89
0.89
0.89
0.89
0.88
0.88
0.89
0.88
0.89
0.89
0.89
0.89
0.89
0.89
0.89
0.90
0.91
0.91
0.90
0.91
0.90
0.91
0.90
0.90
0.90
0.90
0.91
0.90
0.90
0.90
0.90
0.90
0.90
0.91
0.90
0.90
0.90
0.90
0.90
0.90
0.89
0.90
0.90
0.90
0.90
0.90
0.90
0.90
0.90
0.90
0.90
0.90
0.90
0.90
0.89
0.90
0.89
0.89
0.89
0.89
0.89
0.89
0.89
0.89
0.89
0.88
0.88
0.88
0.89
0.88
0.88
0.88
0.88
0.88
0.88
0.88
0.88
0.88
0.88
0.88
0.88
0.88
0.88
0.88
0.89
0.89
0.89
0.89
0.89
0.89
0.89
0.89
0.89
0.89
0.89
0.89
0.89
0.89
0.89
0.89
0.89
0.89
0.90
0.89
0.89
0.89
0.89
0.89
0.88
0.89
0.89
0.88
0.88
0.88
0.88
0.88
0.88
0.88
0.88
0.88
0.88
