28.12
34.38
34.38
33.98
35.00
35.16
35.27
35.94
34.20
34.69
36.79
35.81
36.06
36.05
35.83
35.25
34.56
34.55
34.38
34.22
33.93
34.09
34.17
33.92
33.88
33.95
34.09
34.32
33.94
34.11
34.27
34.18
34.38
34.19
34.24
34.16
34.46
34.70
34.70
34.80
35.06
35.04
35.17
35.16
35.14
35.29
35.44
35.32
35.46
35.41
35.32
35.25
35.38
35.39
35.28
35.27
35.39
35.34
35.30
35.21
35.27
35.23
35.22
35.25
35.24
35.09
35.26
35.32
35.37
35.25
35.21
35.20
35.21
35.20
35.27
35.26
35.35
35.44
35.54
35.57
35.55
35.59
35.60
35.58
35.70
35.66
35.69
35.69
35.64
35.73
35.83
35.73
35.70
35.79
35.81
35.73
35.68
35.75
35.73
35.81
35.78
35.75
35.76
35.71
35.68
35.66
35.69
35.66
35.61
35.58
35.50
35.53
35.41
35.39
35.33
35.39
35.36
35.34
35.44
35.47
35.47
35.45
35.49
35.40
35.30
35.33
35.30
35.30
35.37
35.32
35.42
35.46
35.47
35.47
35.45
35.41
35.45
35.50
35.42
35.41
35.37
35.41
35.42
35.42
35.39
35.35
35.31
35.40
35.41
35.44
35.37
35.37
35.37
35.43
35.49
35.43
35.37
35.36
35.33
35.33
35.29
35.30
35.37
35.38
35.35
35.36
35.25
35.28
35.25
35.29
35.32
35.27
35.28
35.26
35.28
35.24
35.26
35.31
35.27
35.30
35.31
35.27
35.30
35.38
35.36
35.35
35.36
35.37
35.39
35.41
35.35
35.38
35.42
35.43
35.39
35.47
35.44
35.40
35.41
35.43
35.42
35.42
35.42
35.44
35.43
35.43
35.44
35.43
35.43
35.44
35.47
35.49
35.48
35.47
35.45
35.44
35.47
35.51
35.51
35.50
35.45
35.45
35.45
35.46
35.45
35.42
35.43
35.44
35.42
35.44
35.44
35.45
35.41
35.38
35.38
35.35
35.37
35.37
35.41
35.40
35.41
35.41
35.44
35.50
35.48
35.53
35.53
35.52
35.52
35.53
35.51
35.52
35.51
35.51
35.50
35.49
35.46
35.45
35.43
35.43
35.44
35.43
35.43
35.38
35.40
35.38
35.39
35.40
35.41
35.38
35.42
35.42
35.41
35.41
35.40
35.41
35.39
35.35
35.41
35.39
35.36
35.36
35.34
35.35
35.37
35.41
35.38
35.38
35.41
35.39
35.40
35.45
35.46
35.43
35.44
35.45
35.46
35.44
35.44
35.39
35.38
35.38
35.36
35.34
35.29
35.27
35.26
35.26
35.24
35.28
35.25
35.24
35.27
35.25
35.27
35.26
35.27
35.28
35.29
35.30
35.31
35.30
35.30
35.33
35.31
35.33
35.36
35.33
35.34
35.34
35.34
35.34
35.34
35.33
35.31
35.28
35.29
35.31
35.28
35.29
35.29
35.30
35.30
35.29
35.32
35.31
35.31
35.31
35.28
35.27
35.28
35.27
35.28
35.28
35.31
35.31
35.32
35.35
35.32
35.33
35.35
35.33
35.35
35.36
35.35
35.36
35.36
35.38
35.39
35.40
35.42
35.45
35.45
35.44
35.46
35.44
35.49
35.48
35.50
35.51
35.49
35.50
35.53
35.53
35.53
35.54
35.55
35.56
35.57
35.55
35.56
35.59
35.58
35.61
35.59
35.59
35.58
35.57
35.57
35.58
35.59
35.59
35.58
35.58
35.54
35.55
35.56
35.58
35.60
35.59
35.60
35.62
35.63
35.63
35.63
35.62
35.63
35.62
35.60
35.60
35.62
35.60
35.61
35.59
35.61
35.62
35.60
35.61
35.61
35.63
35.61
35.60
35.59
35.57
35.58
35.58
35.57
35.58
35.59
35.60
35.60
35.63
35.62
35.62
35.64
35.63
35.64
35.62
35.62
35.62
35.63
35.64
35.66
35.68
35.66
35.68
35.68
35.69
35.70
35.71
35.72
35.72
35.72
35.71
35.70
35.67
35.65
35.65
35.65
35.64
35.65
35.66
35.64
35.63
35.63
35.63
35.61
35.62
35.60
35.62
35.63
35.63
35.64
35.66
35.66
35.65
35.67
35.66
35.69
35.68
35.67
35.67
35.67
35.65
35.66
35.64
35.64
35.64
35.63
35.64
35.63
35.65
35.63
35.64
35.64
35.63
35.62
35.61
35.62
35.64
35.65
35.65
35.65
35.63
35.63
35.65
35.64
35.64
35.64
35.64
35.65
35.64
35.65
35.65
35.65
35.65
35.64
35.65
35.66
35.66
35.66
35.66
35.66
35.64
35.65
35.64
35.63
35.63
35.64
35.63
35.60
35.60
35.60
35.62
35.63
35.62
35.63
35.61
35.60
35.60
35.60
35.61
35.63
35.62
35.61
35.61
35.61
35.64
35.63
35.63
35.64
35.65
35.64
35.65
35.66
35.65
35.66
35.67
35.68
35.68
35.68
35.67
35.67
35.65
35.66
35.67
35.66
35.64
35.66
35.66
35.65
35.66
35.65
35.65
35.64
35.63
35.66
35.64
35.63
35.63
35.63
35.62
35.61
35.62
35.61
35.60
35.59
35.58
35.57
35.58
35.58
35.58
35.59
35.60
35.60
35.60
35.61
35.60
35.58
35.59
35.59
35.60
35.60
35.62
35.62
35.63
35.64
35.65
35.64
35.65
35.67
35.66
35.67
35.68
35.68
35.66
35.66
35.66
35.65
35.65
35.66
35.66
35.64
35.63
35.62
35.63
35.63
35.63
35.61
35.64
35.64
35.64
35.63
35.63
35.62
35.62
35.61
35.63
35.65
35.64
35.65
35.65
35.66
35.66
35.67
35.66
35.66
35.64
35.63
35.62
35.62
35.61
35.59
35.58
35.58
35.57
35.56
35.57
35.58
35.58
35.58
35.59
35.60
35.59
35.61
35.60
35.62
35.62
35.62
35.62
35.63
35.63
35.63
35.62
35.63
35.64
35.63
35.63
35.62
35.62
35.61
35.59
35.58
35.57
35.56
35.57
35.56
35.57
35.57
35.55
35.56
35.57
35.57
35.59
35.59
35.59
35.61
35.60
35.61
35.62
35.61
35.61
35.60
35.59
35.58
35.58
35.56
35.56
35.56
35.56
35.56
35.56
35.56
35.55
35.55
35.55
35.57
35.58
35.57
35.57
35.57
35.57
35.56
35.56
35.57
35.57
35.55
35.54
35.55
35.56
35.56
35.56
35.56
35.56
35.55
35.54
35.54
35.54
35.53
35.53
35.52
35.53
35.55
35.55
35.57
35.58
35.59
35.60
35.58
35.57
35.56
35.58
35.58
35.57
35.57
35.57
35.58
35.57
35.58
35.57
35.59
35.58
35.58
35.56
35.56
35.55
35.56
35.55
35.56
35.55
35.55
35.51
