1.56
0.78
2.08
1.95
1.88
2.34
2.46
2.54
2.78
2.66
2.70
2.47
2.28
2.23
2.19
2.25
2.48
2.52
2.47
2.34
2.46
2.34
2.24
2.28
2.38
2.46
2.43
2.40
2.37
2.40
2.37
2.29
2.27
2.30
2.32
2.26
2.28
2.26
2.24
2.30
2.29
2.27
2.29
2.27
2.26
2.31
2.29
2.28
2.23
2.19
2.18
2.19
2.18
2.14
2.10
2.18
2.17
2.16
2.12
2.08
2.10
2.09
2.06
2.08
2.12
2.11
2.08
2.05
2.02
2.01
1.98
1.95
1.95
1.92
1.94
1.97
1.99
1.98
1.98
1.99
2.01
2.04
2.01
2.01
2.06
2.07
2.07
2.04
2.02
2.01
2.01
2.00
2.00
2.01
2.04
2.08
2.06
2.04
2.02
2.02
2.04
2.05
2.06
2.04
2.04
2.02
2.03
2.03
2.02
2.02
2.01
2.01
2.03
2.01
2.02
2.02
2.03
2.03
2.04
2.04
2.07
2.07
2.08
2.10
2.10
2.12
2.12
2.14
2.14
2.14
2.12
2.12
2.14
2.15
2.13
2.13
2.13
2.17
2.19
2.19
2.18
2.17
2.15
2.15
2.14
2.14
2.14
2.13
2.14
2.14
2.12
2.15
2.13
2.15
2.14
2.14
2.13
2.15
2.14
2.15
2.14
2.14
2.15
2.15
2.17
2.18
2.20
2.20
2.19
2.18
2.18
2.19
2.19
2.21
2.21
2.23
2.23
2.24
2.24
2.27
2.27
2.27
2.29
2.28
2.26
2.27
2.26
2.26
2.28
2.29
2.29
2.28
2.27
2.26
2.27
2.27
2.26
2.26
2.25
2.26
2.25
2.24
2.25
2.24
2.23
2.22
2.22
2.23
2.24
2.24
2.23
2.23
2.22
2.22
2.22
2.22
2.22
2.22
2.22
2.22
2.23
2.22
2.24
2.23
2.24
2.23
2.23
2.24
2.23
2.23
2.23
2.24
2.24
2.24
2.23
2.22
2.22
2.22
2.24
2.24
2.23
2.23
2.24
2.23
2.23
2.22
2.23
2.22
2.22
2.21
2.21
2.21
2.22
2.21
2.23
2.24
2.24
2.24
2.24
2.25
2.25
2.25
2.26
2.28
2.30
2.30
2.29
2.30
2.29
2.30
2.29
2.30
2.30
2.29
2.28
2.29
2.30
2.29
2.28
2.28
2.29
2.29
2.30
2.29
2.30
2.31
2.31
2.30
2.32
2.32
2.32
2.32
2.31
2.31
2.32
2.33
2.33
2.32
2.34
2.34
2.34
2.33
2.33
2.32
2.31
2.31
2.31
2.31
2.30
2.29
2.29
2.30
2.29
2.30
2.31
2.31
2.31
2.31
2.32
2.33
2.34
2.33
2.33
2.32
2.33
2.32
2.32
2.32
2.32
2.32
2.32
2.32
2.33
2.33
2.33
2.34
2.33
2.33
2.32
2.33
2.33
2.33
2.33
2.32
2.31
2.31
2.31
2.32
2.32
2.32
2.31
2.31
2.31
2.31
2.30
2.30
2.30
2.29
2.29
2.29
2.28
2.27
2.27
2.27
2.28
2.27
2.26
2.27
2.27
2.27
2.27
2.27
2.27
2.28
2.27
2.27
2.27
2.27
2.26
2.26
2.26
2.25
2.25
2.25
2.26
2.25
2.25
2.25
2.26
2.25
2.25
2.26
2.25
2.26
2.25
2.25
2.26
2.26
2.26
2.26
2.26
2.27
2.26
2.26
2.25
2.25
2.25
2.25
2.24
2.24
2.24
2.24
2.24
2.23
2.24
2.23
2.25
2.25
2.26
2.25
2.25
2.25
2.25
2.26
2.25
2.26
2.25
2.25
2.25
2.25
2.25
2.25
2.25
2.25
2.25
2.24
2.25
2.25
2.25
2.25
2.25
2.25
2.25
2.25
2.25
2.26
2.26
2.26
2.26
2.26
2.26
2.25
2.25
2.25
2.25
2.24
2.24
2.23
2.23
2.24
2.23
2.23
2.23
2.23
2.23
2.23
2.22
2.22
2.23
2.23
2.23
2.23
2.24
2.23
2.23
2.23
2.23
2.24
2.23
2.24
2.24
2.24
2.24
2.23
2.23
2.23
2.23
2.23
2.23
2.23
2.22
2.23
2.24
2.24
2.23
2.23
2.23
2.23
2.23
2.22
2.22
2.22
2.21
2.22
2.22
2.21
2.21
2.21
2.22
2.22
2.21
2.22
2.22
2.22
2.22
2.22
2.23
2.23
2.23
2.23
2.23
2.23
2.23
2.23
2.23
2.23
2.23
2.22
2.22
2.22
2.22
2.22
2.22
2.22
2.22
2.22
2.22
2.22
2.22
2.21
2.22
2.21
2.22
2.21
2.22
2.22
2.22
2.22
2.22
2.22
2.22
2.22
2.23
2.23
2.22
2.22
2.22
2.23
2.23
2.22
2.23
2.23
2.23
2.23
2.23
2.23
2.23
2.23
2.23
2.23
2.23
2.23
2.24
2.23
2.24
2.24
2.24
2.25
2.25
2.25
2.26
2.25
2.25
2.25
2.26
2.26
2.25
2.25
2.25
2.25
2.26
2.25
2.25
2.25
2.25
2.25
2.25
2.25
2.25
2.25
2.25
2.25
2.25
2.24
2.24
2.24
2.24
2.24
2.24
2.24
2.24
2.24
2.24
2.24
2.24
2.23
2.24
2.24
2.24
2.24
2.24
2.24
2.24
2.23
2.23
2.23
2.23
2.23
2.23
2.23
2.23
2.23
2.24
2.24
2.24
2.24
2.23
2.23
2.24
2.24
2.25
2.25
2.25
2.25
2.25
2.25
2.25
2.25
2.25
2.25
2.25
2.25
2.25
2.26
2.26
2.26
2.26
2.27
2.26
2.27
2.26
2.26
2.26
2.26
2.26
2.26
2.26
2.26
2.27
2.27
2.27
2.26
2.27
2.27
2.27
2.27
2.27
2.27
2.27
2.27
2.27
2.27
2.27
2.27
2.27
2.28
2.27
2.28
2.28
2.28
2.28
2.29
2.28
2.29
2.28
2.29
2.29
2.29
2.28
2.29
2.28
2.28
2.28
2.28
2.28
2.28
2.28
2.28
2.28
2.28
2.28
2.28
2.28
2.29
2.28
2.28
2.28
2.28
2.28
2.29
2.28
2.29
2.29
2.29
2.29
2.29
2.29
2.29
2.29
2.29
2.29
2.29
2.29
2.29
2.29
2.29
2.29
2.29
2.29
2.29
2.29
2.28
2.28
2.28
2.28
2.29
2.29
2.29
2.29
2.29
2.29
2.29
2.29
2.29
2.29
2.29
2.29
2.29
2.29
2.29
2.29
2.29
2.29
2.29
2.29
2.29
2.29
2.29
2.29
2.29
2.29
2.29
2.29
2.29
2.29
2.29
2.29
2.29
2.29
2.30
2.30
2.30
