29.69
26.56
22.40
21.09
22.19
22.66
22.77
22.66
23.26
23.44
23.15
22.14
22.96
22.66
22.81
22.95
23.07
22.92
22.70
22.81
22.69
22.73
22.89
22.59
22.56
22.60
22.45
22.21
22.31
22.24
22.13
22.27
21.92
22.15
22.37
22.57
22.38
22.53
22.80
23.01
22.94
22.77
22.93
23.01
22.99
23.06
23.27
23.14
23.12
23.12
23.13
23.20
23.00
22.80
22.87
22.88
22.89
22.90
22.75
22.58
22.49
22.48
22.50
22.56
22.60
22.51
22.43
22.50
22.37
22.28
22.27
22.27
22.17
22.17
22.10
22.16
22.20
22.12
22.23
22.27
22.16
22.12
22.16
22.23
22.26
22.35
22.34
22.27
22.24
22.27
22.29
22.30
22.28
22.19
22.29
22.46
22.42
22.42
22.36
22.39
22.48
22.41
22.39
22.43
22.40
22.41
22.43
22.41
22.49
22.49
22.42
22.41
22.41
22.42
22.57
22.60
22.73
22.74
22.64
22.62
22.59
22.59
22.59
22.64
22.58
22.61
22.63
22.64
22.66
22.62
22.66
22.67
22.64
22.71
22.73
22.76
22.78
22.76
22.82
22.85
22.82
22.81
22.85
22.91
22.89
22.87
22.90
22.94
22.98
22.98
23.04
23.00
22.99
23.00
23.04
23.07
23.11
23.12
23.10
23.13
23.24
23.21
23.18
23.19
23.19
23.16
23.16
23.11
23.11
23.13
23.08
23.11
23.11
23.10
23.12
23.14
23.17
23.16
23.11
23.14
23.10
23.07
23.10
23.09
23.03
23.04
22.99
22.97
22.97
22.95
22.95
22.97
23.01
23.03
23.04
23.01
22.99
23.02
23.01
23.01
22.98
23.00
23.01
23.02
23.02
22.98
23.00
23.00
22.97
22.96
22.99
23.02
22.98
22.97
22.97
22.96
22.96
22.99
23.00
23.00
23.03
23.03
23.05
23.05
23.06
23.05
23.03
23.05
23.08
23.05
23.06
23.05
23.04
23.00
23.01
23.01
22.99
22.96
22.95
22.93
22.96
22.93
22.92
22.91
22.90
22.87
22.89
22.90
22.91
22.91
22.92
22.90
22.91
22.93
22.92
22.91
22.91
22.90
22.91
22.94
22.95
22.92
22.94
22.93
22.92
22.93
22.91
22.92
22.97
22.96
22.96
22.96
22.98
22.95
22.94
22.93
22.92
22.91
22.93
22.93
22.96
22.96
22.95
22.91
22.93
22.94
22.93
22.94
22.93
22.93
22.91
22.92
22.91
22.91
22.91
22.90
22.91
22.89
22.89
22.89
22.86
22.85
22.83
22.85
22.84
22.83
22.83
22.81
22.83
22.83
22.81
22.81
22.82
22.82
22.83
22.82
22.81
22.82
22.83
22.83
22.82
22.82
22.81
22.82
22.78
22.78
22.75
22.77
22.75
22.78
22.79
22.77
22.77
22.78
22.75
22.74
22.76
22.75
22.76
22.77
22.77
22.76
22.75
22.74
22.73
22.73
22.69
22.67
22.69
22.66
22.67
22.67
22.64
22.64
22.69
22.67
22.68
22.65
22.65
22.70
22.68
22.69
22.68
22.67
22.70
22.71
22.72
22.73
22.72
22.71
22.73
22.69
22.68
22.69
22.67
22.65
22.63
22.63
22.63
22.64
22.63
22.62
22.65
22.65
22.63
22.61
22.63
22.64
22.65
22.65
22.66
22.68
22.67
22.68
22.70
22.68
22.68
22.68
22.68
22.66
22.65
22.64
22.62
22.61
22.62
22.61
22.60
22.61
22.61
22.62
22.62
22.63
22.64
22.66
22.66
22.66
22.65
22.66
22.67
22.66
22.68
22.67
22.66
22.66
22.64
22.63
22.64
22.65
22.63
22.63
22.63
22.63
22.68
22.68
22.69
22.68
22.69
22.66
22.68
22.68
22.69
22.69
22.69
22.69
22.69
22.69
22.68
22.67
22.68
22.69
22.69
22.69
22.69
22.69
22.70
22.69
22.69
22.70
22.69
22.68
22.68
22.69
22.70
22.70
22.69
22.68
22.67
22.66
22.65
22.66
22.67
22.65
22.65
22.65
22.66
22.66
22.65
22.67
22.67
22.70
22.70
22.70
22.70
22.70
22.69
22.70
22.70
22.70
22.73
22.73
22.72
22.72
22.73
22.73
22.72
22.72
22.72
22.72
22.71
22.71
22.70
22.72
22.73
22.71
22.71
22.72
22.72
22.72
22.72
22.71
22.71
22.70
22.72
22.71
22.71
22.71
22.72
22.72
22.72
22.74
22.75
22.76
22.77
22.77
22.79
22.80
22.79
22.78
22.78
22.79
22.79
22.79
22.82
22.80
22.79
22.79
22.79
22.78
22.78
22.78
22.80
22.81
22.81
22.81
22.79
22.77
22.77
22.78
22.78
22.78
22.78
22.78
22.80
22.80
22.78
22.79
22.78
22.77
22.77
22.78
22.77
22.75
22.75
22.75
22.77
22.77
22.75
22.75
22.75
22.75
22.78
22.77
22.79
22.80
22.80
22.80
22.80
22.81
22.81
22.81
22.82
22.80
22.80
22.80
22.80
22.80
22.81
22.79
22.80
22.80
22.78
22.78
22.77
22.77
22.78
22.78
22.77
22.76
22.75
22.75
22.75
22.75
22.76
22.74
22.76
22.76
22.77
22.76
22.76
22.76
22.76
22.75
22.75
22.75
22.76
22.76
22.75
22.76
22.76
22.77
22.76
22.76
22.76
22.76
22.75
22.77
22.76
22.77
22.78
22.78
22.77
22.78
22.79
22.78
22.78
22.77
22.77
22.75
22.76
22.77
22.76
22.76
22.77
22.77
22.76
22.75
22.74
22.74
22.74
22.75
22.74
22.74
22.75
22.75
22.76
22.77
22.77
22.76
22.76
22.75
22.75
22.74
22.74
22.73
22.73
22.74
22.74
22.76
22.75
22.75
22.75
22.75
22.75
22.76
22.77
22.76
22.77
22.78
22.76
22.77
22.77
22.78
22.78
22.77
22.78
22.78
22.78
22.79
22.78
22.79
22.79
22.80
22.80
22.79
22.79
22.78
22.78
22.78
22.78
22.79
22.79
22.78
22.77
22.77
22.77
22.77
22.77
22.78
22.79
22.79
22.79
22.79
22.78
22.78
22.78
22.77
22.78
22.78
22.77
22.78
22.78
22.78
22.78
22.78
22.78
22.78
22.78
22.78
22.79
22.79
22.79
22.78
22.77
22.78
22.78
22.79
22.80
22.79
22.79
22.80
22.80
22.81
22.79
22.80
22.80
22.81
22.81
22.81
22.80
22.81
22.81
22.80
22.81
22.80
22.80
22.79
22.78
22.78
22.78
22.80
22.79
22.81
22.81
22.81
22.83
22.82
22.81
22.81
22.79
22.79
22.78
22.77
22.77
22.78
22.77
22.77
22.78
22.78
22.77
22.77
22.78
22.75
