12.50
14.84
13.02
13.67
13.44
12.50
12.50
13.09
14.58
14.84
15.62
16.02
16.35
16.74
16.88
16.70
16.82
16.49
16.53
16.72
16.89
17.12
17.26
17.19
16.94
16.83
16.96
17.13
16.81
16.72
16.63
16.46
16.57
16.68
16.79
16.62
16.60
16.45
16.43
16.56
16.46
16.63
16.82
16.73
16.56
16.58
16.66
16.63
16.61
16.66
16.67
16.56
16.57
16.58
16.51
16.60
16.75
16.65
16.53
16.46
16.47
16.48
16.37
16.33
16.35
16.41
16.49
16.54
16.53
16.52
16.64
16.67
16.80
16.77
16.85
16.84
16.78
16.77
16.71
16.68
16.57
16.60
16.57
16.56
16.54
16.44
16.38
16.51
16.50
16.49
16.57
16.63
16.73
16.76
16.79
16.88
16.85
16.85
16.79
16.84
16.83
16.88
16.85
16.86
16.82
16.94
16.88
16.93
17.00
17.03
17.13
17.15
17.10
17.19
17.15
17.21
17.15
17.17
17.12
17.12
17.10
17.06
17.07
17.01
17.06
17.06
17.08
17.04
17.02
17.01
17.02
16.97
16.94
16.91
16.89
16.89
16.93
16.95
16.92
16.96
17.02
17.03
16.99
17.02
17.00
17.06
17.07
17.10
17.11
17.11
17.18
17.16
17.19
17.24
17.24
17.23
17.21
17.27
17.27
17.25
17.17
17.16
17.12
17.08
17.03
17.02
17.00
17.04
17.00
16.99
16.97
16.96
17.03
17.04
17.01
17.05
17.04
17.05
17.06
17.02
17.01
17.02
17.01
17.07
17.04
17.03
17.05
17.02
17.03
17.03
17.01
16.99
17.00
16.98
16.96
16.95
16.91
16.93
16.91
16.86
16.88
16.86
16.86
16.84
16.84
16.81
16.86
16.86
16.88
16.90
16.88
16.86
16.86
16.84
16.85
16.82
16.79
16.79
16.80
16.78
16.76
16.75
16.73
16.75
16.76
16.76
16.77
16.75
16.73
16.73
16.77
16.74
16.72
16.75
16.77
16.76
16.75
16.75
16.80
16.84
16.84
16.83
16.84
16.84
16.83
16.82
16.80
16.82
16.81
16.81
16.81
16.82
16.84
16.84
16.84
16.88
16.88
16.90
16.89
16.89
16.88
16.88
16.88
16.89
16.89
16.85
16.86
16.85
16.84
16.85
16.84
16.85
16.84
16.87
16.86
16.88
16.86
16.85
16.84
16.88
16.88
16.90
16.88
16.88
16.85
16.85
16.87
16.87
16.87
16.85
16.88
16.85
16.87
16.91
16.90
16.89
16.89
16.86
16.84
16.85
16.82
16.84
16.86
16.82
16.82
16.82
16.83
16.81
16.83
16.83
16.87
16.89
16.88
16.84
16.84
16.84
16.84
16.84
16.85
16.84
16.83
16.82
16.81
16.79
16.79
16.78
16.79
16.77
16.80
16.80
16.79
16.82
16.82
16.82
16.85
16.86
16.85
16.87
16.90
16.88
16.91
16.92
16.91
16.88
16.88
16.85
16.86
16.87
16.86
16.87
16.85
16.87
16.87
16.88
16.87
16.87
16.86
16.85
16.87
16.87
16.85
16.84
16.83
16.84
16.84
16.84
16.81
16.80
16.81
16.82
16.82
16.83
16.83
16.83
16.84
16.85
16.86
16.89
16.90
16.87
16.90
16.88
16.89
16.89
16.89
16.90
16.90
16.88
16.87
16.87
16.85
16.84
16.85
16.85
16.86
16.86
16.87
16.89
16.88
16.87
16.88
16.88
16.87
16.86
16.87
16.87
16.88
16.87
16.87
16.89
16.91
16.90
16.90
16.90
16.90
16.91
16.91
16.91
16.93
16.93
16.92
16.93
16.94
16.94
16.93
16.91
16.91
16.90
16.91
16.90
16.89
16.91
16.90
16.90
16.91
16.93
16.93
16.93
16.92
16.94
16.95
16.93
16.92
16.92
16.92
16.92
16.91
16.90
16.89
16.90
16.90
16.90
16.90
16.91
16.93
16.94
16.95
16.95
16.96
16.98
16.97
16.95
16.95
16.96
16.97
16.99
17.01
17.00
17.00
17.00
17.01
17.01
17.02
17.03
17.02
17.01
17.01
17.00
16.98
17.00
17.00
16.99
17.00
16.99
16.98
16.98
16.99
16.98
16.99
16.99
16.98
16.98
16.97
16.95
16.96
16.98
16.97
16.99
16.97
16.98
16.97
17.00
16.99
17.00
17.01
17.00
17.00
16.99
16.99
17.00
17.01
17.00
16.99
17.01
17.00
17.00
17.00
16.99
16.99
17.00
16.99
16.98
16.99
16.99
17.00
17.00
17.00
16.99
16.99
16.98
16.98
16.98
16.99
16.99
16.99
17.00
17.00
17.00
16.99
17.01
17.01
17.02
17.02
17.00
16.99
16.99
16.99
17.00
17.02
17.03
17.02
17.01
17.02
17.03
17.01
17.02
17.03
17.03
17.04
17.04
17.05
17.06
17.07
17.07
17.07
17.06
17.06
17.06
17.06
17.04
17.03
17.04
17.02
17.03
17.02
17.02
17.01
17.00
16.99
17.01
17.01
17.01
17.01
17.01
17.01
17.01
17.01
17.00
17.00
17.00
16.99
16.99
16.99
16.98
16.99
16.99
16.99
16.99
16.98
17.00
17.00
17.01
17.01
17.00
17.01
17.01
17.00
16.99
16.98
16.98
16.99
16.99
17.00
16.99
16.99
16.99
16.99
17.00
17.00
17.00
17.00
16.99
17.00
16.99
16.99
16.99
16.98
16.97
16.95
16.95
16.95
16.96
16.95
16.95
16.94
16.95
16.95
16.95
16.95
16.94
16.94
16.93
16.94
16.94
16.94
16.94
16.94
16.93
16.94
16.95
16.95
16.95
16.95
16.96
16.96
16.96
16.96
16.96
16.95
16.95
16.95
16.95
16.95
16.95
16.94
16.94
16.94
16.93
16.94
16.94
16.93
16.93
16.94
16.94
16.93
16.94
16.93
16.92
16.92
16.92
16.93
16.93
16.91
16.91
16.92
16.93
16.95
16.95
16.96
16.97
16.96
16.97
16.97
16.96
16.96
16.95
16.95
16.94
16.94
16.94
16.94
16.93
16.92
16.94
16.95
16.96
16.96
16.95
16.96
16.95
16.95
16.96
16.95
16.95
16.96
16.98
16.98
16.98
16.98
16.97
16.96
16.96
16.97
16.98
16.98
16.97
16.97
16.97
16.98
16.98
16.99
16.99
17.00
17.00
17.00
17.00
17.00
16.99
17.00
17.00
17.01
17.01
17.01
17.00
16.99
17.00
17.00
17.00
17.00
17.00
17.00
17.00
17.00
17.00
17.00
17.00
16.99
16.99
17.00
16.99
16.98
16.99
16.98
16.98
16.98
16.97
16.98
16.98
16.99
16.99
17.00
17.00
17.00
17.00
17.00
17.00
16.99
16.99
16.99
16.99
16.99
16.97
