1.56
3.12
2.08
2.73
2.50
2.60
2.46
2.54
2.78
2.50
2.41
2.47
2.52
2.46
2.71
2.83
2.85
2.86
2.80
2.81
2.83
2.77
2.92
2.80
2.75
2.64
2.72
2.68
2.59
2.55
2.52
2.54
2.60
2.62
2.54
2.52
2.53
2.51
2.48
2.46
2.40
2.46
2.43
2.45
2.40
2.38
2.36
2.38
2.36
2.38
2.39
2.37
2.33
2.34
2.36
2.34
2.36
2.37
2.36
2.42
2.41
2.39
2.46
2.49
2.48
2.44
2.40
2.41
2.40
2.41
2.44
2.43
2.40
2.39
2.35
2.32
2.31
2.34
2.37
2.34
2.37
2.36
2.43
2.42
2.43
2.40
2.44
2.41
2.46
2.48
2.49
2.50
2.52
2.53
2.53
2.54
2.55
2.52
2.51
2.53
2.55
2.57
2.61
2.60
2.62
2.61
2.61
2.62
2.61
2.59
2.60
2.61
2.59
2.58
2.57
2.57
2.55
2.57
2.56
2.58
2.56
2.54
2.52
2.49
2.49
2.48
2.47
2.48
2.47
2.46
2.46
2.45
2.46
2.47
2.47
2.46
2.47
2.51
2.53
2.51
2.52
2.52
2.53
2.53
2.52
2.50
2.51
2.49
2.49
2.49
2.50
2.52
2.52
2.54
2.54
2.53
2.54
2.53
2.52
2.51
2.51
2.51
2.51
2.52
2.50
2.48
2.49
2.48
2.48
2.50
2.49
2.48
2.48
2.47
2.46
2.46
2.47
2.47
2.46
2.45
2.45
2.46
2.48
2.47
2.46
2.45
2.45
2.46
2.46
2.45
2.45
2.45
2.45
2.45
2.46
2.46
2.47
2.49
2.48
2.48
2.49
2.50
2.49
2.49
2.48
2.50
2.49
2.49
2.50
2.50
2.49
2.49
2.50
2.49
2.49
2.50
2.51
2.51
2.52
2.52
2.52
2.52
2.51
2.50
2.49
2.49
2.50
2.52
2.52
2.53
2.52
2.51
2.50
2.50
2.49
2.48
2.48
2.49
2.48
2.47
2.46
2.47
2.46
2.46
2.46
2.46
2.45
2.46
2.47
2.46
2.47
2.46
2.45
2.44
2.46
2.47
2.49
2.50
2.50
2.50
2.49
2.49
2.49
2.49
2.48
2.48
2.48
2.49
2.49
2.49
2.50
2.49
2.49
2.49
2.49
2.50
2.50
2.51
2.52
2.51
2.51
2.50
2.51
2.51
2.51
2.50
2.50
2.50
2.49
2.48
2.48
2.48
2.49
2.48
2.49
2.49
2.49
2.48
2.48
2.49
2.49
2.50
2.50
2.49
2.49
2.48
2.48
2.49
2.49
2.48
2.48
2.49
2.49
2.49
2.48
2.49
2.49
2.49
2.48
2.49
2.48
2.48
2.49
2.49
2.49
2.49
2.49
2.49
2.50
2.49
2.49
2.49
2.50
2.50
2.50
2.49
2.50
2.50
2.51
2.51
2.52
2.52
2.51
2.52
2.51
2.51
2.52
2.52
2.52
2.51
2.51
2.51
2.51
2.51
2.51
2.52
2.51
2.52
2.52
2.52
2.53
2.53
2.53
2.52
2.51
2.51
2.53
2.53
2.52
2.52
2.52
2.52
2.53
2.53
2.53
2.53
2.53
2.53
2.52
2.52
2.53
2.53
2.53
2.53
2.53
2.53
2.54
2.54
2.54
2.53
2.53
2.54
2.54
2.54
2.54
2.54
2.56
2.56
2.57
2.57
2.58
2.57
2.57
2.57
2.57
2.57
2.58
2.58
2.58
2.58
2.58
2.58
2.58
2.58
2.57
2.57
2.56
2.56
2.56
2.56
2.55
2.55
2.56
2.55
2.54
2.54
2.54
2.54
2.54
2.54
2.55
2.55
2.54
2.55
2.55
2.55
2.55
2.55
2.55
2.55
2.55
2.55
2.55
2.54
2.54
2.54
2.54
2.54
2.54
2.54
2.54
2.54
2.54
2.54
2.54
2.54
2.54
2.54
2.53
2.54
2.54
2.53
2.53
2.53
2.52
2.52
2.52
2.51
2.51
2.51
2.51
2.52
2.52
2.52
2.52
2.52
2.53
2.53
2.53
2.53
2.53
2.53
2.53
2.53
2.53
2.53
2.53
2.53
2.53
2.53
2.53
2.53
2.53
2.53
2.53
2.53
2.53
2.53
2.54
2.54
2.55
2.55
2.56
2.55
2.55
2.55
2.55
2.55
2.55
2.55
2.55
2.55
2.55
2.55
2.55
2.55
2.55
2.55
2.55
2.55
2.55
2.56
2.57
2.56
2.56
2.56
2.57
2.57
2.57
2.57
2.58
2.58
2.58
2.57
2.57
2.58
2.58
2.58
2.59
2.60
2.60
2.60
2.60
2.61
2.61
2.60
2.61
2.61
2.61
2.61
2.61
2.61
2.61
2.61
2.61
2.61
2.61
2.61
2.61
2.61
2.60
2.60
2.60
2.60
2.59
2.59
2.59
2.59
2.58
2.58
2.58
2.58
2.58
2.57
2.57
2.57
2.56
2.57
2.56
2.56
2.57
2.57
2.58
2.58
2.57
2.58
2.57
2.57
2.57
2.58
2.57
2.57
2.57
2.57
2.57
2.57
2.56
2.56
2.56
2.56
2.56
2.56
2.55
2.55
2.55
2.55
2.55
2.55
2.55
2.55
2.54
2.54
2.54
2.54
2.54
2.53
2.53
2.54
2.54
2.54
2.54
2.54
2.54
2.54
2.53
2.53
2.53
2.53
2.52
2.53
2.53
2.53
2.53
2.53
2.52
2.53
2.53
2.53
2.53
2.53
2.53
2.53
2.53
2.53
2.53
2.53
2.53
2.53
2.52
2.52
2.52
2.53
2.53
2.53
2.53
2.54
2.54
2.54
2.53
2.54
2.54
2.54
2.54
2.54
2.54
2.54
2.53
2.53
2.53
2.53
2.53
2.53
2.53
2.53
2.53
2.53
2.54
2.54
2.54
2.55
2.55
2.55
2.55
2.55
2.55
2.55
2.55
2.55
2.55
2.54
2.54
2.54
2.54
2.54
2.54
2.54
2.54
2.54
2.53
2.54
2.54
2.54
2.54
2.54
2.54
2.54
2.54
2.54
2.53
2.53
2.53
2.53
2.52
2.53
2.52
2.52
2.52
2.52
2.52
2.52
2.52
2.53
2.52
2.52
2.52
2.52
2.52
2.52
2.52
2.52
2.52
2.52
2.52
2.52
2.51
2.52
2.51
2.52
2.52
2.52
2.52
2.52
2.52
2.52
2.52
2.51
2.51
2.51
2.51
2.51
2.51
2.51
2.51
2.51
2.51
2.50
2.51
2.50
2.50
2.50
2.50
2.51
2.51
2.51
2.52
2.52
2.52
2.51
2.52
2.52
2.52
2.52
2.52
2.52
2.52
2.51
2.51
2.51
2.52
2.52
2.52
2.52
