3.12
6.25
6.77
5.86
5.62
5.47
5.58
5.47
5.03
5.00
4.83
4.82
5.05
5.02
4.79
4.69
4.78
4.77
4.69
4.61
4.61
4.69
4.55
4.49
4.44
4.45
4.40
4.41
4.53
4.53
4.59
4.59
4.45
4.50
4.42
4.51
4.48
4.36
4.45
4.37
4.31
4.32
4.25
4.30
4.31
4.28
4.36
4.43
4.37
4.34
4.29
4.39
4.42
4.40
4.40
4.41
4.39
4.45
4.37
4.35
4.33
4.31
4.32
4.37
4.40
4.36
4.38
4.34
4.37
4.42
4.36
4.30
4.26
4.29
4.25
4.24
4.22
4.23
4.27
4.26
4.26
4.23
4.20
4.17
4.17
4.12
4.08
4.03
4.00
4.03
4.05
4.06
4.03
4.07
4.10
4.07
4.11
4.08
4.09
4.06
4.04
4.00
3.97
3.98
3.97
4.01
3.97
3.96
3.97
3.93
3.93
3.95
3.97
3.96
3.95
3.96
3.95
3.93
3.93
3.92
3.90
3.89
3.89
3.87
3.88
3.87
3.86
3.86
3.84
3.83
3.83
3.85
3.83
3.80
3.82
3.83
3.80
3.78
3.78
3.77
3.75
3.75
3.77
3.75
3.75
3.75
3.75
3.77
3.75
3.74
3.73
3.72
3.70
3.67
3.67
3.67
3.67
3.66
3.65
3.65
3.68
3.68
3.68
3.66
3.66
3.67
3.67
3.66
3.65
3.63
3.65
3.63
3.64
3.63
3.62
3.60
3.62
3.62
3.61
3.61
3.62
3.61
3.60
3.60
3.61
3.59
3.58
3.57
3.58
3.56
3.57
3.56
3.55
3.57
3.58
3.59
3.59
3.57
3.58
3.59
3.59
3.60
3.60
3.62
3.61
3.60
3.59
3.58
3.59
3.59
3.61
3.60
3.61
3.62
3.62
3.61
3.59
3.58
3.60
3.60
3.59
3.60
3.59
3.59
3.59
3.61
3.61
3.63
3.62
3.61
3.62
3.61
3.61
3.61
3.64
3.65
3.65
3.64
3.63
3.63
3.64
3.65
3.65
3.66
3.66
3.67
3.66
3.65
3.66
3.64
3.64
3.63
3.64
3.64
3.63
3.63
3.64
3.63
3.63
3.62
3.61
3.62
3.62
3.63
3.63
3.63
3.63
3.64
3.64
3.65
3.65
3.66
3.66
3.66
3.65
3.65
3.63
3.63
3.65
3.64
3.64
3.63
3.64
3.63
3.62
3.64
3.65
3.66
3.65
3.65
3.66
3.65
3.65
3.65
3.64
3.65
3.66
3.65
3.66
3.67
3.67
3.69
3.70
3.70
3.71
3.72
3.73
3.72
3.73
3.73
3.74
3.74
3.73
3.73
3.73
3.72
3.72
3.72
3.72
3.71
3.71
3.72
3.71
3.71
3.70
3.71
3.71
3.70
3.70
3.69
3.68
3.67
3.66
3.66
3.67
3.68
3.68
3.67
3.66
3.68
3.67
3.67
3.67
3.67
3.67
3.67
3.67
3.68
3.68
3.68
3.68
3.67
3.67
3.66
3.66
3.65
3.65
3.65
3.64
3.63
3.63
3.64
3.64
3.63
3.63
3.63
3.63
3.63
3.63
3.63
3.63
3.62
3.62
3.63
3.63
3.62
3.63
3.64
3.64
3.66
3.66
3.66
3.66
3.66
3.66
3.66
3.65
3.64
3.64
3.64
3.64
3.64
3.64
3.63
3.63
3.63
3.62
3.62
3.62
3.62
3.62
3.62
3.62
3.63
3.62
3.61
3.60
3.61
3.60
3.60
3.59
3.58
3.58
3.58
3.58
3.58
3.57
3.57
3.57
3.56
3.56
3.55
3.55
3.55
3.56
3.55
3.55
3.56
3.55
3.55
3.55
3.56
3.56
3.56
3.56
3.56
3.56
3.56
3.55
3.55
3.56
3.56
3.56
3.56
3.57
3.56
3.57
3.56
3.57
3.57
3.56
3.57
3.57
3.57
3.57
3.56
3.56
3.56
3.56
3.56
3.56
3.56
3.56
3.56
3.57
3.57
3.57
3.56
3.56
3.56
3.56
3.56
3.55
3.54
3.54
3.54
3.54
3.55
3.55
3.56
3.56
3.56
3.56
3.57
3.57
3.58
3.59
3.59
3.59
3.59
3.59
3.60
3.60
3.60
3.60
3.60
3.60
3.60
3.60
3.59
3.59
3.59
3.58
3.57
3.57
3.57
3.57
3.57
3.57
3.57
3.57
3.56
3.56
3.57
3.57
3.57
3.57
3.57
3.57
3.58
3.58
3.58
3.59
3.59
3.60
3.60
3.60
3.60
3.59
3.59
3.59
3.59
3.59
3.60
3.60
3.60
3.59
3.59
3.59
3.59
3.59
3.59
3.59
3.60
3.60
3.59
3.60
3.60
3.60
3.60
3.60
3.59
3.59
3.59
3.60
3.60
3.60
3.60
3.61
3.61
3.61
3.60
3.60
3.61
3.60
3.61
3.61
3.61
3.61
3.62
3.62
3.62
3.62
3.62
3.62
3.62
3.62
3.61
3.61
3.62
3.61
3.62
3.61
3.63
3.62
3.62
3.62
3.62
3.62
3.62
3.62
3.62
3.61
3.61
3.62
3.62
3.62
3.62
3.62
3.61
3.61
3.61
3.61
3.61
3.61
3.61
3.61
3.60
3.60
3.60
3.60
3.60
3.60
3.60
3.60
3.60
3.60
3.60
3.61
3.60
3.60
3.60
3.60
3.61
3.60
3.60
3.60
3.61
3.60
3.60
3.60
3.60
3.61
3.60
3.60
3.60
3.60
3.60
3.59
3.59
3.59
3.59
3.59
3.59
3.59
3.58
3.59
3.59
3.59
3.59
3.59
3.59
3.59
3.59
3.59
3.59
3.60
3.60
3.60
3.61
3.61
3.60
3.60
3.61
3.61
3.61
3.61
3.61
3.61
3.61
3.61
3.61
3.60
3.60
3.59
3.60
3.60
3.60
3.59
3.60
3.60
3.59
3.59
3.60
3.59
3.59
3.59
3.60
3.59
3.59
3.60
3.60
3.59
3.60
3.61
3.60
3.60
3.60
3.60
3.60
3.60
3.61
3.61
3.60
3.61
3.61
3.62
3.61
3.61
3.61
3.62
3.61
3.62
3.62
3.61
3.61
3.61
3.61
3.61
3.61
3.61
3.61
3.62
3.61
3.62
3.62
3.62
3.62
3.62
3.62
3.62
3.62
3.63
3.63
3.62
3.62
3.62
3.62
3.61
3.61
3.61
3.62
3.62
3.62
3.62
3.63
3.63
3.62
3.62
3.62
3.62
3.62
3.61
3.62
3.61
3.61
3.61
3.61
3.61
3.60
3.60
3.60
3.60
3.61
3.61
3.61
3.61
3.61
3.60
3.61
3.61
3.61
3.61
3.61
3.61
3.62
3.61
3.62
3.62
3.62
3.62
3.62
