1.56
0.78
0.52
0.78
0.62
0.52
0.67
0.59
0.52
0.47
0.43
0.78
0.72
0.78
0.73
0.68
0.64
0.78
0.74
0.70
0.67
0.71
0.75
0.72
0.81
0.78
0.87
1.00
1.02
0.99
0.96
1.03
0.99
0.97
0.94
1.04
1.06
1.03
1.04
1.02
1.03
1.08
1.05
1.03
1.04
1.02
1.00
1.01
1.05
1.09
1.07
1.05
1.09
1.07
1.05
1.03
1.01
1.02
1.03
1.04
1.02
1.03
1.02
1.03
1.01
0.99
1.00
0.99
1.00
0.98
0.99
1.02
1.03
1.08
1.06
1.07
1.08
1.08
1.07
1.05
1.04
1.05
1.04
1.02
1.01
1.04
1.02
1.01
1.02
1.04
1.05
1.05
1.06
1.05
1.04
1.03
1.03
1.05
1.04
1.03
1.02
1.03
1.03
1.05
1.06
1.05
1.05
1.06
1.05
1.05
1.07
1.06
1.05
1.04
1.05
1.05
1.06
1.06
1.06
1.05
1.05
1.04
1.03
1.03
1.02
1.03
1.02
1.03
1.03
1.03
1.03
1.02
1.02
1.01
1.01
1.03
1.04
1.04
1.03
1.04
1.05
1.06
1.07
1.10
1.10
1.09
1.09
1.09
1.09
1.09
1.10
1.10
1.09
1.09
1.08
1.08
1.07
1.07
1.07
1.07
1.07
1.07
1.06
1.07
1.06
1.05
1.05
1.04
1.04
1.05
1.05
1.04
1.04
1.03
1.04
1.03
1.02
1.03
1.05
1.04
1.04
1.03
1.03
1.04
1.04
1.03
1.04
1.04
1.04
1.04
1.05
1.05
1.04
1.04
1.06
1.07
1.06
1.07
1.08
1.07
1.08
1.08
1.08
1.07
1.09
1.08
1.09
1.09
1.09
1.09
1.08
1.08
1.08
1.07
1.07
1.09
1.09
1.09
1.09
1.09
1.09
1.09
1.09
1.10
1.10
1.10
1.11
1.11
1.12
1.11
1.12
1.12
1.13
1.12
1.12
1.12
1.11
1.12
1.12
1.11
1.12
1.11
1.12
1.11
1.11
1.11
1.11
1.11
1.10
1.11
1.11
1.11
1.12
1.13
1.12
1.12
1.12
1.13
1.12
1.13
1.13
1.13
1.13
1.13
1.14
1.14
1.14
1.13
1.13
1.13
1.13
1.13
1.13
1.13
1.12
1.13
1.14
1.14
1.15
1.15
1.15
1.14
1.15
1.14
1.15
1.15
1.14
1.14
1.14
1.14
1.13
1.13
1.14
1.13
1.13
1.13
1.14
1.14
1.14
1.15
1.15
1.15
1.16
1.15
1.15
1.14
1.15
1.15
1.14
1.14
1.14
1.14
1.13
1.13
1.13
1.13
1.13
1.13
1.13
1.12
1.13
1.14
1.13
1.13
1.13
1.13
1.13
1.13
1.13
1.13
1.13
1.13
1.13
1.14
1.14
1.13
1.13
1.13
1.13
1.14
1.13
1.13
1.13
1.12
1.12
1.12
1.13
1.13
1.12
1.12
1.12
1.13
1.12
1.13
1.12
1.13
1.12
1.13
1.13
1.13
1.13
1.13
1.13
1.12
1.13
1.13
1.12
1.13
1.12
1.12
1.12
1.12
1.11
1.12
1.11
1.11
1.11
1.11
1.10
1.10
1.10
1.10
1.11
1.10
1.11
1.11
1.10
1.10
1.10
1.11
1.11
1.10
1.11
1.10
1.10
1.10
1.10
1.10
1.10
1.10
1.10
1.10
1.10
1.10
1.10
1.10
1.09
1.09
1.09
1.10
1.10
1.10
1.10
1.10
1.10
1.09
1.09
1.09
1.09
1.09
1.09
1.09
1.09
1.09
1.10
1.10
1.10
1.10
1.10
1.10
1.10
1.10
1.10
1.10
1.10
1.10
1.09
1.10
1.10
1.10
1.10
1.10
1.10
1.10
1.10
1.11
1.10
1.11
1.10
1.10
1.11
1.10
1.10
1.10
1.10
1.10
1.10
1.11
1.11
1.10
1.10
1.11
1.11
1.10
1.11
1.11
1.10
1.10
1.10
1.10
1.10
1.10
1.09
1.09
1.09
1.09
1.09
1.09
1.09
1.09
1.10
1.10
1.10
1.10
1.10
1.10
1.09
1.09
1.09
1.09
1.09
1.09
1.09
1.09
1.10
1.10
1.11
1.10
1.11
1.11
1.11
1.11
1.11
1.11
1.11
1.11
1.11
1.11
1.11
1.11
1.11
1.11
1.11
1.11
1.11
1.11
1.12
1.12
1.12
1.12
1.13
1.13
1.13
1.12
1.12
1.12
1.12
1.12
1.12
1.12
1.12
1.11
1.11
1.11
1.11
1.11
1.11
1.11
1.12
1.12
1.11
1.12
1.12
1.12
1.12
1.12
1.12
1.12
1.12
1.12
1.13
1.13
1.13
1.13
1.13
1.13
1.13
1.13
1.13
1.13
1.13
1.13
1.13
1.12
1.13
1.12
1.12
1.12
1.12
1.12
1.12
1.12
1.12
1.12
1.12
1.12
1.12
1.11
1.11
1.11
1.11
1.11
1.11
1.11
1.11
1.11
1.10
1.10
1.10
1.10
1.10
1.10
1.10
1.10
1.10
1.10
1.10
1.10
1.10
1.10
1.10
1.10
1.10
1.10
1.10
1.10
1.10
1.09
1.10
1.10
1.09
1.09
1.09
1.10
1.10
1.09
1.09
1.09
1.09
1.09
1.09
1.09
1.09
1.09
1.09
1.09
1.08
1.08
1.08
1.08
1.08
1.08
1.08
1.08
1.08
1.08
1.08
1.08
1.08
1.08
1.08
1.08
1.08
1.08
1.08
1.08
1.08
1.08
1.08
1.08
1.08
1.08
1.08
1.08
1.08
1.08
1.08
1.08
1.08
1.08
1.08
1.08
1.08
1.09
1.09
1.08
1.08
1.08
1.08
1.08
1.08
1.08
1.08
1.08
1.09
1.08
1.08
1.08
1.08
1.08
1.09
1.09
1.08
1.08
1.09
1.09
1.09
1.09
1.09
1.09
1.09
1.09
1.09
1.09
1.09
1.09
1.09
1.09
1.09
1.09
1.09
1.10
1.10
1.09
1.09
1.09
1.09
1.09
1.10
1.10
1.10
1.10
1.10
1.10
1.10
1.10
1.10
1.10
1.10
1.09
1.09
1.09
1.09
1.09
1.09
1.09
1.09
1.09
1.08
1.09
1.08
1.09
1.09
1.09
1.09
1.09
1.09
1.09
1.09
1.09
1.09
1.09
1.09
1.09
1.08
1.08
1.08
1.08
1.08
1.08
1.08
1.09
1.09
1.09
1.09
1.09
1.09
1.09
1.09
1.10
1.10
1.10
1.10
1.10
1.10
1.10
1.11
1.10
1.11
1.10
1.10
1.10
1.10
1.10
1.10
1.10
1.10
1.10
1.10
1.10
1.10
1.09
