1.56
0.78
1.56
1.95
2.19
2.08
2.01
2.34
2.08
2.19
2.13
2.21
2.16
2.01
2.08
1.95
1.93
1.91
1.81
1.72
1.71
1.63
1.63
1.82
1.81
1.80
1.74
1.73
1.72
1.72
1.81
1.86
1.94
1.98
1.92
1.95
1.94
1.93
1.92
1.88
1.91
1.86
1.82
1.81
1.88
1.87
1.89
1.86
1.85
1.84
1.84
1.80
1.77
1.77
1.73
1.73
1.73
1.75
1.72
1.69
1.69
1.69
1.69
1.76
1.75
1.78
1.77
1.77
1.77
1.85
1.85
1.82
1.80
1.82
1.81
1.79
1.81
1.80
1.82
1.80
1.79
1.79
1.79
1.86
1.86
1.91
1.89
1.88
1.88
1.86
1.85
1.85
1.90
1.91
1.92
1.90
1.90
1.88
1.89
1.88
1.87
1.87
1.85
1.85
1.88
1.87
1.85
1.84
1.82
1.80
1.80
1.81
1.83
1.86
1.88
1.86
1.84
1.84
1.86
1.86
1.86
1.88
1.91
1.89
1.89
1.87
1.88
1.88
1.87
1.88
1.87
1.87
1.87
1.85
1.85
1.85
1.85
1.87
1.87
1.88
1.86
1.87
1.86
1.84
1.83
1.83
1.83
1.83
1.81
1.80
1.80
1.83
1.83
1.85
1.84
1.84
1.88
1.87
1.90
1.89
1.90
1.89
1.89
1.88
1.87
1.87
1.87
1.87
1.87
1.87
1.86
1.86
1.85
1.84
1.84
1.84
1.83
1.82
1.82
1.83
1.85
1.85
1.84
1.83
1.82
1.81
1.80
1.80
1.79
1.79
1.79
1.78
1.79
1.78
1.79
1.79
1.78
1.77
1.77
1.76
1.76
1.75
1.75
1.75
1.75
1.74
1.74
1.74
1.73
1.72
1.71
1.73
1.73
1.72
1.72
1.72
1.72
1.71
1.72
1.71
1.71
1.71
1.70
1.70
1.71
1.71
1.71
1.71
1.71
1.72
1.71
1.72
1.71
1.72
1.72
1.71
1.71
1.70
1.71
1.71
1.71
1.71
1.71
1.70
1.70
1.70
1.70
1.73
1.73
1.73
1.74
1.75
1.75
1.75
1.75
1.75
1.74
1.74
1.74
1.74
1.74
1.75
1.75
1.76
1.75
1.74
1.74
1.73
1.74
1.74
1.74
1.73
1.73
1.72
1.72
1.72
1.72
1.71
1.71
1.70
1.70
1.70
1.70
1.71
1.70
1.70
1.71
1.70
1.70
1.69
1.70
1.70
1.69
1.68
1.68
1.68
1.68
1.68
1.69
1.70
1.70
1.70
1.70
1.70
1.71
1.70
1.70
1.70
1.70
1.69
1.69
1.69
1.69
1.70
1.70
1.70
1.70
1.69
1.69
1.68
1.68
1.69
1.70
1.70
1.71
1.71
1.70
1.70
1.70
1.70
1.69
1.69
1.69
1.69
1.69
1.68
1.68
1.68
1.67
1.67
1.67
1.68
1.67
1.67
1.67
1.66
1.66
1.67
1.67
1.67
1.67
1.67
1.67
1.67
1.69
1.69
1.69
1.69
1.69
1.68
1.68
1.68
1.68
1.68
1.67
1.68
1.68
1.68
1.68
1.68
1.68
1.68
1.68
1.70
1.70
1.69
1.69
1.68
1.69
1.69
1.69
1.68
1.69
1.68
1.68
1.68
1.69
1.69
1.69
1.69
1.69
1.69
1.68
1.68
1.69
1.68
1.68
1.68
1.68
1.68
1.68
1.68
1.68
1.67
1.67
1.67
1.68
1.68
1.67
1.68
1.68
1.68
1.68
1.67
1.67
1.67
1.66
1.66
1.66
1.66
1.66
1.66
1.66
1.65
1.65
1.65
1.65
1.65
1.65
1.65
1.65
1.66
1.66
1.66
1.65
1.65
1.65
1.65
1.65
1.64
1.64
1.64
1.64
1.64
1.65
1.65
1.66
1.65
1.65
1.65
1.65
1.64
1.65
1.65
1.66
1.66
1.65
1.65
1.65
1.65
1.64
1.64
1.64
1.64
1.64
1.63
1.64
1.65
1.65
1.65
1.65
1.66
1.66
1.66
1.66
1.65
1.65
1.65
1.65
1.65
1.65
1.65
1.65
1.65
1.65
1.65
1.65
1.66
1.66
1.65
1.66
1.66
1.65
1.65
1.65
1.65
1.66
1.65
1.66
1.66
1.66
1.66
1.66
1.66
1.66
1.66
1.66
1.65
1.66
1.65
1.66
1.66
1.66
1.66
1.66
1.66
1.66
1.66
1.66
1.65
1.66
1.65
1.65
1.65
1.65
1.65
1.65
1.64
1.64
1.64
1.64
1.64
1.65
1.64
1.64
1.64
1.64
1.64
1.64
1.64
1.64
1.64
1.63
1.64
1.64
1.64
1.64
1.64
1.64
1.64
1.64
1.64
1.64
1.63
1.63
1.63
1.63
1.64
1.64
1.64
1.63
1.63
1.64
1.64
1.64
1.63
1.63
1.63
1.63
1.63
1.63
1.63
1.63
1.63
1.63
1.62
1.63
1.62
1.63
1.63
1.63
1.63
1.62
1.62
1.62
1.63
1.63
1.63
1.62
1.62
1.63
1.63
1.63
1.63
1.63
1.63
1.64
1.64
1.64
1.64
1.64
1.65
1.65
1.65
1.65
1.65
1.65
1.64
1.64
1.65
1.65
1.64
1.64
1.64
1.64
1.64
1.64
1.64
1.64
1.64
1.64
1.64
1.64
1.63
1.63
1.63
1.63
1.63
1.63
1.63
1.63
1.63
1.64
1.63
1.63
1.64
1.63
1.64
1.64
1.64
1.64
1.64
1.63
1.63
1.63
1.64
1.63
1.63
1.63
1.63
1.63
1.63
1.63
1.63
1.63
1.63
1.63
1.63
1.63
1.63
1.63
1.63
1.63
1.63
1.63
1.63
1.64
1.63
1.63
1.63
1.63
1.63
1.64
1.64
1.64
1.65
1.65
1.65
1.65
1.65
1.65
1.64
1.64
1.64
1.64
1.64
1.64
1.64
1.63
1.63
1.64
1.64
1.64
1.64
1.64
1.64
1.64
1.64
1.64
1.65
1.65
1.64
1.64
1.64
1.64
1.64
1.64
1.64
1.64
1.64
1.64
1.64
1.64
1.64
1.64
1.64
1.63
1.63
1.63
1.63
1.63
1.63
1.63
1.62
1.62
1.62
1.63
1.62
1.62
1.62
1.62
1.62
1.62
1.62
1.62
1.61
1.61
1.62
1.62
1.61
1.61
1.61
1.61
1.61
1.61
1.61
1.61
1.60
1.61
1.61
1.61
1.60
1.60
1.60
1.60
1.60
1.61
1.61
1.61
1.61
1.61
1.61
1.61
1.61
1.61
1.61
1.61
1.61
1.61
1.61
1.61
1.61
1.60
1.60
1.60
1.60
1.60
1.60
1.60
1.60
1.60
1.59
