10.94
8.59
9.90
9.38
10.00
9.11
8.93
9.18
9.20
9.38
9.66
9.51
9.38
9.38
8.96
8.79
8.73
8.42
8.31
8.12
8.04
8.24
8.08
8.14
8.19
8.11
8.04
7.98
8.03
8.23
8.32
8.11
8.05
8.00
7.95
7.94
7.94
8.18
8.13
8.01
8.08
8.11
8.07
8.13
8.23
8.15
8.31
8.20
8.26
8.22
8.15
8.08
8.02
8.04
8.01
8.09
8.11
8.08
8.08
8.07
7.97
7.91
7.86
7.86
7.76
7.79
7.74
7.72
7.84
7.86
7.94
7.99
7.96
7.96
8.04
8.08
8.12
8.09
8.07
8.16
8.12
8.17
8.19
8.13
8.09
8.05
7.99
7.94
7.88
7.95
7.95
8.00
7.96
8.01
7.99
8.01
8.02
7.99
7.97
8.00
8.04
8.07
8.09
8.08
8.13
8.06
8.05
8.06
8.06
8.08
8.11
8.16
8.17
8.17
8.19
8.15
8.15
8.16
8.10
8.10
8.04
8.02
7.99
7.96
7.94
7.90
7.92
7.91
7.91
7.92
7.93
7.94
7.95
7.96
8.01
8.04
8.07
8.04
8.01
8.04
8.03
7.99
7.97
7.98
7.96
7.95
7.93
7.93
7.94
7.94
7.97
7.96
7.97
7.96
7.96
7.97
7.96
7.94
7.93
7.95
7.94
7.93
7.91
7.89
7.93
7.94
7.94
7.94
7.94
7.91
7.92
7.89
7.87
7.88
7.88
7.86
7.85
7.85
7.85
7.84
7.82
7.80
7.80
7.77
7.76
7.75
7.75
7.76
7.75
7.75
7.76
7.78
7.80
7.80
7.81
7.82
7.81
7.81
7.80
7.80
7.80
7.84
7.84
7.82
7.80
7.81
7.80
7.80
7.83
7.84
7.83
7.86
7.88
7.88
7.89
7.87
7.87
7.88
7.88
7.87
7.88
7.87
7.85
7.85
7.85
7.85
7.85
7.84
7.84
7.83
7.81
7.81
7.81
7.80
7.83
7.84
7.85
7.88
7.88
7.86
7.87
7.88
7.88
7.88
7.88
7.88
7.87
7.88
7.88
7.86
7.86
7.86
7.86
7.86
7.87
7.85
7.88
7.89
7.90
7.90
7.88
7.88
7.87
7.90
7.90
7.89
7.90
7.90
7.91
7.92
7.93
7.93
7.95
7.94
7.93
7.93
7.93
7.92
7.91
7.91
7.91
7.90
7.91
7.90
7.91
7.88
7.88
7.89
7.88
7.88
7.88
7.88
7.89
7.89
7.88
7.88
7.87
7.86
7.87
7.89
7.87
7.87
7.86
7.84
7.85
7.85
7.85
7.85
7.82
7.82
7.82
7.82
7.81
7.81
7.80
7.80
7.82
7.82
7.82
7.83
7.82
7.81
7.81
7.80
7.81
7.82
7.83
7.84
7.85
7.84
7.85
7.84
7.82
7.84
7.83
7.85
7.87
7.88
7.88
7.87
7.88
7.88
7.87
7.88
7.89
7.89
7.90
7.91
7.92
7.92
7.93
7.93
7.93
7.92
7.91
7.91
7.90
7.90
7.90
7.89
7.89
7.89
7.90
7.89
7.89
7.90
7.89
7.89
7.88
7.88
7.87
7.87
7.88
7.89
7.90
7.89
7.88
7.89
7.87
7.87
7.88
7.87
7.87
7.87
7.87
7.87
7.87
7.88
7.89
7.89
7.89
7.89
7.88
7.88
7.89
7.88
7.88
7.88
7.89
7.88
7.89
7.89
7.89
7.89
7.89
7.88
7.87
7.87
7.88
7.87
7.87
7.87
7.89
7.91
7.90
7.90
7.92
7.92
7.92
7.91
7.91
7.91
7.91
7.90
7.90
7.89
7.90
7.91
7.93
7.93
7.91
7.92
7.90
7.90
7.89
7.90
7.90
7.90
7.90
7.91
7.90
7.89
7.88
7.89
7.88
7.89
7.88
7.88
7.88
7.88
7.87
7.86
7.85
7.85
7.85
7.84
7.84
7.84
7.85
7.84
7.85
7.87
7.87
7.87
7.86
7.87
7.89
7.88
7.88
7.88
7.88
7.88
7.88
7.87
7.87
7.88
7.87
7.87
7.87
7.86
7.88
7.88
7.88
7.89
7.89
7.89
7.90
7.90
7.91
7.91
7.90
7.91
7.91
7.91
7.92
7.93
7.94
7.95
7.96
7.98
7.98
7.98
7.98
7.99
7.99
7.99
7.99
7.98
7.98
7.99
7.98
7.99
7.98
7.99
7.98
7.98
7.98
7.99
8.00
8.00
8.00
7.99
7.98
7.99
7.99
7.98
7.97
7.96
7.96
7.96
7.96
7.96
7.96
7.95
7.95
7.94
7.96
7.95
7.95
7.95
7.95
7.95
7.95
7.96
7.96
7.96
7.96
7.96
7.95
7.95
7.96
7.96
7.96
7.97
7.98
7.98
7.99
7.99
7.99
7.99
7.99
7.99
7.98
7.98
7.98
7.98
7.99
7.99
7.99
8.00
7.99
7.99
8.00
7.98
7.99
7.98
7.97
7.97
7.98
7.98
7.98
7.97
7.97
7.97
7.96
7.96
7.97
7.96
7.96
7.96
7.96
7.95
7.95
7.94
7.95
7.95
7.95
7.95
7.95
7.95
7.95
7.95
7.94
7.94
7.95
7.95
7.95
7.96
7.96
7.95
7.95
7.96
7.95
7.96
7.96
7.97
7.96
7.96
7.96
7.95
7.94
7.94
7.94
7.94
7.93
7.93
7.93
7.92
7.93
7.92
7.93
7.93
7.93
7.93
7.92
7.91
7.91
7.90
7.90
7.90
7.91
7.91
7.90
7.90
7.91
7.90
7.90
7.89
7.90
7.89
7.90
7.90
7.91
7.91
7.90
7.90
7.90
7.89
7.89
7.89
7.89
7.89
7.89
7.89
7.90
7.90
7.90
7.90
7.89
7.89
7.88
7.90
7.90
7.90
7.89
7.90
7.91
7.91
7.92
7.93
7.92
7.91
7.91
7.91
7.90
7.91
7.92
7.92
7.91
7.91
7.91
7.91
7.90
7.90
7.89
7.90
7.90
7.92
7.92
7.92
7.92
7.93
7.92
7.93
7.94
7.93
7.93
7.93
7.93
7.93
7.93
7.93
7.93
7.92
7.92
7.91
7.91
7.91
7.91
7.91
7.91
7.90
7.91
7.91
7.92
7.91
7.91
7.92
7.91
7.91
7.92
7.92
7.92
7.92
7.92
7.92
7.93
7.92
7.92
7.92
7.93
7.93
7.94
7.94
7.95
7.94
7.95
7.94
7.94
7.94
7.95
7.95
7.94
7.95
7.96
7.96
7.96
7.96
7.95
7.96
7.96
7.96
7.96
7.97
7.97
7.97
7.97
7.97
7.96
7.97
7.97
7.97
7.98
7.98
7.98
7.98
7.98
7.98
7.98
7.98
7.98
7.97
