68.75
70.31
68.23
65.62
66.25
67.97
67.41
67.58
68.06
68.28
68.89
69.14
69.47
69.53
69.27
69.24
69.67
69.44
69.24
69.77
69.35
69.82
69.84
69.86
69.94
70.25
70.43
70.59
70.47
70.26
70.11
70.17
70.12
70.40
70.40
70.57
70.40
70.27
70.35
70.43
70.43
70.57
70.39
70.60
70.66
70.82
70.84
70.77
70.70
70.78
70.86
70.76
70.64
70.78
70.94
71.01
70.70
70.69
70.58
70.68
70.59
70.61
70.49
70.39
70.31
70.24
70.17
70.15
70.22
70.25
70.22
70.31
70.40
70.35
70.19
70.17
70.19
70.27
70.25
70.37
70.37
70.39
70.31
70.35
70.40
70.37
70.26
70.24
70.31
70.19
70.14
70.18
70.18
70.20
70.18
70.23
70.18
70.20
70.20
70.17
70.25
70.25
70.12
70.16
70.07
70.09
70.11
70.18
70.23
70.31
70.31
70.26
70.26
70.31
70.30
70.26
70.29
70.34
70.39
70.46
70.52
70.58
70.58
70.54
70.54
70.55
70.48
70.50
70.49
70.52
70.57
70.57
70.56
70.63
70.69
70.73
70.67
70.72
70.74
70.77
70.82
70.84
70.79
70.86
70.86
70.92
70.99
70.98
71.05
71.04
71.06
71.05
71.05
71.07
71.06
71.03
71.06
71.03
71.04
71.06
71.08
71.12
71.16
71.18
71.14
71.17
71.25
71.21
71.17
71.17
71.12
71.10
71.15
71.19
71.25
71.32
71.28
71.32
71.29
71.24
71.24
71.27
71.26
71.27
71.30
71.33
71.41
71.36
71.37
71.36
71.38
71.35
71.36
71.34
71.36
71.34
71.36
71.42
71.45
71.44
71.48
71.50
71.53
71.56
71.60
71.59
71.66
71.64
71.66
71.68
71.68
71.74
71.76
71.76
71.73
71.73
71.76
71.78
71.78
71.80
71.81
71.81
71.80
71.82
71.78
71.82
71.79
71.76
71.77
71.77
71.77
71.74
71.76
71.77
71.80
71.80
71.80
71.83
71.86
71.84
71.85
71.88
71.92
71.92
71.90
71.92
71.92
71.93
71.95
71.94
71.97
71.97
71.97
71.99
72.01
72.01
72.05
72.03
72.06
72.04
72.01
72.01
71.96
71.97
71.99
71.97
71.96
71.94
71.96
71.95
71.96
71.98
71.98
71.99
71.99
72.00
72.03
72.02
72.02
72.00
72.03
72.02
72.02
72.02
72.03
72.03
72.02
72.03
72.03
72.04
72.04
72.01
72.03
72.03
72.03
72.03
72.02
72.05
72.06
72.04
72.05
72.03
72.06
72.05
72.05
72.07
72.06
72.08
72.09
72.09
72.07
72.05
72.04
72.07
72.08
72.09
72.11
72.11
72.12
72.11
72.10
72.11
72.12
72.13
72.12
72.13
72.11
72.14
72.15
72.15
72.14
72.11
72.09
72.08
72.08
72.07
72.07
72.10
72.09
72.07
72.08
72.05
72.03
72.06
72.04
72.04
72.02
72.05
72.05
72.07
72.08
72.11
72.11
72.11
72.12
72.13
72.14
72.10
72.11
72.12
72.12
72.11
72.11
72.13
72.12
72.12
72.10
72.11
72.11
72.09
72.09
72.08
72.10
72.10
72.06
72.07
72.05
72.04
72.03
72.03
72.03
72.03
72.03
72.05
72.05
72.05
72.07
72.06
72.08
72.08
72.06
72.07
72.10
72.08
72.11
72.12
72.09
72.08
72.08
72.07
72.07
72.07
72.06
72.04
72.05
72.04
72.04
72.04
72.03
72.04
72.03
72.03
72.04
72.04
72.04
72.06
72.07
72.07
72.07
72.06
72.08
72.07
72.09
72.10
72.09
72.09
72.11
72.09
72.09
72.08
72.08
72.07
72.07
72.04
72.06
72.06
72.05
72.07
72.07
72.06
72.05
72.04
72.02
72.02
72.04
72.05
72.06
72.06
72.07
72.06
72.07
72.06
72.07
72.05
72.06
72.07
72.07
72.06
72.05
72.03
72.03
72.04
72.04
72.04
72.04
72.04
72.07
72.05
72.05
72.05
72.05
72.05
72.06
72.05
72.05
72.03
72.05
72.04
72.06
72.05
72.04
72.03
72.03
72.04
72.04
72.04
72.04
72.01
72.00
71.98
72.00
71.98
71.99
72.00
72.01
72.02
72.04
72.03
72.03
72.03
72.05
72.05
72.06
72.06
72.07
72.07
72.08
72.09
72.09
72.08
72.08
72.06
72.07
72.06
72.08
72.08
72.09
72.08
72.06
72.07
72.08
72.07
72.06
72.06
72.04
72.04
72.06
72.06
72.07
72.07
72.05
72.07
72.05
72.04
72.06
72.06
72.06
72.08
72.08
72.07
72.06
72.06
72.05
72.04
72.06
72.06
72.06
72.07
72.07
72.07
72.08
72.08
72.07
72.06
72.04
72.05
72.06
72.06
72.05
72.05
72.06
72.05
72.04
72.04
72.05
72.04
72.02
72.03
72.03
72.03
72.01
72.00
71.99
72.00
72.00
71.99
71.99
71.99
71.99
72.00
71.98
71.98
71.98
71.98
71.97
71.97
71.99
71.98
71.99
72.00
72.00
71.99
72.00
71.98
71.98
71.97
71.97
71.98
71.98
72.00
71.99
71.99
72.00
72.01
72.00
72.00
72.02
72.02
72.01
72.00
72.00
72.00
71.99
71.99
71.99
71.99
71.98
71.98
71.98
71.97
71.96
71.95
71.96
71.97
71.97
71.99
72.01
72.01
72.01
72.01
72.02
72.03
72.02
72.01
72.01
72.01
72.03
72.04
72.05
72.05
72.05
72.06
72.06
72.07
72.06
72.06
72.05
72.06
72.06
72.05
72.06
72.07
72.08
72.10
72.10
72.09
72.10
72.09
72.08
72.09
72.08
72.08
72.08
72.09
72.08
72.09
72.08
72.08
72.08
72.07
72.07
72.07
72.07
72.08
72.08
72.09
72.10
72.09
72.09
72.10
72.10
72.10
72.09
72.08
72.06
72.05
72.04
72.04
72.04
72.05
72.05
72.04
72.02
72.02
72.01
71.99
71.99
71.98
71.98
71.99
72.01
71.99
72.00
71.99
72.00
71.99
71.99
71.98
71.99
71.99
71.98
71.98
71.96
71.98
71.97
71.96
71.95
71.96
71.96
71.95
71.95
71.94
71.94
71.93
71.93
71.94
71.94
71.95
71.95
71.94
71.94
71.94
71.95
71.95
71.97
71.98
71.98
71.99
71.99
72.00
72.00
72.00
72.00
71.99
72.00
72.00
72.01
72.02
72.03
72.04
72.03
72.02
72.02
72.03
72.03
72.02
72.00
72.01
72.01
72.00
72.00
71.98
71.99
72.00
71.99
72.00
71.98
71.98
71.98
71.97
71.97
71.97
71.96
71.95
71.94
71.94
71.93
71.93
71.94
71.94
71.94
71.87
