4.69
4.69
4.17
5.08
4.69
4.95
4.69
5.66
6.60
7.34
7.39
7.55
7.09
7.25
7.40
7.13
7.08
6.94
6.83
6.72
7.14
7.32
7.13
6.97
6.88
6.85
6.89
6.92
6.84
6.72
6.65
6.54
6.72
6.76
6.70
6.64
6.59
6.58
6.49
6.52
6.52
6.58
6.61
6.50
6.56
6.52
6.42
6.35
6.28
6.19
6.28
6.16
6.19
6.16
6.25
6.36
6.36
6.44
6.57
6.51
6.53
6.65
6.62
6.57
6.61
6.58
6.65
6.69
6.68
6.67
6.65
6.58
6.55
6.52
6.54
6.58
6.55
6.59
6.59
6.56
6.56
6.57
6.55
6.53
6.47
6.47
6.50
6.52
6.55
6.56
6.56
6.59
6.55
6.53
6.58
6.56
6.56
6.52
6.55
6.59
6.59
6.59
6.57
6.55
6.56
6.60
6.62
6.67
6.67
6.68
6.70
6.68
6.68
6.66
6.67
6.65
6.61
6.61
6.62
6.64
6.64
6.63
6.59
6.60
6.61
6.60
6.61
6.62
6.61
6.61
6.63
6.62
6.68
6.67
6.71
6.71
6.72
6.70
6.71
6.72
6.70
6.71
6.69
6.71
6.76
6.76
6.78
6.77
6.82
6.79
6.83
6.84
6.86
6.88
6.88
6.86
6.87
6.86
6.88
6.88
6.85
6.83
6.82
6.80
6.79
6.81
6.80
6.79
6.79
6.78
6.79
6.80
6.80
6.81
6.82
6.82
6.81
6.82
6.80
6.81
6.85
6.83
6.81
6.83
6.83
6.83
6.80
6.78
6.76
6.75
6.73
6.72
6.71
6.69
6.70
6.69
6.68
6.68
6.65
6.65
6.65
6.64
6.63
6.63
6.62
6.59
6.61
6.61
6.62
6.62
6.63
6.61
6.62
6.62
6.64
6.63
6.64
6.65
6.66
6.66
6.65
6.63
6.63
6.61
6.63
6.62
6.64
6.65
6.67
6.68
6.67
6.67
6.69
6.67
6.67
6.65
6.64
6.66
6.65
6.65
6.65
6.64
6.65
6.65
6.64
6.62
6.61
6.62
6.65
6.64
6.65
6.67
6.68
6.67
6.67
6.67
6.66
6.65
6.63
6.65
6.64
6.63
6.63
6.63
6.64
6.63
6.66
6.65
6.66
6.66
6.68
6.69
6.70
6.70
6.70
6.71
6.72
6.72
6.74
6.74
6.72
6.72
6.71
6.71
6.72
6.72
6.71
6.69
6.68
6.67
6.67
6.67
6.70
6.71
6.71
6.70
6.69
6.69
6.68
6.67
6.67
6.68
6.68
6.67
6.67
6.68
6.67
6.68
6.67
6.69
6.70
6.71
6.69
6.69
6.71
6.70
6.72
6.72
6.72
6.71
6.71
6.72
6.71
6.73
6.74
6.74
6.76
6.75
6.77
6.76
6.76
6.76
6.76
6.76
6.76
6.76
6.77
6.78
6.76
6.77
6.78
6.76
6.77
6.76
6.76
6.77
6.79
6.80
6.79
6.79
6.79
6.80
6.79
6.80
6.81
6.81
6.81
6.80
6.79
6.80
6.79
6.80
6.80
6.81
6.81
6.81
6.82
6.84
6.84
6.84
6.83
6.82
6.83
6.84
6.83
6.83
6.82
6.83
6.83
6.83
6.82
6.82
6.83
6.83
6.83
6.83
6.83
6.82
6.80
6.81
6.81
6.82
6.81
6.82
6.81
6.81
6.81
6.81
6.81
6.82
6.83
6.82
6.82
6.81
6.82
6.83
6.84
6.84
6.85
6.84
6.82
6.83
6.83
6.83
6.82
6.84
6.85
6.84
6.85
6.85
6.84
6.85
6.86
6.88
6.87
6.86
6.86
6.85
6.84
6.84
6.85
6.85
6.84
6.83
6.83
6.83
6.82
6.82
6.82
6.83
6.86
6.85
6.85
6.87
6.86
6.86
6.85
6.86
6.85
6.84
6.83
6.83
6.82
6.82
6.82
6.82
6.82
6.82
6.81
6.82
6.82
6.81
6.80
6.81
6.82
6.82
6.81
6.81
6.81
6.81
6.80
6.81
6.80
6.80
6.80
6.79
6.80
6.80
6.79
6.79
6.79
6.79
6.79
6.79
6.79
6.79
6.80
6.79
6.81
6.80
6.80
6.81
6.81
6.81
6.81
6.80
6.80
6.79
6.78
6.78
6.77
6.77
6.77
6.77
6.78
6.78
6.78
6.78
6.79
6.78
6.78
6.78
6.77
6.78
6.78
6.77
6.78
6.77
6.78
6.78
6.78
6.78
6.78
6.77
6.77
6.77
6.77
6.76
6.76
6.76
6.76
6.76
6.75
6.75
6.75
6.74
6.74
6.74
6.73
6.74
6.74
6.74
6.74
6.74
6.73
6.73
6.74
6.74
6.75
6.74
6.74
6.75
6.74
6.74
6.75
6.76
6.76
6.76
6.76
6.76
6.77
6.77
6.77
6.77
6.76
6.76
6.76
6.77
6.76
6.76
6.75
6.76
6.76
6.77
6.77
6.78
6.78
6.77
6.77
6.78
6.78
6.78
6.78
6.78
6.78
6.78
6.78
6.77
6.77
6.76
6.75
6.75
6.75
6.75
6.75
6.74
6.74
6.73
6.72
6.72
6.72
6.72
6.71
6.71
6.72
6.72
6.72
6.72
6.72
6.72
6.73
6.75
6.75
6.75
6.74
6.73
6.73
6.74
6.74
6.74
6.74
6.74
6.74
6.74
6.74
6.74
6.74
6.74
6.74
6.74
6.73
6.73
6.73
6.73
6.73
6.72
6.72
6.72
6.72
6.73
6.72
6.72
6.73
6.73
6.72
6.72
6.73
6.75
6.75
6.75
6.75
6.75
6.75
6.75
6.75
6.75
6.76
6.76
6.76
6.76
6.76
6.75
6.75
6.74
6.75
6.75
6.75
6.75
6.75
6.76
6.76
6.77
6.77
6.77
6.77
6.78
6.78
6.78
6.78
6.78
6.77
6.78
6.77
6.77
6.77
6.77
6.78
6.79
6.78
6.78
6.78
6.78
6.78
6.77
6.78
6.78
6.78
6.77
6.77
6.77
6.78
6.78
6.78
6.78
6.78
6.78
6.79
6.79
6.79
6.79
6.79
6.79
6.79
6.78
6.78
6.78
6.78
6.78
6.78
6.78
6.78
6.78
6.78
6.78
6.78
6.79
6.78
6.78
6.77
6.76
6.77
6.78
6.78
6.77
6.78
6.77
6.78
6.77
6.78
6.78
6.78
6.77
6.77
6.77
6.77
6.77
6.77
6.76
6.76
6.75
6.75
6.75
6.75
6.75
6.75
6.75
6.75
6.75
6.75
6.75
6.75
6.75
6.75
6.74
6.74
6.74
6.75
6.74
6.74
6.74
6.74
6.74
6.74
6.74
6.73
6.73
6.73
6.73
6.73
6.73
6.73
6.72
