1.56
2.34
2.08
1.95
1.88
1.82
1.79
1.95
1.91
1.72
1.56
1.43
1.44
1.45
1.46
1.37
1.38
1.39
1.48
1.41
1.41
1.35
1.36
1.30
1.31
1.32
1.33
1.28
1.24
1.25
1.21
1.17
1.23
1.24
1.29
1.26
1.27
1.23
1.24
1.21
1.26
1.26
1.27
1.28
1.28
1.26
1.23
1.24
1.21
1.22
1.23
1.20
1.18
1.19
1.16
1.14
1.12
1.10
1.11
1.12
1.13
1.13
1.12
1.10
1.08
1.09
1.10
1.10
1.09
1.09
1.10
1.11
1.13
1.14
1.15
1.15
1.14
1.12
1.13
1.13
1.16
1.14
1.13
1.12
1.10
1.11
1.11
1.12
1.11
1.09
1.08
1.09
1.08
1.06
1.07
1.06
1.08
1.07
1.07
1.11
1.11
1.12
1.11
1.10
1.09
1.11
1.12
1.11
1.10
1.12
1.13
1.13
1.12
1.11
1.13
1.13
1.14
1.14
1.13
1.12
1.15
1.15
1.16
1.16
1.15
1.18
1.18
1.18
1.19
1.18
1.18
1.17
1.16
1.17
1.18
1.17
1.16
1.18
1.17
1.17
1.16
1.16
1.15
1.14
1.14
1.16
1.15
1.15
1.14
1.15
1.14
1.13
1.14
1.16
1.15
1.15
1.14
1.14
1.13
1.12
1.12
1.11
1.11
1.11
1.11
1.10
1.09
1.10
1.10
1.09
1.10
1.10
1.09
1.09
1.11
1.11
1.10
1.11
1.11
1.11
1.10
1.11
1.12
1.15
1.16
1.16
1.16
1.17
1.17
1.18
1.17
1.16
1.17
1.17
1.17
1.16
1.16
1.16
1.16
1.16
1.16
1.15
1.16
1.16
1.18
1.18
1.19
1.19
1.19
1.18
1.18
1.19
1.19
1.19
1.20
1.20
1.20
1.21
1.21
1.22
1.22
1.22
1.22
1.22
1.22
1.22
1.22
1.23
1.23
1.24
1.25
1.25
1.25
1.25
1.26
1.26
1.27
1.27
1.27
1.27
1.28
1.28
1.27
1.27
1.26
1.26
1.27
1.27
1.27
1.27
1.27
1.26
1.27
1.26
1.26
1.25
1.26
1.26
1.26
1.26
1.26
1.25
1.25
1.26
1.26
1.26
1.26
1.26
1.26
1.26
1.25
1.25
1.25
1.25
1.25
1.25
1.25
1.24
1.25
1.27
1.26
1.26
1.27
1.27
1.27
1.26
1.26
1.27
1.27
1.27
1.26
1.26
1.25
1.25
1.26
1.26
1.26
1.25
1.25
1.25
1.25
1.25
1.25
1.25
1.26
1.27
1.27
1.27
1.27
1.28
1.28
1.28
1.28
1.28
1.28
1.29
1.28
1.29
1.29
1.28
1.29
1.29
1.29
1.28
1.28
1.28
1.28
1.28
1.28
1.29
1.28
1.28
1.28
1.28
1.27
1.27
1.27
1.27
1.26
1.26
1.26
1.27
1.27
1.27
1.28
1.27
1.27
1.28
1.28
1.29
1.29
1.29
1.29
1.29
1.30
1.29
1.30
1.29
1.30
1.30
1.30
1.30
1.31
1.30
1.30
1.30
1.29
1.29
1.30
1.30
1.30
1.30
1.30
1.30
1.29
1.29
1.28
1.28
1.28
1.28
1.28
1.27
1.27
1.27
1.27
1.26
1.26
1.26
1.27
1.27
1.27
1.27
1.26
1.27
1.27
1.27
1.27
1.27
1.27
1.27
1.27
1.26
1.26
1.26
1.26
1.25
1.26
1.26
1.26
1.27
1.26
1.26
1.26
1.26
1.25
1.25
1.26
1.26
1.26
1.26
1.26
1.26
1.26
1.26
1.26
1.27
1.27
1.27
1.27
1.27
1.28
1.28
1.28
1.28
1.28
1.28
1.28
1.28
1.27
1.28
1.28
1.28
1.28
1.27
1.28
1.28
1.28
1.28
1.28
1.28
1.28
1.28
1.28
1.28
1.27
1.27
1.27
1.27
1.27
1.27
1.27
1.27
1.27
1.27
1.27
1.27
1.28
1.28
1.28
1.27
1.27
1.27
1.27
1.27
1.28
1.27
1.28
1.27
1.28
1.28
1.28
1.29
1.28
1.28
1.28
1.28
1.28
1.28
1.28
1.28
1.28
1.28
1.28
1.28
1.28
1.29
1.28
1.28
1.28
1.28
1.28
1.29
1.28
1.28
1.28
1.28
1.28
1.29
1.29
1.29
1.29
1.29
1.29
1.29
1.28
1.28
1.28
1.28
1.29
1.29
1.28
1.28
1.28
1.28
1.28
1.27
1.27
1.28
1.27
1.27
1.27
1.27
1.27
1.27
1.27
1.27
1.27
1.27
1.27
1.27
1.27
1.27
1.27
1.27
1.27
1.27
1.27
1.27
1.27
1.27
1.27
1.27
1.27
1.27
1.27
1.27
1.27
1.27
1.27
1.27
1.26
1.26
1.26
1.26
1.26
1.26
1.26
1.26
1.26
1.26
1.26
1.26
1.26
1.25
1.26
1.25
1.26
1.25
1.25
1.26
1.25
1.25
1.25
1.25
1.25
1.25
1.25
1.24
1.25
1.25
1.25
1.25
1.26
1.26
1.26
1.26
1.26
1.26
1.26
1.26
1.26
1.26
1.26
1.26
1.26
1.26
1.26
1.26
1.26
1.26
1.26
1.26
1.26
1.26
1.26
1.26
1.26
1.26
1.25
1.26
1.26
1.26
1.25
1.25
1.25
1.25
1.25
1.25
1.25
1.25
1.25
1.25
1.25
1.25
1.25
1.25
1.25
1.25
1.25
1.25
1.25
1.25
1.25
1.25
1.25
1.25
1.25
1.25
1.25
1.25
1.25
1.25
1.25
1.25
1.25
1.25
1.25
1.24
1.24
1.24
1.24
1.24
1.25
1.24
1.25
1.25
1.25
1.25
1.25
1.25
1.25
1.25
1.25
1.25
1.25
1.25
1.25
1.25
1.25
1.25
1.25
1.25
1.25
1.25
1.25
1.25
1.24
1.24
1.24
1.24
1.24
1.24
1.24
1.24
1.24
1.25
1.24
1.24
1.24
1.24
1.24
1.24
1.24
1.24
1.24
1.24
1.24
1.24
1.24
1.25
1.24
1.25
1.25
1.25
1.25
1.25
1.25
1.25
1.25
1.25
1.25
1.25
1.25
1.25
1.25
1.25
1.25
1.25
1.25
1.25
1.25
1.24
1.24
1.25
1.25
1.25
1.25
1.25
1.25
1.25
1.25
1.26
1.26
1.26
1.26
1.26
1.26
1.27
1.26
1.27
1.26
1.27
1.26
1.26
1.26
1.26
1.27
1.26
1.26
1.26
1.26
1.26
1.26
1.26
1.26
1.26
1.26
1.26
1.26
1.26
1.26
1.26
1.26
1.26
1.26
1.26
1.26
1.26
1.26
1.26
1.26
1.26
