43.75
43.75
42.19
42.97
41.25
40.62
39.96
40.23
40.80
40.16
39.35
39.58
39.66
40.62
40.42
40.33
39.52
39.58
39.72
40.00
40.03
40.06
39.88
39.65
39.75
39.24
39.00
38.78
38.95
39.01
38.81
39.01
38.87
38.83
38.62
38.50
38.56
38.40
38.34
38.40
38.38
38.50
38.44
38.64
38.54
38.59
38.56
38.90
38.90
38.84
38.94
38.88
38.89
38.77
38.72
38.62
38.51
38.63
38.53
38.65
38.70
38.73
38.59
38.70
38.70
38.64
38.78
38.69
38.65
38.79
38.69
38.76
38.81
38.81
38.92
39.00
39.02
39.12
39.18
39.02
38.97
39.01
39.12
39.14
39.19
39.17
38.99
38.88
38.85
39.03
39.08
39.13
39.16
39.20
39.24
39.18
39.27
39.24
39.19
39.09
39.09
39.02
39.06
39.03
39.09
38.99
38.87
38.89
38.93
38.92
38.85
38.88
38.94
38.84
38.76
38.70
38.70
38.73
38.71
38.75
38.69
38.63
38.64
38.58
38.53
38.63
38.64
38.65
38.66
38.74
38.69
38.71
38.75
38.75
38.76
38.82
38.87
38.85
38.86
38.95
38.95
38.90
38.96
39.01
39.02
39.07
39.08
39.12
39.10
39.15
39.19
39.17
39.13
39.04
39.01
38.99
38.94
38.91
38.88
38.90
38.95
38.97
38.94
38.86
38.89
38.86
38.86
38.92
38.95
38.98
38.93
38.93
38.94
38.90
38.88
38.85
38.89
38.89
38.90
38.98
39.02
38.96
38.96
38.89
38.94
38.93
38.93
38.93
39.01
39.04
39.07
39.02
39.02
39.05
39.09
39.06
39.04
39.01
39.02
39.11
39.17
39.19
39.22
39.24
39.26
39.27
39.27
39.30
39.33
39.36
39.34
39.30
39.30
39.27
39.27
39.32
39.25
39.28
39.32
39.31
39.33
39.39
39.37
39.39
39.35
39.27
39.22
39.23
39.25
39.25
39.28
39.26
39.28
39.32
39.31
39.29
39.25
39.24
39.25
39.22
39.22
39.20
39.20
39.19
39.17
39.16
39.16
39.18
39.18
39.21
39.21
39.17
39.16
39.19
39.18
39.20
39.18
39.18
39.18
39.19
39.19
39.18
39.17
39.15
39.15
39.16
39.20
39.20
39.21
39.23
39.26
39.27
39.29
39.30
39.31
39.33
39.34
39.32
39.33
39.30
39.30
39.33
39.32
39.30
39.31
39.27
39.27
39.26
39.27
39.27
39.27
39.25
39.24
39.20
39.20
39.21
39.19
39.20
39.18
39.17
39.16
39.17
39.14
39.17
39.15
39.16
39.18
39.19
39.21
39.24
39.23
39.24
39.21
39.19
39.18
39.15
39.13
39.10
39.10
39.10
39.13
39.13
39.09
39.09
39.12
39.15
39.14
39.16
39.17
39.15
39.13
39.13
39.14
39.15
39.14
39.13
39.12
39.09
39.11
39.10
39.11
39.11
39.09
39.06
39.05
39.04
39.03
39.00
39.01
39.03
39.04
39.04
39.01
38.99
39.00
39.00
39.00
38.98
38.99
38.96
38.94
38.93
38.92
38.91
38.91
38.90
38.90
38.90
38.89
38.88
38.88
38.85
38.86
38.85
38.86
38.85
38.85
38.82
38.82
38.84
38.85
38.85
38.85
38.87
38.86
38.86
38.87
38.88
38.88
38.91
38.90
38.89
38.89
38.93
38.94
38.96
38.95
38.95
38.96
38.96
39.00
39.00
39.02
39.02
39.02
38.99
39.00
39.00
39.03
39.03
39.02
39.01
39.03
39.03
39.04
39.04
39.05
39.06
39.06
39.04
39.06
39.06
39.04
39.06
39.03
39.03
39.03
39.01
39.00
38.99
39.00
39.02
39.01
38.99
38.99
38.98
39.00
39.02
39.00
39.01
39.01
39.02
39.03
39.04
39.04
39.08
39.09
39.10
39.08
39.08
39.07
39.08
39.07
39.09
39.09
39.10
39.07
39.06
39.07
39.07
39.08
39.07
39.09
39.08
39.08
39.07
39.08
39.10
39.11
39.10
39.08
39.11
39.12
39.11
39.11
39.11
39.11
39.11
39.11
39.11
39.11
39.10
39.11
39.12
39.11
39.11
39.08
39.08
39.08
39.08
39.07
39.05
39.05
39.05
39.07
39.06
39.06
39.08
39.07
39.09
39.11
39.12
39.13
39.12
39.10
39.08
39.08
39.07
39.07
39.07
39.05
39.05
39.05
39.04
39.05
39.06
39.06
39.06
39.04
39.05
39.04
39.06
39.07
39.08
39.09
39.11
39.12
39.11
39.13
39.13
39.13
39.14
39.14
39.14
39.13
39.14
39.15
39.15
39.15
39.16
39.16
39.15
39.14
39.13
39.13
39.14
39.15
39.18
39.15
39.16
39.16
39.18
39.18
39.20
39.21
39.24
39.26
39.24
39.25
39.26
39.26
39.27
39.26
39.25
39.23
39.22
39.22
39.22
39.21
39.22
39.19
39.20
39.24
39.23
39.21
39.21
39.21
39.23
39.24
39.24
39.22
39.22
39.21
39.20
39.22
39.22
39.21
39.24
39.23
39.23
39.25
39.25
39.25
39.26
39.26
39.26
39.26
39.24
39.24
39.23
39.24
39.24
39.24
39.25
39.24
39.25
39.26
39.25
39.25
39.25
39.25
39.26
39.27
39.25
39.25
39.25
39.24
39.24
39.25
39.24
39.23
39.23
39.23
39.23
39.24
39.24
39.25
39.24
39.24
39.23
39.23
39.23
39.23
39.22
39.23
39.24
39.23
39.22
39.22
39.20
39.21
39.21
39.19
39.20
39.19
39.20
39.20
39.20
39.19
39.19
39.18
39.18
39.16
39.17
39.17
39.16
39.17
39.17
39.16
39.15
39.15
39.13
39.12
39.11
39.10
39.11
39.10
39.10
39.10
39.09
39.08
39.08
39.09
39.09
39.09
39.10
39.11
39.13
39.12
39.12
39.12
39.14
39.14
39.14
39.14
39.15
39.15
39.16
39.17
39.15
39.14
39.13
39.13
39.13
39.12
39.11
39.11
39.11
39.10
39.10
39.11
39.13
39.13
39.12
39.11
39.11
39.10
39.10
39.11
39.12
39.12
39.12
39.13
39.13
39.12
39.12
39.11
39.11
39.11
39.12
39.11
39.12
39.13
39.14
39.13
39.13
39.13
39.13
39.12
39.12
39.12
39.12
39.12
39.12
39.11
39.12
39.12
39.13
39.14
39.15
39.16
39.15
39.15
39.14
39.15
39.14
39.14
39.14
39.14
39.13
39.13
39.14
39.14
39.13
39.12
39.12
39.12
39.11
39.09
39.08
39.08
39.07
39.09
39.09
39.10
39.10
39.10
39.10
39.11
39.12
39.13
39.13
39.14
39.15
39.16
39.16
39.16
39.15
39.16
39.16
39.16
39.13
