0.00
1.56
1.04
1.17
0.94
0.78
0.67
0.98
0.87
0.94
0.85
0.78
0.72
0.78
0.73
0.68
0.64
0.61
0.58
0.55
0.52
0.57
0.54
0.52
0.50
0.48
0.46
0.45
0.43
0.42
0.50
0.49
0.52
0.51
0.58
0.56
0.59
0.58
0.56
0.55
0.57
0.56
0.55
0.57
0.56
0.54
0.53
0.55
0.57
0.59
0.61
0.66
0.71
0.72
0.71
0.75
0.77
0.81
0.79
0.78
0.77
0.76
0.79
0.78
0.77
0.78
0.77
0.76
0.77
0.78
0.77
0.76
0.75
0.76
0.75
0.74
0.75
0.74
0.75
0.78
0.79
0.78
0.77
0.82
0.81
0.84
0.83
0.82
0.81
0.82
0.82
0.83
0.84
0.85
0.87
0.86
0.90
0.92
0.93
0.94
0.96
0.97
0.97
0.96
0.97
0.96
0.96
0.97
0.96
0.95
0.96
0.98
0.98
0.97
0.96
0.96
0.96
0.95
0.96
0.95
0.97
0.97
0.97
0.96
0.96
0.95
0.95
0.94
0.93
0.93
0.92
0.91
0.92
0.91
0.91
0.92
0.92
0.92
0.91
0.90
0.91
0.92
0.92
0.91
0.92
0.91
0.90
0.91
0.90
0.90
0.90
0.90
0.90
0.90
0.90
0.89
0.89
0.90
0.90
0.90
0.89
0.89
0.88
0.88
0.88
0.89
0.89
0.90
0.90
0.89
0.89
0.89
0.89
0.89
0.89
0.89
0.88
0.88
0.87
0.88
0.87
0.88
0.88
0.88
0.88
0.90
0.89
0.90
0.89
0.90
0.89
0.90
0.89
0.89
0.89
0.88
0.89
0.88
0.89
0.88
0.89
0.89
0.89
0.90
0.90
0.90
0.89
0.89
0.89
0.89
0.89
0.88
0.88
0.88
0.87
0.88
0.87
0.87
0.87
0.87
0.87
0.87
0.88
0.89
0.89
0.88
0.88
0.88
0.87
0.87
0.87
0.88
0.87
0.87
0.87
0.87
0.87
0.87
0.87
0.87
0.87
0.88
0.88
0.88
0.88
0.88
0.87
0.87
0.87
0.87
0.87
0.87
0.87
0.88
0.89
0.89
0.89
0.90
0.89
0.89
0.89
0.88
0.88
0.88
0.88
0.88
0.88
0.87
0.88
0.88
0.88
0.87
0.88
0.87
0.87
0.87
0.86
0.86
0.86
0.85
0.86
0.85
0.86
0.85
0.86
0.85
0.85
0.85
0.85
0.85
0.85
0.86
0.86
0.87
0.86
0.86
0.86
0.86
0.86
0.86
0.86
0.86
0.86
0.87
0.87
0.86
0.86
0.86
0.85
0.85
0.85
0.85
0.85
0.86
0.85
0.85
0.86
0.85
0.85
0.85
0.85
0.85
0.85
0.84
0.84
0.85
0.85
0.85
0.85
0.85
0.85
0.86
0.86
0.86
0.86
0.86
0.86
0.86
0.86
0.86
0.87
0.86
0.87
0.86
0.87
0.86
0.86
0.86
0.86
0.87
0.86
0.86
0.86
0.86
0.86
0.86
0.86
0.86
0.86
0.86
0.85
0.85
0.85
0.85
0.85
0.85
0.85
0.85
0.85
0.85
0.85
0.86
0.86
0.86
0.86
0.86
0.87
0.86
0.87
0.87
0.87
0.86
0.86
0.86
0.86
0.85
0.86
0.86
0.86
0.86
0.86
0.86
0.86
0.87
0.87
0.86
0.87
0.86
0.87
0.87
0.87
0.87
0.87
0.87
0.87
0.87
0.86
0.86
0.86
0.86
0.86
0.86
0.86
0.87
0.87
0.87
0.87
0.87
0.87
0.86
0.86
0.86
0.86
0.86
0.86
0.86
0.86
0.86
0.86
0.86
0.86
0.86
0.86
0.86
0.86
0.86
0.86
0.87
0.86
0.86
0.86
0.87
0.86
0.87
0.87
0.87
0.87
0.87
0.87
0.87
0.87
0.87
0.87
0.86
0.86
0.86
0.86
0.86
0.86
0.86
0.86
0.86
0.86
0.87
0.87
0.87
0.87
0.86
0.86
0.86
0.86
0.86
0.86
0.86
0.87
0.86
0.86
0.86
0.86
0.86
0.86
0.87
0.87
0.87
0.87
0.87
0.87
0.88
0.88
0.88
0.88
0.87
0.87
0.87
0.87
0.87
0.87
0.87
0.87
0.87
0.88
0.88
0.88
0.88
0.88
0.88
0.88
0.88
0.87
0.87
0.87
0.87
0.87
0.87
0.87
0.87
0.87
0.87
0.88
0.88
0.88
0.89
0.89
0.89
0.89
0.90
0.90
0.90
0.89
0.89
0.89
0.89
0.89
0.90
0.90
0.89
0.89
0.89
0.89
0.89
0.89
0.89
0.88
0.88
0.88
0.88
0.89
0.89
0.89
0.89
0.89
0.89
0.89
0.89
0.89
0.89
0.89
0.89
0.89
0.89
0.89
0.89
0.89
0.88
0.88
0.88
0.88
0.88
0.88
0.87
0.88
0.88
0.88
0.88
0.87
0.87
0.87
0.87
0.87
0.87
0.87
0.87
0.87
0.87
0.87
0.87
0.87
0.87
0.87
0.87
0.87
0.87
0.87
0.87
0.87
0.88
0.88
0.88
0.88
0.87
0.87
0.87
0.87
0.87
0.88
0.87
0.88
0.88
0.87
0.88
0.88
0.88
0.87
0.87
0.88
0.88
0.88
0.88
0.88
0.88
0.88
0.88
0.88
0.88
0.87
0.88
0.88
0.88
0.88
0.89
0.89
0.89
0.89
0.88
0.88
0.88
0.88
0.88
0.88
0.88
0.88
0.88
0.88
0.88
0.88
0.88
0.88
0.88
0.88
0.88
0.89
0.88
0.89
0.88
0.88
0.88
0.88
0.88
0.88
0.88
0.88
0.88
0.88
0.88
0.88
0.88
0.88
0.88
0.88
0.88
0.88
0.89
0.89
0.89
0.89
0.89
0.89
0.89
0.89
0.89
0.90
0.90
0.90
0.90
0.89
0.90
0.89
0.89
0.90
0.90
0.90
0.89
0.89
0.89
0.89
0.90
0.90
0.90
0.91
0.91
0.90
0.90
0.90
0.90
0.90
0.90
0.91
0.90
0.90
0.90
0.90
0.90
0.90
0.90
0.90
0.90
0.90
0.90
0.90
0.90
0.90
0.90
0.90
0.90
0.90
0.90
0.90
0.90
0.90
0.90
0.90
0.90
0.90
0.90
0.90
0.90
0.90
0.90
0.90
0.90
0.90
0.90
0.90
0.89
0.89
0.89
0.89
0.89
0.89
0.89
0.89
0.89
0.89
0.89
0.89
0.89
0.89
0.89
0.89
0.89
0.89
0.89
0.89
0.89
0.89
0.90
0.89
0.90
0.89
0.89
0.90
0.89
0.90
0.90
0.90
0.90
0.90
0.90
0.89
0.90
0.89
0.89
