3.12
2.34
1.56
2.34
2.19
2.08
2.01
2.15
2.43
2.34
2.13
1.95
2.16
2.12
2.08
2.05
2.11
2.17
2.14
2.19
2.16
2.20
2.11
2.02
2.00
1.98
1.97
1.95
2.05
2.03
2.02
2.00
2.04
2.02
1.96
1.91
1.86
2.01
2.00
2.03
1.98
2.01
2.03
2.02
2.08
2.04
2.03
2.05
2.10
2.09
2.05
2.04
2.00
1.97
1.99
2.09
2.11
2.07
2.04
2.03
2.00
1.97
2.01
2.05
2.02
2.04
2.05
2.02
2.06
2.08
2.09
2.11
2.08
2.05
2.02
1.99
1.97
1.94
1.94
1.91
1.93
1.94
1.92
1.90
1.88
1.87
1.90
1.94
1.95
1.93
1.91
1.89
1.90
1.91
1.92
1.92
1.93
1.91
1.96
1.97
1.95
1.93
1.97
1.97
1.95
1.98
2.00
2.01
2.01
1.99
2.01
1.99
2.00
1.99
1.98
2.01
2.00
2.00
2.02
2.04
2.07
2.07
2.08
2.07
2.06
2.05
2.08
2.09
2.08
2.12
2.11
2.10
2.09
2.08
2.11
2.11
2.10
2.09
2.08
2.08
2.08
2.08
2.09
2.09
2.11
2.12
2.13
2.14
2.14
2.16
2.15
2.15
2.14
2.15
2.17
2.16
2.17
2.17
2.15
2.14
2.14
2.12
2.13
2.13
2.16
2.15
2.13
2.15
2.15
2.15
2.14
2.18
2.17
2.16
2.15
2.15
2.16
2.18
2.16
2.16
2.15
2.17
2.19
2.19
2.20
2.21
2.20
2.22
2.22
2.23
2.22
2.22
2.22
2.23
2.23
2.23
2.23
2.23
2.21
2.22
2.22
2.20
2.20
2.19
2.21
2.22
2.23
2.22
2.22
2.22
2.21
2.20
2.20
2.20
2.19
2.18
2.18
2.19
2.18
2.17
2.17
2.17
2.17
2.19
2.19
2.20
2.20
2.19
2.19
2.19
2.18
2.18
2.17
2.17
2.17
2.19
2.20
2.19
2.19
2.18
2.18
2.19
2.18
2.19
2.19
2.19
2.19
2.19
2.18
2.18
2.19
2.19
2.20
2.21
2.20
2.20
2.19
2.20
2.20
2.20
2.19
2.20
2.19
2.21
2.21
2.21
2.21
2.21
2.21
2.21
2.21
2.21
2.21
2.21
2.20
2.20
2.21
2.21
2.21
2.21
2.21
2.22
2.23
2.22
2.22
2.22
2.23
2.25
2.25
2.25
2.25
2.25
2.25
2.26
2.27
2.26
2.27
2.28
2.27
2.26
2.26
2.26
2.25
2.27
2.27
2.26
2.26
2.25
2.26
2.26
2.26
2.26
2.26
2.25
2.26
2.26
2.26
2.27
2.28
2.28
2.28
2.27
2.27
2.27
2.26
2.26
2.26
2.26
2.26
2.25
2.25
2.24
2.24
2.25
2.25
2.25
2.25
2.25
2.27
2.27
2.27
2.27
2.26
2.26
2.26
2.26
2.26
2.25
2.26
2.25
2.26
2.26
2.26
2.27
2.28
2.27
2.28
2.27
2.27
2.27
2.27
2.27
2.28
2.28
2.27
2.28
2.29
2.28
2.28
2.28
2.28
2.28
2.28
2.28
2.28
2.29
2.29
2.29
2.31
2.31
2.30
2.30
2.29
2.29
2.30
2.30
2.31
2.31
2.33
2.32
2.33
2.33
2.33
2.32
2.32
2.32
2.32
2.32
2.31
2.32
2.31
2.31
2.31
2.31
2.30
2.29
2.29
2.29
2.29
2.29
2.29
2.29
2.29
2.29
2.31
2.31
2.30
2.30
2.30
2.30
2.30
2.30
2.30
2.31
2.31
2.32
2.32
2.33
2.32
2.33
2.32
2.33
2.32
2.33
2.34
2.34
2.33
2.33
2.33
2.33
2.34
2.34
2.34
2.34
2.35
2.35
2.35
2.36
2.36
2.36
2.36
2.36
2.36
2.36
2.37
2.36
2.37
2.37
2.37
2.36
2.37
2.36
2.37
2.37
2.36
2.36
2.36
2.36
2.37
2.37
2.37
2.37
2.37
2.36
2.37
2.37
2.37
2.36
2.36
2.36
2.37
2.37
2.37
2.37
2.38
2.38
2.38
2.38
2.37
2.38
2.37
2.37
2.37
2.37
2.37
2.37
2.38
2.38
2.38
2.38
2.38
2.37
2.37
2.37
2.37
2.37
2.37
2.37
2.38
2.37
2.39
2.39
2.40
2.40
2.40
2.40
2.39
2.40
2.39
2.39
2.39
2.39
2.39
2.39
2.40
2.40
2.40
2.39
2.39
2.39
2.39
2.38
2.38
2.38
2.37
2.38
2.38
2.38
2.38
2.38
2.38
2.38
2.38
2.38
2.38
2.38
2.37
2.37
2.37
2.37
2.36
2.36
2.36
2.36
2.36
2.35
2.36
2.35
2.35
2.35
2.35
2.35
2.35
2.35
2.35
2.35
2.35
2.35
2.35
2.35
2.35
2.34
2.35
2.34
2.35
2.35
2.36
2.37
2.36
2.36
2.36
2.36
2.36
2.36
2.36
2.36
2.36
2.35
2.36
2.36
2.37
2.37
2.37
2.37
2.37
2.37
2.37
2.37
2.37
2.37
2.37
2.36
2.36
2.36
2.36
2.36
2.37
2.37
2.37
2.36
2.36
2.36
2.36
2.35
2.36
2.35
2.35
2.35
2.35
2.34
2.34
2.35
2.36
2.35
2.36
2.36
2.36
2.36
2.36
2.37
2.37
2.37
2.37
2.36
2.36
2.36
2.36
2.36
2.36
2.36
2.36
2.36
2.36
2.35
2.35
2.35
2.35
2.35
2.35
2.36
2.35
2.36
2.35
2.35
2.35
2.35
2.35
2.35
2.35
2.35
2.35
2.35
2.34
2.34
2.34
2.34
2.34
2.33
2.33
2.33
2.33
2.33
2.33
2.33
2.33
2.33
2.33
2.33
2.33
2.33
2.33
2.33
2.33
2.33
2.33
2.33
2.33
2.33
2.34
2.33
2.34
2.33
2.33
2.34
2.34
2.34
2.34
2.34
2.34
2.33
2.33
2.33
2.34
2.34
2.34
2.34
2.34
2.34
2.34
2.34
2.34
2.34
2.34
2.34
2.34
2.34
2.34
2.34
2.34
2.34
2.34
2.34
2.34
2.33
2.33
2.34
2.33
2.34
2.34
2.34
2.33
2.33
2.33
2.33
2.34
2.34
2.33
2.33
2.33
2.33
2.33
2.33
2.33
2.33
2.33
2.33
2.33
2.33
2.33
2.33
2.33
2.33
2.33
2.33
2.33
2.33
2.33
2.33
2.33
2.33
2.33
2.33
2.33
2.33
2.33
2.33
2.33
2.34
2.34
2.34
2.33
2.34
2.34
2.33
2.33
2.33
2.33
2.33
2.33
2.32
2.32
2.32
