14.06
15.62
15.10
16.41
16.88
16.67
16.96
18.16
18.92
18.91
18.61
18.23
17.91
17.75
18.23
17.97
17.92
17.80
18.01
18.44
18.45
17.97
17.66
17.84
18.06
18.09
18.00
18.08
18.16
18.28
18.65
18.46
18.42
18.20
18.04
18.06
17.95
17.85
17.83
17.77
17.61
17.52
17.41
17.51
17.50
17.32
17.35
17.29
17.25
17.22
17.10
17.19
17.22
17.16
17.10
16.99
16.94
16.78
16.84
16.82
16.91
16.99
17.09
17.07
16.95
17.00
17.05
17.05
17.10
17.12
17.10
17.04
16.99
16.98
16.98
16.94
16.98
17.03
17.15
17.19
17.19
17.26
17.26
17.28
17.26
17.31
17.30
17.29
17.28
17.22
17.20
17.29
17.27
17.27
17.25
17.24
17.22
17.25
17.33
17.38
17.34
17.36
17.38
17.32
17.32
17.33
17.32
17.39
17.40
17.39
17.37
17.33
17.33
17.35
17.32
17.31
17.25
17.27
17.20
17.23
17.23
17.21
17.16
17.11
17.14
17.19
17.24
17.24
17.28
17.33
17.31
17.29
17.27
17.33
17.34
17.28
17.35
17.36
17.34
17.35
17.44
17.46
17.48
17.57
17.59
17.65
17.64
17.64
17.70
17.82
17.83
17.81
17.80
17.81
17.79
17.82
17.84
17.85
17.83
17.81
17.86
17.84
17.87
17.88
17.87
17.92
17.95
17.94
18.00
17.98
17.96
17.94
17.95
17.89
17.96
17.96
17.92
17.95
17.94
17.93
17.91
17.93
17.95
17.99
18.03
18.09
18.11
18.09
18.06
18.03
18.07
18.05
18.05
18.07
18.08
18.10
18.08
18.06
18.07
18.05
18.05
18.02
18.04
18.05
18.06
18.04
18.03
18.06
18.03
18.04
18.05
18.06
18.05
18.05
18.04
18.05
18.04
18.03
18.03
18.00
18.06
18.03
18.01
18.00
18.01
18.00
18.01
18.06
18.08
18.07
18.06
18.06
18.03
18.04
18.04
18.03
18.01
17.98
18.00
17.98
17.97
17.97
17.97
17.97
17.99
17.98
17.96
17.97
17.97
17.96
17.92
17.94
17.97
17.97
17.97
17.97
17.99
17.97
17.98
17.96
17.94
17.92
17.93
17.95
17.94
17.93
17.91
17.93
17.91
17.90
17.90
17.89
17.88
17.89
17.90
17.90
17.90
17.89
17.90
17.89
17.87
17.87
17.86
17.82
17.83
17.86
17.84
17.87
17.87
17.86
17.86
17.88
17.86
17.86
17.83
17.85
17.82
17.84
17.83
17.83
17.85
17.84
17.82
17.81
17.82
17.81
17.81
17.80
17.78
17.78
17.80
17.79
17.80
17.80
17.82
17.79
17.78
17.78
17.77
17.78
17.77
17.78
17.80
17.81
17.84
17.83
17.81
17.83
17.83
17.84
17.84
17.84
17.87
17.85
17.85
17.87
17.89
17.89
17.87
17.87
17.87
17.85
17.83
17.84
17.88
17.91
17.92
17.89
17.86
17.87
17.86
17.84
17.86
17.85
17.89
17.91
17.92
17.90
17.91
17.91
17.88
17.87
17.88
17.87
17.89
17.87
17.88
17.88
17.87
17.89
17.90
17.89
17.89
17.90
17.90
17.89
17.90
17.88
17.90
17.89
17.91
17.91
17.95
17.96
17.95
17.95
17.95
17.94
17.96
17.95
17.97
17.98
17.97
18.00
17.99
17.98
18.00
18.00
18.01
18.00
18.01
18.02
18.05
18.06
18.05
18.04
18.03
18.05
18.07
18.07
18.07
18.05
18.05
18.07
18.03
18.04
18.05
18.06
18.05
18.07
18.05
18.05
18.03
18.03
18.03
18.03
18.05
18.03
18.04
18.04
18.03
18.05
18.04
18.03
18.04
18.03
18.04
18.05
18.06
18.05
18.05
18.05
18.04
18.05
18.07
18.07
18.06
18.06
18.08
18.08
18.07
18.08
18.09
18.09
18.09
18.09
18.09
18.09
18.08
18.08
18.08
18.08
18.08
18.09
18.11
18.12
18.12
18.11
18.11
18.11
18.12
18.11
18.09
18.09
18.09
18.09
18.08
18.08
18.09
18.08
18.08
18.07
18.07
18.10
18.11
18.12
18.12
18.12
18.11
18.11
18.12
18.11
18.12
18.12
18.15
18.15
18.15
18.14
18.15
18.14
18.14
18.13
18.14
18.14
18.14
18.15
18.14
18.13
18.13
18.15
18.14
18.15
18.13
18.14
18.13
18.12
18.11
18.13
18.15
18.16
18.15
18.15
18.15
18.16
18.17
18.16
18.17
18.17
18.17
18.17
18.17
18.17
18.16
18.16
18.16
18.16
18.17
18.17
18.18
18.17
18.15
18.15
18.17
18.18
18.19
18.20
18.20
18.20
18.19
18.19
18.17
18.19
18.19
18.19
18.18
18.19
18.18
18.18
18.16
18.16
18.16
18.16
18.16
18.17
18.19
18.19
18.18
18.18
18.19
18.19
18.18
18.19
18.21
18.20
18.20
18.20
18.20
18.20
18.21
18.21
18.19
18.21
18.21
18.19
18.20
18.21
18.20
18.21
18.21
18.22
18.20
18.20
18.19
18.20
18.20
18.19
18.19
18.20
18.19
18.19
18.18
18.16
18.15
18.15
18.17
18.16
18.17
18.17
18.18
18.19
18.20
18.20
18.18
18.17
18.17
18.17
18.18
18.17
18.17
18.18
18.17
18.15
18.16
18.15
18.15
18.14
18.15
18.15
18.14
18.13
18.12
18.12
18.12
18.13
18.13
18.14
18.15
18.15
18.15
18.15
18.15
18.16
18.17
18.18
18.18
18.19
18.19
18.18
18.18
18.18
18.19
18.18
18.19
18.19
18.18
18.18
18.18
18.18
18.17
18.16
18.16
18.16
18.16
18.16
18.17
18.17
18.17
18.17
18.17
18.17
18.18
18.17
18.18
18.18
18.18
18.18
18.19
18.19
18.20
18.20
18.20
18.20
18.19
18.19
18.19
18.18
18.18
18.18
18.19
18.19
18.19
18.19
18.18
18.19
18.19
18.21
18.22
18.22
18.24
18.24
18.25
18.25
18.24
18.24
18.24
18.24
18.24
18.23
18.23
18.22
18.21
18.20
18.20
18.20
18.20
18.20
18.20
18.20
18.19
18.19
18.18
18.17
18.18
18.19
18.19
18.18
18.19
18.18
18.17
18.17
18.18
18.17
18.17
18.16
18.17
18.17
18.17
18.17
18.18
18.18
18.18
18.19
18.18
18.20
18.21
18.21
18.21
18.22
18.21
18.21
18.21
18.21
18.21
18.20
18.20
18.20
18.21
18.21
18.22
18.22
18.23
18.23
18.23
18.23
18.24
18.24
18.24
18.25
18.25
18.24
18.24
18.24
18.23
18.23
18.24
18.25
18.25
18.25
18.25
18.25
18.25
18.23
