9.38
10.94
9.38
9.77
10.31
10.16
10.04
10.16
10.07
10.47
10.51
10.03
9.86
9.38
9.48
9.18
9.47
9.29
9.05
8.83
8.56
8.59
8.63
8.53
8.38
8.47
8.51
8.48
8.30
8.49
8.47
8.40
8.43
8.36
8.26
8.12
8.07
8.14
8.17
8.24
8.23
8.22
8.32
8.27
8.19
8.22
8.21
8.37
8.35
8.31
8.33
8.35
8.40
8.42
8.41
8.57
8.63
8.54
8.55
8.59
8.56
8.44
8.46
8.52
8.46
8.40
8.49
8.55
8.56
8.59
8.56
8.53
8.50
8.47
8.44
8.43
8.42
8.37
8.37
8.50
8.45
8.46
8.41
8.37
8.38
8.36
8.30
8.36
8.43
8.35
8.34
8.36
8.28
8.21
8.19
8.24
8.23
8.21
8.21
8.22
8.20
8.18
8.15
8.11
8.11
8.09
8.10
8.15
8.19
8.22
8.21
8.24
8.27
8.25
8.22
8.22
8.23
8.28
8.34
8.35
8.34
8.35
8.31
8.29
8.31
8.30
8.30
8.30
8.31
8.34
8.31
8.29
8.34
8.34
8.30
8.26
8.25
8.25
8.23
8.21
8.18
8.21
8.19
8.19
8.18
8.21
8.25
8.26
8.23
8.23
8.22
8.20
8.24
8.27
8.26
8.25
8.21
8.22
8.18
8.17
8.16
8.16
8.12
8.12
8.11
8.11
8.12
8.10
8.10
8.11
8.16
8.16
8.17
8.15
8.15
8.14
8.14
8.13
8.17
8.16
8.12
8.12
8.11
8.13
8.09
8.07
8.05
8.06
8.04
8.04
8.05
8.05
8.05
8.05
8.08
8.09
8.09
8.10
8.10
8.08
8.08
8.08
8.08
8.14
8.15
8.14
8.13
8.14
8.14
8.13
8.16
8.17
8.16
8.16
8.14
8.15
8.17
8.14
8.14
8.13
8.13
8.14
8.13
8.15
8.14
8.13
8.14
8.18
8.17
8.15
8.13
8.16
8.15
8.13
8.11
8.14
8.14
8.14
8.13
8.11
8.10
8.11
8.11
8.11
8.11
8.09
8.10
8.11
8.11
8.13
8.11
8.11
8.10
8.11
8.11
8.11
8.12
8.13
8.16
8.17
8.16
8.17
8.18
8.17
8.16
8.15
8.15
8.13
8.13
8.10
8.10
8.09
8.10
8.10
8.10
8.11
8.11
8.08
8.07
8.07
8.07
8.08
8.07
8.08
8.08
8.07
8.08
8.08
8.06
8.07
8.05
8.05
8.04
8.03
8.01
8.02
8.01
8.02
8.03
8.04
8.05
8.04
8.04
8.05
8.03
8.03
8.03
8.03
8.03
8.03
8.03
8.03
8.03
8.03
8.03
8.04
8.05
8.03
8.04
8.04
8.05
8.04
8.03
8.02
8.02
8.02
8.04
8.03
8.02
8.02
8.03
8.02
8.02
8.04
8.03
8.04
8.04
8.04
8.03
8.03
8.03
8.02
8.02
8.04
8.03
8.04
8.03
8.02
8.01
8.02
8.04
8.03
8.02
8.02
8.00
8.01
7.99
7.99
7.98
7.97
7.96
7.96
7.96
7.96
7.97
7.97
7.96
7.95
7.95
7.94
7.95
7.95
7.97
7.98
7.98
7.97
7.97
7.98
7.97
7.96
7.96
7.95
7.96
7.97
7.97
8.00
7.99
7.97
7.98
8.00
8.00
7.98
8.00
8.01
8.01
8.02
8.01
8.01
8.02
8.04
8.03
8.04
8.04
8.05
8.06
8.05
8.05
8.05
8.03
8.03
8.04
8.04
8.05
8.04
8.04
8.04
8.04
8.03
8.05
8.04
8.05
8.06
8.05
8.06
8.05
8.05
8.04
8.05
8.05
8.05
8.05
8.04
8.04
8.04
8.04
8.04
8.04
8.03
8.03
8.01
8.01
8.01
8.03
8.03
8.03
8.04
8.04
8.04
8.04
8.04
8.04
8.03
8.04
8.03
8.03
8.04
8.04
8.04
8.05
8.06
8.05
8.06
8.06
8.07
8.06
8.05
8.05
8.04
8.05
8.04
8.03
8.03
8.04
8.03
8.03
8.05
8.05
8.04
8.04
8.05
8.05
8.05
8.04
8.04
8.05
8.04
8.04
8.04
8.04
8.04
8.04
8.03
8.03
8.03
8.02
8.02
8.03
8.04
8.05
8.06
8.05
8.05
8.04
8.04
8.04
8.05
8.05
8.04
8.04
8.05
8.05
8.06
8.06
8.06
8.05
8.04
8.05
8.04
8.04
8.05
8.05
8.05
8.04
8.04
8.04
8.05
8.05
8.05
8.05
8.04
8.05
8.04
8.04
8.04
8.04
8.05
8.06
8.07
8.06
8.06
8.06
8.06
8.05
8.07
8.06
8.06
8.06
8.06
8.06
8.07
8.06
8.06
8.06
8.06
8.07
8.07
8.07
8.08
8.08
8.07
8.07
8.07
8.07
8.07
8.06
8.06
8.07
8.06
8.07
8.07
8.07
8.07
8.07
8.06
8.07
8.07
8.06
8.06
8.06
8.05
8.05
8.04
8.04
8.05
8.05
8.05
8.06
8.06
8.07
8.07
8.06
8.06
8.06
8.07
8.08
8.08
8.08
8.08
8.07
8.08
8.06
8.06
8.06
8.05
8.06
8.05
8.05
8.04
8.04
8.04
8.04
8.04
8.05
8.05
8.05
8.04
8.04
8.04
8.03
8.03
8.03
8.04
8.05
8.06
8.06
8.06
8.06
8.06
8.06
8.05
8.05
8.04
8.05
8.06
8.06
8.05
8.06
8.06
8.06
8.06
8.05
8.05
8.05
8.05
8.04
8.04
8.04
8.04
8.04
8.04
8.04
8.04
8.05
8.05
8.04
8.04
8.04
8.04
8.04
8.04
8.04
8.05
8.04
8.05
8.05
8.04
8.04
8.04
8.04
8.04
8.04
8.04
8.05
8.04
8.04
8.03
8.02
8.02
8.02
8.02
8.02
8.03
8.02
8.02
8.02
8.03
8.03
8.03
8.03
8.03
8.03
8.04
8.03
8.04
8.04
8.05
8.05
8.05
8.05
8.04
8.03
8.03
8.03
8.03
8.03
8.03
8.04
8.04
8.04
8.04
8.03
8.04
8.05
8.05
8.05
8.05
8.05
8.05
8.06
8.06
8.06
8.06
8.07
8.06
8.06
8.07
8.06
8.06
8.06
8.06
8.06
8.06
8.07
8.06
8.06
8.06
8.06
8.06
8.06
8.05
8.05
8.05
8.04
8.05
8.04
8.05
8.05
8.05
8.05
8.05
8.05
8.06
8.06
8.05
8.05
8.04
8.05
8.05
8.05
8.05
8.05
8.05
8.05
8.05
8.05
8.05
8.05
8.05
8.05
8.05
8.05
8.05
8.05
8.05
8.05
8.06
8.06
8.07
8.07
8.07
8.07
8.06
