60.94
58.59
59.38
57.81
55.62
57.55
56.92
56.25
55.38
55.47
55.82
55.34
55.41
56.03
56.46
57.13
57.26
57.12
57.32
56.80
56.92
56.89
57.07
57.16
57.75
58.11
57.99
57.53
57.97
57.76
57.76
58.01
58.05
57.95
57.99
58.38
58.32
58.26
58.57
58.48
58.31
58.37
58.65
58.59
58.65
58.87
58.94
59.02
59.09
59.03
59.04
58.98
58.87
58.80
58.86
59.12
59.27
59.19
59.27
59.27
59.43
59.48
59.62
59.72
59.59
59.49
59.40
59.49
59.65
59.60
59.51
59.51
59.52
59.42
59.40
59.31
59.29
59.29
59.34
59.36
59.36
59.39
59.34
59.41
59.30
59.25
59.34
59.23
59.23
59.27
59.24
59.22
59.22
59.19
59.14
59.15
59.12
59.14
59.11
59.16
59.17
59.27
59.27
59.31
59.38
59.21
59.13
59.23
59.26
59.26
59.25
59.26
59.28
59.20
59.12
59.21
59.19
59.11
59.19
59.13
59.19
59.25
59.25
59.27
59.30
59.26
59.25
59.33
59.31
59.27
59.28
59.29
59.27
59.25
59.25
59.27
59.26
59.36
59.38
59.35
59.42
59.47
59.48
59.48
59.42
59.38
59.36
59.40
59.39
59.36
59.39
59.40
59.42
59.45
59.41
59.36
59.38
59.40
59.41
59.38
59.40
59.41
59.38
59.39
59.38
59.41
59.40
59.38
59.33
59.37
59.44
59.35
59.42
59.42
59.45
59.45
59.48
59.52
59.52
59.51
59.52
59.51
59.58
59.60
59.54
59.47
59.43
59.46
59.45
59.43
59.41
59.40
59.41
59.43
59.38
59.38
59.34
59.32
59.30
59.27
59.26
59.27
59.29
59.24
59.21
59.18
59.23
59.16
59.17
59.14
59.12
59.14
59.10
59.08
59.12
59.06
59.01
59.05
59.05
59.07
59.06
59.04
59.04
59.01
58.97
58.97
58.96
58.97
58.92
58.93
58.91
58.92
58.91
58.90
58.85
58.86
58.79
58.78
58.75
58.70
58.71
58.72
58.72
58.73
58.72
58.70
58.71
58.69
58.69
58.66
58.65
58.62
58.64
58.67
58.66
58.64
58.64
58.64
58.60
58.60
58.60
58.59
58.57
58.61
58.61
58.56
58.61
58.61
58.60
58.61
58.60
58.63
58.64
58.63
58.61
58.59
58.55
58.56
58.57
58.56
58.55
58.54
58.57
58.57
58.54
58.55
58.55
58.54
58.55
58.58
58.59
58.57
58.59
58.60
58.58
58.55
58.54
58.57
58.60
58.61
58.64
58.66
58.67
58.68
58.68
58.68
58.66
58.68
58.70
58.68
58.68
58.70
58.70
58.71
58.71
58.68
58.69
58.72
58.72
58.76
58.75
58.78
58.79
58.78
58.78
58.79
58.83
58.85
58.81
58.81
58.83
58.82
58.83
58.84
58.85
58.85
58.88
58.89
58.87
58.86
58.87
58.86
58.85
58.85
58.85
58.84
58.82
58.83
58.81
58.80
58.82
58.82
58.85
58.85
58.82
58.81
58.80
58.83
58.88
58.88
58.91
58.90
58.94
58.93
58.93
58.90
58.90
58.87
58.85
58.85
58.81
58.81
58.80
58.81
58.80
58.79
58.79
58.80
58.81
58.82
58.82
58.80
58.78
58.78
58.80
58.85
58.85
58.83
58.86
58.86
58.84
58.85
58.88
58.88
58.90
58.92
58.92
58.90
58.91
58.89
58.91
58.91
58.91
58.93
58.94
58.91
58.91
58.90
58.92
58.96
58.95
58.96
58.95
58.95
58.95
58.95
58.96
58.95
58.95
58.94
58.95
58.98
58.98
58.98
58.99
58.99
59.00
58.98
58.99
58.99
58.97
59.00
59.01
59.02
59.05
59.07
59.07
59.08
59.08
59.09
59.10
59.13
59.14
59.13
59.13
59.13
59.13
59.14
59.16
59.16
59.15
59.16
59.17
59.16
59.14
59.15
59.14
59.14
59.15
59.16
59.17
59.17
59.17
59.18
59.19
59.19
59.19
59.17
59.17
59.16
59.14
59.13
59.11
59.10
59.09
59.09
59.07
59.07
59.06
59.04
59.04
59.02
59.01
59.02
59.03
59.02
59.02
59.03
59.05
59.05
59.07
59.08
59.08
59.08
59.07
59.08
59.09
59.11
59.12
59.14
59.13
59.14
59.12
59.10
59.13
59.12
59.12
59.10
59.11
59.12
59.12
59.12
59.10
59.09
59.09
59.09
59.11
59.11
59.10
59.09
59.11
59.12
59.12
59.11
59.13
59.13
59.13
59.12
59.11
59.11
59.12
59.10
59.10
59.09
59.10
59.12
59.12
59.10
59.11
59.10
59.07
59.08
59.09
59.08
59.09
59.08
59.07
59.07
59.07
59.07
59.05
59.06
59.06
59.05
59.05
59.06
59.07
59.08
59.07
59.07
59.07
59.07
59.08
59.08
59.09
59.10
59.08
59.09
59.06
59.06
59.07
59.06
59.07
59.09
59.10
59.11
59.11
59.11
59.11
59.11
59.12
59.13
59.12
59.14
59.13
59.15
59.16
59.16
59.15
59.15
59.16
59.16
59.17
59.19
59.19
59.17
59.19
59.18
59.18
59.18
59.18
59.17
59.19
59.19
59.20
59.21
59.21
59.20
59.18
59.18
59.17
59.18
59.18
59.16
59.15
59.14
59.14
59.15
59.16
59.15
59.14
59.16
59.15
59.16
59.15
59.15
59.14
59.15
59.15
59.15
59.15
59.17
59.18
59.19
59.18
59.17
59.18
59.16
59.17
59.18
59.19
59.19
59.18
59.18
59.18
59.19
59.20
59.21
59.22
59.22
59.22
59.22
59.23
59.22
59.20
59.20
59.19
59.20
59.22
59.21
59.20
59.21
59.23
59.23
59.25
59.25
59.26
59.27
59.27
59.27
59.26
59.28
59.29
59.27
59.26
59.25
59.25
59.25
59.25
59.23
59.23
59.23
59.22
59.23
59.23
59.22
59.23
59.23
59.23
59.23
59.23
59.24
59.23
59.23
59.23
59.23
59.24
59.23
59.22
59.21
59.20
59.20
59.20
59.18
59.20
59.19
59.18
59.19
59.19
59.20
59.20
59.20
59.20
59.19
59.21
59.21
59.21
59.19
59.19
59.19
59.19
59.20
59.20
59.21
59.21
59.21
59.22
59.21
59.21
59.22
59.23
59.24
59.24
59.27
59.27
59.26
59.26
59.27
59.29
59.30
59.29
59.28
59.28
59.30
59.30
59.31
59.31
59.32
59.33
59.34
59.33
59.34
59.34
59.34
59.33
59.33
59.33
59.33
59.32
59.33
59.33
59.33
59.34
59.34
59.35
59.34
59.33
59.33
59.33
59.34
59.33
59.35
59.34
59.34
59.33
59.33
59.33
59.32
59.34
59.32
59.34
59.28
