28.12
26.56
22.92
24.61
25.00
24.74
23.44
25.00
25.35
25.47
26.42
26.82
27.04
27.01
26.98
26.56
26.75
26.91
27.47
27.42
26.93
27.13
27.17
27.67
27.44
27.58
27.49
27.18
27.32
27.19
27.22
27.20
27.13
27.21
27.19
27.04
27.11
26.93
26.80
26.84
26.79
26.90
26.85
26.92
26.81
26.87
26.76
26.79
26.82
26.87
26.84
26.95
27.06
27.14
27.05
27.04
27.06
27.18
27.30
27.29
27.20
27.29
27.33
27.22
27.19
27.08
26.98
26.93
26.97
27.01
27.00
26.95
26.97
26.86
26.87
26.91
27.05
26.94
27.06
27.13
27.16
27.17
27.18
27.23
27.26
27.38
27.37
27.45
27.35
27.34
27.37
27.34
27.37
27.41
27.38
27.31
27.30
27.30
27.34
27.28
27.23
27.19
27.11
27.07
27.08
27.09
27.15
27.18
27.12
27.06
27.10
27.11
27.12
27.18
27.23
27.25
27.31
27.34
27.28
27.38
27.38
27.42
27.44
27.41
27.44
27.48
27.45
27.37
27.36
27.36
27.41
27.36
27.34
27.29
27.25
27.29
27.37
27.33
27.34
27.34
27.24
27.27
27.21
27.16
27.16
27.19
27.20
27.20
27.18
27.22
27.16
27.09
27.06
27.01
27.00
27.02
27.01
26.98
27.01
27.00
27.03
27.02
26.98
27.01
26.99
27.06
27.08
27.09
27.08
27.10
27.04
27.08
27.10
27.10
27.16
27.18
27.19
27.20
27.26
27.27
27.23
27.23
27.25
27.28
27.30
27.32
27.32
27.32
27.29
27.34
27.36
27.34
27.27
27.29
27.32
27.33
27.39
27.43
27.46
27.48
27.48
27.48
27.50
27.47
27.47
27.40
27.36
27.32
27.33
27.29
27.26
27.22
27.21
27.17
27.18
27.16
27.17
27.19
27.15
27.18
27.22
27.22
27.22
27.27
27.30
27.30
27.32
27.30
27.29
27.28
27.27
27.29
27.31
27.30
27.32
27.33
27.31
27.26
27.23
27.22
27.20
27.21
27.21
27.22
27.20
27.22
27.21
27.19
27.20
27.22
27.17
27.17
27.22
27.26
27.25
27.25
27.28
27.29
27.30
27.31
27.29
27.27
27.28
27.25
27.28
27.24
27.24
27.25
27.25
27.24
27.25
27.24
27.24
27.22
27.20
27.19
27.15
27.15
27.11
27.14
27.15
27.17
27.17
27.21
27.20
27.20
27.20
27.18
27.19
27.18
27.20
27.19
27.20
27.22
27.20
27.22
27.19
27.18
27.20
27.22
27.24
27.27
27.28
27.25
27.23
27.24
27.23
27.24
27.25
27.25
27.30
27.29
27.29
27.30
27.31
27.27
27.26
27.26
27.24
27.23
27.24
27.23
27.22
27.23
27.21
27.22
27.23
27.25
27.27
27.26
27.25
27.25
27.27
27.25
27.24
27.24
27.24
27.26
27.26
27.26
27.26
27.26
27.25
27.24
27.26
27.30
27.31
27.31
27.31
27.33
27.32
27.29
27.28
27.27
27.27
27.26
27.27
27.27
27.26
27.24
27.22
27.21
27.22
27.22
27.23
27.21
27.19
27.20
27.21
27.20
27.23
27.22
27.25
27.24
27.24
27.25
27.24
27.27
27.28
27.29
27.30
27.29
27.29
27.27
27.25
27.23
27.21
27.21
27.20
27.21
27.21
27.19
27.19
27.18
27.16
27.16
27.19
27.18
27.20
27.20
27.18
27.18
27.19
27.21
27.20
27.20
27.19
27.19
27.21
27.22
27.25
27.25
27.25
27.25
27.27
27.29
27.30
27.31
27.30
27.29
27.28
27.29
27.31
27.33
27.33
27.32
27.31
27.32
27.34
27.33
27.33
27.34
27.33
27.33
27.33
27.34
27.34
27.36
27.35
27.35
27.34
27.34
27.35
27.34
27.37
27.34
27.35
27.34
27.35
27.36
27.37
27.36
27.36
27.38
27.40
27.39
27.39
27.38
27.37
27.36
27.36
27.36
27.36
27.35
27.35
27.34
27.33
27.31
27.31
27.29
27.30
27.31
27.30
27.29
27.29
27.28
27.27
27.27
27.28
27.28
27.30
27.31
27.32
27.31
27.32
27.32
27.33
27.34
27.34
27.33
27.31
27.32
27.32
27.32
27.31
27.31
27.31
27.31
27.30
27.29
27.29
27.28
27.29
27.30
27.31
27.31
27.31
27.29
27.30
27.30
27.31
27.31
27.31
27.30
27.31
27.31
27.30
27.31
27.34
27.32
27.32
27.33
27.31
27.30
27.30
27.29
27.29
27.27
27.27
27.27
27.27
27.25
27.26
27.26
27.25
27.24
27.24
27.25
27.25
27.23
27.23
27.24
27.24
27.24
27.25
27.25
27.24
27.23
27.23
27.22
27.22
27.22
27.20
27.20
27.21
27.22
27.21
27.22
27.21
27.23
27.23
27.23
27.23
27.23
27.23
27.22
27.22
27.22
27.23
27.23
27.24
27.24
27.24
27.22
27.21
27.21
27.20
27.20
27.20
27.23
27.23
27.26
27.25
27.24
27.25
27.26
27.27
27.27
27.28
27.29
27.28
27.30
27.29
27.28
27.28
27.28
27.27
27.26
27.25
27.26
27.26
27.25
27.25
27.25
27.26
27.28
27.28
27.27
27.28
27.31
27.31
27.32
27.32
27.32
27.32
27.32
27.33
27.33
27.32
27.32
27.33
27.33
27.34
27.33
27.33
27.33
27.33
27.33
27.32
27.34
27.35
27.35
27.34
27.33
27.34
27.33
27.33
27.34
27.34
27.36
27.35
27.34
27.34
27.33
27.34
27.33
27.34
27.35
27.34
27.33
27.32
27.33
27.33
27.33
27.34
27.35
27.36
27.36
27.36
27.36
27.35
27.34
27.33
27.34
27.34
27.34
27.34
27.36
27.36
27.36
27.36
27.36
27.36
27.35
27.34
27.36
27.35
27.35
27.36
27.36
27.36
27.38
27.37
27.37
27.38
27.38
27.39
27.39
27.39
27.40
27.39
27.39
27.39
27.39
27.38
27.37
27.37
27.36
27.36
27.35
27.36
27.36
27.37
27.37
27.36
27.35
27.34
27.33
27.34
27.35
27.36
27.35
27.35
27.36
27.36
27.37
27.38
27.37
27.36
27.36
27.36
27.37
27.38
27.37
27.36
27.36
27.37
27.37
27.36
27.34
27.34
27.34
27.35
27.34
27.34
27.33
27.34
27.34
27.34
27.34
27.34
27.34
27.34
27.34
27.35
27.35
27.35
27.34
27.34
27.34
27.33
27.33
27.33
27.32
27.32
27.33
27.33
27.32
27.31
27.33
27.32
27.31
27.32
27.31
27.32
27.32
27.31
27.30
27.31
27.32
27.32
27.32
27.32
27.32
27.32
27.32
27.31
27.31
27.31
27.31
27.31
27.28
