3.12
3.12
4.17
3.52
3.44
3.39
3.12
2.93
2.95
2.81
2.98
2.86
2.76
2.79
2.71
2.73
2.76
2.60
2.55
2.58
2.46
2.56
2.51
2.41
2.50
2.52
2.49
2.46
2.48
2.50
2.52
2.44
2.51
2.44
2.46
2.39
2.32
2.43
2.44
2.46
2.48
2.49
2.51
2.52
2.53
2.55
2.49
2.57
2.61
2.56
2.60
2.55
2.54
2.58
2.53
2.54
2.52
2.59
2.54
2.55
2.54
2.55
2.53
2.56
2.60
2.60
2.64
2.73
2.69
2.68
2.68
2.67
2.63
2.62
2.58
2.55
2.58
2.62
2.59
2.58
2.58
2.57
2.56
2.57
2.56
2.53
2.53
2.50
2.49
2.52
2.56
2.53
2.54
2.51
2.53
2.54
2.51
2.52
2.51
2.53
2.54
2.51
2.56
2.55
2.59
2.56
2.58
2.58
2.59
2.59
2.59
2.58
2.57
2.59
2.61
2.61
2.59
2.60
2.60
2.62
2.60
2.57
2.57
2.56
2.56
2.55
2.55
2.53
2.52
2.51
2.52
2.52
2.56
2.58
2.58
2.62
2.63
2.64
2.62
2.62
2.60
2.61
2.60
2.58
2.58
2.57
2.56
2.60
2.60
2.60
2.61
2.62
2.63
2.62
2.62
2.61
2.60
2.60
2.59
2.59
2.57
2.57
2.56
2.56
2.60
2.59
2.58
2.58
2.60
2.59
2.58
2.57
2.59
2.60
2.62
2.60
2.60
2.58
2.59
2.61
2.61
2.59
2.59
2.61
2.60
2.60
2.58
2.57
2.59
2.58
2.59
2.61
2.63
2.63
2.62
2.63
2.62
2.61
2.61
2.61
2.60
2.58
2.58
2.57
2.57
2.56
2.54
2.55
2.54
2.54
2.56
2.56
2.57
2.56
2.56
2.58
2.57
2.58
2.58
2.56
2.55
2.56
2.57
2.57
2.56
2.56
2.57
2.57
2.57
2.58
2.59
2.59
2.58
2.57
2.57
2.56
2.56
2.55
2.54
2.53
2.53
2.53
2.54
2.55
2.54
2.54
2.54
2.55
2.56
2.55
2.55
2.55
2.54
2.54
2.56
2.56
2.55
2.54
2.55
2.55
2.55
2.55
2.54
2.53
2.53
2.52
2.52
2.54
2.54
2.53
2.53
2.53
2.52
2.53
2.53
2.53
2.53
2.52
2.51
2.52
2.51
2.51
2.50
2.50
2.51
2.51
2.52
2.51
2.51
2.51
2.50
2.50
2.51
2.51
2.52
2.52
2.52
2.52
2.51
2.51
2.51
2.50
2.50
2.50
2.50
2.50
2.50
2.50
2.49
2.48
2.48
2.48
2.48
2.49
2.49
2.49
2.49
2.49
2.50
2.51
2.51
2.52
2.53
2.53
2.52
2.51
2.52
2.52
2.52
2.51
2.52
2.51
2.51
2.51
2.50
2.51
2.52
2.51
2.53
2.54
2.54
2.54
2.55
2.55
2.55
2.56
2.56
2.56
2.57
2.57
2.57
2.57
2.57
2.56
2.57
2.58
2.58
2.58
2.59
2.59
2.59
2.59
2.60
2.60
2.60
2.60
2.59
2.60
2.59
2.59
2.59
2.58
2.58
2.58
2.59
2.58
2.58
2.58
2.58
2.59
2.58
2.59
2.58
2.59
2.59
2.59
2.58
2.59
2.59
2.59
2.59
2.58
2.57
2.58
2.58
2.58
2.57
2.57
2.57
2.57
2.57
2.57
2.56
2.55
2.55
2.55
2.55
2.56
2.56
2.56
2.58
2.58
2.58
2.59
2.59
2.59
2.59
2.60
2.60
2.60
2.59
2.60
2.60
2.59
2.59
2.58
2.59
2.58
2.58
2.58
2.58
2.58
2.59
2.60
2.60
2.60
2.60
2.60
2.62
2.61
2.60
2.60
2.59
2.59
2.59
2.59
2.59
2.58
2.59
2.59
2.59
2.59
2.58
2.58
2.59
2.60
2.60
2.60
2.60
2.60
2.60
2.60
2.60
2.61
2.61
2.62
2.61
2.61
2.61
2.61
2.61
2.61
2.62
2.62
2.63
2.63
2.62
2.62
2.62
2.62
2.62
2.62
2.62
2.62
2.63
2.62
2.62
2.63
2.62
2.62
2.62
2.62
2.62
2.62
2.61
2.61
2.62
2.61
2.61
2.61
2.61
2.61
2.60
2.60
2.61
2.60
2.60
2.61
2.60
2.60
2.60
2.59
2.59
2.59
2.59
2.60
2.59
2.59
2.59
2.59
2.59
2.60
2.60
2.60
2.60
2.60
2.60
2.61
2.62
2.62
2.62
2.63
2.63
2.63
2.63
2.64
2.64
2.65
2.64
2.64
2.64
2.64
2.64
2.63
2.64
2.64
2.64
2.64
2.64
2.64
2.64
2.65
2.66
2.66
2.66
2.65
2.65
2.66
2.66
2.66
2.66
2.66
2.66
2.65
2.65
2.65
2.65
2.65
2.66
2.66
2.66
2.67
2.67
2.66
2.66
2.66
2.66
2.66
2.66
2.66
2.66
2.67
2.67
2.68
2.67
2.67
2.68
2.68
2.68
2.67
2.67
2.67
2.67
2.67
2.67
2.68
2.68
2.68
2.67
2.67
2.67
2.67
2.66
2.66
2.66
2.66
2.66
2.66
2.67
2.66
2.67
2.66
2.66
2.65
2.65
2.66
2.65
2.65
2.66
2.66
2.66
2.66
2.66
2.66
2.66
2.66
2.67
2.66
2.66
2.66
2.66
2.66
2.67
2.66
2.66
2.67
2.67
2.67
2.68
2.68
2.67
2.67
2.68
2.67
2.67
2.67
2.67
2.68
2.67
2.68
2.68
2.68
2.68
2.67
2.67
2.67
2.67
2.67
2.67
2.67
2.67
2.67
2.67
2.67
2.67
2.67
2.68
2.67
2.68
2.67
2.67
2.66
2.66
2.66
2.66
2.66
2.66
2.66
2.66
2.66
2.66
2.66
2.66
2.66
2.66
2.66
2.66
2.67
2.67
2.67
2.66
2.67
2.67
2.67
2.67
2.67
2.67
2.67
2.67
2.67
2.67
2.67
2.66
2.66
2.66
2.66
2.66
2.67
2.67
2.67
2.67
2.67
2.67
2.67
2.67
2.68
2.67
2.67
2.67
2.67
2.68
2.68
2.68
2.68
2.68
2.68
2.67
2.67
2.67
2.67
2.67
2.67
2.66
2.66
2.67
2.67
2.67
2.68
2.69
2.68
2.68
2.68
2.68
2.69
2.68
2.69
2.69
2.69
2.69
2.69
2.69
2.69
2.69
2.69
2.69
2.70
2.70
2.70
2.70
2.70
2.70
2.69
2.69
2.69
2.69
2.69
2.70
2.70
2.70
2.70
2.70
2.70
2.70
2.70
2.70
2.70
2.70
2.70
2.70
2.70
2.70
2.70
