21.88
15.62
18.75
18.36
17.81
17.19
18.08
18.16
17.71
17.97
17.61
17.84
18.39
18.53
18.33
17.77
17.46
18.32
18.59
18.52
18.75
18.68
18.41
18.75
18.69
18.87
18.58
18.58
18.70
19.06
19.15
18.95
18.94
18.75
18.48
18.32
18.12
18.17
18.19
18.20
18.03
17.93
17.88
18.11
17.88
17.66
17.39
17.38
17.63
17.78
17.71
17.76
17.54
17.53
17.59
17.52
17.49
17.40
17.29
17.37
17.32
17.29
17.49
17.53
17.45
17.40
17.40
17.33
17.32
17.37
17.36
17.34
17.27
17.25
17.27
17.25
17.27
17.23
17.19
17.21
17.30
17.24
17.15
17.15
17.13
17.13
17.12
17.13
17.21
17.27
17.34
17.26
17.31
17.32
17.35
17.33
17.32
17.38
17.42
17.39
17.36
17.34
17.34
17.34
17.41
17.38
17.42
17.43
17.40
17.53
17.57
17.51
17.52
17.53
17.53
17.59
17.60
17.68
17.70
17.70
17.68
17.66
17.72
17.73
17.72
17.73
17.73
17.71
17.71
17.68
17.70
17.71
17.74
17.76
17.78
17.82
17.83
17.80
17.87
17.85
17.83
17.87
17.85
17.90
17.89
17.89
17.90
17.87
17.89
17.87
17.85
17.84
17.85
17.90
17.91
17.95
17.94
17.98
17.95
17.90
17.88
17.93
17.91
17.87
17.82
17.83
17.84
17.81
17.83
17.82
17.79
17.80
17.83
17.83
17.82
17.79
17.77
17.77
17.78
17.82
17.80
17.80
17.78
17.80
17.85
17.86
17.86
17.88
17.86
17.85
17.85
17.84
17.83
17.84
17.84
17.82
17.79
17.82
17.85
17.85
17.82
17.81
17.81
17.80
17.82
17.81
17.81
17.78
17.79
17.78
17.77
17.77
17.77
17.76
17.79
17.82
17.81
17.80
17.77
17.78
17.76
17.76
17.76
17.72
17.74
17.73
17.72
17.69
17.66
17.65
17.70
17.69
17.68
17.69
17.69
17.70
17.71
17.67
17.65
17.66
17.68
17.70
17.71
17.73
17.76
17.75
17.79
17.84
17.81
17.81
17.79
17.78
17.79
17.80
17.77
17.79
17.78
17.78
17.77
17.77
17.76
17.73
17.72
17.73
17.71
17.69
17.71
17.74
17.78
17.79
17.80
17.81
17.78
17.79
17.78
17.79
17.80
17.83
17.80
17.81
17.82
17.82
17.82
17.82
17.83
17.84
17.86
17.84
17.84
17.84
17.82
17.78
17.78
17.78
17.78
17.79
17.78
17.76
17.79
17.81
17.79
17.80
17.80
17.79
17.78
17.80
17.79
17.80
17.80
17.82
17.81
17.82
17.81
17.80
17.80
17.75
17.75
17.75
17.74
17.71
17.71
17.71
17.74
17.75
17.74
17.73
17.75
17.77
17.76
17.77
17.77
17.77
17.77
17.75
17.75
17.74
17.74
17.75
17.74
17.72
17.73
17.75
17.76
17.74
17.74
17.76
17.73
17.75
17.76
17.75
17.76
17.77
17.78
17.80
17.81
17.81
17.81
17.80
17.79
17.81
17.82
17.84
17.82
17.83
17.84
17.86
17.84
17.82
17.82
17.82
17.82
17.82
17.83
17.83
17.82
17.80
17.80
17.81
17.82
17.83
17.82
17.83
17.82
17.83
17.84
17.84
17.83
17.85
17.86
17.85
17.85
17.87
17.86
17.89
17.92
17.93
17.93
17.94
17.93
17.92
17.89
17.89
17.88
17.88
17.87
17.86
17.87
17.88
17.89
17.88
17.88
17.87
17.86
17.88
17.87
17.88
17.88
17.90
17.91
17.90
17.88
17.88
17.91
17.93
17.94
17.95
17.94
17.94
17.96
17.97
17.95
17.94
17.94
17.95
17.96
17.95
17.96
17.95
17.94
17.95
17.96
17.95
17.94
17.93
17.93
17.93
17.93
17.92
17.92
17.93
17.94
17.93
17.93
17.92
17.92
17.92
17.94
17.94
17.93
17.94
17.93
17.93
17.93
17.92
17.90
17.93
17.92
17.93
17.92
17.93
17.92
17.94
17.94
17.93
17.92
17.91
17.91
17.92
17.91
17.91
17.89
17.87
17.87
17.86
17.88
17.87
17.86
17.86
17.86
17.87
17.86
17.86
17.85
17.85
17.85
17.86
17.86
17.85
17.84
17.84
17.86
17.83
17.83
17.83
17.84
17.85
17.85
17.85
17.86
17.85
17.86
17.86
17.87
17.87
17.89
17.88
17.88
17.89
17.88
17.89
17.88
17.87
17.88
17.88
17.88
17.88
17.88
17.88
17.89
17.89
17.87
17.87
17.86
17.85
17.83
17.84
17.85
17.84
17.83
17.82
17.83
17.82
17.81
17.81
17.81
17.81
17.82
17.81
17.81
17.81
17.80
17.82
17.84
17.84
17.84
17.85
17.84
17.85
17.85
17.86
17.86
17.85
17.85
17.86
17.87
17.86
17.85
17.85
17.85
17.85
17.85
17.86
17.86
17.85
17.86
17.86
17.87
17.86
17.85
17.85
17.83
17.84
17.83
17.85
17.84
17.85
17.85
17.84
17.85
17.85
17.85
17.84
17.84
17.86
17.85
17.84
17.83
17.83
17.82
17.83
17.82
17.81
17.83
17.83
17.83
17.84
17.84
17.83
17.83
17.83
17.82
17.81
17.81
17.80
17.80
17.80
17.80
17.80
17.81
17.82
17.82
17.83
17.84
17.83
17.83
17.84
17.83
17.84
17.85
17.84
17.84
17.82
17.81
17.82
17.81
17.82
17.83
17.82
17.83
17.83
17.81
17.82
17.82
17.84
17.84
17.84
17.84
17.84
17.84
17.84
17.84
17.85
17.85
17.85
17.85
17.85
17.85
17.85
17.84
17.84
17.85
17.84
17.85
17.85
17.85
17.85
17.84
17.84
17.85
17.85
17.84
17.83
17.84
17.85
17.84
17.86
17.85
17.86
17.87
17.87
17.86
17.86
17.86
17.85
17.84
17.83
17.83
17.84
17.85
17.84
17.84
17.83
17.83
17.82
17.82
17.82
17.81
17.81
17.80
17.81
17.82
17.80
17.81
17.79
17.79
17.78
17.77
17.77
17.77
17.78
17.77
17.77
17.76
17.77
17.77
17.76
17.77
17.78
17.79
17.79
17.78
17.78
17.80
17.80
17.80
17.81
17.81
17.81
17.82
17.81
17.80
17.80
17.81
17.81
17.83
17.83
17.84
17.84
17.83
17.84
17.84
17.84
17.85
17.86
17.85
17.86
17.86
17.86
17.86
17.85
17.86
17.86
17.86
17.86
17.85
17.84
17.84
17.84
17.85
17.85
17.85
17.85
17.85
17.85
17.84
17.84
17.84
17.83
17.83
17.83
17.83
17.84
17.84
17.83
17.82
17.83
17.84
17.82
17.82
17.82
17.81
17.79
