46.88
38.28
35.42
35.16
35.00
35.16
34.82
34.96
35.24
35.62
35.80
35.68
36.06
36.05
36.35
36.43
37.41
37.33
37.50
37.19
37.05
37.29
36.96
37.57
37.50
37.14
36.98
37.11
37.12
36.93
36.95
36.82
37.12
37.04
36.92
36.85
36.99
36.97
36.94
36.76
36.43
36.50
36.41
36.26
36.18
36.11
35.87
35.94
35.94
35.88
35.69
35.82
35.88
35.97
36.02
35.83
35.86
35.88
35.83
35.89
35.89
35.69
35.64
35.60
35.53
35.58
35.42
35.25
35.30
35.33
35.41
35.22
35.27
35.24
35.23
35.38
35.47
35.44
35.38
35.39
35.36
35.29
35.22
35.17
35.35
35.36
35.33
35.39
35.32
35.35
35.39
35.31
35.40
35.29
35.21
35.12
35.21
35.25
35.24
35.30
35.30
35.31
35.32
35.32
35.36
35.32
35.28
35.34
35.35
35.34
35.36
35.25
35.25
35.21
35.23
35.26
35.26
35.24
35.29
35.30
35.28
35.36
35.38
35.41
35.39
35.42
35.48
35.47
35.51
35.55
35.52
35.59
35.54
35.61
35.62
35.68
35.69
35.70
35.74
35.65
35.67
35.65
35.64
35.62
35.58
35.60
35.61
35.61
35.56
35.49
35.49
35.52
35.56
35.59
35.59
35.63
35.66
35.71
35.76
35.77
35.79
35.73
35.74
35.75
35.70
35.68
35.65
35.63
35.63
35.62
35.67
35.67
35.67
35.72
35.78
35.78
35.75
35.79
35.82
35.83
35.89
35.91
35.95
35.99
35.95
35.92
36.01
36.04
36.02
35.95
35.98
36.04
36.09
36.11
36.08
36.09
36.07
36.09
36.09
36.07
36.06
36.08
36.02
36.01
36.01
35.98
36.00
35.98
35.98
35.95
36.00
36.06
36.06
36.03
36.05
36.02
35.97
35.93
36.00
36.01
36.02
36.03
36.02
36.01
35.99
35.98
36.01
36.01
36.01
36.02
36.02
36.01
36.00
35.98
36.00
36.04
35.98
36.00
36.02
36.02
35.97
35.97
35.94
35.95
35.92
35.98
35.95
35.96
35.96
35.96
35.96
35.92
35.94
35.96
35.96
35.98
36.00
35.93
35.91
35.90
35.87
35.87
35.84
35.83
35.86
35.85
35.84
35.85
35.87
35.87
35.87
35.88
35.90
35.87
35.87
35.84
35.83
35.83
35.85
35.81
35.83
35.80
35.85
35.85
35.86
35.85
35.87
35.88
35.89
35.93
35.89
35.88
35.88
35.89
35.91
35.88
35.91
35.89
35.87
35.90
35.91
35.91
35.91
35.90
35.87
35.86
35.85
35.84
35.84
35.83
35.83
35.84
35.84
35.83
35.81
35.79
35.80
35.83
35.82
35.81
35.80
35.82
35.80
35.74
35.75
35.79
35.79
35.81
35.80
35.84
35.83
35.82
35.80
35.77
35.77
35.76
35.76
35.74
35.73
35.73
35.73
35.75
35.74
35.73
35.72
35.74
35.76
35.75
35.74
35.74
35.70
35.70
35.67
35.68
35.67
35.66
35.66
35.67
35.67
35.64
35.64
35.64
35.66
35.65
35.63
35.67
35.68
35.68
35.67
35.68
35.68
35.70
35.69
35.69
35.67
35.68
35.65
35.69
35.71
35.70
35.71
35.70
35.70
35.71
35.71
35.69
35.70
35.70
35.70
35.67
35.65
35.65
35.64
35.64
35.62
35.62
35.61
35.61
35.59
35.57
35.58
35.56
35.56
35.57
35.56
35.58
35.57
35.58
35.57
35.56
35.58
35.58
35.57
35.58
35.56
35.56
35.59
35.60
35.60
35.57
35.57
35.58
35.58
35.58
35.58
35.58
35.56
35.56
35.58
35.61
35.59
35.58
35.59
35.60
35.60
35.58
35.60
35.60
35.59
35.58
35.59
35.58
35.59
35.60
35.58
35.59
35.59
35.57
35.58
35.57
35.58
35.60
35.62
35.63
35.64
35.66
35.69
35.68
35.65
35.66
35.66
35.66
35.64
35.61
35.60
35.61
35.60
35.58
35.56
35.58
35.58
35.59
35.59
35.59
35.59
35.59
35.61
35.61
35.60
35.60
35.61
35.61
35.61
35.60
35.62
35.64
35.63
35.63
35.66
35.66
35.67
35.65
35.64
35.66
35.69
35.69
35.66
35.64
35.62
35.65
35.65
35.66
35.67
35.67
35.66
35.65
35.64
35.61
35.61
35.60
35.60
35.59
35.59
35.58
35.57
35.57
35.56
35.55
35.55
35.55
35.54
35.54
35.55
35.52
35.51
35.52
35.51
35.51
35.52
35.52
35.51
35.50
35.50
35.50
35.49
35.49
35.50
35.53
35.53
35.53
35.54
35.55
35.56
35.57
35.58
35.58
35.58
35.58
35.58
35.57
35.59
35.57
35.56
35.54
35.55
35.55
35.55
35.55
35.53
35.52
35.54
35.55
35.55
35.56
35.56
35.56
35.54
35.53
35.53
35.52
35.51
35.50
35.52
35.52
35.51
35.50
35.50
35.49
35.48
35.48
35.49
35.50
35.50
35.49
35.49
35.49
35.49
35.50
35.51
35.51
35.50
35.49
35.50
35.50
35.50
35.49
35.50
35.50
35.49
35.49
35.50
35.50
35.50
35.52
35.52
35.52
35.52
35.53
35.52
35.51
35.49
35.49
35.47
35.48
35.48
35.46
35.46
35.46
35.46
35.46
35.45
35.45
35.45
35.46
35.45
35.44
35.44
35.45
35.47
35.46
35.47
35.46
35.46
35.46
35.47
35.46
35.45
35.45
35.46
35.44
35.44
35.44
35.44
35.44
35.45
35.45
35.46
35.45
35.44
35.42
35.41
35.42
35.42
35.41
35.40
35.40
35.40
35.41
35.41
35.42
35.43
35.43
35.43
35.42
35.43
35.43
35.43
35.43
35.43
35.42
35.43
35.44
35.45
35.46
35.47
35.47
35.46
35.46
35.45
35.44
35.45
35.45
35.44
35.45
35.44
35.45
35.46
35.46
35.47
35.47
35.45
35.44
35.45
35.45
35.45
35.45
35.47
35.47
35.49
35.50
35.49
35.51
35.49
35.49
35.49
35.50
35.51
35.52
35.53
35.54
35.52
35.53
35.54
35.55
35.55
35.56
35.56
35.56
35.57
35.58
35.56
35.56
35.57
35.57
35.56
35.57
35.55
35.54
35.54
35.54
35.55
35.55
35.54
35.54
35.54
35.53
35.53
35.54
35.54
35.54
35.53
35.54
35.55
35.56
35.56
35.57
35.56
35.56
35.56
35.56
35.55
35.55
35.56
35.56
35.57
35.58
35.58
35.58
35.59
35.58
35.57
35.55
35.56
35.56
35.56
35.55
35.53
35.52
35.53
35.52
35.52
35.51
35.50
35.49
35.49
35.50
35.52
35.51
35.51
35.50
35.50
35.47
