17.19
14.06
13.02
12.11
11.56
11.20
11.38
12.11
12.33
12.19
11.93
11.72
11.66
11.72
12.19
12.21
12.22
12.15
12.34
12.19
12.50
12.50
12.36
12.43
12.25
12.14
12.27
12.33
12.39
12.24
12.15
12.16
12.07
11.95
11.83
11.76
11.78
11.60
11.58
11.52
11.43
11.50
11.52
11.33
11.35
11.45
11.37
11.33
11.19
11.25
11.24
11.45
11.53
11.55
11.65
11.50
11.62
11.61
11.68
11.64
11.53
11.64
11.68
11.65
11.61
11.55
11.57
11.58
11.53
11.54
11.55
11.63
11.64
11.68
11.67
11.70
11.79
11.72
11.67
11.68
11.71
11.70
11.67
11.70
11.67
11.72
11.75
11.68
11.69
11.74
11.73
11.74
11.66
11.75
11.79
11.72
11.68
11.62
11.62
11.55
11.49
11.53
11.48
11.45
11.38
11.35
11.33
11.31
11.34
11.35
11.42
11.45
11.44
11.42
11.44
11.45
11.47
11.44
11.44
11.39
11.40
11.42
11.45
11.55
11.54
11.56
11.52
11.51
11.49
11.49
11.52
11.54
11.51
11.51
11.53
11.53
11.52
11.48
11.48
11.45
11.48
11.50
11.48
11.51
11.52
11.56
11.56
11.52
11.47
11.45
11.48
11.51
11.55
11.51
11.52
11.53
11.54
11.60
11.63
11.65
11.66
11.63
11.64
11.63
11.65
11.66
11.65
11.64
11.62
11.65
11.67
11.67
11.66
11.64
11.63
11.62
11.60
11.59
11.59
11.62
11.63
11.60
11.58
11.60
11.58
11.57
11.61
11.65
11.61
11.59
11.59
11.59
11.58
11.57
11.55
11.54
11.54
11.52
11.51
11.55
11.53
11.56
11.56
11.55
11.55
11.54
11.52
11.50
11.53
11.53
11.56
11.56
11.58
11.59
11.57
11.57
11.59
11.57
11.57
11.55
11.53
11.54
11.55
11.58
11.58
11.62
11.61
11.58
11.59
11.58
11.56
11.56
11.55
11.53
11.56
11.57
11.59
11.57
11.59
11.58
11.59
11.58
11.59
11.58
11.56
11.56
11.54
11.54
11.57
11.56
11.55
11.51
11.52
11.52
11.51
11.51
11.53
11.54
11.54
11.57
11.56
11.58
11.56
11.56
11.56
11.57
11.59
11.57
11.58
11.57
11.56
11.55
11.57
11.57
11.56
11.55
11.57
11.57
11.55
11.56
11.55
11.55
11.56
11.54
11.51
11.50
11.48
11.50
11.49
11.48
11.47
11.48
11.46
11.44
11.44
11.45
11.45
11.44
11.42
11.41
11.39
11.39
11.38
11.37
11.38
11.37
11.39
11.41
11.40
11.42
11.42
11.43
11.45
11.44
11.44
11.45
11.46
11.44
11.44
11.44
11.44
11.45
11.45
11.45
11.44
11.43
11.43
11.45
11.44
11.43
11.41
11.40
11.42
11.41
11.41
11.40
11.39
11.38
11.38
11.40
11.42
11.43
11.42
11.40
11.41
11.41
11.43
11.44
11.43
11.43
11.44
11.44
11.44
11.44
11.43
11.42
11.41
11.42
11.41
11.41
11.40
11.42
11.43
11.44
11.44
11.45
11.46
11.46
11.45
11.46
11.46
11.47
11.47
11.47
11.46
11.46
11.46
11.45
11.45
11.45
11.46
11.45
11.43
11.43
11.43
11.44
11.42
11.39
11.40
11.39
11.39
11.39
11.40
11.41
11.42
11.41
11.41
11.40
11.40
11.38
11.38
11.38
11.38
11.39
11.38
11.37
11.36
11.36
11.38
11.37
11.36
11.37
11.35
11.35
11.37
11.36
11.36
11.36
11.36
11.37
11.37
11.37
11.36
11.36
11.35
11.35
11.36
11.36
11.38
11.39
11.40
11.40
11.42
11.42
11.42
11.42
11.41
11.41
11.41
11.41
11.40
11.39
11.39
11.39
11.39
11.39
11.38
11.39
11.39
11.39
11.39
11.39
11.37
11.37
11.36
11.36
11.36
11.37
11.39
11.39
11.39
11.38
11.38
11.37
11.39
11.38
11.39
11.39
11.39
11.40
11.40
11.41
11.41
11.39
11.40
11.40
11.42
11.42
11.43
11.44
11.44
11.45
11.45
11.45
11.45
11.46
11.45
11.45
11.45
11.44
11.45
11.46
11.46
11.47
11.46
11.46
11.46
11.46
11.46
11.46
11.46
11.48
11.48
11.47
11.48
11.47
11.47
11.48
11.49
11.48
11.48
11.50
11.50
11.50
11.51
11.51
11.51
11.51
11.51
11.51
11.50
11.49
11.49
11.49
11.50
11.49
11.50
11.50
11.49
11.49
11.51
11.51
11.52
11.51
11.50
11.49
11.49
11.49
11.48
11.48
11.49
11.48
11.49
11.48
11.48
11.48
11.48
11.48
11.48
11.47
11.48
11.47
11.47
11.47
11.46
11.47
11.46
11.47
11.47
11.46
11.48
11.47
11.47
11.49
11.48
11.47
11.49
11.50
11.49
11.49
11.48
11.48
11.49
11.48
11.48
11.49
11.49
11.48
11.48
11.47
11.48
11.50
11.49
11.49
11.50
11.50
11.50
11.49
11.51
11.52
11.51
11.52
11.51
11.52
11.51
11.51
11.50
11.50
11.51
11.52
11.52
11.51
11.50
11.51
11.52
11.53
11.53
11.54
11.53
11.53
11.52
11.53
11.54
11.54
11.55
11.55
11.55
11.56
11.56
11.57
11.57
11.57
11.57
11.57
11.56
11.56
11.56
11.56
11.56
11.56
11.55
11.56
11.56
11.56
11.56
11.56
11.56
11.56
11.56
11.55
11.56
11.56
11.55
11.56
11.55
11.55
11.55
11.55
11.56
11.56
11.57
11.57
11.57
11.57
11.56
11.56
11.56
11.55
11.56
11.56
11.57
11.56
11.56
11.55
11.55
11.55
11.56
11.55
11.55
11.55
11.54
11.55
11.56
11.55
11.56
11.57
11.57
11.58
11.58
11.58
11.60
11.60
11.60
11.59
11.60
11.58
11.59
11.58
11.59
11.59
11.60
11.60
11.60
11.61
11.61
11.61
11.60
11.61
11.61
11.62
11.62
11.61
11.61
11.62
11.62
11.63
11.62
11.62
11.61
11.61
11.61
11.62
11.62
11.63
11.63
11.62
11.62
11.62
11.60
11.60
11.59
11.60
11.61
11.60
11.60
11.61
11.61
11.61
11.62
11.62
11.62
11.61
11.61
11.61
11.62
11.61
11.62
11.62
11.61
11.61
11.62
11.62
11.62
11.62
11.64
11.65
11.65
11.65
11.66
11.66
11.65
11.66
11.66
11.65
11.65
11.64
11.64
11.64
11.65
11.64
11.64
11.63
11.63
11.62
11.62
11.62
11.62
11.61
11.61
11.62
11.61
11.62
11.61
11.61
11.61
11.61
11.61
11.60
11.61
11.60
11.60
11.60
