3.12
3.12
2.60
1.95
1.56
1.30
1.56
1.37
1.22
1.25
1.14
1.04
1.08
1.12
1.04
1.27
1.47
1.56
1.48
1.56
1.49
1.49
1.49
1.43
1.38
1.38
1.33
1.28
1.29
1.25
1.26
1.22
1.23
1.29
1.25
1.22
1.18
1.32
1.28
1.29
1.30
1.30
1.27
1.31
1.35
1.32
1.30
1.27
1.24
1.25
1.26
1.23
1.24
1.22
1.22
1.23
1.23
1.24
1.22
1.20
1.20
1.21
1.22
1.22
1.25
1.23
1.24
1.24
1.25
1.25
1.25
1.26
1.26
1.27
1.31
1.32
1.30
1.30
1.31
1.29
1.27
1.26
1.24
1.23
1.21
1.24
1.26
1.24
1.23
1.23
1.24
1.26
1.24
1.23
1.22
1.25
1.26
1.26
1.25
1.27
1.27
1.26
1.26
1.31
1.31
1.30
1.29
1.30
1.33
1.34
1.32
1.31
1.30
1.30
1.29
1.28
1.27
1.27
1.29
1.28
1.28
1.28
1.28
1.30
1.31
1.31
1.34
1.34
1.33
1.33
1.35
1.34
1.33
1.32
1.31
1.30
1.30
1.29
1.28
1.29
1.29
1.28
1.27
1.26
1.25
1.24
1.23
1.24
1.25
1.24
1.23
1.26
1.26
1.25
1.24
1.26
1.26
1.27
1.26
1.26
1.26
1.29
1.30
1.30
1.29
1.29
1.29
1.30
1.30
1.31
1.30
1.29
1.30
1.30
1.30
1.32
1.32
1.33
1.32
1.33
1.34
1.34
1.33
1.33
1.33
1.33
1.32
1.32
1.32
1.32
1.33
1.33
1.32
1.32
1.32
1.34
1.34
1.35
1.35
1.34
1.34
1.33
1.32
1.32
1.32
1.32
1.32
1.35
1.35
1.35
1.36
1.36
1.35
1.34
1.34
1.35
1.35
1.35
1.34
1.35
1.35
1.34
1.34
1.34
1.35
1.34
1.34
1.34
1.34
1.33
1.33
1.33
1.33
1.34
1.34
1.34
1.33
1.33
1.33
1.33
1.33
1.34
1.33
1.33
1.32
1.32
1.32
1.32
1.31
1.31
1.31
1.31
1.32
1.31
1.31
1.31
1.31
1.31
1.31
1.30
1.31
1.30
1.30
1.30
1.31
1.32
1.32
1.32
1.32
1.32
1.32
1.33
1.33
1.34
1.34
1.34
1.34
1.34
1.34
1.34
1.35
1.34
1.35
1.35
1.35
1.34
1.34
1.34
1.34
1.34
1.34
1.34
1.34
1.34
1.33
1.33
1.33
1.33
1.33
1.33
1.33
1.33
1.33
1.34
1.34
1.34
1.34
1.34
1.34
1.34
1.33
1.33
1.32
1.33
1.34
1.34
1.34
1.34
1.34
1.34
1.34
1.35
1.35
1.36
1.36
1.36
1.35
1.35
1.35
1.34
1.35
1.35
1.35
1.36
1.36
1.36
1.36
1.36
1.36
1.36
1.36
1.36
1.36
1.36
1.35
1.35
1.35
1.36
1.35
1.35
1.34
1.34
1.34
1.33
1.33
1.33
1.33
1.32
1.33
1.33
1.33
1.33
1.32
1.32
1.33
1.34
1.35
1.35
1.35
1.34
1.35
1.35
1.34
1.35
1.34
1.34
1.34
1.34
1.34
1.34
1.35
1.34
1.34
1.34
1.34
1.34
1.34
1.33
1.33
1.33
1.33
1.33
1.33
1.33
1.33
1.33
1.33
1.33
1.33
1.32
1.32
1.32
1.32
1.31
1.31
1.32
1.32
1.32
1.32
1.32
1.32
1.33
1.33
1.34
1.34
1.34
1.33
1.33
1.33
1.33
1.33
1.33
1.33
1.33
1.33
1.34
1.34
1.33
1.33
1.33
1.33
1.33
1.34
1.34
1.34
1.34
1.34
1.34
1.34
1.34
1.34
1.34
1.34
1.34
1.34
1.33
1.33
1.34
1.34
1.33
1.33
1.33
1.33
1.34
1.34
1.34
1.34
1.34
1.34
1.34
1.34
1.34
1.33
1.33
1.33
1.33
1.32
1.33
1.33
1.33
1.33
1.33
1.33
1.33
1.32
1.32
1.32
1.33
1.33
1.33
1.33
1.33
1.33
1.33
1.33
1.33
1.33
1.34
1.33
1.33
1.33
1.33
1.33
1.33
1.34
1.33
1.33
1.33
1.33
1.33
1.33
1.33
1.33
1.32
1.32
1.32
1.33
1.32
1.33
1.32
1.32
1.32
1.32
1.32
1.32
1.32
1.32
1.32
1.32
1.32
1.32
1.31
1.32
1.32
1.32
1.32
1.32
1.33
1.32
1.33
1.33
1.32
1.33
1.32
1.32
1.32
1.32
1.32
1.32
1.32
1.32
1.31
1.31
1.31
1.31
1.31
1.31
1.31
1.31
1.32
1.32
1.31
1.32
1.32
1.32
1.32
1.32
1.32
1.32
1.32
1.31
1.32
1.32
1.32
1.31
1.31
1.31
1.31
1.31
1.31
1.31
1.30
1.31
1.30
1.30
1.31
1.31
1.31
1.31
1.31
1.31
1.30
1.30
1.30
1.30
1.30
1.30
1.30
1.30
1.30
1.30
1.30
1.30
1.29
1.29
1.29
1.29
1.29
1.29
1.29
1.29
1.29
1.29
1.29
1.29
1.29
1.29
1.30
1.30
1.30
1.30
1.29
1.29
1.29
1.29
1.29
1.29
1.29
1.29
1.29
1.29
1.28
1.28
1.28
1.28
1.28
1.29
1.29
1.29
1.28
1.29
1.28
1.28
1.28
1.28
1.28
1.28
1.28
1.28
1.28
1.28
1.28
1.29
1.28
1.29
1.29
1.29
1.29
1.29
1.29
1.29
1.29
1.29
1.29
1.29
1.29
1.29
1.29
1.29
1.29
1.29
1.29
1.28
1.28
1.28
1.28
1.28
1.28
1.28
1.28
1.28
1.28
1.28
1.28
1.28
1.28
1.28
1.27
1.28
1.28
1.27
1.27
1.28
1.28
1.28
1.28
1.28
1.28
1.28
1.28
1.28
1.28
1.27
1.27
1.27
1.27
1.27
1.27
1.27
1.27
1.27
1.27
1.27
1.27
1.27
1.27
1.28
1.27
1.27
1.27
1.27
1.27
1.27
1.27
1.28
1.28
1.28
1.28
1.28
1.28
1.28
1.28
1.28
1.28
1.28
1.28
1.28
1.28
1.28
1.28
1.28
1.28
1.28
1.28
1.28
1.28
1.28
1.28
1.27
1.28
1.27
1.27
1.27
1.27
1.27
1.27
1.27
1.27
1.27
1.27
1.27
1.27
1.27
1.27
1.27
1.27
1.27
1.27
1.27
1.27
1.27
1.27
1.27
1.27
1.27
1.27
1.27
1.27
1.27
1.27
1.27
1.27
1.27
1.27
1.27
1.27
1.27
1.27
1.27
1.27
1.28
1.27
