42.19
43.75
41.67
41.41
41.56
42.19
42.19
43.36
43.23
43.59
43.47
44.14
44.23
43.75
43.54
43.46
42.83
42.80
42.60
42.81
42.93
43.25
43.27
43.16
43.25
43.57
43.29
43.42
43.59
43.59
43.60
43.46
43.47
42.97
43.08
42.93
42.91
43.09
42.91
42.97
43.14
43.08
42.99
42.90
42.99
43.00
42.95
42.90
42.98
43.09
42.98
43.06
43.07
43.11
43.35
43.19
43.23
43.29
43.43
43.23
43.19
43.17
43.08
43.04
43.17
43.23
43.07
42.92
42.89
42.77
42.85
42.90
42.87
42.67
42.58
42.64
42.59
42.51
42.60
42.70
42.71
42.70
42.81
42.84
42.87
42.73
42.76
42.72
42.68
42.53
42.62
42.68
42.64
42.65
42.62
42.58
42.51
42.54
42.50
42.50
42.59
42.57
42.72
42.80
42.86
42.91
42.89
42.91
42.82
42.74
42.76
42.77
42.75
42.64
42.64
42.55
42.53
42.53
42.38
42.29
42.26
42.16
42.20
42.24
42.20
42.24
42.25
42.26
42.26
42.25
42.28
42.33
42.30
42.29
42.21
42.19
42.22
42.16
42.22
42.20
42.24
42.28
42.30
42.34
42.27
42.24
42.20
42.13
42.11
42.15
42.10
42.09
42.01
42.07
42.08
42.02
42.02
41.96
41.94
41.89
41.92
41.95
41.99
42.01
42.00
42.04
41.96
41.89
41.89
41.81
41.84
41.80
41.75
41.80
41.78
41.81
41.75
41.77
41.76
41.72
41.74
41.74
41.75
41.76
41.78
41.72
41.69
41.68
41.72
41.69
41.74
41.67
41.64
41.65
41.67
41.69
41.69
41.71
41.70
41.67
41.70
41.80
41.79
41.76
41.73
41.78
41.76
41.76
41.75
41.80
41.80
41.83
41.79
41.80
41.84
41.87
41.86
41.84
41.83
41.85
41.83
41.85
41.87
41.84
41.77
41.83
41.86
41.87
41.83
41.85
41.86
41.92
41.90
41.88
41.88
41.90
41.88
41.91
41.89
41.86
41.84
41.83
41.85
41.80
41.80
41.79
41.76
41.73
41.74
41.76
41.78
41.75
41.77
41.76
41.73
41.71
41.68
41.72
41.77
41.75
41.75
41.76
41.71
41.72
41.75
41.74
41.75
41.77
41.76
41.76
41.76
41.75
41.77
41.77
41.79
41.79
41.79
41.81
41.80
41.81
41.83
41.85
41.89
41.84
41.89
41.89
41.93
41.92
41.92
41.92
41.96
41.97
41.99
42.00
42.01
41.97
41.96
41.97
41.93
41.92
41.90
41.88
41.87
41.89
41.90
41.92
41.92
41.89
41.93
41.93
41.92
41.96
41.92
41.93
41.93
41.96
41.96
41.99
42.00
42.03
42.03
42.03
42.03
42.00
42.02
41.98
41.99
41.99
41.98
42.01
41.98
41.98
41.98
41.99
41.99
41.99
41.98
42.01
42.00
42.02
42.01
42.03
42.02
41.98
41.98
42.00
42.00
41.99
42.01
42.03
42.04
42.02
42.03
42.03
42.03
42.07
42.09
42.09
42.10
42.10
42.11
42.08
42.08
42.08
42.09
42.08
42.11
42.14
42.12
42.14
42.10
42.12
42.12
42.12
42.11
42.12
42.10
42.08
42.09
42.09
42.07
42.05
42.05
42.04
42.00
42.00
42.01
41.98
41.95
41.96
41.97
41.98
41.97
41.98
41.98
41.99
41.98
41.99
41.98
41.98
41.96
41.97
41.94
41.94
41.94
41.94
41.94
41.94
41.93
41.95
41.94
41.95
41.95
41.95
41.95
41.95
41.94
41.96
41.97
41.95
41.95
41.95
41.92
41.92
41.90
41.93
41.92
41.92
41.90
41.93
41.91
41.92
41.87
41.90
41.88
41.86
41.85
41.84
41.88
41.86
41.84
41.81
41.79
41.79
41.81
41.81
41.80
41.82
41.81
41.81
41.80
41.78
41.77
41.77
41.75
41.75
41.78
41.76
41.79
41.78
41.79
41.79
41.79
41.78
41.77
41.77
41.77
41.76
41.77
41.77
41.75
41.76
41.74
41.77
41.77
41.78
41.78
41.77
41.74
41.73
41.72
41.75
41.73
41.73
41.73
41.74
41.74
41.76
41.75
41.75
41.74
41.73
41.73
41.73
41.74
41.74
41.72
41.73
41.71
41.74
41.73
41.73
41.72
41.71
41.72
41.74
41.74
41.72
41.73
41.72
41.74
41.75
41.76
41.77
41.77
41.74
41.72
41.71
41.74
41.75
41.77
41.77
41.76
41.78
41.77
41.79
41.77
41.79
41.79
41.78
41.79
41.79
41.79
41.77
41.78
41.77
41.77
41.78
41.80
41.80
41.79
41.80
41.80
41.81
41.81
41.82
41.80
41.77
41.78
41.76
41.74
41.74
41.75
41.76
41.76
41.77
41.74
41.75
41.75
41.74
41.76
41.76
41.77
41.77
41.79
41.77
41.78
41.78
41.77
41.78
41.79
41.78
41.77
41.76
41.77
41.78
41.76
41.76
41.74
41.73
41.73
41.72
41.74
41.74
41.74
41.74
41.72
41.73
41.73
41.75
41.72
41.72
41.73
41.75
41.73
41.73
41.75
41.76
41.76
41.76
41.76
41.75
41.74
41.73
41.71
41.69
41.68
41.68
41.67
41.68
41.67
41.68
41.69
41.70
41.69
41.69
41.69
41.69
41.69
41.69
41.69
41.69
41.71
41.72
41.72
41.72
41.72
41.73
41.73
41.75
41.74
41.74
41.73
41.72
41.72
41.73
41.72
41.73
41.72
41.70
41.71
41.70
41.67
41.67
41.68
41.69
41.69
41.69
41.69
41.69
41.70
41.71
41.70
41.70
41.70
41.68
41.67
41.67
41.66
41.67
41.66
41.67
41.66
41.67
41.66
41.67
41.68
41.68
41.68
41.67
41.66
41.66
41.66
41.66
41.66
41.65
41.65
41.64
41.64
41.65
41.65
41.65
41.64
41.66
41.66
41.67
41.66
41.64
41.64
41.62
41.62
41.61
41.61
41.60
41.60
41.59
41.59
41.60
41.60
41.61
41.59
41.59
41.59
41.59
41.59
41.58
41.57
41.56
41.56
41.55
41.54
41.54
41.53
41.53
41.54
41.56
41.56
41.56
41.57
41.56
41.57
41.58
41.58
41.57
41.56
41.55
41.55
41.57
41.57
41.58
41.58
41.58
41.57
41.57
41.57
41.57
41.57
41.56
41.55
41.55
41.55
41.55
41.55
41.54
41.55
41.55
41.56
41.56
41.55
41.56
41.56
41.55
41.56
41.57
41.56
41.56
41.56
41.56
41.54
41.54
41.54
41.55
41.54
41.55
41.54
41.54
41.54
41.54
41.54
41.54
41.53
41.54
41.55
41.56
41.55
41.56
41.56
41.54
41.54
41.54
41.54
41.50
