54.69
57.03
57.29
58.59
57.81
58.59
57.81
57.62
58.33
59.38
59.52
58.85
58.29
58.26
58.33
58.01
57.35
57.73
57.98
57.97
57.74
57.60
57.68
58.14
58.31
58.41
58.10
58.31
58.57
58.80
59.02
59.03
59.00
58.82
58.66
58.59
58.45
58.68
58.65
58.55
58.31
58.22
58.07
57.99
57.92
57.98
57.85
57.81
57.43
57.31
57.23
57.15
57.05
56.92
56.90
56.75
56.77
56.87
56.94
56.77
56.58
56.60
56.65
56.76
56.78
56.82
56.62
56.85
56.88
56.92
56.95
56.92
57.00
56.99
57.06
57.07
57.00
56.85
56.82
56.76
56.85
56.90
56.81
56.81
56.78
56.63
56.56
56.52
56.50
56.46
56.52
56.61
56.62
56.68
56.68
56.77
56.81
56.86
56.90
56.88
56.90
56.89
56.86
56.87
56.83
56.78
56.82
56.84
56.81
56.70
56.74
56.79
56.71
56.78
56.74
56.79
56.78
56.83
56.88
56.86
56.92
56.92
56.96
56.94
57.04
57.04
57.09
57.08
57.04
57.01
56.98
57.01
56.99
57.01
56.94
56.95
56.92
57.00
57.03
57.01
57.00
57.01
57.07
57.09
57.06
56.95
56.95
56.88
56.93
56.95
56.96
56.98
56.96
56.96
57.00
57.09
57.10
57.12
57.11
57.10
57.07
56.97
56.97
57.03
57.11
57.12
57.11
57.13
57.21
57.19
57.18
57.19
57.14
57.14
57.10
57.06
56.99
56.96
56.97
56.95
56.93
56.88
56.87
56.88
56.92
56.90
56.91
56.95
56.99
56.96
56.94
56.93
56.94
56.94
56.88
56.85
56.85
56.80
56.75
56.72
56.73
56.69
56.67
56.66
56.70
56.70
56.72
56.73
56.77
56.80
56.82
56.79
56.81
56.79
56.85
56.86
56.87
56.87
56.88
56.86
56.84
56.85
56.87
56.82
56.81
56.80
56.77
56.78
56.81
56.87
56.89
56.89
56.90
56.90
56.97
56.95
56.92
56.92
56.88
56.85
56.83
56.81
56.85
56.85
56.89
56.86
56.85
56.85
56.84
56.86
56.87
56.88
56.87
56.91
56.92
56.93
56.92
56.89
56.87
56.84
56.86
56.85
56.84
56.87
56.89
56.87
56.88
56.88
56.90
56.88
56.88
56.88
56.88
56.88
56.86
56.83
56.84
56.81
56.79
56.76
56.72
56.72
56.74
56.77
56.78
56.76
56.78
56.80
56.81
56.79
56.81
56.82
56.83
56.81
56.76
56.78
56.78
56.78
56.79
56.77
56.81
56.79
56.75
56.73
56.77
56.77
56.74
56.72
56.72
56.74
56.73
56.74
56.72
56.72
56.71
56.71
56.69
56.69
56.68
56.70
56.72
56.70
56.68
56.70
56.71
56.72
56.72
56.76
56.78
56.77
56.81
56.83
56.83
56.83
56.84
56.84
56.81
56.81
56.81
56.83
56.80
56.79
56.83
56.82
56.82
56.81
56.81
56.81
56.80
56.80
56.80
56.81
56.83
56.81
56.82
56.82
56.85
56.87
56.84
56.82
56.83
56.84
56.83
56.82
56.83
56.83
56.82
56.86
56.84
56.80
56.81
56.82
56.83
56.83
56.84
56.84
56.83
56.82
56.82
56.83
56.81
56.84
56.84
56.84
56.86
56.86
56.87
56.88
56.89
56.86
56.90
56.91
56.91
56.89
56.88
56.91
56.90
56.91
56.92
56.92
56.90
56.89
56.87
56.86
56.85
56.82
56.83
56.85
56.83
56.86
56.84
56.85
56.85
56.83
56.83
