81.25
82.03
83.33
82.81
80.31
79.95
79.46
79.10
79.69
79.53
80.11
79.43
79.69
79.91
80.21
80.18
80.51
80.21
80.43
80.55
80.58
81.04
80.84
80.66
80.75
80.71
80.79
80.92
80.98
80.89
80.75
80.76
80.59
80.47
80.76
80.82
80.62
80.39
80.49
80.39
80.45
80.43
80.56
80.61
80.76
80.84
80.78
80.89
80.96
80.97
81.00
80.92
81.04
81.08
80.99
81.05
81.03
80.95
80.99
80.99
81.17
81.22
81.23
81.30
81.30
81.34
81.30
81.34
81.41
81.43
81.40
81.36
81.36
81.40
81.31
81.25
81.19
81.17
81.15
81.17
81.27
81.19
81.23
81.31
81.21
81.21
81.23
81.32
81.36
81.41
81.40
81.45
81.57
81.62
81.64
81.67
81.67
81.63
81.66
81.70
81.68
81.66
81.58
81.52
81.53
81.53
81.53
81.52
81.54
81.46
81.43
81.35
81.37
81.36
81.40
81.32
81.32
81.36
81.28
81.33
81.34
81.34
81.31
81.34
81.40
81.39
81.45
81.42
81.42
81.45
81.44
81.45
81.47
81.42
81.41
81.42
81.43
81.41
81.40
81.41
81.45
81.44
81.49
81.49
81.51
81.54
81.60
81.61
81.66
81.67
81.66
81.64
81.66
81.66
81.63
81.63
81.66
81.71
81.70
81.69
81.69
81.68
81.70
81.75
81.73
81.72
81.70
81.69
81.63
81.59
81.61
81.60
81.61
81.60
81.64
81.67
81.67
81.67
81.70
81.70
81.66
81.71
81.68
81.67
81.65
81.64
81.65
81.67
81.68
81.69
81.71
81.74
81.77
81.73
81.71
81.67
81.69
81.67
81.67
81.70
81.69
81.70
81.71
81.71
81.71
81.70
81.70
81.72
81.70
81.69
81.71
81.66
81.66
81.67
81.62
81.64
81.65
81.64
81.64
81.68
81.67
81.64
81.66
81.66
81.68
81.67
81.67
81.67
81.69
81.69
81.71
81.68
81.66
81.65
81.64
81.66
81.68
81.70
81.70
81.69
81.70
81.69
81.71
81.70
81.70
81.70
81.71
81.70
81.71
81.72
81.73
81.69
81.68
81.66
81.67
81.65
81.67
81.67
81.66
81.64
81.66
81.68
81.67
81.68
81.69
81.68
81.68
81.69
81.73
81.75
81.71
81.71
81.68
81.71
81.71
81.70
81.70
81.65
81.63
81.62
81.63
81.64
81.63
81.62
81.63
81.63
81.63
81.67
81.65
81.66
81.67
81.66
81.63
81.61
81.57
81.58
81.59
81.61
81.62
81.59
81.59
81.59
81.59
81.58
81.57
81.60
81.58
81.56
81.56
81.58
81.60
81.62
81.63
81.64
81.64
81.61
81.60
81.57
81.58
81.56
81.57
81.56
81.56
81.56
81.57
81.58
81.60
81.60
81.59
81.59
81.60
81.60
81.60
81.59
81.59
81.59
81.58
81.59
81.58
81.55
81.55
81.56
81.56
81.56
81.58
81.58
81.57
81.58
81.59
81.59
81.59
81.60
81.59
81.61
81.62
81.65
81.66
81.66
81.65
81.65
81.66
81.66
81.65
81.64
81.64
81.65
81.65
81.65
81.64
81.63
81.63
81.62
81.61
81.62
81.63
81.64
81.64
81.66
81.65
81.64
81.61
81.61
81.62
81.62
81.61
81.62
81.63
81.65
81.65
81.64
81.65
81.65
81.66
81.65
81.65
81.64
81.64
81.65
81.64
81.63
81.62
81.61
81.61
81.63
81.64
81.62
81.62
81.61
81.62
81.64
81.65
81.65
81.64
81.65
81.66
81.67
81.67
81.67
81.68
81.68
81.70
81.68
81.69
81.68
81.68
81.70
81.70
81.70
81.72
81.74
81.73
81.72
81.73
81.73
81.72
81.74
81.75
81.75
81.77
81.74
81.74
81.73
81.75
81.74
81.75
81.72
81.70
81.72
81.71
81.71
81.71
81.72
81.73
81.73
81.73
81.73
81.74
81.74
81.73
81.75
81.74
81.74
81.74
81.75
81.74
81.75
81.76
81.76
81.75
81.76
81.75
81.76
81.75
81.74
81.76
81.77
81.76
81.76
81.75
81.74
81.73
81.72
81.71
81.71
81.69
81.70
81.69
81.68
81.68
81.68
81.68
81.68
81.68
81.68
81.68
81.69
81.69
81.70
81.69
81.68
81.70
81.68
81.68
81.69
81.70
81.70
81.71
81.72
81.72
81.72
81.72
81.72
81.70
81.71
81.73
81.73
81.72
81.73
81.74
81.73
81.73
81.73
81.73
81.72
81.73
81.73
81.74
81.74
81.74
81.74
81.75
81.76
81.78
81.77
81.78
81.78
81.78
81.78
81.78
81.78
81.78
81.79
81.79
81.79
81.79
81.79
81.80
81.80
81.80
81.82
81.81
81.80
81.80
81.81
81.80
81.79
81.79
81.79
81.79
81.79
81.79
81.80
81.80
81.82
81.81
81.80
81.82
81.81
81.80
81.79
81.80
81.82
81.83
81.84
81.83
81.83
81.83
81.83
81.82
81.82
81.82
81.82
81.82
81.81
81.82
81.81
81.82
81.82
81.83
81.82
81.81
81.79
81.78
81.79
81.79
81.80
81.80
81.81
81.83
81.82
81.81
81.81
81.80
81.79
81.77
81.78
81.77
81.77
81.75
81.76
81.75
81.76
81.75
81.75
81.75
81.76
81.77
81.75
81.74
81.74
81.73
81.72
81.72
81.72
81.71
81.70
81.70
81.72
81.72
81.73
81.73
81.73
81.75
81.75
81.74
81.74
81.73
81.73
81.72
81.72
81.73
81.73
81.73
81.73
81.72
81.73
81.73
81.72
81.72
81.72
81.72
81.72
81.72
81.71
81.72
81.72
81.73
81.73
81.73
81.74
81.74
81.74
81.73
81.74
81.74
81.73
81.74
81.75
81.76
81.77
81.77
81.77
81.77
81.75
81.75
81.76
81.77
81.77
81.77
81.76
81.76
81.76
81.74
81.74
81.74
81.74
81.73
81.74
81.73
81.72
81.71
81.72
81.71
81.70
81.70
81.70
81.70
81.70
81.71
81.71
81.72
81.72
81.72
81.73
81.73
81.73
81.73
81.73
81.73
81.75
81.74
81.74
81.75
81.74
81.75
81.75
81.76
81.76
81.76
81.74
81.75
81.76
81.76
81.74
81.75
81.73
81.74
81.73
81.72
81.71
81.72
81.72
81.72
81.72
81.71
81.71
81.71
81.70
81.69
81.70
81.71
81.72
81.70
81.71
81.71
81.72
81.72
81.72
81.72
81.73
81.73
81.73
81.73
81.73
81.73
81.73
81.73
81.73
81.73
81.74
81.73
81.74
81.74
81.74
81.74
81.73
81.74
81.74
81.74
81.74
81.74
81.74
81.74
81.73
81.73
81.73
81.73
81.74
81.74
81.75
81.75
81.67
