1.56
1.56
1.56
2.34
2.50
2.34
2.90
3.12
3.30
2.97
2.84
2.60
2.64
2.57
2.50
2.44
2.48
2.34
2.30
2.42
2.31
2.27
2.24
2.21
2.25
2.28
2.26
2.29
2.32
2.29
2.27
2.29
2.32
2.25
2.19
2.17
2.20
2.22
2.20
2.19
2.21
2.16
2.14
2.13
2.22
2.21
2.19
2.18
2.17
2.28
2.33
2.31
2.30
2.31
2.27
2.23
2.25
2.29
2.28
2.24
2.25
2.22
2.18
2.15
2.19
2.15
2.17
2.16
2.13
2.12
2.13
2.15
2.16
2.17
2.19
2.20
2.19
2.16
2.16
2.19
2.22
2.23
2.20
2.21
2.22
2.23
2.28
2.25
2.25
2.26
2.23
2.22
2.20
2.21
2.19
2.16
2.16
2.14
2.13
2.14
2.17
2.16
2.15
2.13
2.14
2.14
2.13
2.13
2.12
2.12
2.10
2.08
2.09
2.08
2.08
2.07
2.07
2.05
2.06
2.06
2.04
2.02
2.02
2.02
2.00
2.01
2.01
2.00
1.99
1.98
1.98
1.98
1.97
1.96
1.98
1.96
1.96
1.96
1.96
1.98
1.97
1.97
1.97
1.96
1.96
1.98
1.98
2.01
2.00
2.01
2.01
2.00
2.00
2.01
2.01
2.00
2.00
2.01
2.02
2.03
2.05
2.04
2.05
2.05
2.05
2.03
2.03
2.02
2.02
2.00
1.99
1.99
2.01
1.99
1.99
2.01
2.00
2.01
2.03
2.02
2.02
2.03
2.02
2.02
2.02
2.02
2.02
2.01
2.00
2.00
1.99
1.99
1.98
1.97
1.97
1.96
1.96
1.96
1.96
1.96
1.97
1.96
1.95
1.94
1.93
1.93
1.94
1.95
1.94
1.93
1.93
1.95
1.95
1.94
1.94
1.95
1.94
1.94
1.93
1.92
1.92
1.92
1.92
1.93
1.94
1.94
1.93
1.93
1.94
1.93
1.93
1.93
1.92
1.93
1.92
1.92
1.93
1.94
1.94
1.93
1.95
1.94
1.93
1.93
1.93
1.93
1.94
1.94
1.93
1.92
1.93
1.93
1.93
1.93
1.94
1.95
1.95
1.96
1.95
1.95
1.96
1.96
1.95
1.95
1.95
1.96
1.95
1.95
1.95
1.94
1.95
1.94
1.94
1.94
1.96
1.95
1.95
1.94
1.96
1.95
1.95
1.94
1.93
1.93
1.94
1.93
1.93
1.93
1.93
1.93
1.93
1.92
1.94
1.93
1.93
1.93
1.93
1.93
1.94
1.94
1.95
1.96
1.95
1.94
1.94
1.95
1.95
1.95
1.94
1.94
1.93
1.94
1.94
1.95
1.94
1.94
1.95
1.95
1.94
1.94
1.94
1.94
1.94
1.94
1.95
1.95
1.94
1.95
1.94
1.94
1.94
1.94
1.94
1.93
1.94
1.93
1.93
1.92
1.93
1.92
1.92
1.91
1.91
1.91
1.92
1.91
1.91
1.91
1.92
1.92
1.92
1.92
1.92
1.92
1.91
1.91
1.90
1.90
1.90
1.90
1.90
1.89
1.89
1.88
1.90
1.89
1.89
1.89
1.89
1.88
1.89
1.88
1.89
1.88
1.89
1.89
1.89
1.90
1.89
1.90
1.91
1.90
1.91
1.90
1.90
1.90
1.89
1.90
1.90
1.91
1.91
1.91
1.91
1.91
1.91
1.91
1.92
1.92
1.92
1.92
1.92
1.92
1.92
1.91
1.91
1.91
1.91
1.93
1.93
1.94
1.94
1.95
1.94
1.94
1.94
1.94
1.95
1.94
1.94
1.94
1.93
1.93
1.93
1.93
1.93
1.93
1.92
1.92
1.92
1.92
1.93
1.93
1.93
1.93
1.94
1.94
1.93
1.94
1.94
1.94
1.94
1.94
1.93
1.93
1.93
1.92
1.92
1.92
1.92
1.92
1.93
1.93
1.94
1.93
1.93
1.92
1.92
1.92
1.92
1.92
1.92
1.92
1.92
1.92
1.91
1.91
1.91
1.91
1.92
1.91
1.91
1.91
1.91
1.91
1.91
1.91
1.91
1.91
1.91
1.92
1.92
1.93
1.93
1.93
1.94
1.94
1.93
1.93
1.94
1.94
1.94
1.93
1.93
1.93
1.93
1.93
1.93
1.93
1.94
1.94
1.95
1.95
1.95
1.95
1.95
1.95
1.95
1.95
1.95
1.94
1.94
1.95
1.95
1.95
1.94
1.94
1.95
1.95
1.94
1.94
1.93
1.93
1.93
1.93
1.93
1.93
1.93
1.93
1.93
1.93
1.93
1.93
1.93
1.93
1.93
1.93
1.92
1.92
1.92
1.93
1.93
1.93
1.93
1.92
1.92
1.92
1.92
1.92
1.93
1.93
1.93
1.93
1.93
1.93
1.93
1.93
1.93
1.93
1.93
1.93
1.92
1.92
1.92
1.92
1.92
1.92
1.92
1.93
1.92
1.92
1.92
1.92
1.92
1.92
1.92
1.92
1.91
1.91
1.91
1.91
1.91
1.91
1.91
1.90
1.91
1.91
1.90
1.90
1.90
1.90
1.90
1.90
1.90
1.90
1.89
1.89
1.89
1.89
1.89
1.89
1.89
1.89
1.89
1.89
1.89
1.89
1.89
1.90
1.90
1.90
1.90
1.90
1.89
1.90
1.90
1.90
1.90
1.90
1.89
1.89
1.89
1.90
1.90
1.90
1.90
1.90
1.90
1.90
1.90
1.90
1.90
1.90
1.90
1.90
1.89
1.90
1.90
1.90
1.90
1.90
1.89
1.89
1.89
1.89
1.89
1.90
1.90
1.90
1.90
1.90
1.90
1.90
1.90
1.90
1.90
1.90
1.90
1.89
1.90
1.90
1.90
1.90
1.90
1.90
1.90
1.90
1.90
1.90
1.90
1.90
1.90
1.90
1.91
1.91
1.91
1.91
1.91
1.91
1.91
1.91
1.91
1.91
1.91
1.91
1.91
1.91
1.91
1.91
1.91
1.91
1.91
1.91
1.90
1.91
1.91
1.91
1.91
1.91
1.91
1.91
1.91
1.91
1.91
1.92
1.92
1.92
1.92
1.91
1.92
1.91
1.92
1.92
1.91
1.91
1.91
1.91
1.91
1.91
1.91
1.91
1.90
1.90
1.90
1.91
1.92
1.92
1.91
1.91
1.91
1.91
1.91
1.91
1.91
1.91
1.91
1.91
1.90
1.90
1.90
1.90
1.90
1.90
1.90
1.90
1.91
1.91
1.91
1.91
1.91
1.91
1.91
1.91
1.92
1.91
1.92
1.91
1.91
1.91
1.92
1.92
1.92
1.92
1.92
1.92
1.92
1.92
1.92
1.92
1.92
1.92
1.92
1.93
1.93
1.93
1.93
1.93
1.93
1.94
1.94
1.94
1.94
1.93
