82.81
84.38
84.38
81.64
82.81
83.07
82.14
80.86
81.25
81.88
81.96
81.90
82.09
81.81
81.88
82.03
81.80
81.68
81.50
81.56
81.62
81.96
81.93
82.10
82.06
82.21
82.29
82.37
82.22
82.14
82.11
81.88
81.91
81.76
81.83
81.77
81.80
81.50
81.53
81.41
81.25
81.25
81.25
81.14
81.15
81.08
81.02
81.05
80.74
80.78
80.79
80.86
80.66
80.58
80.62
80.64
80.73
80.63
80.56
80.55
80.58
80.57
80.61
80.62
80.67
80.61
80.64
80.58
80.71
80.65
80.50
80.36
80.39
80.38
80.44
80.47
80.52
80.43
80.42
80.39
80.44
80.45
80.42
80.45
80.42
80.34
80.39
80.43
80.50
80.50
80.53
80.57
80.46
80.52
80.54
80.58
80.56
80.48
80.46
80.44
80.40
80.41
80.46
80.44
80.48
80.51
80.49
80.45
80.38
80.37
80.38
80.34
80.31
80.40
80.39
80.44
80.40
80.40
80.44
80.51
80.51
80.47
80.45
80.46
80.48
80.47
80.46
80.54
80.50
80.49
80.44
80.49
80.55
80.56
80.61
80.61
80.66
80.70
80.71
80.65
80.57
80.51
80.52
80.52
80.45
80.46
80.41
80.38
80.37
80.39
80.34
80.40
80.43
80.44
80.43
80.45
80.45
80.50
80.56
80.57
80.55
80.50
80.50
80.51
80.52
80.50
80.49
80.50
80.50
80.52
80.53
80.54
80.53
80.49
80.44
80.44
80.46
80.48
80.46
80.48
80.51
80.49
80.52
80.54
80.55
80.58
80.64
80.65
80.70
80.71
80.72
80.74
80.75
80.77
80.79
80.76
80.77
80.71
80.72
80.69
80.67
80.68
80.67
80.64
80.60
80.60
80.62
80.60
80.61
80.58
80.58
80.57
80.58
80.55
80.60
80.61
80.62
80.62
80.60
80.62
80.61
80.60
80.58
80.56
80.53
80.52
80.53
80.52
80.54
80.52
80.53
80.50
80.50
80.52
80.51
80.51
80.51
80.50
80.53
80.53
80.50
80.49
80.50
80.49
80.47
80.51
80.50
80.51
80.52
80.51
80.53
80.54
80.55
80.58
80.59
80.59
80.57
80.57
80.58
80.58
80.60
80.61
80.61
80.62
80.63
80.64
80.65
80.62
80.63
80.64
80.65
80.62
80.63
80.61
80.59
80.60
80.58
80.55
80.51
80.51
80.49
80.48
80.49
80.49
80.53
80.51
80.52
80.50
80.49
80.48
80.50
80.48
80.51
80.52
80.52
80.53
80.52
80.53
80.53
80.54
80.52
80.50
80.50
80.46
80.47
80.43
80.43
80.42
80.41
80.41
80.40
80.37
80.39
80.38
80.39
80.39
80.38
80.38
80.38
80.39
80.38
80.40
80.40
80.41
80.42
80.44
80.43
80.45
80.41
80.38
80.36
80.37
80.34
80.31
80.32
80.33
80.33
80.33
80.31
80.32
80.30
80.30
80.29
80.29
80.29
80.30
80.33
80.33
80.35
80.34
80.35
80.34
80.35
80.35
80.36
80.38
80.40
80.39
80.39
80.39
80.38
80.36
80.35
80.35
80.34
80.34
80.33
80.33
80.34
80.35
80.32
80.32
80.31
80.34
80.33
80.31
80.28
80.28
80.27
80.26
80.27
80.28
80.25
80.24
80.26
80.24
80.23
80.24
80.23
80.22
80.23
80.23
80.22
80.23
80.24
80.22
80.22
80.23
80.24
80.24
80.24
80.25
80.26
80.26
80.27
80.26
80.26
80.27
80.28
80.29
80.28
80.28
80.27
80.27
80.28
80.30
80.30
80.30
80.31
80.31
80.33
80.33
80.33
80.33
80.35
80.34
80.34
80.33
80.34
80.31
80.33
80.33
80.33
80.32
80.32
80.31
80.29
80.29
80.29
80.31
80.32
80.32
80.32
80.34
80.32
80.32
80.33
80.34
80.33
80.34
80.37
80.37
80.36
80.37
80.38
80.38
80.38
80.38
80.36
80.36
80.37
80.38
80.36
80.37
80.36
80.37
80.37
80.37
80.37
80.37
80.37
80.39
80.38
80.38
80.38
80.38
80.38
80.40
80.41
80.40
80.40
80.40
80.39
80.39
80.39
80.39
80.38
80.38
80.39
80.39
80.37
80.37
80.37
80.37
80.35
80.36
80.34
80.35
80.37
80.37
80.38
80.37
80.36
80.37
80.39
80.39
80.41
80.39
80.41
80.40
80.39
80.40
80.41
80.41
80.42
80.42
80.43
80.42
80.43
80.44
80.43
80.44
80.45
80.46
80.47
80.47
80.48
80.47
80.48
80.49
80.50
80.50
80.50
80.50
80.50
80.52
80.53
80.53
80.53
80.55
80.55
80.56
80.54
80.53
80.55
80.55
80.55
80.54
80.54
80.54
80.53
80.54
80.54
80.55
80.55
80.53
80.53
80.54
80.54
80.56
80.57
80.57
80.57
80.55
80.56
80.57
80.58
80.55
80.56
80.56
80.56
80.55
80.55
80.55
80.56
80.56
80.56
80.57
80.59
80.59
80.60
80.59
80.59
80.59
80.58
80.58
80.58
80.58
80.57
80.59
80.59
80.59
80.59
80.60
80.59
80.58
80.57
80.58
80.57
80.56
80.54
80.54
80.55
80.55
80.55
80.55
80.55
80.55
80.55
80.55
80.54
80.52
80.54
80.55
80.55
80.56
80.57
80.57
80.57
80.58
80.56
80.56
80.57
80.57
80.56
80.56
80.54
80.53
80.53
80.53
80.52
80.53
80.54
80.54
80.54
80.54
80.54
80.54
80.53
80.53
80.51
80.49
80.49
80.49
80.48
80.50
80.51
80.51
80.52
80.51
80.51
80.52
80.51
80.51
80.52
80.52
80.53
80.54
80.53
80.53
80.51
80.51
80.52
80.52
80.53
80.54
80.54
80.54
80.54
80.54
80.55
80.55
80.54
80.54
80.54
80.52
80.52
80.53
80.52
80.53
80.53
80.54
80.54
80.54
80.55
80.55
80.56
80.56
80.55
80.55
80.57
80.56
80.56
80.55
80.54
80.54
80.54
80.55
80.56
80.56
80.57
80.58
80.57
80.57
80.57
80.57
80.56
80.57
80.56
80.57
80.58
80.57
80.58
80.58
80.58
80.57
80.56
80.56
80.56
80.57
80.57
80.57
80.58
80.58
80.57
80.58
80.58
80.57
80.56
80.56
80.55
80.54
80.55
80.56
80.55
80.55
80.55
80.55
80.56
80.55
80.54
80.54
80.54
80.55
80.56
80.57
80.57
80.57
80.58
80.58
80.58
80.58
80.58
80.58
80.57
80.57
80.58
80.58
80.59
80.59
80.59
80.60
80.59
80.59
80.59
80.59
80.59
80.59
80.59
80.60
80.60
80.60
80.60
80.60
80.61
80.60
80.60
80.60
80.60
80.59
80.60
80.51
