87.50
81.25
83.85
83.98
84.06
84.11
84.15
83.20
82.81
82.19
82.67
82.68
82.21
82.37
82.60
82.32
82.08
82.12
82.24
81.72
81.77
81.89
81.79
81.71
81.56
81.73
81.89
81.98
81.47
81.67
81.75
81.69
81.63
81.62
81.70
81.60
81.63
81.54
81.17
81.05
81.14
81.29
80.96
80.89
80.76
80.88
80.65
80.79
80.84
80.72
80.58
80.53
80.48
80.67
80.43
80.50
80.56
80.50
80.51
80.62
80.69
80.62
80.61
80.69
80.77
80.59
80.60
80.58
80.59
80.65
80.74
80.79
80.69
80.76
80.77
80.63
80.70
80.75
80.72
80.76
80.63
80.68
80.65
80.64
80.70
80.80
80.78
80.82
80.71
80.78
80.79
80.72
80.63
80.68
80.69
80.65
80.67
80.69
80.65
80.69
80.69
80.73
80.69
80.68
80.68
80.63
80.56
80.51
80.55
80.54
80.52
80.50
80.42
80.46
80.52
80.50
80.45
80.42
80.41
80.40
80.40
80.40
80.44
80.48
80.48
80.48
80.44
80.47
80.50
80.49
80.39
80.30
80.31
80.35
80.42
80.43
80.41
80.40
80.36
80.35
80.36
80.38
80.30
80.34
80.29
80.35
80.31
80.30
80.35
80.38
80.38
80.37
80.37
80.41
80.44
80.43
80.41
80.41
80.41
80.47
80.47
80.49
80.48
80.45
80.37
80.40
80.45
80.43
80.45
80.47
80.48
80.49
80.49
80.46
80.46
80.43
80.41
80.42
80.39
80.42
80.40
80.36
80.38
80.37
80.39
80.39
80.44
80.44
80.46
80.49
80.49
80.48
80.51
80.53
80.54
80.47
80.49
80.45
80.47
80.51
80.53
80.53
80.53
80.55
80.57
80.61
80.63
80.63
80.61
80.61
80.63
80.62
80.59
80.55
80.57
80.58
80.59
80.60
80.62
80.61
80.66
80.65
80.67
80.70
80.72
80.77
80.72
80.72
80.73
80.69
80.70
80.72
80.70
80.70
80.67
80.67
80.67
80.65
80.63
80.61
80.63
80.64
80.65
80.65
80.68
80.67
80.69
80.63
80.60
80.61
80.63
80.62
80.62
80.65
80.66
80.65
80.64
80.69
80.66
80.64
80.66
80.67
80.65
80.62
80.61
80.62
80.61
80.62
80.63
80.61
80.62
80.64
80.65
80.66
80.65
80.66
80.65
80.65
80.67
80.67
80.67
80.68
80.65
80.69
80.71
80.71
80.72
80.73
80.74
80.74
80.75
80.75
80.72
80.77
80.76
80.78
80.78
80.78
80.78
80.78
80.79
80.77
80.77
80.77
80.74
80.74
80.76
80.74
80.74
80.70
80.72
80.70
80.72
80.71
80.74
80.72
80.72
80.71
80.68
80.67
80.66
80.68
80.69
80.68
80.68
80.65
80.68
80.66
80.66
80.65
80.66
80.67
80.69
80.67
80.66
80.67
80.68
80.70
80.71
80.73
80.74
80.77
80.77
80.76
80.76
80.74
80.74
80.72
80.71
80.71
80.72
80.70
80.70
80.66
80.66
80.66
80.69
80.67
80.67
80.69
80.69
80.71
80.71
80.72
80.73
80.70
80.69
80.69
80.68
80.69
80.67
80.69
80.68
80.67
80.66
80.66
80.66
80.66
80.67
80.68
80.66
80.66
80.67
80.67
80.65
80.68
80.67
80.67
80.68
80.71
80.71
80.72
80.73
80.72
80.70
80.70
80.70
80.67
80.66
80.66
80.67
80.67
80.66
80.67
80.69
80.69
80.70
80.71
80.68
80.70
80.70
80.69
80.70
80.69
80.70
80.71
80.70
80.68
80.68
80.69
80.69
80.69
80.70
80.71
80.68
80.68
80.69
80.71
80.70
80.71
80.71
80.70
80.71
80.71
80.71
80.71
80.72
80.71
80.71
80.70
80.72
80.71
80.72
80.71
80.71
80.72
80.71
80.72
80.71
80.71
80.71
80.70
80.69
80.68
80.68
80.68
80.68
80.67
80.69
80.70
80.70
80.70
80.70
80.71
80.71
80.70
80.69
80.69
80.70
80.68
80.68
80.67
80.64
80.63
80.64
80.65
80.64
80.65
80.65
80.63
80.64
80.63
80.65
80.64
80.62
80.63
80.62
80.62
80.63
80.63
80.63
80.63
80.62
80.63
80.64
80.63
80.63
80.63
80.63
80.66
80.66
80.66
80.67
80.65
80.65
80.67
80.68
80.67
80.66
80.66
80.66
80.66
80.66
80.67
80.66
80.66
80.66
80.65
80.63
80.64
80.64
80.66
80.66
80.68
80.68
80.69
80.70
80.71
80.71
80.72
80.72
80.71
80.70
80.70
80.70
80.71
80.71
80.71
80.71
80.72
80.73
80.73
80.71
80.72
80.73
80.73
80.72
80.72
80.72
80.72
80.72
80.71
80.71
80.73
80.72
80.71
80.71
80.70
80.72
80.71
80.72
80.73
80.73
80.74
80.74
80.74
80.74
80.74
80.75
80.75
80.75
80.76
80.76
80.77
80.77
80.77
80.77
80.76
80.77
80.78
80.78
80.77
80.76
80.76
80.77
80.76
80.76
80.77
80.77
80.75
80.76
80.76
80.76
80.76
80.77
80.75
80.75
80.75
80.75
80.76
80.76
80.77
80.78
80.79
80.80
80.81
80.79
80.79
80.80
80.79
80.78
80.79
80.80
80.77
80.78
80.78
80.78
80.77
80.79
80.80
80.78
80.78
80.79
80.77
80.78
80.79
80.80
80.81
80.80
80.80
80.79
80.79
80.79
80.79
80.78
80.79
80.78
80.78
80.76
80.76
80.76
80.76
80.77
80.78
80.77
80.76
80.77
80.78
80.78
80.78
80.78
80.79
80.80
80.79
80.78
80.78
80.79
80.79
80.78
80.78
80.77
80.77
80.76
80.77
80.76
80.76
80.74
80.75
80.75
80.77
80.75
80.76
80.77
80.76
80.76
80.78
80.78
80.79
80.79
80.80
80.80
80.79
80.79
80.79
80.80
80.81
80.80
80.80
80.80
80.80
80.80
80.79
80.79
80.79
80.79
80.80
80.80
80.81
80.81
80.81
80.81
80.81
80.81
80.80
80.79
80.81
80.81
80.80
80.81
80.80
80.80
80.81
80.81
80.81
80.81
80.80
80.81
80.82
80.83
80.83
80.82
80.83
80.84
80.84
80.85
80.84
80.84
80.84
80.85
80.85
80.85
80.86
80.84
80.83
80.82
80.82
80.83
80.84
80.84
80.83
80.83
80.84
80.84
80.84
80.84
80.84
80.82
80.83
80.82
80.82
80.82
80.82
80.81
80.81
80.81
80.82
80.82
80.82
80.81
80.80
80.81
80.81
80.81
80.82
80.83
80.82
80.84
80.83
80.84
80.83
80.83
80.83
80.84
80.83
80.83
80.84
80.84
80.85
80.84
80.85
80.85
80.77
