3.12
1.56
1.04
0.78
0.62
0.52
0.45
0.59
0.52
0.47
0.43
0.39
0.36
0.45
0.42
0.39
0.37
0.35
0.41
0.47
0.74
0.85
0.82
0.78
0.81
0.78
0.75
0.73
0.70
0.68
0.71
0.73
0.71
0.74
0.71
0.69
0.68
0.66
0.72
0.70
0.72
0.78
0.84
0.85
0.83
0.82
0.83
0.85
0.83
0.81
0.80
0.84
0.91
0.90
0.91
0.89
0.90
0.89
0.87
0.86
0.87
0.86
0.84
0.85
0.84
0.83
0.82
0.87
0.88
0.89
0.92
0.91
0.92
0.91
0.90
0.88
0.87
0.86
0.85
0.86
0.87
0.86
0.85
0.87
0.90
0.91
0.90
0.91
0.93
0.92
0.91
0.90
0.91
0.91
0.90
0.91
0.90
0.89
0.88
0.89
0.91
0.93
0.94
0.93
0.94
0.93
0.92
0.91
0.93
0.94
0.94
0.96
0.95
0.96
0.95
0.94
0.95
0.95
0.95
0.94
0.93
0.95
0.95
0.95
0.95
0.95
0.97
0.96
0.96
0.95
0.94
0.94
0.93
0.92
0.93
0.92
0.91
0.91
0.92
0.94
0.93
0.92
0.93
0.92
0.93
0.92
0.92
0.92
0.91
0.91
0.91
0.91
0.92
0.91
0.91
0.90
0.90
0.89
0.88
0.89
0.88
0.88
0.88
0.88
0.87
0.87
0.86
0.86
0.86
0.85
0.85
0.84
0.84
0.85
0.86
0.85
0.86
0.85
0.85
0.84
0.85
0.85
0.86
0.86
0.86
0.87
0.87
0.86
0.86
0.86
0.87
0.86
0.87
0.86
0.86
0.86
0.86
0.85
0.85
0.84
0.84
0.84
0.83
0.83
0.83
0.83
0.84
0.83
0.83
0.83
0.83
0.83
0.82
0.82
0.82
0.82
0.82
0.82
0.81
0.82
0.81
0.82
0.81
0.81
0.81
0.82
0.82
0.82
0.81
0.82
0.81
0.81
0.80
0.80
0.80
0.81
0.80
0.80
0.81
0.81
0.80
0.80
0.80
0.81
0.80
0.80
0.80
0.81
0.82
0.82
0.82
0.82
0.82
0.82
0.82
0.82
0.81
0.81
0.81
0.82
0.83
0.83
0.84
0.85
0.87
0.87
0.87
0.87
0.87
0.87
0.88
0.87
0.87
0.87
0.86
0.86
0.86
0.85
0.85
0.85
0.85
0.85
0.84
0.85
0.86
0.86
0.87
0.87
0.87
0.86
0.86
0.86
0.87
0.87
0.86
0.86
0.86
0.86
0.87
0.86
0.86
0.86
0.86
0.87
0.88
0.88
0.89
0.90
0.90
0.90
0.91
0.91
0.91
0.91
0.91
0.91
0.91
0.91
0.91
0.91
0.92
0.91
0.91
0.91
0.91
0.91
0.91
0.91
0.91
0.90
0.91
0.91
0.91
0.90
0.90
0.90
0.90
0.90
0.90
0.91
0.91
0.90
0.91
0.91
0.91
0.91
0.91
0.91
0.92
0.92
0.93
0.93
0.93
0.92
0.92
0.92
0.91
0.91
0.91
0.91
0.91
0.91
0.90
0.90
0.90
0.90
0.89
0.90
0.89
0.89
0.89
0.89
0.88
0.88
0.88
0.89
0.89
0.88
0.88
0.88
0.88
0.88
0.88
0.87
0.87
0.87
0.87
0.87
0.88
0.88
0.89
0.88
0.88
0.88
0.88
0.89
0.89
0.89
0.89
0.88
0.88
0.88
0.88
0.88
0.88
0.88
0.88
0.88
0.88
0.88
0.88
0.88
0.88
0.88
0.87
0.88
0.88
0.88
0.88
0.88
0.88
0.88
0.89
0.89
0.89
0.88
0.88
0.88
0.88
0.88
0.88
0.88
0.88
0.87
0.87
0.87
0.88
0.87
0.88
0.88
0.88
0.88
0.88
0.88
0.88
0.88
0.87
0.88
0.88
0.88
0.88
0.88
0.88
0.87
0.87
0.88
0.88
0.88
0.89
0.89
0.89
0.89
0.89
0.89
0.89
0.89
0.89
0.90
0.90
0.90
0.90
0.90
0.91
0.91
0.90
0.91
0.91
0.91
0.91
0.91
0.91
0.90
0.90
0.90
0.90
0.90
0.90
0.90
0.90
0.90
0.90
0.90
0.89
0.90
0.89
0.89
0.89
0.89
0.89
0.89
0.89
0.89
0.89
0.89
0.89
0.89
0.89
0.89
0.88
0.88
0.89
0.89
0.89
0.89
0.89
0.89
0.89
0.88
0.88
0.88
0.88
0.88
0.88
0.87
0.87
0.87
0.87
0.87
0.87
0.87
0.87
0.87
0.87
0.87
0.87
0.87
0.87
0.87
0.87
0.88
0.88
0.88
0.88
0.88
0.88
0.88
0.89
0.88
0.89
0.88
0.88
0.88
0.88
0.88
0.88
0.88
0.88
0.88
0.88
0.88
0.87
0.87
0.87
0.87
0.87
0.88
0.88
0.88
0.88
0.87
0.88
0.87
0.87
0.87
0.87
0.87
0.87
0.87
0.87
0.87
0.87
0.87
0.87
0.87
0.87
0.87
0.87
0.87
0.86
0.87
0.86
0.87
0.86
0.86
0.86
0.86
0.86
0.86
0.86
0.86
0.86
0.86
0.86
0.86
0.86
0.86
0.86
0.86
0.86
0.86
0.86
0.87
0.87
0.87
0.87
0.88
0.87
0.87
0.87
0.87
0.87
0.87
0.87
0.88
0.88
0.88
0.88
0.88
0.88
0.88
0.88
0.88
0.88
0.88
0.89
0.88
0.89
0.88
0.89
0.89
0.88
0.89
0.89
0.89
0.89
0.89
0.89
0.89
0.89
0.89
0.89
0.89
0.89
0.89
0.89
0.89
0.89
0.89
0.89
0.89
0.88
0.88
0.88
0.88
0.88
0.88
0.88
0.88
0.88
0.88
0.88
0.88
0.88
0.88
0.88
0.88
0.87
0.87
0.87
0.87
0.87
0.87
0.87
0.87
0.87
0.87
0.87
0.87
0.87
0.87
0.87
0.87
0.87
0.86
0.86
0.86
0.86
0.86
0.86
0.86
0.86
0.86
0.86
0.86
0.86
0.86
0.86
0.86
0.86
0.86
0.87
0.86
0.86
0.86
0.86
0.86
0.86
0.86
0.86
0.86
0.86
0.86
0.86
0.86
0.86
0.86
0.86
0.86
0.86
0.86
0.86
0.86
0.86
0.86
0.86
0.86
0.86
0.86
0.86
0.86
0.86
0.87
0.87
0.87
0.87
0.87
0.87
0.87
0.87
0.87
0.87
0.87
0.87
0.87
0.87
0.87
0.87
0.87
0.87
0.87
0.87
0.87
0.87
0.87
0.86
0.86
0.86
0.86
0.86
0.86
0.86
0.86
0.86
0.86
0.86
0.86
0.86
0.86
0.86
0.86
0.86
0.86
