50.00
58.59
59.90
61.72
62.19
63.54
63.62
63.28
63.19
62.66
63.21
63.41
63.22
63.39
63.33
62.89
63.24
62.93
62.58
62.42
62.65
62.50
62.36
62.50
62.88
62.92
63.25
63.28
63.63
63.44
63.36
63.33
63.59
63.24
63.21
63.28
63.26
63.32
63.42
63.40
63.38
63.43
63.41
63.35
63.37
63.35
63.46
63.54
63.74
63.75
63.82
63.88
63.92
63.86
63.81
63.73
63.76
63.79
63.67
63.70
63.73
63.79
63.89
63.87
63.99
63.97
64.04
64.20
64.13
64.15
64.11
64.13
64.15
64.15
63.98
64.12
64.22
64.10
63.94
63.89
63.95
63.99
64.10
64.10
64.15
64.28
64.24
64.19
64.22
64.29
64.34
64.27
64.26
64.25
64.29
64.31
64.22
64.29
64.36
64.39
64.34
64.26
64.31
64.35
64.33
64.28
64.19
64.16
64.19
64.23
64.27
64.22
64.19
64.20
64.16
64.06
64.09
64.08
64.05
64.06
64.19
64.29
64.30
64.35
64.30
64.31
64.35
64.32
64.37
64.40
64.36
64.37
64.40
64.42
64.48
64.46
64.51
64.53
64.55
64.60
64.59
64.70
64.66
64.69
64.70
64.64
64.64
64.64
64.62
64.64
64.55
64.58
64.64
64.57
64.62
64.58
64.58
64.59
64.62
64.68
64.61
64.56
64.60
64.62
64.66
64.63
64.61
64.56
64.52
64.47
64.47
64.48
64.53
64.54
64.56
64.50
64.50
64.53
64.56
64.53
64.51
64.47
64.52
64.51
64.53
64.54
64.53
64.47
64.47
64.44
64.41
64.40
64.35
64.42
64.41
64.38
64.41
64.38
64.35
64.33
64.30
64.32
64.31
64.32
64.31
64.30
64.31
64.30
64.32
64.35
64.37
64.34
64.35
64.35
64.38
64.40
64.39
64.40
64.37
64.31
64.34
64.28
64.31
64.30
64.33
64.37
64.38
64.38
64.36
64.35
64.35
64.36
64.38
64.40
64.39
64.36
64.37
64.39
64.40
64.38
64.33
64.35
64.33
64.33
64.34
64.34
64.34
64.34
64.36
64.39
64.36
64.30
64.30
64.29
64.26
64.28
64.31
64.34
64.33
64.32
64.31
64.32
64.34
64.35
64.35
64.36
64.34
64.36
64.32
64.35
64.35
64.32
64.28
64.27
64.27
64.27
64.26
64.24
64.21
64.19
64.19
64.21
64.22
64.20
64.24
64.27
64.24
64.28
64.31
64.33
64.31
64.30
64.33
64.33
64.34
64.33
64.30
64.33
64.31
64.36
64.38
64.38
64.39
64.37
64.36
64.38
64.40
64.41
64.41
64.42
64.39
64.36
64.33
64.33
64.33
64.35
64.37
64.39
64.37
64.36
64.37
64.37
64.36
64.39
64.40
64.43
64.44
64.45
64.44
64.46
64.48
64.48
64.51
64.53
64.53
64.54
64.55
64.53
64.53
64.54
64.51
64.51
64.48
64.52
64.53
64.54
64.55
64.53
64.54
64.55
64.57
64.56
64.55
64.55
64.52
64.55
64.54
64.53
64.52
64.52
64.50
64.51
64.50
64.51
64.49
64.49
64.51
64.50
64.51
64.51
64.52
64.52
64.51
64.49
64.49
64.49
64.51
64.50
64.49
64.51
64.51
64.52
64.53
64.55
64.55
64.54
64.53
64.52
64.52
64.53
64.54
64.51
64.52
64.52
64.54
64.53
64.53
64.55
64.56
64.57
64.59
64.58
64.59
64.59
64.58
64.60
64.57
64.52
64.53
64.52
64.51
64.50
64.50
64.48
64.48
64.48
64.49
64.49
64.47
64.47
64.45
64.49
64.50
64.49
64.47
64.48
64.47
64.49
64.48
64.48
64.48
64.49
64.50
64.49
64.49
64.50
64.52
64.53
64.54
64.54
64.57
64.58
64.59
64.60
64.61
64.58
64.60
64.59
64.61
64.61
64.62
64.62
64.62
64.62
64.59
64.56
64.55
64.55
64.55
64.57
64.58
64.60
64.62
64.64
64.65
64.66
64.64
64.64
64.62
64.62
64.64
64.65
64.65
64.66
64.67
64.66
64.65
64.62
64.63
64.64
64.63
64.66
64.66
64.64
64.65
64.65
64.65
64.65
64.63
64.62
64.62
64.63
64.63
64.63
64.64
64.65
64.66
64.65
64.64
64.64
64.62
64.64
64.64
64.66
64.65
64.66
64.66
64.65
64.64
64.65
64.65
64.62
64.64
64.65
64.64
64.65
64.64
64.64
64.64
64.63
64.63
64.63
64.62
64.62
64.63
64.63
64.63
64.63
64.63
64.63
64.66
64.68
64.68
64.68
64.71
64.70
64.69
64.68
64.70
64.69
64.69
64.71
64.72
64.73
64.72
64.72
64.71
64.72
64.71
64.73
64.73
64.73
64.74
64.75
64.77
64.76
64.78
64.76
64.78
64.78
64.79
64.79
64.80
64.82
64.82
64.84
64.83
64.85
64.85
64.82
64.83
64.84
64.85
64.84
64.85
64.84
64.85
64.85
64.87
64.88
64.87
64.88
64.88
64.86
64.87
64.87
64.87
64.87
64.87
64.85
64.86
64.86
64.86
64.86
64.85
64.87
64.88
64.89
64.89
64.90
64.91
64.90
64.91
64.91
64.91
64.93
64.94
64.92
64.93
64.92
64.91
64.91
64.91
64.91
64.91
64.89
64.91
64.91
64.91
64.91
64.91
64.91
64.91
64.91
64.91
64.90
64.89
64.88
64.89
64.90
64.91
64.91
64.90
64.91
64.91
64.91
64.91
64.92
64.92
64.93
64.92
64.91
64.89
64.88
64.88
64.87
64.86
64.85
64.84
64.83
64.83
64.84
64.85
64.83
64.85
64.85
64.85
64.87
64.87
64.86
64.87
64.84
64.82
64.81
64.81
64.82
64.82
64.80
64.80
64.79
64.80
64.81
64.82
64.82
64.84
64.86
64.87
64.86
64.86
64.85
64.86
64.86
64.86
64.86
64.87
64.87
64.86
64.87
64.86
64.87
64.86
64.87
64.86
64.85
64.85
64.85
64.85
64.84
64.85
64.85
64.84
64.84
64.83
64.83
64.83
64.83
64.84
64.84
64.84
64.84
64.84
64.84
64.84
64.84
64.82
64.83
64.82
64.82
64.83
64.84
64.84
64.82
64.83
64.85
64.84
64.85
64.84
64.84
64.84
64.85
64.86
64.87
64.87
64.88
64.88
64.89
64.88
64.86
64.87
64.87
64.87
64.87
64.88
64.88
64.89
64.88
64.89
64.90
64.91
64.91
64.93
64.92
64.92
64.92
64.92
64.91
64.89
64.89
64.89
64.88
64.89
64.90
64.91
64.92
64.92
64.91
64.91
64.92
64.93
64.93
64.93
64.92
64.94
64.93
64.94
64.96
64.97
64.96
64.96
64.97
64.96
64.90
