3.12
2.34
2.60
2.73
2.19
1.82
1.56
1.56
1.39
1.41
1.28
1.43
1.32
1.34
1.46
1.56
1.65
1.74
1.64
1.72
1.64
1.56
1.49
1.50
1.44
1.38
1.33
1.34
1.35
1.35
1.31
1.32
1.37
1.42
1.38
1.35
1.35
1.32
1.32
1.29
1.30
1.26
1.31
1.28
1.25
1.29
1.26
1.30
1.28
1.25
1.26
1.26
1.27
1.24
1.28
1.26
1.23
1.21
1.19
1.17
1.15
1.16
1.14
1.15
1.13
1.11
1.10
1.13
1.11
1.14
1.12
1.13
1.11
1.12
1.12
1.17
1.20
1.22
1.21
1.21
1.22
1.22
1.22
1.26
1.25
1.24
1.22
1.24
1.25
1.25
1.24
1.24
1.23
1.23
1.22
1.20
1.19
1.20
1.18
1.19
1.19
1.18
1.18
1.17
1.16
1.15
1.15
1.14
1.13
1.12
1.11
1.13
1.12
1.11
1.10
1.10
1.10
1.11
1.12
1.12
1.11
1.10
1.09
1.08
1.08
1.07
1.06
1.06
1.05
1.05
1.04
1.03
1.02
1.04
1.05
1.06
1.06
1.05
1.05
1.05
1.06
1.07
1.08
1.09
1.09
1.08
1.07
1.08
1.08
1.09
1.09
1.08
1.09
1.10
1.09
1.08
1.08
1.09
1.10
1.09
1.09
1.09
1.08
1.08
1.08
1.09
1.09
1.11
1.10
1.09
1.10
1.10
1.10
1.10
1.09
1.08
1.08
1.08
1.08
1.09
1.09
1.08
1.08
1.09
1.10
1.09
1.09
1.10
1.09
1.09
1.09
1.09
1.10
1.11
1.11
1.11
1.10
1.10
1.09
1.09
1.09
1.08
1.09
1.08
1.07
1.08
1.07
1.07
1.07
1.07
1.07
1.06
1.06
1.07
1.06
1.06
1.06
1.05
1.06
1.05
1.05
1.06
1.06
1.06
1.06
1.06
1.05
1.05
1.05
1.05
1.05
1.05
1.05
1.06
1.05
1.05
1.05
1.04
1.05
1.05
1.05
1.05
1.05
1.06
1.07
1.08
1.08
1.08
1.07
1.08
1.09
1.09
1.08
1.08
1.08
1.07
1.08
1.07
1.07
1.08
1.07
1.07
1.06
1.06
1.06
1.06
1.06
1.06
1.05
1.05
1.06
1.05
1.05
1.05
1.05
1.04
1.04
1.04
1.04
1.03
1.03
1.04
1.03
1.03
1.03
1.03
1.02
1.02
1.02
1.02
1.01
1.03
1.03
1.03
1.02
1.02
1.02
1.02
1.02
1.02
1.02
1.01
1.01
1.01
1.01
1.01
1.02
1.02
1.02
1.02
1.03
1.03
1.03
1.03
1.04
1.04
1.04
1.03
1.03
1.03
1.03
1.03
1.03
1.02
1.02
1.02
1.02
1.02
1.02
1.01
1.01
1.01
1.01
1.01
1.00
1.01
1.01
1.01
1.01
1.02
1.01
1.01
1.01
1.01
1.01
1.02
1.01
1.01
1.01
1.01
1.01
1.03
1.02
1.02
1.02
1.03
1.02
1.03
1.02
1.03
1.03
1.03
1.03
1.04
1.04
1.05
1.04
1.04
1.04
1.04
1.04
1.03
1.03
1.03
1.03
1.03
1.02
1.03
1.04
1.04
1.03
1.03
1.03
1.03
1.03
1.03
1.03
1.03
1.03
1.03
1.03
1.03
1.04
1.04
1.04
1.05
1.05
1.05
1.05
1.05
1.05
1.06
1.06
1.06
1.06
1.06
1.06
1.06
1.06
1.06
1.06
1.06
1.06
1.06
1.07
1.07
1.07
1.07
1.07
1.07
1.07
1.07
1.07
1.07
1.06
1.06
1.06
1.06
1.06
1.06
1.06
1.06
1.06
1.05
1.06
1.05
1.05
1.06
1.06
1.06
1.07
1.06
1.07
1.06
1.06
1.06
1.06
1.06
1.06
1.06
1.06
1.05
1.06
1.06
1.07
1.08
1.08
1.08
1.08
1.08
1.08
1.08
1.08
1.08
1.08
1.08
1.09
1.10
1.09
1.10
1.09
1.09
1.09
1.09
1.09
1.08
1.08
1.08
1.08
1.07
1.07
1.07
1.07
1.07
1.06
1.06
1.07
1.06
1.06
1.06
1.06
1.06
1.06
1.07
1.06
1.06
1.07
1.07
1.07
1.07
1.06
1.06
1.07
1.06
1.06
1.07
1.07
1.07
1.08
1.08
1.08
1.07
1.07
1.07
1.07
1.07
1.07
1.06
1.06
1.06
1.06
1.06
1.06
1.06
1.06
1.06
1.06
1.07
1.06
1.06
1.06
1.06
1.06
1.06
1.06
1.06
1.06
1.07
1.08
1.07
1.07
1.07
1.07
1.07
1.08
1.08
1.08
1.08
1.08
1.08
1.08
1.08
1.08
1.08
1.08
1.08
1.08
1.08
1.08
1.08
1.08
1.08
1.08
1.08
1.08
1.08
1.08
1.08
1.08
1.07
1.07
1.07
1.07
1.07
1.07
1.07
1.07
1.07
1.06
1.06
1.06
1.06
1.06
1.05
1.06
1.05
1.05
1.05
1.05
1.05
1.05
1.05
1.05
1.05
1.05
1.05
1.05
1.05
1.04
1.04
1.04
1.04
1.04
1.03
1.03
1.03
1.03
1.03
1.03
1.03
1.03
1.03
1.03
1.04
1.04
1.04
1.04
1.05
1.05
1.04
1.04
1.04
1.04
1.05
1.05
1.05
1.04
1.04
1.04
1.04
1.04
1.04
1.04
1.04
1.04
1.03
1.03
1.03
1.03
1.03
1.03
1.03
1.04
1.03
1.03
1.03
1.03
1.03
1.04
1.04
1.03
1.03
1.03
1.03
1.03
1.03
1.03
1.03
1.03
1.03
1.04
1.04
1.04
1.04
1.04
1.04
1.04
1.04
1.04
1.04
1.04
1.04
1.04
1.04
1.04
1.04
1.04
1.04
1.04
1.04
1.04
1.04
1.04
1.04
1.04
1.04
1.04
1.04
1.04
1.04
1.04
1.04
1.04
1.04
1.04
1.04
1.04
1.04
1.04
1.04
1.04
1.05
1.05
1.05
1.05
1.04
1.04
1.05
1.04
1.05
1.05
1.05
1.05
1.05
1.05
1.05
1.04
1.04
1.04
1.04
1.04
1.04
1.04
1.04
1.04
1.04
1.04
1.04
1.04
1.04
1.04
1.04
1.04
1.04
1.04
1.04
1.04
1.04
1.04
1.04
1.04
1.04
1.04
1.04
1.04
1.04
1.04
1.04
1.04
1.04
1.04
1.04
1.04
1.04
1.04
1.04
1.04
1.04
1.04
1.04
1.04
1.04
1.04
1.04
1.04
1.04
1.04
1.04
1.04
1.04
1.04
1.04
1.04
1.04
1.04
1.04
1.04
1.04
1.04
1.04
1.04
1.04
