78.12
82.03
80.21
78.52
78.12
78.65
79.46
79.88
80.90
81.25
81.39
81.38
81.13
80.92
80.52
80.47
80.33
80.73
81.09
80.70
80.58
80.68
80.50
80.14
80.06
80.05
80.09
79.91
80.01
80.21
80.49
80.32
80.49
80.47
80.49
80.12
80.07
80.22
80.37
80.31
80.30
80.32
80.31
80.08
80.24
80.26
80.19
80.14
80.33
80.34
80.30
80.17
79.92
80.01
79.94
79.97
79.96
79.90
80.01
80.05
79.89
79.81
79.99
79.86
79.93
79.78
79.87
79.92
79.85
79.89
79.97
80.01
80.07
80.15
80.17
80.30
80.40
80.41
80.44
80.45
80.38
80.47
80.40
80.34
80.33
80.29
80.28
80.29
80.23
80.24
80.19
80.10
80.17
80.09
80.07
80.03
80.06
80.13
80.16
80.14
80.09
80.10
80.17
80.05
80.12
80.14
80.18
80.22
80.26
80.18
80.18
80.20
80.14
80.21
80.20
80.20
80.19
80.20
80.17
80.22
80.27
80.25
80.22
80.27
80.29
80.30
80.33
80.37
80.34
80.28
80.26
80.24
80.27
80.21
80.19
80.19
80.11
80.16
80.16
80.10
80.15
80.20
80.22
80.21
80.17
80.18
80.18
80.19
80.20
80.24
80.18
80.15
80.14
80.14
80.11
80.18
80.21
80.16
80.16
80.17
80.14
80.17
80.18
80.16
80.15
80.19
80.18
80.16
80.18
80.17
80.17
80.16
80.18
80.17
80.18
80.15
80.16
80.13
80.08
80.10
80.11
80.13
80.14
80.17
80.11
80.08
80.06
80.08
80.09
80.12
80.10
80.09
80.09
80.08
80.06
80.05
80.08
80.07
80.04
80.05
80.02
80.03
80.05
80.05
80.08
80.14
80.16
80.12
80.13
80.13
80.10
80.10
80.11
80.10
80.12
80.14
80.18
80.18
80.23
80.23
80.22
80.22
80.20
80.17
80.14
80.19
80.20
80.22
80.20
80.20
80.22
80.23
80.21
80.23
80.26
80.23
80.23
80.22
80.23
80.25
80.23
80.22
80.22
80.22
80.24
80.21
80.23
80.25
80.27
80.26
80.24
80.25
80.26
80.27
80.28
80.28
80.29
80.27
80.29
80.30
80.30
80.31
80.32
80.34
80.34
80.37
80.38
80.35
80.31
80.30
80.29
80.28
80.28
80.31
80.31
80.29
80.31
80.31
80.30
80.29
80.29
80.30
80.31
80.31
80.30
80.30
80.29
80.32
80.31
80.34
80.35
80.37
80.36
80.34
80.33
80.35
80.36
80.34
80.32
80.29
80.29
80.28
80.29
80.28
80.26
80.27
80.25
80.26
80.23
80.20
80.19
80.18
80.17
80.16
80.18
80.20
80.21
80.23
80.24
80.26
80.26
80.27
80.30
80.30
80.30
80.30
80.31
80.32
80.34
80.35
80.36
80.37
80.38
80.39
80.38
80.39
80.38
80.40
80.41
80.42
80.41
80.41
80.42
80.45
80.45
80.45
80.46
80.47
80.48
80.51
80.51
80.50
80.48
80.49
80.48
80.49
80.46
80.47
80.49
80.49
80.49
80.48
80.48
80.51
80.50
80.48
80.50
80.47
80.49
80.52
80.52
80.52
80.53
80.56
80.56
80.57
80.58
80.59
80.58
80.56
80.58
80.59
80.58
80.57
80.58
80.57
80.58
80.60
80.60
80.60
80.58
80.59
80.59
80.59
80.61
80.61
80.61
80.62
80.62
80.62
80.60
80.59
80.61
80.61
80.61
80.59
80.59
80.58
80.58
80.59
80.60
80.59
80.60
80.59
80.59
80.59
80.58
80.57
80.56
80.56
80.55
80.55
80.55
80.55
80.54
80.54
80.54
80.54
80.54
80.54
80.52
80.53
80.55
80.54
80.54
80.56
80.57
80.56
80.53
80.53
80.51
80.50
80.50
80.50
80.49
80.50
80.50
80.50
80.49
80.48
80.47
80.47
80.47
80.47
80.48
80.49
80.49
80.50
80.51
80.51
80.52
80.51
80.50
80.51
80.51
80.53
80.51
80.51
80.51
80.50
80.49
80.48
80.48
80.47
80.47
80.47
80.48
80.46
80.46
80.45
80.45
80.46
80.46
80.45
80.44
80.43
80.45
80.44
80.44
80.45
80.46
80.48
80.47
80.47
80.46
80.46
80.48
80.48
80.49
80.49
80.50
80.51
80.51
80.51
80.48
80.47
80.47
80.46
80.45
80.46
80.45
80.45
80.45
80.45
80.44
80.43
80.43
80.43
80.43
80.43
80.41
80.41
80.41
80.43
80.44
80.45
80.45
80.45
80.44
80.43
80.44
80.45
80.42
80.43
80.42
80.42
80.41
80.41
80.40
80.40
80.40
80.40
80.40
80.39
80.38
80.38
80.36
80.37
80.36
80.34
80.35
80.35
80.33
80.34
80.34
80.35
80.35
80.35
80.36
80.33
80.33
80.32
80.32
80.31
80.32
80.33
80.33
80.34
80.34
80.32
80.32
80.32
80.33
80.33
80.34
80.34
80.34
80.32
80.31
80.31
80.31
80.31
80.31
80.32
80.32
80.32
80.31
80.30
80.31
80.32
80.33
80.34
80.34
80.36
80.35
80.36
80.37
80.38
80.38
80.37
80.37
80.36
80.35
80.35
80.34
80.34
80.36
80.36
80.38
80.37
80.37
80.36
80.34
80.35
80.35
80.35
80.34
80.35
80.34
80.33
80.33
80.34
80.34
80.32
80.32
80.33
80.33
80.32
80.32
80.33
80.34
80.33
80.33
80.34
80.32
80.32
80.32
80.31
80.32
80.31
80.32
80.32
80.32
80.31
80.31
80.32
80.32
80.31
80.32
80.32
80.32
80.32
80.32
80.32
80.31
80.30
80.31
80.31
80.32
80.33
80.32
80.31
80.31
80.31
80.30
80.31
80.32
80.32
80.31
80.31
80.32
80.30
80.31
80.32
80.32
80.32
80.32
80.31
80.30
80.30
80.29
80.30
80.30
80.30
80.32
80.33
80.32
80.33
80.34
80.34
80.34
80.34
80.34
80.34
80.35
80.35
80.34
80.35
80.35
80.34
80.35
80.36
80.36
80.37
80.36
80.35
80.35
80.36
80.35
80.34
80.35
80.33
80.33
80.33
80.34
80.34
80.33
80.32
80.33
80.33
80.32
80.32
80.32
80.33
80.33
80.33
80.33
80.33
80.33
80.33
80.33
80.34
80.34
80.34
80.33
80.34
80.34
80.33
80.33
80.33
80.34
80.32
80.33
80.32
80.32
80.33
80.34
80.33
80.34
80.32
80.32
80.32
80.31
80.32
80.31
80.31
80.31
80.32
80.33
80.33
80.33
80.33
80.32
80.33
80.32
80.33
80.33
80.33
80.33
80.34
80.34
80.36
80.35
80.36
80.36
80.36
80.36
80.35
80.35
80.36
80.36
80.28
