3.12
1.56
1.56
1.56
1.25
1.56
1.56
1.95
2.26
2.03
1.99
2.08
1.92
1.90
1.77
1.76
1.93
1.82
1.81
1.95
1.93
2.13
2.04
1.95
1.94
2.04
1.97
1.90
2.05
2.03
2.02
2.00
2.04
2.02
2.10
2.04
2.07
2.01
1.96
1.95
1.98
1.93
1.89
1.85
1.81
1.77
1.83
1.79
1.75
1.81
1.78
1.77
1.74
1.71
1.73
1.73
1.70
1.78
1.75
1.77
1.79
1.79
1.76
1.78
1.80
1.80
1.80
1.77
1.77
1.76
1.78
1.78
1.76
1.73
1.73
1.75
1.75
1.74
1.72
1.74
1.72
1.70
1.68
1.66
1.65
1.65
1.65
1.63
1.69
1.67
1.65
1.65
1.63
1.65
1.63
1.63
1.66
1.66
1.64
1.63
1.62
1.64
1.62
1.61
1.59
1.58
1.59
1.59
1.59
1.58
1.60
1.60
1.62
1.62
1.62
1.63
1.67
1.67
1.68
1.67
1.65
1.65
1.65
1.64
1.66
1.67
1.67
1.67
1.66
1.67
1.67
1.67
1.66
1.66
1.64
1.65
1.67
1.65
1.64
1.66
1.65
1.64
1.66
1.65
1.64
1.65
1.65
1.64
1.64
1.63
1.62
1.61
1.61
1.61
1.60
1.61
1.61
1.61
1.60
1.64
1.63
1.62
1.62
1.62
1.62
1.64
1.63
1.63
1.63
1.63
1.64
1.64
1.63
1.62
1.61
1.60
1.59
1.58
1.57
1.56
1.55
1.55
1.55
1.54
1.54
1.54
1.55
1.55
1.55
1.55
1.55
1.55
1.55
1.54
1.54
1.53
1.53
1.53
1.53
1.53
1.53
1.53
1.52
1.53
1.54
1.55
1.55
1.55
1.55
1.56
1.56
1.55
1.54
1.55
1.56
1.56
1.56
1.56
1.56
1.56
1.56
1.56
1.56
1.55
1.56
1.56
1.55
1.56
1.57
1.56
1.56
1.56
1.56
1.56
1.55
1.55
1.56
1.56
1.56
1.56
1.56
1.56
1.58
1.58
1.58
1.58
1.58
1.58
1.58
1.58
1.57
1.56
1.56
1.56
1.56
1.56
1.56
1.56
1.56
1.56
1.56
1.55
1.55
1.54
1.54
1.54
1.54
1.55
1.55
1.55
1.55
1.54
1.54
1.53
1.53
1.53
1.53
1.53
1.53
1.53
1.53
1.53
1.53
1.53
1.53
1.53
1.52
1.53
1.52
1.52
1.52
1.51
1.53
1.52
1.52
1.51
1.52
1.54
1.54
1.54
1.54
1.54
1.54
1.54
1.54
1.53
1.53
1.53
1.53
1.54
1.54
1.54
1.53
1.53
1.54
1.54
1.53
1.53
1.53
1.53
1.53
1.53
1.54
1.54
1.54
1.54
1.54
1.54
1.56
1.56
1.55
1.55
1.54
1.54
1.54
1.54
1.53
1.54
1.54
1.54
1.54
1.54
1.54
1.53
1.53
1.53
1.52
1.52
1.52
1.52
1.52
1.52
1.52
1.52
1.52
1.53
1.53
1.53
1.53
1.53
1.53
1.53
1.53
1.52
1.52
1.53
1.52
1.52
1.52
1.52
1.52
1.52
1.53
1.52
1.53
1.53
1.53
1.53
1.53
1.52
1.53
1.53
1.52
1.52
1.52
1.52
1.52
1.52
1.51
1.53
1.52
1.52
1.52
1.52
1.52
1.52
1.52
1.52
1.51
1.51
1.51
1.51
1.51
1.51
1.50
1.51
1.50
1.51
1.51
1.51
1.51
1.51
1.50
1.50
1.50
1.50
1.50
1.51
1.51
1.51
1.51
1.50
1.50
1.50
1.50
1.50
1.50
1.49
1.49
1.50
1.50
1.50
1.49
1.49
1.49
1.49
1.49
1.51
1.50
1.50
1.50
1.50
1.50
1.49
1.49
1.50
1.50
1.51
1.51
1.51
1.50
1.50
1.50
1.50
1.50
1.50
1.50
1.51
1.51
1.51
1.51
1.51
1.52
1.51
1.51
1.51
1.51
1.50
1.50
1.51
1.51
1.51
1.51
1.51
1.51
1.51
1.51
1.51
1.51
1.51
1.51
1.51
1.51
1.51
1.52
1.52
1.51
1.52
1.52
1.52
1.52
1.52
1.52
1.52
1.52
1.52
1.52
1.52
1.52
1.52
1.52
1.52
1.52
1.52
1.52
1.52
1.52
1.52
1.52
1.53
1.53
1.53
1.53
1.52
1.52
1.52
1.52
1.52
1.53
1.53
1.53
1.53
1.53
1.53
1.53
1.53
1.52
1.52
1.52
1.52
1.53
1.52
1.53
1.53
1.53
1.53
1.54
1.54
1.54
1.54
1.54
1.54
1.54
1.54
1.54
1.55
1.54
1.54
1.54
1.55
1.55
1.54
1.54
1.54
1.54
1.54
1.54
1.53
1.53
1.53
1.53
1.53
1.54
1.54
1.55
1.55
1.55
1.55
1.55
1.55
1.55
1.54
1.54
1.54
1.54
1.54
1.54
1.54
1.54
1.54
1.54
1.54
1.54
1.54
1.54
1.54
1.54
1.54
1.54
1.54
1.54
1.54
1.54
1.54
1.54
1.55
1.55
1.55
1.54
1.54
1.54
1.55
1.55
1.55
1.55
1.55
1.55
1.56
1.56
1.55
1.55
1.55
1.56
1.56
1.57
1.57
1.57
1.58
1.59
1.59
1.60
1.60
1.60
1.59
1.59
1.59
1.60
1.60
1.60
1.60
1.60
1.60
1.60
1.60
1.60
1.59
1.60
1.60
1.60
1.60
1.60
1.59
1.60
1.59
1.60
1.60
1.59
1.60
1.60
1.60
1.59
1.59
1.59
1.59
1.59
1.59
1.60
1.60
1.60
1.60
1.60
1.59
1.59
1.59
1.59
1.59
1.59
1.59
1.59
1.59
1.59
1.59
1.59
1.59
1.59
1.59
1.59
1.59
1.58
1.58
1.59
1.59
1.59
1.59
1.58
1.58
1.58
1.59
1.59
1.59
1.58
1.58
1.58
1.58
1.58
1.58
1.58
1.58
1.58
1.58
1.58
1.59
1.58
1.59
1.59
1.59
1.58
1.58
1.59
1.59
1.59
1.59
1.59
1.59
1.59
1.59
1.59
1.58
1.58
1.59
1.59
1.59
1.59
1.59
1.59
1.59
1.58
1.59
1.59
1.59
1.59
1.59
1.59
1.59
1.58
1.58
1.59
1.59
1.59
1.59
1.58
1.58
1.58
1.58
1.58
1.57
1.57
1.58
1.58
1.58
1.57
1.57
1.57
1.57
1.57
1.57
1.57
1.57
1.57
1.57
1.57
1.57
1.57
1.57
1.57
1.57
1.57
1.56
1.57
1.57
1.57
1.57
1.57
1.57
1.57
1.56
1.56
1.56
1.56
1.56
1.56
1.56
