7.81
10.94
11.46
12.89
12.50
12.24
12.50
11.91
11.98
11.88
11.79
11.59
11.30
11.50
11.88
12.21
12.68
12.85
13.16
12.97
13.10
13.00
12.84
12.89
12.94
12.74
12.96
13.11
13.20
13.44
13.46
13.38
13.45
13.47
13.35
13.19
13.05
12.99
13.26
13.28
13.57
13.50
13.44
13.46
13.37
13.38
13.30
13.38
13.27
13.12
13.20
13.28
13.21
13.19
13.24
13.20
13.29
13.28
13.32
13.31
13.37
13.26
13.22
13.33
13.25
13.19
13.25
13.30
13.25
13.33
13.47
13.48
13.46
13.47
13.60
13.55
13.56
13.52
13.47
13.48
13.60
13.64
13.61
13.63
13.58
13.57
13.58
13.58
13.61
13.56
13.65
13.57
13.56
13.58
13.63
13.64
13.61
13.66
13.65
13.67
13.68
13.63
13.71
13.72
13.68
13.72
13.74
13.79
13.75
13.75
13.75
13.77
13.73
13.72
13.74
13.71
13.72
13.76
13.73
13.72
13.70
13.78
13.76
13.73
13.79
13.80
13.79
13.76
13.82
13.83
13.90
13.88
13.87
13.93
13.90
13.89
13.89
13.88
13.85
13.85
13.85
13.86
13.84
13.85
13.81
13.83
13.79
13.77
13.79
13.76
13.78
13.76
13.75
13.77
13.83
13.83
13.83
13.78
13.79
13.82
13.81
13.82
13.81
13.85
13.85
13.86
13.88
13.90
13.91
13.92
13.91
13.95
13.97
13.96
14.01
14.04
14.06
14.08
14.07
14.07
14.05
14.07
14.04
14.04
14.01
13.95
13.99
14.05
14.05
14.05
14.10
14.10
14.06
14.07
14.09
14.13
14.13
14.15
14.20
14.19
14.19
14.18
14.16
14.13
14.11
14.12
14.11
14.10
14.08
14.13
14.13
14.14
14.13
14.13
14.15
14.19
14.17
14.18
14.16
14.18
14.18
14.20
14.24
14.24
14.21
14.22
14.21
14.20
14.21
14.18
14.16
14.16
14.14
14.15
14.16
14.15
14.15
14.13
14.13
14.10
14.09
14.12
14.12
14.12
14.12
14.08
14.10
14.09
14.09
14.12
14.11
14.09
14.09
14.08
14.11
14.11
14.11
14.10
14.10
14.13
14.14
14.13
14.17
14.16
14.17
14.19
14.19
14.17
14.15
14.16
14.19
14.20
14.18
14.19
14.19
14.20
14.19
14.20
14.21
14.20
14.21
14.23
14.24
14.27
14.27
14.26
14.25
14.27
14.27
14.28
14.29
14.27
14.27
14.28
14.29
14.29
14.29
14.29
14.27
14.28
14.27
14.29
14.28
14.28
14.27
14.27
14.27
14.26
14.24
14.23
14.25
14.26
14.25
14.24
14.22
14.22
14.25
14.25
14.24
14.23
14.24
14.27
14.27
14.27
14.28
14.26
14.26
14.28
14.29
14.30
14.31
14.32
14.31
14.29
14.31
14.31
14.30
14.29
14.30
14.29
14.31
14.31
14.30
14.29
14.31
14.31
14.31
14.29
14.29
14.29
14.28
14.28
14.27
14.27
14.26
14.26
14.29
14.30
14.29
14.28
14.27
14.27
14.27
14.25
14.26
14.27
14.25
14.26
14.28
14.25
14.26
14.28
14.27
14.29
14.29
14.30
14.29
14.30
14.30
14.29
14.28
14.26
14.28
14.28
14.29
14.31
14.30
14.32
14.31
14.31
14.32
14.35
14.36
14.38
14.37
14.36
14.37
14.36
14.35
14.35
14.34
14.34
14.35
14.35
14.34
14.34
14.34
14.33
14.35
14.34
14.36
14.37
14.36
14.36
14.34
14.35
14.35
14.34
14.33
14.33
14.33
14.34
14.34
14.34
14.32
14.33
14.32
14.32
14.31
14.31
14.31
14.31
14.30
14.30
14.28
14.29
14.29
14.31
14.30
14.29
14.30
14.31
14.32
14.35
14.35
14.35
14.35
14.35
14.35
14.33
14.32
14.32
14.31
14.31
14.30
14.30
14.30
14.28
14.28
14.28
14.28
14.27
14.26
14.26
14.25
14.25
14.24
14.25
14.25
14.26
14.26
14.26
14.28
14.29
14.29
14.30
14.30
14.31
14.31
14.29
14.29
14.28
14.26
14.25
14.25
14.24
14.23
14.25
14.25
14.25
14.24
14.25
14.26
14.26
14.26
14.26
14.26
14.27
14.26
14.25
14.25
14.25
14.26
14.25
14.25
14.24
14.24
14.26
14.25
14.26
14.24
14.22
14.24
14.23
14.24
14.24
14.23
14.23
14.23
14.22
14.22
14.22
14.22
14.21
14.22
14.23
14.23
14.21
14.21
14.20
14.21
14.20
14.19
14.18
14.18
14.16
14.17
14.17
14.18
14.18
14.18
14.18
14.17
14.19
14.19
14.19
14.20
14.21
14.21
14.21
14.21
14.22
14.21
14.22
14.22
14.22
14.22
14.22
14.22
14.22
14.22
14.21
14.22
14.22
14.21
14.21
14.23
14.24
14.25
14.25
14.23
14.24
14.25
14.26
14.26
14.26
14.26
14.26
14.26
14.27
14.26
14.27
14.28
14.27
14.27
14.27
14.26
14.27
14.26
14.25
14.23
14.24
14.24
14.24
14.24
14.24
14.24
14.23
14.23
14.23
14.23
14.24
14.25
14.25
14.25
14.25
14.26
14.25
14.24
14.24
14.24
14.24
14.25
14.26
14.26
14.27
14.27
14.27
14.27
14.28
14.29
14.29
14.29
14.31
14.30
14.31
14.32
14.33
14.34
14.33
14.32
14.32
14.31
14.31
14.31
14.31
14.31
14.31
14.31
14.31
14.31
14.31
14.31
14.31
14.31
14.32
14.31
14.32
14.32
14.32
14.33
14.32
14.32
14.32
14.31
14.31
14.31
14.30
14.31
14.31
14.32
14.32
14.34
14.34
14.34
14.35
14.35
14.36
14.37
14.38
14.38
14.39
14.39
14.39
14.38
14.39
14.38
14.36
14.36
14.36
14.35
14.35
14.36
14.36
14.36
14.36
14.37
14.37
14.37
14.36
14.37
14.37
14.36
14.36
14.36
14.37
14.37
14.36
14.37
14.35
14.35
14.37
14.36
14.36
14.36
14.35
14.36
14.36
14.37
14.37
14.37
14.37
14.38
14.39
14.39
14.39
14.40
14.41
14.40
14.42
14.42
14.41
14.41
14.42
14.42
14.43
14.44
14.44
14.44
14.44
14.44
14.45
14.45
14.44
14.43
14.43
14.43
14.43
14.43
14.44
14.44
14.45
14.45
14.44
14.43
14.42
14.42
14.43
14.43
14.43
14.43
14.43
14.43
14.43
14.42
14.42
14.41
14.41
14.41
14.40
14.40
14.39
14.39
14.39
14.40
14.41
14.40
14.39
14.40
14.40
14.40
14.40
14.40
14.40
14.41
14.39
14.39
14.39
14.40
14.40
14.40
14.38
