79.69
75.78
78.12
78.12
78.44
79.17
79.91
79.49
78.47
79.22
79.26
79.43
79.69
80.13
80.10
80.27
80.88
80.99
81.33
81.02
81.18
81.39
81.32
81.38
81.31
80.95
81.37
81.19
81.47
81.04
80.95
81.05
81.44
81.25
81.25
81.34
81.55
81.58
81.53
81.52
81.36
81.21
81.29
81.39
81.22
81.25
81.28
81.41
81.63
81.66
81.50
81.49
81.43
81.51
81.62
81.64
81.66
81.73
81.73
81.59
81.63
81.58
81.65
81.69
81.80
81.91
81.95
81.82
81.91
81.90
81.91
81.88
81.93
81.71
81.71
81.70
81.78
81.79
81.78
81.86
81.79
81.69
81.74
81.77
81.69
81.70
81.54
81.55
81.58
81.56
81.61
81.67
81.67
81.68
81.68
81.67
81.64
81.60
81.66
81.62
81.68
81.74
81.74
81.69
81.77
81.81
81.86
81.81
81.75
81.78
81.73
81.68
81.69
81.66
81.66
81.60
81.62
81.62
81.67
81.65
81.59
81.63
81.64
81.67
81.62
81.62
81.64
81.62
81.58
81.53
81.48
81.43
81.41
81.47
81.46
81.49
81.50
81.48
81.44
81.45
81.46
81.47
81.50
81.51
81.51
81.52
81.52
81.51
81.53
81.55
81.57
81.56
81.52
81.48
81.42
81.44
81.45
81.49
81.50
81.56
81.62
81.68
81.70
81.71
81.68
81.67
81.69
81.67
81.60
81.58
81.62
81.60
81.56
81.58
81.61
81.61
81.59
81.62
81.58
81.55
81.58
81.58
81.59
81.62
81.67
81.64
81.65
81.67
81.66
81.63
81.62
81.64
81.66
81.68
81.67
81.68
81.70
81.71
81.74
81.71
81.70
81.71
81.73
81.78
81.80
81.79
81.78
81.76
81.77
81.79
81.78
81.82
81.82
81.82
81.74
81.73
81.72
81.69
81.69
81.68
81.66
81.64
81.61
81.58
81.58
81.59
81.59
81.54
81.54
81.58
81.57
81.59
81.56
81.56
81.60
81.62
81.67
81.71
81.68
81.69
81.70
81.70
81.69
81.69
81.68
81.69
81.71
81.68
81.68
81.65
81.64
81.63
81.61
81.66
81.64
81.62
81.59
81.60
81.60
81.57
81.55
81.56
81.56
81.53
81.56
81.58
81.55
81.55
81.55
81.52
81.54
81.57
81.57
81.58
81.59
81.61
81.61
81.60
81.60
81.59
81.56
81.55
81.60
81.61
81.61
81.62
81.61
81.58
81.59
81.59
81.60
81.62
81.63
81.62
81.64
81.64
81.61
81.62
81.61
81.61
81.63
81.62
81.63
81.61
81.63
81.63
81.62
81.61
81.60
81.58
81.60
81.59
81.56
81.54
81.51
81.53
81.51
81.52
81.52
81.53
81.53
81.52
81.52
81.53
81.56
81.59
81.58
81.55
81.56
81.56
81.57
81.57
81.59
81.61
81.60
81.59
81.61
81.63
81.63
81.60
81.61
81.62
81.63
81.61
81.59
81.58
81.57
81.56
81.56
81.57
81.56
81.54
81.56
81.58
81.60
81.61
81.61
81.60
81.60
81.62
81.60
81.62
81.64
81.65
81.65
81.66
81.65
81.63
81.65
81.66
81.64
81.62
81.62
81.62
81.62
81.60
81.60
81.61
81.61
81.61
81.62
81.60
81.60
81.60
81.62
81.61
81.61
81.60
81.61
81.61
81.61
81.60
81.62
81.60
81.59
81.59
81.60
81.60
81.59
81.57
81.57
81.56
81.56
81.56
81.58
81.58
81.61
81.62
81.59
81.61
81.61
81.59
81.58
81.59
81.59
81.59
81.58
81.58
81.59
81.60
81.60
81.60
81.58
81.59
81.61
81.61
81.60
81.60
81.61
81.61
81.59
81.59
81.60
81.60
81.62
81.62
81.62
81.62
81.64
81.64
81.64
81.64
81.63
81.64
81.65
81.66
81.66
81.67
81.68
81.69
81.71
81.73
81.72
81.74
81.75
81.75
81.77
81.78
81.77
81.76
81.76
81.77
81.79
81.80
81.77
81.78
81.78
81.78
81.78
81.79
81.78
81.77
81.76
81.76
81.75
81.75
81.75
81.74
81.73
81.74
81.74
81.76
81.76
81.74
81.76
81.76
81.74
81.75
81.75
81.75
81.74
81.74
81.74
81.75
81.76
81.77
81.77
81.78
81.78
81.77
81.76
81.76
81.77
81.77
81.79
81.80
81.80
81.78
81.77
81.77
81.75
81.74
81.74
81.75
81.77
81.78
81.77
81.79
81.78
81.79
81.79
81.79
81.80
81.80
81.80
81.79
81.81
81.81
81.80
81.81
81.80
81.81
81.79
81.77
81.77
81.76
81.74
81.73
81.72
81.71
81.73
81.74
81.73
81.74
81.73
81.74
81.74
81.74
81.75
81.75
81.75
81.73
81.72
81.73
81.73
81.73
81.74
81.73
81.74
81.76
81.76
81.74
81.72
81.70
81.71
81.70
81.71
81.70
81.69
81.69
81.69
81.70
81.70
81.70
81.69
81.69
81.70
81.70
81.69
81.69
81.68
81.68
81.67
81.67
81.65
81.66
81.65
81.65
81.66
81.66
81.65
81.65
81.65
81.66
81.65
81.64
81.65
81.62
81.63
81.64
81.61
81.62
81.63
81.61
81.61
81.62
81.61
81.61
81.61
81.62
81.62
81.62
81.63
81.63
81.62
81.62
81.61
81.59
81.59
81.60
81.61
81.60
81.60
81.61
81.61
81.61
81.62
81.61
81.60
81.61
81.61
81.61
81.62
81.61
81.62
81.62
81.62
81.63
81.63
81.64
81.63
81.64
81.64
81.64
81.63
81.64
81.64
81.65
81.65
81.65
81.65
81.65
81.65
81.64
81.65
81.64
81.64
81.64
81.62
81.63
81.62
81.63
81.61
81.60
81.60
81.60
81.60
81.61
81.61
81.62
81.62
81.63
81.62
81.62
81.61
81.61
81.61
81.59
81.60
81.59
81.59
81.59
81.58
81.58
81.58
81.58
81.58
81.57
81.57
81.57
81.58
81.58
81.58
81.58
81.57
81.57
81.57
81.58
81.59
81.59
81.59
81.58
81.59
81.59
81.59
81.60
81.60
81.60
81.60
81.60
81.60
81.60
81.61
81.61
81.61
81.62
81.62
81.62
81.63
81.64
81.64
81.65
81.66
81.66
81.67
81.67
81.65
81.66
81.65
81.65
81.65
81.64
81.64
81.64
81.62
81.63
81.63
81.64
81.64
81.65
81.64
81.64
81.64
81.63
81.62
81.61
81.59
81.59
81.59
81.59
81.59
81.59
81.60
81.60
81.60
81.60
81.60
81.60
81.61
81.61
81.60
81.61
81.61
81.61
81.61
81.61
81.61
81.60
81.61
81.62
81.62
81.62
81.63
81.63
81.64
81.64
81.64
81.65
81.65
81.65
81.65
81.57
