42.19
42.97
42.19
39.84
39.38
40.62
39.96
40.23
40.80
42.34
42.33
42.71
43.03
42.97
42.40
42.77
42.37
41.84
41.28
41.25
41.15
41.34
40.90
40.69
41.19
41.11
41.15
41.13
41.54
41.30
41.58
41.36
41.38
41.22
41.34
41.49
41.43
41.69
41.55
41.37
41.27
41.22
41.28
41.34
41.32
41.34
41.42
41.41
41.52
41.50
41.67
41.32
41.27
41.29
41.36
41.32
41.42
41.49
41.50
41.61
41.62
41.73
41.79
41.99
41.90
42.00
41.95
41.80
41.76
41.81
41.90
41.91
41.95
41.98
41.88
41.90
41.84
41.83
41.79
41.68
41.71
41.84
41.81
41.89
41.88
41.84
41.94
41.90
41.87
41.93
41.84
41.86
41.85
41.82
41.89
41.94
41.93
42.06
42.01
41.89
41.91
41.90
41.90
41.90
41.98
41.97
41.87
41.90
41.89
41.92
41.79
41.89
41.95
41.84
41.85
41.82
41.83
41.76
41.74
41.78
41.85
41.76
41.82
41.80
41.73
41.70
41.68
41.64
41.67
41.71
41.79
41.76
41.76
41.72
41.63
41.64
41.62
41.64
41.70
41.67
41.69
41.66
41.64
41.67
41.59
41.59
41.60
41.65
41.61
41.56
41.51
41.52
41.50
41.44
41.45
41.47
41.48
41.47
41.49
41.49
41.49
41.42
41.45
41.48
41.51
41.56
41.53
41.52
41.45
41.47
41.45
41.45
41.44
41.42
41.42
41.40
41.36
41.35
41.36
41.30
41.35
41.39
41.41
41.43
41.44
41.39
41.39
41.37
41.34
41.37
41.32
41.29
41.27
41.28
41.25
41.25
41.22
41.16
41.14
41.12
41.14
41.09
41.13
41.18
41.20
41.22
41.23
41.23
41.25
41.21
41.22
41.24
41.29
41.23
41.25
41.29
41.37
41.35
41.32
41.33
41.35
41.39
41.42
41.42
41.45
41.47
41.49
41.51
41.49
41.45
41.43
41.40
41.41
41.41
41.43
41.40
41.42
41.45
41.44
41.41
41.39
41.40
41.40
41.41
41.40
41.40
41.41
41.44
41.49
41.52
41.52
41.51
41.51
41.54
41.51
41.52
41.55
41.55
41.56
41.56
41.60
41.60
41.56
41.63
41.64
41.68
41.65
41.69
41.72
41.72
41.71
41.69
41.69
41.67
41.66
41.64
41.67
41.68
41.66
41.66
41.66
41.70
41.69
41.69
41.69
41.70
41.69
41.68
41.69
41.69
41.74
41.74
41.74
41.70
41.72
41.72
41.77
41.77
41.75
41.73
41.73
41.73
41.72
41.72
41.77
41.74
41.74
41.77
41.74
41.73
41.75
41.75
41.75
41.74
41.74
41.76
41.79
41.76
41.74
41.74
41.73
41.73
41.72
41.71
41.72
41.75
41.73
41.73
41.72
41.73
41.75
41.76
41.75
41.74
41.73
41.75
41.72
41.71
41.70
41.70
41.67
41.67
41.69
41.70
41.69
41.71
41.71
41.72
41.75
41.74
41.74
41.75
41.74
41.72
41.75
41.75
41.77
41.76
41.76
41.76
41.74
41.75
41.78
41.80
41.82
41.81
41.82
41.83
41.84
41.82
41.83
41.85
41.86
41.85
41.87
41.86
41.86
41.87
41.87
41.86
41.90
41.90
41.89
41.91
41.89
41.87
41.90
41.89
41.90
41.87
41.87
41.87
41.90
41.91
41.93
41.90
41.86
41.87
41.86
41.87
41.86
41.85
41.83
41.84
41.85
41.85
41.89
41.87
41.88
41.85
41.89
41.89
41.88
41.89
41.87
41.88
41.87
41.87
41.86
41.86
41.84
41.86
41.87
41.85
41.86
41.85
41.85
41.87
41.88
41.89
41.89
41.90
41.88
41.88
41.86
41.85
41.87
41.87
41.87
41.86
41.85
41.82
41.81
41.79
41.79
41.79
41.79
41.78
41.76
41.78
41.79
41.77
41.77
41.77
41.76
41.77
41.77
41.76
41.76
41.77
41.75
41.73
41.73
41.73
41.74
41.71
41.72
41.72
41.72
41.73
41.73
41.74
41.75
41.75
41.75
41.74
41.73
41.74
41.73
41.74
41.73
41.74
41.77
41.78
41.78
41.79
41.79
41.79
41.79
41.79
41.76
41.76
41.71
41.70
41.71
41.72
41.73
41.74
41.76
41.79
41.79
41.76
41.76
41.77
41.77
41.78
41.79
41.79
41.78
41.77
41.76
41.75
41.74
41.75
41.75
41.76
41.76
41.77
41.78
41.78
41.75
41.75
41.75
41.74
41.74
41.74
41.73
41.75
41.76
41.75
41.75
41.74
41.74
41.73
41.73
41.72
41.72
41.73
41.74
41.72
41.73
41.72
41.74
41.74
41.75
41.76
41.77
41.78
41.78
41.77
41.77
41.77
41.77
41.78
41.77
41.76
41.77
41.77
41.77
41.77
41.77
41.77
41.77
41.78
41.77
41.76
41.75
41.73
41.73
41.74
41.73
41.73
41.72
41.72
41.72
41.71
41.72
41.73
41.74
41.75
41.74
41.73
41.75
41.74
41.73
41.73
41.75
41.75
41.76
41.75
41.74
41.75
41.75
41.75
41.74
41.75
41.74
41.75
41.72
41.72
41.72
41.72
41.72
41.70
41.69
41.70
41.69
41.69
41.72
41.71
41.70
41.68
41.69
41.68
41.70
41.70
41.70
41.71
41.71
41.72
41.75
41.76
41.76
41.76
41.76
41.76
41.75
41.75
41.76
41.76
41.77
41.76
41.77
41.77
41.75
41.76
41.77
41.80
41.81
41.81
41.80
41.80
41.81
41.81
41.80
41.81
41.80
41.80
41.80
41.80
41.79
41.78
41.79
41.80
41.79
41.78
41.79
41.78
41.78
41.77
41.78
41.79
41.78
41.80
41.80
41.80
41.80
41.80
41.80
41.79
41.82
41.82
41.83
41.82
41.83
41.82
41.82
41.81
41.81
41.81
41.82
41.84
41.83
41.84
41.85
41.86
41.86
41.86
41.87
41.86
41.87
41.87
41.87
41.87
41.86
41.85
41.84
41.85
41.85
41.85
41.85
41.86
41.85
41.85
41.85
41.85
41.84
41.85
41.86
41.88
41.88
41.89
41.90
41.89
41.89
41.90
41.89
41.89
41.87
41.86
41.86
41.87
41.88
41.89
41.90
41.90
41.91
41.90
41.92
41.91
41.90
41.90
41.90
41.89
41.90
41.91
41.91
41.91
41.93
41.94
41.93
41.93
41.95
41.94
41.93
41.92
41.93
41.93
41.95
41.95
41.96
41.97
41.97
41.97
41.99
42.00
42.00
41.99
41.99
41.99
41.98
41.99
41.98
41.98
42.00
42.00
42.01
42.01
42.01
42.02
42.02
42.02
42.03
42.03
42.04
42.03
42.03
42.03
42.03
42.03
42.02
41.98
