1.56
1.56
2.08
2.34
3.75
3.65
4.02
4.10
3.65
3.59
3.69
3.39
3.49
3.46
3.23
3.12
3.12
3.04
2.96
3.05
3.12
3.20
3.26
3.39
3.25
3.25
3.18
3.18
3.23
3.23
3.28
3.47
3.46
3.45
3.44
3.39
3.29
3.25
3.21
3.16
3.16
3.09
3.05
2.98
3.02
2.96
2.93
2.93
2.93
2.94
2.88
2.91
2.98
3.01
2.98
2.96
2.99
2.94
2.99
2.97
2.92
2.90
2.85
2.88
2.86
2.86
2.85
2.83
2.83
2.88
2.84
2.80
2.76
2.79
2.77
2.73
2.72
2.72
2.71
2.71
2.68
2.69
2.71
2.68
2.67
2.67
2.69
2.70
2.72
2.74
2.71
2.68
2.65
2.66
2.68
2.65
2.67
2.66
2.68
2.69
2.68
2.67
2.69
2.67
2.65
2.67
2.66
2.71
2.72
2.73
2.74
2.75
2.75
2.77
2.77
2.76
2.78
2.75
2.76
2.75
2.76
2.75
2.74
2.73
2.71
2.72
2.72
2.72
2.71
2.73
2.74
2.73
2.76
2.75
2.74
2.75
2.75
2.75
2.75
2.77
2.79
2.78
2.76
2.76
2.74
2.74
2.73
2.73
2.73
2.72
2.70
2.69
2.69
2.68
2.69
2.70
2.69
2.73
2.71
2.71
2.72
2.72
2.72
2.72
2.73
2.75
2.76
2.74
2.75
2.73
2.75
2.73
2.73
2.74
2.75
2.73
2.74
2.72
2.76
2.75
2.75
2.75
2.75
2.75
2.75
2.75
2.76
2.75
2.75
2.75
2.74
2.74
2.75
2.75
2.76
2.77
2.75
2.74
2.73
2.73
2.73
2.73
2.72
2.73
2.73
2.75
2.76
2.75
2.74
2.73
2.72
2.73
2.72
2.72
2.72
2.72
2.72
2.72
2.73
2.74
2.76
2.75
2.75
2.76
2.78
2.77
2.77
2.76
2.77
2.76
2.77
2.77
2.76
2.76
2.77
2.77
2.79
2.78
2.79
2.77
2.77
2.76
2.76
2.77
2.76
2.74
2.74
2.73
2.73
2.72
2.73
2.73
2.74
2.73
2.74
2.75
2.75
2.74
2.74
2.75
2.74
2.74
2.74
2.75
2.75
2.76
2.79
2.79
2.78
2.78
2.79
2.79
2.79
2.81
2.81
2.81
2.81
2.81
2.80
2.80
2.80
2.79
2.79
2.79
2.79
2.79
2.78
2.77
2.78
2.78
2.79
2.80
2.80
2.80
2.80
2.79
2.79
2.78
2.79
2.78
2.78
2.78
2.78
2.80
2.80
2.79
2.79
2.78
2.79
2.79
2.80
2.79
2.79
2.81
2.80
2.79
2.81
2.82
2.81
2.82
2.81
2.82
2.82
2.82
2.82
2.83
2.82
2.82
2.83
2.84
2.84
2.85
2.85
2.85
2.85
2.85
2.87
2.87
2.86
2.85
2.85
2.86
2.86
2.86
2.85
2.85
2.85
2.84
2.86
2.86
2.87
2.87
2.87
2.87
2.87
2.87
2.87
2.88
2.88
2.88
2.87
2.88
2.88
2.88
2.87
2.86
2.87
2.86
2.88
2.88
2.88
2.88
2.88
2.88
2.89
2.89
2.88
2.88
2.88
2.88
2.89
2.89
2.88
2.90
2.90
2.90
2.89
2.89
2.89
2.89
2.89
2.89
2.91
2.92
2.92
2.91
2.91
2.91
2.90
2.89
2.90
2.90
2.90
2.90
2.91
2.90
2.90
2.90
2.90
2.90
2.90
2.90
2.90
2.90
2.90
2.89
2.90
2.89
2.89
2.90
2.91
2.91
2.91
2.91
2.91
2.90
2.90
2.90
2.90
2.90
2.91
2.90
2.90
2.91
2.90
2.90
2.91
2.91
2.90
2.90
2.91
2.91
2.91
2.91
2.91
2.92
2.93
2.93
2.92
2.92
2.91
2.91
2.91
2.91
2.92
2.92
2.91
2.91
2.90
2.91
2.91
2.92
2.91
2.91
2.91
2.90
2.91
2.92
2.92
2.92
2.92
2.93
2.93
2.92
2.92
2.92
2.92
2.92
2.92
2.92
2.91
2.92
2.91
2.92
2.91
2.92
2.92
2.91
2.92
2.93
2.93
2.93
2.93
2.93
2.93
2.93
2.93
2.93
2.92
2.93
2.93
2.93
2.93
2.93
2.93
2.93
2.92
2.92
2.92
2.92
2.92
2.93
2.92
2.92
2.92
2.93
2.93
2.93
2.94
2.94
2.94
2.94
2.94
2.93
2.93
2.93
2.93
2.93
2.93
2.92
2.92
2.92
2.92
2.92
2.92
2.92
2.92
2.92
2.92
2.91
2.91
2.90
2.91
2.91
2.91
2.91
2.91
2.91
2.91
2.91
2.91
2.91
2.91
2.92
2.91
2.91
2.92
2.92
2.92
2.92
2.92
2.91
2.91
2.92
2.91
2.92
2.92
2.91
2.91
2.91
2.92
2.91
2.92
2.92
2.92
2.91
2.91
2.91
2.91
2.91
2.92
2.91
2.91
2.92
2.91
2.92
2.92
2.92
2.92
2.91
2.91
2.91
2.91
2.91
2.91
2.91
2.91
2.91
2.92
2.91
2.92
2.92
2.92
2.92
2.92
2.92
2.92
2.91
2.91
2.91
2.91
2.90
2.90
2.91
2.91
2.90
2.90
2.90
2.90
2.90
2.90
2.89
2.89
2.89
2.89
2.89
2.88
2.89
2.90
2.90
2.89
2.89
2.89
2.89
2.89
2.89
2.88
2.89
2.89
2.88
2.88
2.89
2.88
2.88
2.88
2.88
2.88
2.88
2.88
2.88
2.88
2.89
2.89
2.89
2.89
2.88
2.88
2.89
2.89
2.89
2.89
2.89
2.89
2.89
2.89
2.88
2.88
2.88
2.88
2.88
2.88
2.87
2.87
2.87
2.87
2.86
2.86
2.86
2.86
2.86
2.86
2.86
2.86
2.86
2.86
2.86
2.86
2.86
2.86
2.87
2.86
2.87
2.87
2.86
2.87
2.87
2.87
2.87
2.87
2.88
2.88
2.88
2.87
2.87
2.88
2.88
2.87
2.87
2.88
2.87
2.87
2.87
2.87
2.87
2.86
2.86
2.87
2.86
2.86
2.86
2.87
2.87
2.87
2.88
2.87
2.87
2.87
2.87
2.87
2.87
2.86
2.86
2.86
2.86
2.86
2.85
2.85
2.86
2.86
2.86
2.86
2.86
2.86
2.86
2.86
2.85
2.85
2.85
2.85
2.85
2.85
2.85
2.85
2.85
2.86
2.86
2.86
2.86
2.86
2.85
2.86
2.86
2.86
2.86
2.86
2.86
2.86
2.85
2.85
2.85
2.85
2.85
2.85
2.85
2.85
2.86
2.86
2.85
2.85
2.86
2.85
2.85
