78.12
76.56
77.08
78.12
79.38
78.91
79.69
79.30
79.69
79.84
79.97
79.56
80.05
80.58
80.73
81.25
81.16
81.25
81.09
81.33
81.47
81.61
81.52
81.51
81.69
81.67
81.71
81.86
81.90
82.14
82.01
82.03
81.87
81.71
81.65
81.68
81.59
81.83
81.97
82.03
82.09
82.07
82.12
82.10
82.19
82.00
81.85
81.87
81.70
81.66
81.53
81.52
81.57
81.42
81.45
81.33
81.33
81.36
81.36
81.48
81.53
81.53
81.47
81.47
81.51
81.65
81.74
81.73
81.73
81.67
81.56
81.62
81.59
81.63
81.71
81.62
81.64
81.75
81.78
81.88
81.93
81.97
81.93
81.94
81.86
81.78
81.75
81.71
81.79
81.75
81.73
81.78
81.84
81.85
81.88
81.88
81.83
81.74
81.79
81.72
81.68
81.74
81.78
81.73
81.79
81.80
81.73
81.71
81.74
81.75
81.70
81.71
81.78
81.77
81.71
81.69
81.64
81.61
81.62
81.67
81.64
81.57
81.57
81.54
81.51
81.52
81.53
81.53
81.49
81.51
81.50
81.49
81.47
81.44
81.39
81.40
81.40
81.43
81.45
81.45
81.42
81.39
81.37
81.39
81.36
81.36
81.37
81.35
81.32
81.35
81.33
81.36
81.34
81.36
81.30
81.30
81.31
81.36
81.39
81.41
81.42
81.46
81.52
81.52
81.53
81.54
81.59
81.56
81.56
81.54
81.55
81.57
81.56
81.56
81.55
81.53
81.51
81.49
81.48
81.49
81.50
81.58
81.53
81.55
81.55
81.54
81.53
81.55
81.56
81.55
81.58
81.58
81.57
81.57
81.58
81.56
81.56
81.58
81.59
81.56
81.56
81.57
81.57
81.57
81.58
81.58
81.58
81.60
81.59
81.61
81.61
81.60
81.57
81.54
81.54
81.58
81.59
81.59
81.65
81.70
81.66
81.69
81.70
81.70
81.69
81.67
81.67
81.65
81.67
81.70
81.71
81.73
81.73
81.74
81.72
81.71
81.74
81.77
81.78
81.82
81.82
81.79
81.84
81.83
81.82
81.80
81.78
81.77
81.79
81.77
81.79
81.77
81.77
81.75
81.76
81.77
81.80
81.81
81.84
81.81
81.80
81.82
81.82
81.85
81.86
81.87
81.88
81.84
81.85
81.85
81.86
81.86
81.83
81.82
81.85
81.84
81.83
81.84
81.81
81.81
81.82
81.83
81.82
81.83
81.81
81.80
81.81
81.80
81.80
81.79
81.78
81.76
81.76
81.77
81.75
81.76
81.77
81.76
81.77
81.74
81.77
81.76
81.73
81.74
81.70
81.69
81.68
81.69
81.72
81.72
81.74
81.72
81.70
81.72
81.73
81.73
81.75
81.72
81.70
81.68
81.67
81.66
81.65
81.67
81.67
81.67
81.66
81.66
81.64
81.65
81.65
81.65
81.67
81.65
81.68
81.67
81.66
81.68
81.69
81.70
81.69
81.69
81.71
81.71
81.72
81.73
81.75
81.73
81.72
81.74
81.73
81.73
81.73
81.74
81.72
81.72
81.72
81.72
81.73
81.73
81.74
81.76
81.78
81.77
81.77
81.77
81.77
81.77
81.77
81.76
81.75
81.76
81.76
81.76
81.77
81.79
81.81
81.81
81.82
81.84
81.85
81.86
81.86
81.86
81.88
81.89
81.88
81.88
81.88
81.90
81.91
81.93
81.93
81.92
81.94
81.94
81.95
81.95
81.97
81.96
81.94
81.95
81.95
81.96
81.97
81.97
81.97
81.97
81.96
81.96
81.96
81.95
81.97
81.94
81.94
81.95
81.96
81.98
81.97
81.97
81.97
81.97
81.97
81.95
81.96
81.97
81.98
81.97
81.98
81.97
81.98
81.98
81.99
81.98
81.95
81.96
81.95
81.94
81.93
81.92
81.93
81.92
81.92
81.92
81.92
81.92
81.92
81.93
81.95
81.95
81.95
81.95
81.96
81.97
81.97
81.98
81.98
81.97
81.96
81.93
81.93
81.93
81.93
81.93
81.93
81.93
81.93
81.92
81.93
81.94
81.94
81.93
81.93
81.94
81.93
81.94
81.93
81.93
81.93
81.92
81.91
81.90
81.91
81.90
81.88
81.90
81.89
81.91
81.92
81.93
81.93
81.91
81.93
81.93
81.93
81.95
81.93
81.94
81.94
81.92
81.91
81.92
81.93
81.93
81.92
81.94
81.94
81.94
81.93
81.95
81.94
81.94
81.94
81.95
81.96
81.96
81.94
81.93
81.92
81.92
81.92
81.90
81.91
81.91
81.92
81.91
81.90
81.90
81.90
81.90
81.89
81.90
81.89
81.91
81.89
81.90
81.90
81.91
81.90
81.89
81.90
81.90
81.89
81.89
81.87
81.86
81.84
81.85
81.84
81.84
81.82
81.82
81.83
81.82
81.82
81.83
81.84
81.84
81.84
81.83
81.84
81.84
81.83
81.83
81.84
81.86
81.85
81.87
81.88
81.88
81.89
81.88
81.88
81.89
81.88
81.88
81.88
81.87
81.86
81.87
81.87
81.87
81.87
81.87
81.86
81.87
81.86
81.87
81.88
81.88
81.88
81.89
81.88
81.88
81.86
81.85
81.87
81.86
81.85
81.86
81.85
81.85
81.85
81.86
81.85
81.85
81.85
81.85
81.84
81.84
81.85
81.85
81.85
81.85
81.86
81.87
81.87
81.86
81.86
81.85
81.85
81.85
81.85
81.86
81.86
81.86
81.87
81.87
81.87
81.88
81.87
81.85
81.84
81.84
81.83
81.83
81.83
81.84
81.84
81.83
81.83
81.84
81.84
81.84
81.85
81.87
81.87
81.87
81.87
81.86
81.87
81.86
81.84
81.84
81.84
81.84
81.84
81.83
81.83
81.83
81.84
81.83
81.84
81.85
81.84
81.85
81.86
81.86
81.86
81.86
81.85
81.85
81.84
81.84
81.84
81.83
81.83
81.84
81.84
81.82
81.83
81.83
81.84
81.84
81.82
81.82
81.82
81.82
81.82
81.83
81.84
81.84
81.84
81.83
81.84
81.84
81.84
81.83
81.82
81.83
81.83
81.84
81.83
81.84
81.84
81.84
81.83
81.83
81.82
81.83
81.83
81.83
81.84
81.84
81.83
81.82
81.83
81.82
81.81
81.82
81.83
81.83
81.83
81.83
81.83
81.84
81.84
81.85
81.84
81.85
81.85
81.85
81.85
81.86
81.88
81.88
81.87
81.89
81.88
81.89
81.90
81.90
81.91
81.89
81.89
81.89
81.89
81.89
81.88
81.88
81.88
81.88
81.87
81.87
81.86
81.88
81.88
81.86
81.86
81.86
81.86
81.85
81.85
81.86
81.85
81.85
81.86
81.86
81.86
81.85
81.84
81.84
81.84
81.84
81.84
81.84
81.84
81.83
81.84
81.84
81.84
81.76
