93.75
82.81
84.38
82.81
82.81
80.99
81.47
81.05
82.12
81.56
80.54
81.25
81.61
81.70
82.19
82.03
81.80
81.68
82.24
81.64
81.55
81.46
81.59
81.32
81.25
81.31
81.42
81.36
81.09
80.94
80.70
80.76
80.92
81.07
80.98
81.12
81.33
81.04
80.93
80.86
80.79
80.88
80.96
80.97
80.90
81.08
81.22
81.09
81.12
81.16
80.97
81.01
80.78
80.61
80.74
80.83
80.67
80.77
80.88
80.99
81.07
81.15
81.15
81.23
81.25
81.16
81.16
81.09
81.09
81.18
81.23
81.27
81.10
81.25
81.35
81.25
81.21
81.31
81.43
81.41
81.44
81.46
81.53
81.62
81.64
81.63
81.72
81.68
81.67
81.61
81.61
81.66
81.59
81.62
81.56
81.53
81.43
81.41
81.47
81.44
81.47
81.53
81.45
81.40
81.46
81.47
81.53
81.52
81.58
81.52
81.56
81.54
81.54
81.57
81.56
81.55
81.58
81.55
81.54
81.51
81.53
81.53
81.55
81.54
81.53
81.49
81.50
81.43
81.42
81.44
81.45
81.47
81.43
81.39
81.38
81.46
81.48
81.44
81.44
81.38
81.38
81.40
81.46
81.49
81.39
81.43
81.43
81.40
81.38
81.35
81.32
81.32
81.36
81.39
81.39
81.43
81.43
81.35
81.37
81.40
81.38
81.44
81.42
81.42
81.44
81.39
81.38
81.41
81.37
81.36
81.38
81.36
81.35
81.36
81.32
81.33
81.34
81.35
81.35
81.35
81.32
81.29
81.30
81.33
81.33
81.27
81.29
81.33
81.27
81.28
81.28
81.27
81.27
81.29
81.28
81.24
81.25
81.27
81.23
81.20
81.18
81.23
81.27
81.29
81.28
81.30
81.33
81.36
81.39
81.35
81.35
81.38
81.35
81.37
81.38
81.42
81.42
81.43
81.36
81.37
81.35
81.38
81.40
81.40
81.43
81.42
81.44
81.39
81.38
81.41
81.41
81.40
81.40
81.42
81.38
81.39
81.38
81.36
81.36
81.32
81.30
81.33
81.33
81.34
81.33
81.33
81.36
81.35
81.36
81.36
81.37
81.35
81.34
81.34
81.33
81.37
81.37
81.38
81.39
81.39
81.38
81.39
81.43
81.43
81.43
81.41
81.40
81.38
81.40
81.42
81.45
81.44
81.44
81.46
81.46
81.48
81.48
81.47
81.46
81.48
81.43
81.44
81.40
81.40
81.41
81.39
81.40
81.37
81.36
81.35
81.34
81.31
81.31
81.31
81.30
81.31
81.33
81.34
81.33
81.35
81.35
81.37
81.37
81.36
81.35
81.36
81.34
81.31
81.30
81.29
81.30
81.31
81.28
81.27
81.25
81.26
81.27
81.28
81.29
81.29
81.28
81.28
81.31
81.33
81.35
81.36
81.37
81.36
81.36
81.37
81.35
81.33
81.31
81.30
81.30
81.32
81.32
81.33
81.34
81.35
81.36
81.34
81.35
81.34
81.31
81.29
81.29
81.30
81.32
81.32
81.31
81.31
81.30
81.31
81.31
81.31
81.30
81.29
81.29
81.29
81.28
81.27
81.27
81.28
81.27
81.25
81.24
81.24
81.23
81.22
81.24
81.26
81.26
81.25
81.25
81.26
81.26
81.27
81.28
81.30
81.30
81.29
81.28
81.29
81.29
81.29
81.27
81.28
81.27
81.28
81.28
81.29
81.29
81.28
81.29
81.31
81.31
81.33
81.32
81.32
81.32
81.29
81.30
81.31
81.31
81.29
81.28
81.28
81.29
81.28
81.28
81.29
81.29
81.28
81.28
81.29
81.29
81.28
81.31
81.32
81.32
81.32
81.32
81.32
81.34
81.35
81.35
81.35
81.34
81.36
81.36
81.36
81.37
81.39
81.40
81.40
81.41
81.42
81.42
81.40
81.40
81.40
81.39
81.38
81.38
81.39
81.40
81.40
81.41
81.41
81.42
81.42
81.41
81.40
81.39
81.40
81.40
81.41
81.42
81.44
81.45
81.43
81.43
81.42
81.41
81.42
81.42
81.42
81.42
81.44
81.46
81.46
81.47
81.47
81.46
81.46
81.46
81.46
81.46
81.45
81.43
81.41
81.40
81.41
81.41
81.40
81.40
81.42
81.41
81.40
81.40
81.39
81.38
81.38
81.39
81.38
81.38
81.40
81.39
81.39
81.39
81.40
81.40
81.40
81.41
81.43
81.44
81.45
81.45
81.46
81.47
81.46
81.46
81.46
81.47
81.47
81.48
81.48
81.51
81.51
81.50
81.50
81.51
81.51
81.52
81.51
81.51
81.51
81.51
81.49
81.49
81.51
81.49
81.49
81.49
81.49
81.51
81.51
81.51
81.52
81.53
81.54
81.55
81.54
81.55
81.54
81.55
81.56
81.55
81.56
81.56
81.56
81.56
81.55
81.54
81.54
81.54
81.56
81.57
81.57
81.58
81.59
81.59
81.60
81.59
81.60
81.60
81.60
81.62
81.61
81.62
81.62
81.62
81.63
81.62
81.62
81.62
81.63
81.61
81.61
81.61
81.62
81.62
81.61
81.61
81.62
81.62
81.62
81.62
81.63
81.63
81.62
81.63
81.63
81.63
81.63
81.62
81.63
81.63
81.64
81.65
81.66
81.64
81.64
81.64
81.64
81.64
81.63
81.62
81.63
81.63
81.64
81.63
81.64
81.65
81.65
81.66
81.64
81.65
81.64
81.65
