78.12
80.47
80.21
80.08
81.56
82.03
82.14
82.03
81.94
82.19
81.68
82.03
82.57
82.25
81.88
81.74
81.80
81.86
81.91
82.50
81.92
81.68
81.66
81.97
81.75
81.79
81.89
81.81
81.68
81.82
81.80
81.93
81.68
81.66
81.83
81.81
81.80
81.87
81.93
81.88
81.82
81.81
81.69
81.64
81.74
81.76
81.68
81.71
81.66
81.69
81.56
81.64
81.69
81.57
81.68
81.64
81.74
81.79
81.73
81.74
81.71
81.80
81.82
81.79
81.71
81.77
81.72
81.66
81.63
81.56
81.56
81.45
81.53
81.50
81.48
81.46
81.47
81.41
81.43
81.29
81.25
81.23
81.14
81.12
81.10
81.16
81.21
81.20
81.16
81.15
81.18
81.15
81.15
81.12
81.10
81.09
81.12
81.11
81.08
81.08
81.17
81.16
81.16
81.19
81.28
81.25
81.28
81.28
81.24
81.12
81.12
81.10
81.10
81.11
81.13
81.07
81.04
81.01
80.97
80.96
80.99
80.98
81.02
81.06
81.05
81.00
80.97
81.01
81.01
81.07
81.05
81.05
81.06
81.04
81.05
81.10
81.11
81.11
81.14
81.12
81.15
81.17
81.22
81.20
81.20
81.25
81.26
81.22
81.13
81.16
81.13
81.12
81.11
81.12
81.04
80.97
80.97
80.96
80.96
80.95
80.94
80.93
80.88
80.91
80.88
80.86
80.92
80.97
80.97
80.96
80.98
80.96
80.96
80.95
80.95
80.98
81.00
81.01
81.01
81.02
80.99
80.97
80.98
81.00
80.99
80.98
81.02
81.04
81.03
81.03
81.05
81.04
81.02
80.97
80.94
80.96
80.93
80.92
80.93
80.96
81.02
80.99
80.95
80.91
80.89
80.89
80.89
80.88
80.91
80.94
80.95
80.97
81.02
81.01
80.98
81.02
80.98
80.99
80.97
80.97
81.02
80.98
80.98
81.01
81.00
80.97
80.97
80.96
80.96
80.98
80.98
80.97
80.99
80.98
80.96
80.97
80.99
81.01
80.99
80.94
80.92
80.88
80.87
80.86
80.87
80.86
80.88
80.89
80.89
80.89
80.90
80.91
80.92
80.95
80.96
80.96
80.95
80.97
80.94
80.94
80.96
80.99
80.98
81.01
80.97
80.99
81.01
80.99
80.99
80.98
80.96
80.95
80.96
80.92
80.95
80.95
80.93
80.89
80.89
80.89
80.88
80.85
80.85
80.84
80.84
80.84
80.85
80.84
80.82
80.82
80.83
80.81
80.81
80.82
80.85
80.83
80.86
80.86
80.85
80.87
80.88
80.88
80.89
80.90
80.92
80.88
80.89
80.87
80.89
80.89
80.87
80.87
80.88
80.91
80.91
80.89
80.90
80.91
80.90
80.91
80.93
80.95
80.95
80.97
81.00
81.01
81.01
81.01
81.00
80.98
80.94
80.95
80.96
80.96
80.94
80.94
80.94
80.93
80.90
80.89
80.90
80.90
80.89
80.91
80.93
80.92
80.91
80.91
80.92
80.92
80.92
80.93
80.93
80.93
80.93
80.94
80.93
80.93
80.94
80.94
80.93
80.94
80.91
80.91
80.91
80.90
80.90
80.90
80.89
80.90
80.89
80.88
80.89
80.89
80.89
80.89
80.88
80.89
80.89
80.92
80.92
80.91
80.90
80.90
80.91
80.91
80.92
80.93
80.94
80.97
80.98
80.97
80.96
80.94
80.93
80.94
80.94
80.94
80.96
80.96
80.97
80.95
80.95
80.95
80.94
80.94
80.95
80.91
80.89
80.88
80.88
80.90
80.91
80.93
80.93
80.94
80.92
80.92
80.92
80.92
80.91
80.91
80.92
80.91
80.93
80.92
80.94
80.97
80.95
80.96
80.95
80.92
80.91
80.92
80.92
80.91
80.91
80.91
80.90
80.90
80.88
80.88
80.88
80.89
80.89
80.89
80.90
80.90
80.88
80.87
80.87
80.87
80.88
80.86
80.87
80.88
80.89
80.88
80.89
80.89
80.88
80.88
80.88
80.88
80.89
80.88
80.88
80.87
80.87
80.86
80.87
80.87
80.86
80.86
80.87
80.89
80.87
80.88
80.88
80.88
80.90
80.89
80.90
80.89
80.88
80.87
80.85
80.85
80.84
80.83
80.82
80.82
80.82
80.82
80.82
80.84
80.84
80.84
80.84
80.85
80.85
80.85
80.85
80.84
80.84
80.84
80.84
80.85
80.84
80.83
80.84
80.83
80.81
80.84
80.85
80.84
80.84
80.83
80.84
80.85
80.85
80.85
80.86
80.87
80.88
80.88
80.88
80.89
80.87
80.88
80.88
80.88
80.88
80.88
80.88
80.90
80.90
80.90
80.91
80.91
80.93
80.92
80.93
80.93
80.93
80.93
80.92
80.92
80.92
80.89
80.90
80.92
80.92
80.91
80.91
80.91
80.91
80.90
80.91
80.91
80.90
80.90
80.90
80.90
80.90
80.89
80.88
80.89
80.89
80.90
80.91
80.90
80.90
80.90
80.90
80.91
80.90
80.89
80.88
80.87
80.87
80.85
80.83
80.83
80.84
80.83
80.83
80.83
80.83
80.84
80.85
80.86
80.85
80.85
80.84
80.84
80.84
80.84
80.84
80.82
80.81
80.80
80.79
80.78
80.78
80.78
80.78
80.77
80.77
80.77
80.77
80.78
80.76
80.76
80.76
80.77
80.77
80.77
80.76
80.76
80.76
80.77
80.78
80.78
80.79
80.79
80.79
80.78
80.78
80.80
80.79
80.80
80.80
80.80
80.79
80.80
80.80
80.80
80.80
80.81
80.80
80.79
80.79
80.78
80.79
80.80
80.81
80.81
80.81
80.81
80.81
80.81
80.81
80.81
80.81
80.82
80.81
80.82
80.80
80.80
80.79
80.77
80.77
80.77
80.78
80.76
80.76
80.76
80.76
80.76
80.77
80.78
80.78
80.78
80.79
80.79
80.78
80.77
80.76
80.76
80.77
80.77
80.76
80.75
80.76
80.76
80.76
80.77
80.76
80.75
80.75
80.76
80.75
80.76
80.76
80.76
80.75
80.77
80.76
80.76
80.76
80.77
80.78
80.78
80.80
80.80
80.80
80.80
80.81
80.81
80.81
80.82
80.82
80.82
80.81
80.81
80.81
80.81
80.81
80.81
80.82
80.82
80.83
80.84
80.83
80.84
80.85
80.85
80.85
80.84
80.85
80.84
80.85
80.86
80.87
80.87
80.86
80.86
80.86
80.86
80.87
80.87
80.87
80.86
80.86
80.86
80.85
80.86
80.86
80.85
80.86
80.86
80.85
80.85
80.85
80.84
80.85
80.83
80.83
80.83
80.82
80.82
80.82
80.83
80.83
80.82
80.82
80.82
80.83
80.82
80.82
80.83
80.84
80.85
80.85
80.85
80.85
80.84
80.85
80.86
80.85
80.77
