79.69
80.47
79.69
79.69
78.12
78.39
79.46
79.49
79.34
79.53
78.98
79.56
79.69
79.80
80.10
80.37
80.61
80.47
80.43
80.94
81.10
81.32
81.66
81.45
81.12
81.07
80.96
81.25
81.41
81.51
81.60
81.79
81.72
81.57
81.65
81.77
81.80
81.74
81.73
81.72
81.63
81.44
81.47
81.46
81.42
81.18
81.15
80.99
80.93
81.16
81.31
81.22
81.28
81.25
81.19
81.22
81.33
81.30
81.14
81.22
81.22
81.33
81.37
81.30
81.32
81.30
81.30
81.41
81.43
81.47
81.54
81.47
81.53
81.50
81.62
81.64
81.68
81.55
81.55
81.54
81.52
81.57
81.51
81.45
81.51
81.47
81.43
81.45
81.41
81.37
81.39
81.40
81.45
81.40
81.46
81.51
81.59
81.57
81.58
81.59
81.57
81.59
81.61
81.58
81.53
81.49
81.53
81.45
81.51
81.59
81.59
81.47
81.43
81.39
81.37
81.38
81.37
81.38
81.34
81.37
81.42
81.44
81.49
81.45
81.35
81.36
81.41
81.37
81.36
81.36
81.35
81.33
81.32
81.34
81.34
81.36
81.38
81.32
81.26
81.32
81.29
81.33
81.38
81.35
81.39
81.44
81.36
81.39
81.42
81.38
81.42
81.37
81.35
81.35
81.35
81.36
81.38
81.39
81.44
81.42
81.41
81.42
81.42
81.35
81.34
81.31
81.29
81.26
81.29
81.31
81.28
81.30
81.32
81.33
81.35
81.42
81.38
81.39
81.38
81.41
81.42
81.44
81.46
81.46
81.37
81.43
81.44
81.45
81.44
81.47
81.49
81.49
81.53
81.49
81.45
81.42
81.38
81.38
81.34
81.40
81.44
81.45
81.45
81.46
81.43
81.40
81.42
81.44
81.44
81.43
81.42
81.41
81.44
81.40
81.42
81.41
81.43
81.34
81.34
81.35
81.36
81.39
81.43
81.45
81.45
81.49
81.48
81.48
81.48
81.49
81.51
81.51
81.52
81.51
81.50
81.53
81.51
81.51
81.52
81.52
81.52
81.53
81.52
81.53
81.50
81.50
81.47
81.45
81.48
81.49
81.49
81.50
81.54
81.52
81.55
81.57
81.55
81.56
81.53
81.53
81.54
81.55
81.56
81.55
81.56
81.59
81.61
81.56
81.56
81.58
81.59
81.62
81.63
81.60
81.59
81.58
81.56
81.55
81.57
81.56
81.56
81.55
81.56
81.53
81.55
81.58
81.54
81.55
81.52
81.55
81.52
81.52
81.56
81.56
81.55
81.57
81.58
81.59
81.55
81.55
81.53
81.54
81.54
81.54
81.54
81.56
81.57
81.59
81.61
81.58
81.59
81.60
81.60
81.63
81.62
81.61
81.63
81.65
81.66
81.66
81.64
81.66
81.68
81.67
81.66
81.67
81.66
81.70
81.69
81.67
81.69
81.70
81.69
81.69
81.67
81.68
81.69
81.69
81.68
81.70
81.69
81.67
81.66
81.65
81.65
81.65
81.66
81.68
81.70
81.68
81.70
81.71
81.70
81.69
81.70
81.68
81.69
81.67
81.68
81.68
81.68
81.69
81.71
81.71
81.70
81.72
81.73
81.76
81.76
81.75
81.74
81.72
81.71
81.72
81.73
81.72
81.71
81.72
81.72
81.75
81.76
81.76
81.78
81.80
81.81
81.82
81.84
81.83
81.82
81.84
81.88
81.87
81.87
81.87
81.87
81.86
81.87
81.88
81.88
81.88
81.89
81.89
81.88
81.88
81.86
81.87
81.90
81.89
81.88
81.88
81.86
81.86
81.87
81.87
81.88
81.88
81.89
81.90
81.90
81.90
81.88
81.88
81.87
81.86
81.88
81.88
81.89
81.92
81.91
81.91
81.94
81.94
81.95
81.94
81.94
81.93
81.92
81.92
81.92
81.94
81.95
81.97
81.96
81.96
81.96
81.97
81.98
81.98
81.97
81.97
81.96
81.96
81.93
81.90
81.89
81.87
81.88
81.86
81.87
81.89
81.89
81.90
81.90
81.92
81.94
81.95
81.94
81.91
81.90
81.89
81.91
81.91
81.91
81.90
81.90
81.91
81.90
81.86
81.88
81.86
81.86
81.87
81.87
81.88
81.88
81.85
81.85
81.86
81.86
81.85
81.85
81.85
81.86
81.85
81.85
81.85
81.85
81.83
81.83
81.83
81.82
81.82
81.80
81.80
81.80
81.81
81.81
81.81
81.81
81.80
81.81
81.80
81.80
81.81
81.81
81.80
81.81
81.82
81.82
81.81
81.80
81.79
81.78
81.77
81.76
81.75
81.75
81.76
81.75
81.75
81.75
81.75
81.73
81.73
81.72
81.73
81.73
81.73
81.73
81.75
81.76
81.76
81.76
81.75
81.74
81.75
81.76
81.76
81.74
81.75
81.76
81.73
81.74
81.74
81.74
81.74
81.74
81.74
81.74
81.74
81.73
81.73
81.73
81.73
81.75
81.75
81.74
81.75
81.74
81.74
81.75
81.76
81.77
81.77
81.77
81.77
81.78
81.79
81.78
81.75
81.74
81.73
81.74
81.74
81.73
81.73
81.73
81.74
81.75
81.75
81.75
81.76
81.77
81.77
81.76
81.76
81.76
81.77
81.77
81.77
81.77
81.77
81.77
81.75
81.74
81.74
81.76
81.76
81.76
81.75
81.74
81.72
81.71
81.72
81.72
81.71
81.72
81.73
81.72
81.73
81.73
81.71
81.70
81.71
81.71
81.71
81.71
81.72
81.72
81.72
81.72
81.71
81.72
81.72
81.72
81.72
81.71
81.71
81.72
81.72
81.73
81.74
81.72
81.73
81.73
81.74
81.75
81.75
81.76
81.77
81.78
81.78
81.79
81.80
81.81
81.81
81.81
81.81
81.81
81.80
81.81
81.80
81.80
81.80
81.79
81.79
81.78
81.79
81.79
81.79
81.78
81.78
81.79
81.79
81.79
81.79
81.80
81.80
81.80
81.80
81.80
81.79
81.79
81.78
81.77
81.78
81.78
81.77
81.78
81.78
81.78
81.78
81.78
81.77
81.77
81.77
81.77
81.76
81.74
81.74
81.74
81.74
81.74
81.74
81.74
81.75
81.74
81.74
81.75
81.75
81.75
81.75
81.74
81.75
81.76
81.76
81.76
81.76
81.77
81.77
81.77
81.78
81.76
81.74
81.75
81.76
81.76
81.74
81.74
81.75
81.75
81.74
81.74
81.74
81.73
81.74
81.75
81.74
81.75
81.75
81.75
81.75
81.75
81.75
81.75
81.73
81.72
81.73
81.73
81.73
81.74
81.74
81.74
81.75
81.74
81.73
81.74
81.72
81.72
81.71
81.73
81.71
81.71
81.72
81.72
81.71
81.71
81.71
81.70
81.70
81.72
81.72
81.72
81.72
81.73
81.72
81.72
81.72
81.71
81.72
81.72
81.64
