1.56
2.34
1.56
1.56
1.56
1.56
1.56
1.56
1.39
1.25
1.28
1.30
1.20
1.23
1.25
1.17
1.19
1.13
1.07
1.17
1.12
1.14
1.15
1.17
1.12
1.20
1.22
1.23
1.19
1.20
1.16
1.12
1.14
1.15
1.12
1.13
1.14
1.11
1.16
1.13
1.18
1.19
1.24
1.21
1.22
1.22
1.20
1.17
1.18
1.22
1.19
1.17
1.15
1.16
1.19
1.17
1.15
1.16
1.14
1.12
1.10
1.11
1.09
1.07
1.06
1.09
1.07
1.10
1.11
1.12
1.12
1.13
1.11
1.12
1.15
1.13
1.16
1.16
1.17
1.15
1.14
1.18
1.17
1.15
1.16
1.18
1.17
1.17
1.19
1.20
1.18
1.17
1.16
1.16
1.17
1.16
1.14
1.13
1.12
1.14
1.13
1.12
1.12
1.11
1.12
1.11
1.11
1.11
1.10
1.12
1.11
1.12
1.16
1.18
1.21
1.21
1.20
1.23
1.25
1.24
1.24
1.24
1.26
1.25
1.24
1.23
1.23
1.22
1.22
1.23
1.23
1.22
1.21
1.21
1.22
1.22
1.22
1.23
1.23
1.22
1.22
1.22
1.23
1.23
1.22
1.21
1.20
1.20
1.21
1.20
1.19
1.18
1.18
1.18
1.18
1.18
1.18
1.22
1.22
1.21
1.20
1.20
1.21
1.20
1.20
1.22
1.22
1.21
1.22
1.22
1.22
1.21
1.21
1.21
1.21
1.22
1.21
1.22
1.22
1.23
1.23
1.24
1.23
1.24
1.23
1.23
1.23
1.22
1.22
1.23
1.23
1.22
1.22
1.22
1.22
1.21
1.21
1.21
1.22
1.23
1.22
1.22
1.22
1.23
1.23
1.22
1.22
1.22
1.23
1.22
1.21
1.22
1.23
1.23
1.23
1.23
1.22
1.22
1.23
1.22
1.22
1.23
1.23
1.22
1.22
1.22
1.23
1.23
1.22
1.22
1.22
1.24
1.23
1.23
1.23
1.23
1.24
1.24
1.24
1.24
1.24
1.24
1.23
1.24
1.24
1.24
1.24
1.24
1.24
1.24
1.23
1.23
1.23
1.23
1.23
1.24
1.23
1.24
1.23
1.24
1.25
1.25
1.25
1.24
1.24
1.25
1.26
1.26
1.27
1.28
1.28
1.28
1.28
1.28
1.28
1.29
1.29
1.29
1.29
1.30
1.30
1.30
1.30
1.31
1.31
1.31
1.31
1.31
1.30
1.30
1.30
1.29
1.29
1.29
1.28
1.28
1.28
1.27
1.28
1.28
1.28
1.28
1.28
1.27
1.28
1.28
1.28
1.28
1.28
1.29
1.29
1.30
1.29
1.29
1.29
1.30
1.30
1.29
1.30
1.29
1.29
1.29
1.28
1.28
1.28
1.28
1.28
1.28
1.27
1.27
1.27
1.28
1.29
1.29
1.29
1.29
1.29
1.30
1.30
1.30
1.30
1.29
1.29
1.29
1.29
1.29
1.29
1.28
1.28
1.28
1.27
1.27
1.27
1.27
1.27
1.26
1.26
1.26
1.26
1.25
1.25
1.25
1.25
1.25
1.25
1.26
1.26
1.26
1.25
1.25
1.25
1.25
1.25
1.25
1.25
1.25
1.25
1.26
1.25
1.25
1.25
1.24
1.24
1.24
1.24
1.24
1.25
1.25
1.25
1.25
1.25
1.26
1.26
1.25
1.25
1.25
1.26
1.26
1.26
1.26
1.26
1.26
1.26
1.26
1.26
1.26
1.26
1.26
1.26
1.26
1.25
1.25
1.25
1.25
1.24
1.24
1.24
1.24
1.24
1.24
1.23
1.23
1.23
1.23
1.23
1.23
1.23
1.23
1.22
1.22
1.23
1.22
1.22
1.22
1.22
1.21
1.22
