89.06
85.16
85.42
83.20
82.19
82.29
82.81
82.23
82.81
83.12
82.81
82.55
82.21
82.25
81.98
82.03
82.08
81.68
81.25
81.02
80.88
81.04
80.57
80.21
80.25
80.11
79.92
80.19
80.17
80.16
79.94
79.88
79.88
79.92
79.96
80.08
80.07
79.98
80.05
79.88
80.03
80.13
80.23
80.18
80.35
80.20
80.15
80.14
80.26
80.28
80.27
80.32
80.48
80.53
80.57
80.55
80.59
80.63
80.53
80.68
80.64
80.72
80.80
80.74
80.82
80.78
80.74
80.74
80.75
80.60
80.72
80.82
80.78
80.76
80.69
80.65
80.68
80.61
80.70
80.70
80.59
80.49
80.52
80.58
80.57
80.52
80.60
80.56
80.62
80.61
80.61
80.64
80.65
80.67
80.69
80.65
80.67
80.71
80.74
80.81
80.79
80.79
80.79
80.89
80.91
80.93
80.91
80.99
80.98
80.97
80.95
80.90
80.89
80.93
80.94
80.90
80.86
80.88
80.80
80.77
80.79
80.76
80.78
80.86
80.89
80.90
80.88
80.88
80.86
80.89
80.95
80.99
81.04
81.03
81.05
81.03
80.99
81.02
81.08
81.07
81.07
81.06
81.05
81.05
81.05
81.03
81.06
81.10
81.05
81.05
81.02
81.04
81.04
81.03
81.06
81.10
81.15
81.15
81.13
81.17
81.19
81.21
81.26
81.25
81.23
81.25
81.17
81.07
81.07
81.07
81.11
81.03
81.07
81.12
81.14
81.13
81.15
81.15
81.16
81.18
81.17
81.18
81.22
81.19
81.24
81.22
81.27
81.27
81.30
81.28
81.28
81.28
81.25
81.26
81.23
81.22
81.21
81.20
81.21
81.15
81.10
81.10
81.08
81.07
81.07
81.08
81.15
81.15
81.18
81.18
81.18
81.15
81.11
81.07
81.09
81.11
81.13
81.12
81.12
81.13
81.16
81.19
81.18
81.18
81.17
81.19
81.19
81.18
81.20
81.20
81.22
81.24
81.26
81.24
81.25
81.24
81.22
81.23
81.23
81.22
81.19
81.15
81.17
81.13
81.15
81.15
81.16
81.17
81.17
81.18
81.18
81.19
81.21
81.24
81.23
81.22
81.23
81.23
81.23
81.24
81.24
81.22
81.23
81.24
81.25
81.24
81.22
81.19
81.20
81.22
81.24
81.25
81.27
81.27
81.26
81.23
81.23
81.21
81.24
81.24
81.24
81.22
81.22
81.23
81.24
81.22
81.20
81.22
81.23
81.23
81.21
81.21
81.20
81.20
81.18
81.17
81.19
81.20
81.22
81.21
81.23
81.20
81.22
81.22
81.18
81.17
81.19
81.19
81.19
81.16
81.16
81.18
81.20
81.19
81.17
81.17
81.14
81.13
81.12
81.09
81.12
81.13
81.13
81.13
81.12
81.13
81.14
81.17
81.18
81.19
81.20
81.16
81.18
81.16
81.16
81.16
81.15
81.15
81.15
81.14
81.14
81.14
81.14
81.14
81.14
81.15
81.15
81.17
81.16
81.17
81.17
81.17
81.15
81.14
81.14
81.14
81.16
81.17
81.15
81.15
81.15
81.16
81.14
81.14
81.15
81.17
81.17
81.19
81.18
81.18
81.18
81.16
81.17
81.16
81.15
81.15
81.15
81.15
81.13
81.13
81.11
81.13
81.14
81.16
81.16
81.17
81.17
81.16
81.17
81.17
81.16
81.15
81.15
81.16
81.14
81.12
81.10
81.08
81.09
81.09
81.10
81.10
81.11
81.11
81.10
81.10
81.10
81.08
81.07
81.07
81.08
81.07
81.06
81.07
81.07
81.08
81.05
81.05
81.05
81.05
81.05
81.03
81.05
81.05
81.05
81.07
81.05
81.07
81.06
81.04
81.04
81.05
81.06
81.07
81.06
81.05
81.05
81.05
81.04
81.06
81.06
81.06
81.06
81.04
81.05
81.05
81.04
81.04
81.02
81.02
81.02
81.04
81.04
81.03
81.04
81.04
81.04
81.05
81.00
80.97
80.98
80.98
80.96
80.96
80.97
80.97
80.98
80.97
80.97
80.95
80.95
80.95
80.94
80.93
80.90
80.89
80.91
80.91
80.92
80.92
80.93
80.94
80.95
80.96
80.97
80.99
80.98
80.98
80.98
80.96
80.96
80.95
80.95
80.96
80.95
80.96
80.96
80.95
80.94
80.93
80.93
80.93
80.92
80.92
80.94
80.93
80.93
80.93
80.95
80.96
80.97
80.98
80.97
80.99
81.00
81.00
81.01
81.01
81.02
81.02
81.01
81.03
81.01
81.01
81.01
81.02
81.03
81.01
81.01
81.01
81.01
81.00
81.01
81.00
81.01
81.01
81.02
81.04
81.04
81.04
81.05
81.06
81.05
81.05
81.04
81.04
81.03
81.03
81.03
81.03
81.02
81.03
81.03
81.01
81.01
81.01
81.01
81.01
81.00
81.00
81.00
81.00
81.00
80.99
80.99
80.99
81.00
81.00
80.99
80.98
81.00
81.01
81.02
81.03
81.03
81.04
81.04
81.04
81.06
81.06
81.05
81.06
81.07
81.05
81.05
81.04
81.05
81.05
81.05
81.04
81.04
81.03
81.02
81.02
81.02
81.04
81.04
81.04
81.04
81.03
81.03
81.02
81.01
81.02
81.03
81.04
81.04
81.04
81.02
81.02
81.02
81.02
81.03
81.03
81.03
81.03
81.03
81.03
81.02
81.03
81.02
81.03
81.02
81.03
81.03
81.05
81.06
81.06
81.05
81.06
81.05
81.05
81.06
81.06
81.07
81.06
81.05
81.06
81.06
81.06
81.07
81.06
81.06
81.07
81.06
81.05
81.05
81.06
81.06
81.06
81.06
81.06
81.05
81.06
81.06
81.06
81.05
81.05
81.06
81.06
81.04
81.04
81.04
81.04
81.04
81.03
81.04
81.04
81.03
81.01
81.02
81.02
81.03
81.04
81.05
81.06
81.07
81.07
81.07
81.08
81.09
81.09
81.08
81.07
81.09
81.07
81.08
81.08
81.07
81.08
81.07
81.07
81.07
81.07
81.08
81.07
81.07
81.06
81.07
81.07
81.06
81.07
81.06
81.07
81.07
81.07
81.08
81.08
81.09
81.10
81.10
81.11
81.10
81.10
81.10
81.09
81.10
81.09
81.08
81.09
81.08
81.08
81.08
81.07
81.07
81.07
81.06
81.07
81.06
81.06
81.06
81.07
81.06
81.07
81.07
81.07
81.07
81.06
81.06
81.05
81.05
81.05
81.05
81.05
81.05
81.06
81.06
81.05
81.04
81.05
81.05
81.04
81.05
81.04
81.05
81.05
81.04
81.04
81.04
81.03
81.04
81.03
81.02
81.02
81.03
81.02
81.02
81.03
81.03
81.04
81.04
81.04
81.03
81.03
81.03
81.02
81.01
81.02
81.02
81.02
81.02
80.94
