3.12
3.91
5.73
5.08
5.31
4.95
5.36
4.88
5.21
5.00
5.11
5.21
5.17
4.91
4.90
4.59
4.87
4.77
4.61
4.69
4.69
4.62
4.55
4.82
4.94
4.81
4.69
4.74
4.80
4.90
4.84
4.83
4.83
4.87
4.87
4.82
4.86
4.77
4.77
4.80
4.84
4.80
4.72
4.83
4.79
4.86
4.82
4.79
4.88
4.84
4.87
4.81
4.81
4.77
4.72
4.66
4.61
4.53
4.45
4.45
4.38
4.39
4.39
4.39
4.38
4.40
4.41
4.41
4.37
4.38
4.36
4.36
4.45
4.46
4.52
4.50
4.57
4.57
4.63
4.57
4.57
4.61
4.65
4.65
4.67
4.65
4.71
4.71
4.69
4.65
4.67
4.69
4.67
4.69
4.69
4.65
4.64
4.62
4.64
4.64
4.61
4.60
4.58
4.63
4.66
4.66
4.69
4.67
4.66
4.66
4.67
4.65
4.66
4.66
4.65
4.67
4.67
4.67
4.66
4.66
4.65
4.64
4.61
4.60
4.59
4.63
4.65
4.65
4.61
4.59
4.58
4.59
4.61
4.59
4.62
4.62
4.61
4.64
4.67
4.64
4.62
4.63
4.61
4.62
4.61
4.60
4.63
4.61
4.60
4.60
4.63
4.62
4.61
4.63
4.65
4.66
4.68
4.68
4.69
4.68
4.70
4.68
4.72
4.72
4.71
4.70
4.70
4.70
4.69
4.68
4.67
4.67
4.64
4.65
4.66
4.63
4.63
4.63
4.62
4.63
4.64
4.65
4.64
4.64
4.65
4.65
4.65
4.65
4.65
4.68
4.70
4.70
4.71
4.72
4.70
4.71
4.70
4.68
4.69
4.67
4.69
4.70
4.69
4.66
4.67
4.67
4.70
4.69
4.70
4.70
4.70
4.71
4.73
4.72
4.71
4.71
4.69
4.69
4.68
4.68
4.68
4.67
4.67
4.66
4.65
4.65
4.63
4.63
4.63
4.63
4.63
4.61
4.59
4.60
4.60
4.61
4.60
4.60
4.59
4.60
4.60
4.60
4.60
4.59
4.59
4.59
4.57
4.57
4.57
4.57
4.56
4.56
4.56
4.56
4.56
4.57
4.57
4.55
4.55
4.55
4.54
4.53
4.53
4.53
4.56
4.56
4.57
4.58
4.58
4.58
4.59
4.60
4.58
4.58
4.58
4.57
4.57
4.58
4.56
4.56
4.56
4.56
4.56
4.58
4.59
4.61
4.60
4.61
4.62
4.64
4.65
4.64
4.63
4.62
4.63
4.62
4.62
4.62
4.63
4.63
4.62
4.62
4.63
4.63
4.64
4.65
4.64
4.63
4.62
4.61
4.63
4.63
4.63
4.62
4.62
4.62
4.61
4.63
4.62
4.63
4.63
4.64
4.65
4.65
4.66
4.68
4.67
4.67
4.67
4.66
4.67
4.67
4.66
4.67
4.67
4.67
4.67
4.67
4.66
4.67
4.66
4.68
4.68
4.68
4.67
4.68
4.67
4.67
4.67
4.66
4.66
4.66
4.67
4.67
4.66
4.64
4.65
4.66
4.66
4.65
4.65
4.66
4.66
4.66
4.67
4.66
4.67
4.68
4.68
4.70
4.69
4.69
4.67
4.69
4.69
4.68
4.68
4.69
4.70
4.70
4.70
4.69
4.69
4.69
4.68
4.69
4.70
4.69
4.68
4.68
4.68
4.67
4.68
4.68
4.67
4.66
4.67
4.66
4.66
4.66
4.66
4.66
4.65
4.66
4.65
4.66
4.65
4.64
4.63
4.64
4.63
4.62
4.63
4.64
4.64
4.64
4.64
4.65
4.67
4.68
4.68
4.68
4.68
4.68
4.68
4.68
4.69
4.69
4.69
4.70
4.71
4.71
4.70
4.70
4.69
4.69
4.69
4.68
4.69
4.69
4.68
4.68
4.68
4.68
4.68
4.67
4.68
4.68
4.69
4.68
4.69
4.69
4.69
4.69
4.68
4.67
4.67
4.67
4.66
4.66
4.68
4.68
4.68
4.68
4.67
4.68
4.67
4.67
4.67
4.66
4.66
4.66
4.66
4.65
4.65
4.65
4.64
4.65
4.65
4.65
4.66
4.66
4.67
4.66
4.66
4.66
4.66
4.65
4.65
4.64
4.64
4.64
4.64
4.63
4.63
4.62
4.64
4.64
4.63
4.63
4.63
4.63
4.63
4.63
4.63
4.62
4.62
4.62
4.62
4.62
4.61
4.61
4.61
4.60
4.59
4.59
4.59
4.59
4.59
4.59
4.59
4.59
4.59
4.59
4.58
4.58
4.58
4.58
4.58
4.58
4.58
4.58
4.57
4.57
4.57
4.57
4.57
4.57
4.57
4.57
4.57
4.57
4.57
4.57
4.57
4.57
4.58
4.59
4.58
4.59
4.59
4.60
4.59
4.59
4.60
4.60
4.60
4.61
4.61
4.62
4.61
4.61
4.62
4.63
4.62
4.62
4.62
4.62
4.62
4.62
4.62
4.62
4.63
4.63
4.63
4.63
4.64
4.64
4.63
4.63
4.63
4.63
4.62
4.63
4.62
4.62
4.61
4.61
4.60
4.61
4.61
4.62
4.62
4.62
4.62
4.61
4.61
4.60
4.60
4.60
4.60
4.60
4.60
4.60
4.60
4.62
4.61
4.61
4.61
4.61
4.61
4.60
4.60
4.60
4.59
4.59
4.58
4.59
4.59
4.59
4.59
4.59
4.59
4.58
4.59
4.59
4.59
4.60
4.60
4.61
4.61
4.60
4.61
4.61
4.61
4.61
4.61
4.61
4.61
4.61
4.61
4.62
4.62
4.62
4.62
4.63
4.62
4.62
4.64
4.64
4.63
4.63
4.63
4.63
4.63
4.62
4.63
4.62
4.62
4.63
4.63
4.63
4.63
4.63
4.63
4.62
4.62
4.62
4.62
4.62
4.62
4.62
4.62
4.62
4.61
4.61
4.61
4.61
4.61
4.60
4.60
4.60
4.60
4.60
4.60
4.60
4.59
4.60
4.59
4.59
4.59
4.59
4.59
4.59
4.60
4.60
4.59
4.58
4.59
4.59
4.58
4.58
4.58
4.58
4.58
4.58
4.59
4.58
4.58
4.58
4.57
4.58
4.58
4.57
4.57
4.57
4.57
4.57
4.59
4.58
4.58
4.57
4.57
4.57
4.56
4.56
4.56
4.56
4.55
4.55
4.55
4.55
4.55
4.54
4.54
4.54
4.54
4.54
4.54
4.54
4.54
4.54
4.55
4.54
4.54
4.53
4.53
4.53
4.53
4.53
4.53
4.53
4.53
4.53
4.54
4.53
4.54
4.54
4.54
4.55
4.54
4.54
4.54
4.55
4.55
4.55
4.56
4.56
4.56
4.56
4.56
4.56
4.56
4.56
4.56
4.56
4.56
4.56
4.56
4.56
4.56
4.56
