1.56
3.91
5.21
4.69
5.62
5.73
5.80
5.86
6.08
6.09
5.97
5.99
6.25
6.36
6.15
6.05
6.34
6.08
6.09
6.02
5.88
5.82
6.05
6.12
5.88
5.77
5.84
5.75
5.66
5.57
5.59
5.62
5.59
5.56
5.45
5.47
5.53
5.63
5.65
5.55
5.53
5.51
5.49
5.54
5.52
5.47
5.68
5.70
5.74
5.75
5.73
5.74
5.75
5.84
5.85
5.83
5.78
5.82
5.77
5.73
5.71
5.62
5.63
5.66
5.72
5.68
5.67
5.65
5.66
5.65
5.63
5.60
5.61
5.55
5.58
5.65
5.68
5.75
5.80
5.84
5.83
5.89
5.93
5.93
5.88
5.85
5.85
5.86
5.86
5.85
5.86
5.79
5.80
5.75
5.74
5.84
5.82
5.90
5.90
5.94
5.94
5.93
5.95
5.96
5.95
5.96
5.94
5.93
5.89
5.88
5.88
5.87
5.88
5.83
5.80
5.85
5.88
5.88
5.86
5.85
5.80
5.78
5.79
5.77
5.78
5.79
5.78
5.77
5.79
5.78
5.80
5.81
5.79
5.77
5.76
5.76
5.77
5.75
5.76
5.77
5.73
5.73
5.74
5.76
5.75
5.73
5.76
5.76
5.76
5.74
5.73
5.75
5.75
5.74
5.75
5.74
5.75
5.75
5.73
5.72
5.76
5.75
5.74
5.76
5.77
5.76
5.79
5.78
5.77
5.75
5.75
5.75
5.75
5.76
5.76
5.75
5.77
5.76
5.75
5.74
5.74
5.78
5.76
5.75
5.74
5.75
5.77
5.75
5.75
5.76
5.78
5.75
5.74
5.74
5.75
5.74
5.74
5.74
5.73
5.74
5.76
5.75
5.73
5.74
5.72
5.72
5.72
5.75
5.76
5.76
5.76
5.76
5.77
5.75
5.74
5.76
5.75
5.74
5.74
5.73
5.74
5.74
5.73
5.72
5.72
5.71
5.72
5.70
5.71
5.70
5.71
5.72
5.70
5.71
5.72
5.73
5.72
5.71
5.71
5.71
5.72
5.73
5.73
5.71
5.71
5.71
5.69
5.70
5.69
5.69
5.70
5.70
5.70
5.69
5.67
5.66
5.66
5.66
5.65
5.66
5.65
5.65
5.65
5.65
5.63
5.63
5.61
5.61
5.61
5.62
5.61
5.61
5.60
5.61
5.61
5.62
5.64
5.63
5.64
5.65
5.65
5.63
5.64
5.63
5.66
5.67
5.67
5.66
5.66
5.67
5.66
5.66
5.66
5.69
5.68
5.69
5.69
5.68
5.69
5.70
5.69
5.69
5.69
5.69
5.69
5.69
5.69
5.68
5.68
5.67
5.67
5.67
5.68
5.69
5.69
5.69
5.69
5.68
5.68
5.68
5.69
5.70
5.70
5.70
5.69
5.68
5.67
5.67
5.68
5.67
5.66
5.66
5.66
5.66
5.66
5.66
5.66
5.67
5.66
5.67
5.67
5.67
5.67
5.67
5.67
5.67
5.67
5.69
5.69
5.71
5.72
5.71
5.71
5.73
5.72
5.72
5.72
5.73
5.71
5.72
5.72
5.72
5.71
5.71
5.70
5.70
5.71
5.70
5.70
5.70
5.71
5.70
5.71
5.70
5.70
5.70
5.69
5.70
5.69
5.68
5.68
5.69
5.70
5.68
5.68
5.67
5.70
5.69
5.69
5.69
5.68
5.67
5.67
5.69
5.69
5.69
5.69
5.68
5.67
5.67
5.69
5.70
5.69
5.69
5.69
5.70
5.69
5.69
5.68
5.70
5.70
5.70
5.71
5.70
5.70
5.71
5.72
5.73
5.72
5.73
5.72
5.74
5.74
5.75
5.74
5.75
5.76
5.76
5.75
5.74
5.75
5.75
5.75
5.76
5.76
5.76
5.75
5.75
5.74
5.74
5.74
5.74
5.76
5.77
5.76
5.77
5.78
5.78
5.77
5.76
5.75
5.75
5.74
5.74
5.75
5.74
5.75
5.76
5.77
5.78
5.79
5.79
5.78
5.77
5.77
5.77
5.77
5.77
5.76
5.75
5.76
5.75
5.75
5.75
5.74
5.75
5.76
5.77
5.77
5.77
5.77
5.77
5.77
5.77
5.76
5.75
5.74
5.74
5.75
5.74
5.75
5.74
5.74
5.74
5.75
5.74
5.74
5.73
5.74
5.74
5.74
5.75
5.74
5.74
5.73
5.73
5.72
5.72
5.73
5.72
5.72
5.72
5.72
5.72
5.72
5.72
5.72
5.71
5.71
5.71
5.70
5.71
5.71
5.72
5.71
5.72
5.71
5.71
5.71
5.70
5.71
5.70
5.70
5.70
5.70
5.70
5.71
5.71
5.70
5.70
5.70
5.69
5.69
5.69
5.69
5.68
5.68
5.67
5.67
5.67
5.67
5.68
5.67
5.67
5.67
5.67
5.67
5.66
5.65
5.65
5.66
5.66
5.66
5.66
5.66
5.66
5.65
5.65
5.65
5.65
5.64
5.64
5.65
5.66
5.65
5.65
5.65
5.65
5.65
5.64
5.64
5.64
5.64
5.63
5.63
5.63
5.63
5.63
5.62
5.61
5.61
5.61
5.61
5.61
5.60
5.60
5.59
5.58
5.58
5.58
5.59
5.59
5.59
5.59
5.58
5.58
