84.38
81.25
83.85
84.38
85.00
84.11
83.71
83.20
84.03
84.06
84.38
83.98
84.13
84.49
83.65
83.50
83.92
83.25
82.89
82.50
81.92
81.89
82.13
82.10
81.69
81.79
81.54
81.47
81.68
81.72
81.65
81.59
81.39
81.34
81.29
81.08
81.04
81.00
81.05
81.09
81.14
81.29
81.47
81.50
81.46
81.35
81.28
81.32
81.44
81.53
81.59
81.61
81.57
81.51
81.62
81.61
81.47
81.38
81.41
81.41
81.43
81.50
81.62
81.62
81.59
81.65
81.65
81.53
81.54
81.54
81.62
81.60
81.55
81.55
81.67
81.64
81.74
81.69
81.65
81.58
81.52
81.46
81.40
81.42
81.47
81.30
81.25
81.34
81.30
81.34
81.30
81.28
81.28
81.22
81.12
81.12
81.09
81.09
81.12
81.03
81.14
81.25
81.27
81.25
81.22
81.25
81.31
81.32
81.34
81.36
81.39
81.38
81.35
81.32
81.35
81.37
81.38
81.41
81.39
81.38
81.43
81.43
81.43
81.43
81.49
81.55
81.59
81.59
81.54
81.55
81.62
81.62
81.61
81.58
81.57
81.57
81.58
81.61
81.60
81.57
81.60
81.65
81.63
81.67
81.69
81.67
81.69
81.68
81.64
81.59
81.61
81.59
81.58
81.54
81.53
81.53
81.56
81.56
81.59
81.62
81.63
81.66
81.64
81.66
81.71
81.72
81.71
81.75
81.79
81.72
81.74
81.74
81.76
81.76
81.77
81.76
81.71
81.73
81.73
81.74
81.73
81.71
81.68
81.66
81.61
81.60
81.57
81.56
81.58
81.55
81.58
81.60
81.61
81.62
81.62
81.66
81.69
81.71
81.70
81.70
81.67
81.68
81.68
81.64
81.63
81.63
81.63
81.62
81.65
81.60
81.60
81.57
81.57
81.59
81.58
81.61
81.62
81.62
81.60
81.58
81.58
81.58
81.59
81.53
81.53
81.55
81.56
81.56
81.52
81.49
81.55
81.56
81.52
81.50
81.52
81.53
81.57
81.58
81.58
81.58
81.59
81.61
81.59
81.60
81.58
81.54
81.57
81.59
81.58
81.61
81.60
81.62
81.59
81.60
81.62
81.60
81.60
81.60
81.59
81.57
81.55
81.54
81.55
81.57
81.59
81.57
81.58
81.59
81.57
81.56
81.56
81.58
81.58
81.57
81.58
81.60
81.62
81.62
81.60
81.62
81.63
81.62
81.63
81.59
81.60
81.59
81.60
81.64
81.62
81.63
81.62
81.60
81.60
81.60
81.59
81.60
81.59
81.58
81.56
81.56
81.54
81.54
81.57
81.57
81.59
81.60
81.59
81.59
81.58
81.59
81.55
81.54
81.54
81.53
81.53
81.53
81.53
81.53
81.52
81.53
81.54
81.57
81.55
81.55
81.56
81.56
81.54
81.55
81.53
81.53
81.52
81.53
81.53
81.50
81.49
81.52
81.51
81.48
81.49
81.49
81.48
81.47
81.45
81.45
81.45
81.45
81.46
81.45
81.47
81.48
81.48
81.49
81.50
81.51
81.51
81.54
81.53
81.52
81.53
81.53
81.53
81.53
81.56
81.57
81.58
81.57
81.56
81.55
81.58
81.59
81.59
81.58
81.58
81.59
81.62
81.62
81.61
81.62
81.63
81.64
81.62
81.61
81.58
81.58
81.57
81.55
81.55
81.54
81.54
81.52
81.52
81.53
81.56
81.56
81.55
81.54
81.52
81.51
81.50
81.50
81.49
81.49
81.49
81.49
81.50
81.52
81.53
81.51
81.53
81.52
81.53
81.52
81.49
81.50
81.49
81.50
81.50
81.50
81.48
81.50
81.51
81.52
81.52
81.51
81.50
81.51
81.52
81.51
81.51
81.52
81.52
81.53
81.54
81.54
81.55
81.57
81.58
81.59
81.57
81.58
81.57
81.54
81.54
81.54
81.54
81.55
81.55
81.57
81.58
81.60
81.60
81.61
81.61
81.61
81.60
81.61
81.60
81.62
81.62
81.63
81.64
81.63
81.64
81.65
81.64
81.65
81.63
81.61
81.61
81.62
81.62
81.62
81.62
81.62
81.62
81.61
81.61
81.61
81.61
81.60
81.61
81.61
81.62
81.62
81.64
81.64
81.66
81.68
81.68
81.69
81.67
81.67
81.67
81.68
81.67
81.67
81.68
81.69
81.69
81.66
81.65
81.64
81.62
81.62
81.63
81.65
81.63
81.63
81.63
81.63
81.63
81.63
81.63
81.61
81.62
81.63
81.63
81.62
81.63
81.63
81.63
81.65
81.66
81.65
81.63
81.64
81.65
81.65
81.66
81.64
81.65
81.64
81.65
81.66
81.67
81.68
81.67
81.69
81.69
81.69
81.70
81.70
81.70
81.70
81.69
81.68
81.69
81.68
81.68
81.68
81.69
81.67
81.66
81.66
81.65
81.66
81.66
81.67
81.68
81.68
81.67
81.66
81.66
81.66
81.66
81.66
81.65
81.64
81.64
81.64
81.65
81.65
81.65
81.66
81.67
81.67
81.69
81.69
81.68
81.68
81.69
81.71
81.70
81.69
81.70
81.70
81.71
81.70
81.71
81.72
81.73
81.72
81.71
81.71
81.70
81.70
81.70
81.71
81.71
81.70
81.70
81.71
81.72
81.72
81.72
81.72
81.73
81.73
81.73
81.72
81.73
81.73
81.73
81.72
81.73
81.74
81.73
81.72
81.71
81.71
81.71
81.71
81.71
81.72
81.71
81.71
81.72
81.71
81.71
81.70
81.71
81.72
81.72
81.73
81.72
81.71
81.71
81.71
81.70
81.70
81.70
81.69
81.69
81.70
81.71
81.71
81.71
81.72
81.71
81.72
81.72
81.72
81.72
81.73
81.73
81.73
81.72
81.72
81.72
81.72
81.72
81.71
81.70
81.71
81.71
81.70
81.71
81.71
81.71
81.71
81.70
81.70
81.71
81.71
81.72
81.71
81.72
81.72
81.72
81.72
81.72
81.72
81.71
81.70
81.71
81.71
81.72
81.72
81.72
81.71
81.70
81.69
81.69
81.69
81.70
81.69
81.69
81.69
81.69
81.69
81.69
81.69
81.69
81.69
81.70
81.70
81.70
81.70
81.71
81.71
81.71
81.72
81.71
81.71
81.71
81.72
81.72
81.72
81.72
81.71
81.71
81.71
81.71
81.71
81.70
81.70
81.70
81.70
81.70
81.71
81.72
81.71
81.72
81.72
81.73
81.73
81.74
81.73
81.74
81.74
81.74
81.73
81.71
81.72
81.72
81.73
81.74
81.74
81.74
81.75
81.75
81.74
81.73
81.74
81.73
81.73
81.74
81.74
81.75
81.75
81.76
81.75
81.75
81.76
81.75
81.75
81.75
81.75
81.75
81.76
81.76
81.76
81.75
81.74
81.75
81.75
81.75
81.75
81.75
81.76
81.75
81.66
