0.00
0.00
0.52
1.17
1.25
1.30
1.12
0.98
0.87
0.78
0.85
1.17
1.08
1.00
1.15
1.07
1.01
0.95
0.99
0.94
0.89
0.92
0.88
0.85
1.06
1.08
1.16
1.12
1.13
1.09
1.11
1.17
1.18
1.19
1.25
1.22
1.18
1.19
1.16
1.13
1.18
1.15
1.13
1.10
1.08
1.05
1.06
1.07
1.05
1.06
1.04
1.05
1.03
1.07
1.05
1.06
1.04
1.02
1.06
1.07
1.10
1.08
1.07
1.07
1.08
1.11
1.12
1.13
1.11
1.09
1.10
1.13
1.18
1.22
1.21
1.19
1.20
1.18
1.19
1.19
1.20
1.20
1.20
1.21
1.23
1.22
1.20
1.19
1.19
1.20
1.20
1.19
1.19
1.20
1.18
1.17
1.16
1.18
1.22
1.20
1.19
1.23
1.26
1.28
1.28
1.27
1.27
1.26
1.26
1.25
1.25
1.27
1.26
1.25
1.25
1.24
1.23
1.22
1.21
1.20
1.20
1.19
1.21
1.22
1.21
1.20
1.19
1.20
1.19
1.19
1.20
1.21
1.21
1.21
1.20
1.19
1.22
1.21
1.20
1.19
1.20
1.20
1.19
1.18
1.17
1.17
1.17
1.16
1.15
1.16
1.16
1.15
1.14
1.16
1.16
1.15
1.14
1.16
1.16
1.19
1.18
1.19
1.20
1.20
1.21
1.21
1.21
1.20
1.21
1.21
1.22
1.23
1.25
1.25
1.25
1.26
1.25
1.25
1.25
1.24
1.23
1.24
1.24
1.26
1.26
1.26
1.26
1.25
1.26
1.25
1.24
1.25
1.24
1.23
1.23
1.24
1.25
1.24
1.23
1.23
1.23
1.22
1.22
1.22
1.22
1.21
1.21
1.20
1.20
1.19
1.19
1.20
1.21
1.21
1.21
1.21
1.20
1.20
1.21
1.21
1.21
1.20
1.20
1.19
1.19
1.20
1.21
1.21
1.20
1.20
1.20
1.20
1.19
1.20
1.19
1.19
1.19
1.19
1.18
1.18
1.19
1.19
1.19
1.19
1.19
1.18
1.18
1.18
1.19
1.19
1.18
1.18
1.19
1.19
1.19
1.20
1.20
1.19
1.19
1.20
1.19
1.19
1.18
1.18
1.17
1.17
1.18
1.17
1.17
1.16
1.16
1.15
1.15
1.16
1.16
1.17
1.18
1.19
1.19
1.19
1.20
1.19
1.20
1.19
1.19
1.20
1.20
1.19
1.19
1.19
1.20
1.20
1.20
1.20
1.20
1.20
1.21
1.21
1.22
1.22
1.21
1.23
1.23
1.23
1.23
1.24
1.24
1.24
1.25
1.26
1.26
1.26
1.26
1.26
1.27
1.29
1.29
1.29
1.29
1.28
1.29
1.28
1.28
1.28
1.27
1.27
1.27
1.27
1.27
1.27
1.27
1.28
1.28
1.28
1.27
1.27
1.27
1.28
1.30
1.29
1.29
1.30
1.29
1.29
1.29
1.29
1.29
1.29
1.29
1.29
1.30
1.30
1.30
1.30
1.30
1.29
1.29
1.29
1.29
1.30
1.29
1.30
1.30
1.29
1.29
1.29
1.29
1.29
1.29
1.28
1.28
1.29
1.28
1.28
1.28
1.28
1.28
1.28
1.27
1.27
1.28
1.28
1.28
1.28
1.28
1.28
1.28
1.29
1.29
1.29
1.29
1.29
1.29
1.29
1.29
1.28
1.28
1.28
1.28
1.28
1.27
1.27
1.27
1.28
1.27
1.27
1.27
1.27
1.27
1.27
1.27
1.27
1.28
1.28
1.29
1.28
1.28
1.28
1.28
1.28
1.28
1.28
1.29
1.29
1.29
1.28
1.28
1.29
1.29
1.28
1.28
1.28
1.28
1.28
1.28
1.27
1.27
1.27
1.27
1.27
1.28
1.28
1.27
1.27
1.27
1.27
1.27
1.27
1.27
1.26
1.26
1.26
1.26
1.27
1.27
1.27
1.27
1.27
1.27
1.27
1.27
1.27
1.27
1.27
1.27
1.27
1.27
1.27
1.26
1.26
1.26
1.26
1.27
1.27
1.27
1.27
1.27
1.27
1.27
1.27
1.27
1.27
1.27
1.27
1.27
1.27
1.27
1.27
1.27
1.27
1.27
1.26
1.27
1.27
1.26
1.27
1.26
1.26
1.26
1.26
1.26
1.26
1.26
1.26
1.26
1.26
1.25
1.25
1.25
1.25
1.25
1.25
1.25
1.24
1.24
1.25
1.25
1.25
1.25
1.25
1.25
1.25
1.25
1.25
1.25
1.24
1.24
1.25
1.25
1.25
1.25
1.25
1.24
1.24
1.25
1.24
1.24
1.24
1.24
1.24
1.24
1.24
1.24
1.24
1.24
1.24
1.24
1.23
1.24
1.24
1.24
1.24
1.24
1.24
1.25
1.25
1.26
1.25
1.25
1.25
1.25
1.25
1.25
1.25
1.26
1.26
1.26
1.25
1.25
1.25
1.25
1.25
1.25
1.25
1.25
1.25
1.26
1.27
1.27
1.27
1.27
1.27
1.28
1.27
1.27
1.27
1.27
1.27
1.27
1.27
1.27
1.27
1.27
1.27
1.26
1.26
1.26
1.26
1.26
1.26
1.26
1.26
1.26
1.27
1.27
1.27
1.27
1.27
1.27
1.27
1.26
1.27
1.27
1.26
1.26
1.26
1.26
1.26
1.26
1.27
1.27
1.28
1.27
1.27
1.27
1.27
1.28
1.27
1.27
1.27
1.27
1.27
1.28
1.28
1.28
1.28
1.28
1.28
1.27
1.27
1.28
1.28
1.28
1.28
1.28
1.28
1.28
1.27
1.27
1.27
1.27
1.27
1.27
1.27
1.27
1.27
1.27
1.27
1.27
1.27
1.27
1.27
1.27
1.27
1.28
1.28
1.28
1.27
1.28
1.28
1.27
1.27
1.27
1.27
1.27
1.26
1.26
1.27
1.26
1.27
1.26
1.26
1.27
1.26
1.27
1.26
1.27
1.27
1.27
1.27
1.27
1.27
1.28
1.27
1.27
1.27
1.27
1.27
1.27
1.27
1.27
1.28
1.28
1.28
1.28
1.27
1.28
1.28
1.27
1.28
1.28
1.28
1.28
1.28
1.28
1.27
1.27
1.27
1.27
1.27
1.27
1.27
1.27
1.28
1.27
1.27
1.27
1.27
1.28
1.27
1.27
1.27
1.27
1.28
1.28
1.28
1.28
1.27
1.27
1.27
1.27
1.27
1.27
1.27
1.27
1.27
1.27
1.27
1.27
1.27
1.27
1.27
1.27
1.27
1.27
1.27
1.27
1.27
1.27
1.27
1.27
1.27
1.27
1.27
1.27
1.27
1.27
1.27
1.27
1.27
1.27
1.28
1.28
1.28
1.28
1.28
1.28
1.28
1.28
1.28
1.28
1.28
