89.06
89.84
85.94
85.94
84.06
84.38
83.26
82.42
82.47
82.66
82.39
82.94
82.93
83.04
83.12
82.42
82.44
82.64
82.73
83.12
83.33
83.81
83.83
83.85
83.69
83.77
83.74
83.54
83.46
83.39
83.27
83.11
82.95
82.90
82.86
82.77
82.56
82.61
82.69
82.70
82.58
82.37
82.45
82.35
82.15
81.83
81.78
81.87
81.76
81.84
81.89
81.79
81.84
81.66
81.65
81.70
81.66
81.60
81.51
81.51
81.58
81.60
81.60
81.64
81.61
81.68
81.72
81.59
81.52
81.63
81.65
81.71
81.72
81.76
81.77
81.72
81.68
81.59
81.57
81.56
81.60
81.55
81.46
81.51
81.54
81.65
81.65
81.64
81.58
81.53
81.56
81.66
81.72
81.75
81.83
81.88
81.81
81.90
81.93
81.91
81.88
81.95
81.86
81.88
81.92
81.97
81.92
81.87
81.82
81.73
81.77
81.78
81.82
81.92
81.96
81.99
82.01
82.02
82.05
82.06
82.04
82.04
82.02
82.01
81.99
82.02
82.04
82.09
82.10
82.10
82.16
82.21
82.25
82.22
82.22
82.23
82.21
82.27
82.27
82.20
82.23
82.24
82.22
82.22
82.20
82.18
82.15
82.16
82.15
82.05
82.05
82.07
82.04
82.02
82.05
82.03
82.07
82.05
82.03
82.06
82.06
82.07
82.06
82.07
82.06
82.05
82.05
82.07
82.11
82.10
82.07
82.06
82.09
82.04
82.03
82.05
82.06
82.07
82.08
82.08
82.10
82.09
82.12
82.12
82.12
82.12
82.09
82.06
82.04
82.07
82.08
82.10
82.12
82.15
82.12
82.11
82.12
82.11
82.08
82.11
82.10
82.08
82.05
82.05
82.05
82.05
82.07
82.02
82.03
81.97
81.95
81.94
81.95
81.98
81.97
81.97
81.96
81.92
81.90
81.92
81.91
81.90
81.92
81.93
81.91
81.93
81.95
81.98
81.95
81.92
81.90
81.87
81.90
81.90
81.88
81.90
81.91
81.91
81.90
81.90
81.91
81.92
81.92
81.91
81.86
81.89
81.87
81.85
81.86
81.88
81.93
81.94
81.91
81.93
81.92
81.92
81.93
81.93
81.95
81.98
81.99
81.99
81.99
82.01
82.02
82.04
82.02
81.98
81.98
82.00
82.01
82.05
82.02
82.01
81.99
82.00
81.97
81.96
81.99
81.98
81.96
81.93
81.91
81.93
81.94
81.93
81.94
81.94
81.94
81.97
81.96
81.96
81.96
81.94
81.95
81.95
81.93
81.94
81.93
81.93
81.94
81.89
81.88
81.87
81.85
81.85
81.84
81.84
81.85
81.86
81.87
81.87
81.87
81.84
81.85
81.87
81.86
81.82
81.80
81.80
81.78
81.78
81.80
81.80
81.78
81.80
81.79
81.77
81.79
81.77
81.78
81.79
81.78
81.81
81.81
81.82
81.81
81.81
81.80
81.80
81.79
81.78
81.76
81.76
81.76
81.75
81.76
81.77
81.78
81.79
81.78
81.80
81.80
81.82
81.84
81.84
81.84
81.84
81.83
81.84
81.86
81.87
81.88
81.86
81.86
81.85
81.85
81.87
81.86
81.85
81.82
81.78
81.80
81.81
81.80
81.82
81.82
81.81
81.81
81.81
81.80
81.80
81.80
81.80
81.81
81.79
81.80
81.81
81.82
81.83
81.83
81.83
81.84
81.84
81.84
81.84
81.85
81.84
81.85
81.85
81.86
81.84
81.83
81.85
81.84
81.84
81.85
81.86
81.87
81.89
81.88
81.88
81.86
81.85
81.87
81.89
81.88
81.88
81.86
81.86
81.85
81.83
81.82
81.82
81.83
81.82
81.80
81.80
81.81
81.81
81.80
81.82
81.81
81.80
81.80
81.79
81.80
81.80
81.80
81.81
81.80
81.78
81.78
81.78
81.78
81.78
81.79
81.76
81.78
81.76
81.76
81.74
81.74
81.75
81.76
81.75
81.74
81.76
81.77
81.77
81.77
81.78
81.77
81.76
81.77
81.78
81.77
81.77
81.78
81.78
81.79
81.79
81.79
81.78
81.78
81.79
81.81
81.79
81.80
81.79
81.80
81.80
81.80
81.81
81.79
81.79
81.80
81.80
81.79
81.80
81.81
81.79
81.79
81.79
81.77
81.78
81.78
81.79
81.78
81.78
81.78
81.79
81.79
81.80
81.80
81.79
81.78
81.78
81.77
81.76
81.75
81.77
81.75
81.75
81.75
81.75
81.76
81.76
81.76
81.76
81.76
81.76
81.77
81.76
81.77
81.76
81.75
81.77
81.78
81.79
81.80
81.79
81.80
81.79
81.79
81.79
81.80
81.81
81.80
81.79
81.80
81.80
81.80
81.80
81.80
81.82
81.81
81.81
81.81
81.82
81.82
81.83
81.82
81.81
81.81
81.81
81.82
81.80
81.81
81.81
81.82
81.83
81.84
81.83
81.82
81.84
81.83
81.82
81.82
81.82
81.82
81.82
81.81
81.81
81.82
81.83
81.81
81.81
81.81
81.83
81.82
81.82
81.82
81.83
81.83
81.83
81.84
81.84
81.84
81.84
81.85
81.84
81.83
81.83
81.84
81.83
81.84
81.85
81.84
81.86
81.87
81.88
81.88
81.87
81.87
81.87
81.87
81.85
81.84
81.83
81.83
81.82
81.81
81.83
81.84
81.84
81.85
81.85
81.85
81.84
81.85
81.86
81.86
81.86
81.85
81.84
81.85
81.84
81.85
81.84
81.84
81.83
81.83
81.84
81.84
81.83
81.84
81.84
81.84
81.83
81.83
81.83
81.84
81.83
81.84
81.85
81.85
81.85
81.86
81.84
81.83
81.83
81.83
81.84
81.84
81.83
81.84
81.82
81.83
81.83
81.81
81.82
81.82
81.84
81.84
81.84
81.85
81.85
81.85
81.85
81.86
81.85
81.84
81.84
81.85
81.85
81.85
81.86
81.87
81.87
81.86
81.86
81.85
81.85
81.84
81.84
81.84
81.84
81.83
81.84
81.84
81.82
81.82
81.82
81.81
81.82
81.83
81.83
81.82
81.83
81.83
81.84
81.85
81.85
81.86
81.86
81.84
81.84
81.83
81.84
81.85
81.85
81.85
81.83
81.84
81.84
81.83
81.83
81.82
81.84
81.83
81.83
81.83
81.83
81.84
81.84
81.83
81.84
81.84
81.85
81.85
81.85
81.86
81.86
81.87
81.85
81.86
81.86
81.85
81.85
81.85
81.85
81.85
81.85
81.85
81.85
81.85
81.85
81.86
81.85
81.84
81.83
81.81
81.82
81.82
81.82
81.82
81.82
81.82
81.82
81.82
81.82
81.83
81.83
81.83
81.84
81.84
81.84
81.85
81.84
81.84
81.85
81.85
81.83
81.83
81.83
81.83
81.83
81.84
81.84
81.84
81.77
