65.62
66.41
66.67
66.02
66.88
65.36
65.18
65.43
65.28
64.69
65.06
64.97
64.66
65.18
64.90
65.14
65.17
64.84
64.80
64.45
64.06
64.28
64.47
64.58
64.44
64.36
64.18
64.62
64.82
65.00
65.32
65.28
65.15
65.40
65.89
65.93
66.01
66.04
66.23
66.37
66.27
66.29
66.35
66.30
66.28
66.34
66.29
66.05
66.07
66.09
66.21
66.32
66.33
66.35
66.28
66.27
66.23
66.30
66.31
66.25
66.29
66.41
66.49
66.36
66.35
66.31
66.30
66.15
66.10
65.96
65.98
66.06
66.05
65.98
66.00
66.18
66.11
66.05
66.02
66.05
66.05
66.04
65.95
65.92
65.85
65.95
65.97
66.02
66.05
66.02
66.07
66.00
65.93
65.94
65.94
65.98
65.91
65.85
65.86
65.84
65.75
65.61
65.61
65.61
65.60
65.64
65.61
65.60
65.58
65.60
65.67
65.69
65.72
65.76
65.75
65.87
65.93
66.04
66.06
66.03
66.06
66.09
66.10
66.08
66.03
65.97
66.03
66.06
66.06
66.05
66.01
66.06
66.00
66.02
66.06
66.04
65.98
65.91
65.92
65.83
65.84
65.79
65.79
65.81
65.75
65.71
65.72
65.68
65.76
65.81
65.82
65.83
65.85
65.82
65.85
65.82
65.79
65.80
65.76
65.87
65.88
65.89
65.86
65.83
65.76
65.83
65.79
65.85
65.82
65.79
65.80
65.82
65.83
65.82
65.76
65.77
65.78
65.81
65.79
65.77
65.73
65.69
65.68
65.69
65.76
65.70
65.71
65.72
65.72
65.76
65.79
65.77
65.82
65.80
65.85
65.82
65.78
65.84
65.81
65.78
65.78
65.73
65.73
65.77
65.79
65.79
65.81
65.81
65.83
65.86
65.85
65.90
65.88
65.90
65.90
65.91
65.92
65.95
65.92
65.94
65.96
65.99
66.00
66.04
66.01
66.02
66.04
66.05
66.08
66.10
66.09
66.07
66.09
66.09
66.08
66.10
66.09
66.07
66.08
66.11
66.10
66.06
66.03
66.02
66.07
66.08
66.11
66.17
66.17
66.21
66.21
66.22
66.24
66.28
66.31
66.30
66.26
66.26
66.22
66.21
66.19
66.14
66.14
66.12
66.12
66.12
66.15
66.15
66.18
66.19
66.20
66.24
66.27
66.26
66.25
66.25
66.22
66.21
66.21
66.18
66.18
66.15
66.16
66.16
66.17
66.17
66.16
66.17
66.17
66.19
66.18
66.17
66.20
66.20
66.19
66.22
66.25
66.22
66.24
66.24
66.28
66.26
66.28
66.26
66.24
66.21
66.17
66.16
66.18
66.19
66.19
66.19
66.16
66.19
66.21
66.22
66.22
66.20
66.24
66.26
66.27
66.30
66.32
66.33
66.34
66.33
66.34
66.33
66.30
66.31
66.30
66.31
66.32
66.33
66.34
66.34
66.36
66.38
66.39
66.39
66.40
66.42
66.42
66.39
66.42
66.40
66.42
66.41
66.38
66.41
66.44
66.42
66.44
66.41
66.43
66.43
66.44
66.45
66.46
66.48
66.49
66.49
66.51
66.51
66.52
66.51
66.51
66.51
66.49
66.48
66.49
66.49
66.48
66.46
66.44
66.45
66.47
66.48
66.49
66.50
66.49
66.50
66.51
66.51
66.53
66.53
66.52
66.52
66.54
66.57
66.60
66.60
66.60
66.61
66.62
66.57
66.56
66.56
66.58
66.55
66.56
66.55
66.54
66.55
66.56
66.58
66.55
66.56
66.55
66.55
66.55
66.55
66.56
66.55
66.56
66.55
66.55
66.56
66.56
66.55
66.53
66.56
66.56
66.57
66.56
66.55
66.54
66.57
66.54
66.54
66.55
66.56
66.57
66.58
66.57
66.59
66.59
66.60
66.62
66.62
66.62
66.61
66.62
66.60
66.59
66.60
66.58
66.57
66.58
66.59
66.61
66.59
66.58
66.55
66.54
66.53
66.51
66.52
66.52
66.49
66.50
66.51
66.51
66.51
66.52
66.51
66.48
66.48
66.47
66.50
66.50
66.49
66.49
66.50
66.50
66.52
66.51
66.49
66.49
66.49
66.50
66.49
66.51
66.50
66.51
66.52
66.52
66.52
66.52
66.54
66.53
66.53
66.52
66.52
66.52
66.52
66.53
66.52
66.53
66.53
66.53
66.54
66.54
66.54
66.55
66.55
66.57
66.57
66.55
66.54
66.55
66.56
66.58
66.57
66.58
66.56
66.56
66.57
66.55
66.57
66.56
66.57
66.57
66.56
66.55
66.55
66.57
66.58
66.56
66.57
66.58
66.58
66.55
66.54
66.54
66.54
66.55
66.55
66.54
66.55
66.55
66.55
66.57
66.54
66.54
66.52
66.54
66.54
66.54
66.54
66.54
66.54
66.53
66.52
66.53
66.54
66.55
66.54
66.53
66.54
66.55
66.54
66.55
66.55
66.55
66.54
66.55
66.56
66.54
66.53
66.53
66.52
66.53
66.53
66.51
66.51
66.51
66.52
66.53
66.53
66.53
66.54
66.53
66.53
66.53
66.52
66.52
66.53
66.52
66.51
66.51
66.51
66.53
66.54
66.55
66.56
66.54
66.54
66.54
66.54
66.55
66.55
66.56
66.56
66.57
66.57
66.56
66.57
66.56
66.56
66.56
66.55
66.56
66.57
66.56
66.56
66.56
66.56
66.54
66.54
66.54
66.53
66.54
66.54
66.53
66.53
66.53
66.54
66.54
66.55
66.54
66.54
66.56
66.55
66.56
66.56
66.54
66.56
66.55
66.54
66.55
66.54
66.54
66.53
66.52
66.53
66.54
66.52
66.52
66.53
66.53
66.51
66.52
66.52
66.51
66.50
66.50
66.49
66.49
66.47
66.48
66.48
66.47
66.47
66.47
66.46
66.46
66.46
66.47
66.47
66.46
66.46
66.46
66.48
66.47
66.49
66.48
66.49
66.47
66.48
66.48
66.47
66.47
66.47
66.46
66.47
66.48
66.48
66.48
66.48
66.47
66.44
66.45
66.45
66.45
66.46
66.46
66.46
66.46
66.47
66.47
66.46
66.46
66.47
66.46
66.46
66.47
66.45
66.44
66.45
66.45
66.47
66.46
66.48
66.48
66.47
66.47
66.47
66.48
66.46
66.47
66.47
66.47
66.48
66.48
66.48
66.47
66.47
66.47
66.46
66.45
66.45
66.45
66.45
66.46
66.46
66.45
