1.56
0.78
1.04
0.78
0.94
1.82
1.56
1.76
2.26
2.34
2.70
2.73
2.64
3.12
3.02
2.83
2.76
2.69
2.71
2.58
2.53
2.49
2.65
2.67
2.56
2.52
2.66
2.62
2.59
2.55
2.52
2.64
2.56
2.48
2.46
2.52
2.45
2.47
2.44
2.46
2.40
2.42
2.36
2.34
2.43
2.48
2.43
2.41
2.42
2.38
2.33
2.34
2.36
2.31
2.30
2.34
2.36
2.40
2.44
2.42
2.41
2.44
2.41
2.39
2.40
2.44
2.43
2.41
2.38
2.37
2.40
2.41
2.38
2.36
2.38
2.36
2.35
2.32
2.35
2.40
2.39
2.40
2.39
2.38
2.39
2.36
2.33
2.34
2.33
2.34
2.34
2.36
2.35
2.38
2.35
2.38
2.37
2.38
2.37
2.34
2.35
2.37
2.40
2.39
2.38
2.36
2.38
2.37
2.38
2.37
2.41
2.43
2.42
2.40
2.40
2.44
2.46
2.46
2.44
2.42
2.41
2.43
2.41
2.43
2.44
2.46
2.44
2.43
2.41
2.39
2.39
2.38
2.38
2.39
2.40
2.39
2.37
2.36
2.37
2.35
2.36
2.34
2.35
2.35
2.34
2.35
2.36
2.34
2.35
2.34
2.33
2.33
2.36
2.37
2.37
2.38
2.40
2.40
2.42
2.40
2.40
2.41
2.45
2.45
2.46
2.47
2.46
2.46
2.46
2.45
2.45
2.50
2.48
2.48
2.48
2.49
2.50
2.49
2.50
2.48
2.49
2.48
2.47
2.46
2.47
2.47
2.46
2.47
2.49
2.49
2.50
2.49
2.49
2.49
2.49
2.52
2.51
2.51
2.51
2.52
2.50
2.51
2.49
2.50
2.51
2.50
2.49
2.49
2.49
2.48
2.48
2.50
2.49
2.50
2.51
2.52
2.52
2.52
2.55
2.56
2.57
2.56
2.56
2.57
2.58
2.58
2.58
2.58
2.57
2.57
2.56
2.55
2.55
2.56
2.57
2.58
2.58
2.57
2.56
2.55
2.55
2.54
2.55
2.55
2.55
2.55
2.54
2.55
2.57
2.58
2.60
2.60
2.61
2.62
2.62
2.61
2.61
2.60
2.61
2.61
2.60
2.59
2.60
2.59
2.59
2.60
2.59
2.60
2.60
2.59
2.59
2.60
2.60
2.61
2.61
2.62
2.62
2.62
2.65
2.66
2.66
2.66
2.65
2.65
2.64
2.65
2.65
2.64
2.64
2.64
2.64
2.64
2.63
2.63
2.63
2.62
2.61
2.62
2.62
2.61
2.61
2.60
2.61
2.63
2.63
2.63
2.63
2.62
2.61
2.61
2.60
2.60
2.60
2.61
2.61
2.62
2.62
2.61
2.62
2.62
2.63
2.63
2.64
2.64
2.63
2.63
2.64
2.65
2.65
2.64
2.64
2.64
2.64
2.64
2.65
2.64
2.64
2.64
2.64
2.63
2.64
2.64
2.63
2.63
2.64
2.63
2.63
2.63
2.63
2.64
2.64
2.64
2.65
2.64
2.64
2.63
2.64
2.64
2.64
2.63
2.64
2.63
2.63
2.63
2.63
2.63
2.64
2.64
2.63
2.64
2.64
2.64
2.64
2.63
2.64
2.64
2.64
2.65
2.66
2.66
2.66
2.66
2.66
2.67
2.67
2.66
2.67
2.67
2.66
2.66
2.66
2.66
2.66
2.65
2.66
2.65
2.64
2.65
2.64
2.64
2.65
2.65
2.65
2.65
2.65
2.64
2.65
2.64
2.65
2.65
2.65
2.65
2.66
2.65
2.65
2.66
2.65
2.65
2.66
2.66
2.66
2.67
2.67
2.68
2.68
2.69
2.69
2.68
2.68
2.67
2.67
2.67
2.66
2.66
2.67
2.67
2.67
2.67
2.67
2.67
2.68
2.68
2.68
2.69
2.69
2.70
2.70
2.69
2.69
2.69
2.69
2.68
2.69
2.69
2.70
2.69
2.69
2.69
2.69
2.68
2.68
2.68
2.68
2.67
2.67
2.67
2.68
2.67
2.69
2.69
2.69
2.69
2.70
2.69
2.68
2.69
2.69
2.69
2.69
2.70
2.69
2.69
2.69
2.69
2.69
2.69
2.70
2.69
2.69
2.69
2.70
2.69
2.70
2.71
2.71
2.72
2.72
2.72
2.71
2.73
2.72
2.72
2.72
2.72
2.72
2.71
2.72
2.72
2.71
2.71
2.71
2.71
2.71
2.72
2.72
2.71
2.71
2.72
2.72
2.72
2.72
2.72
2.72
2.72
2.72
2.72
2.72
2.72
2.71
2.72
2.71
2.71
2.71
2.71
2.71
2.71
2.71
2.71
2.72
2.71
2.71
2.71
2.72
2.72
2.72
2.71
2.72
2.71
2.71
2.71
2.71
2.71
2.71
2.71
2.71
2.70
2.70
2.70
2.70
2.70
2.70
2.70
2.69
2.70
2.70
2.70
2.71
2.72
2.72
2.72
2.73
2.73
2.73
2.73
2.74
2.74
2.74
2.74
2.75
2.75
2.75
2.75
2.75
2.75
2.76
2.76
2.76
2.76
2.76
2.76
2.76
2.76
2.76
2.76
2.76
2.76
2.76
2.77
2.76
2.76
2.77
2.78
2.78
2.78
2.77
2.78
2.77
2.78
2.78
2.78
2.77
2.78
2.77
2.77
2.77
2.76
2.77
2.76
2.76
2.76
2.76
2.76
2.76
2.76
2.76
2.75
2.75
2.75
2.75
2.76
2.76
2.76
2.76
2.76
2.75
2.75
2.75
2.76
2.76
2.75
2.75
2.75
2.76
2.76
2.76
2.76
2.77
2.77
2.77
2.78
2.78
2.78
2.78
2.78
2.78
2.78
2.78
2.78
2.79
2.78
2.78
2.78
2.78
2.78
2.78
2.78
2.78
2.77
2.77
2.77
2.77
2.76
2.76
2.76
2.77
2.77
2.76
2.77
2.77
2.77
2.76
2.77
2.76
2.77
2.76
2.76
2.76
2.76
2.76
2.76
2.76
2.75
2.75
2.75
2.75
2.76
2.76
2.75
2.75
2.75
2.75
2.75
2.75
2.75
2.76
2.75
2.76
2.76
2.76
2.76
2.76
2.76
2.76
2.76
2.76
2.76
2.75
2.76
2.76
2.76
2.76
2.76
2.76
2.77
2.77
2.77
2.77
2.76
2.76
2.76
2.76
2.76
2.77
2.77
2.77
2.77
2.77
2.77
2.77
2.77
2.77
2.77
2.77
2.77
2.77
2.77
2.77
2.77
2.77
2.76
2.76
2.76
2.76
2.76
2.77
2.77
2.77
2.76
2.76
2.76
2.76
2.76
2.77
2.77
2.77
2.77
2.76
2.77
2.77
2.77
2.77
2.77
2.77
2.77
2.77
2.77
2.78
2.77
2.78
2.78
2.78
2.78
