4.69
7.03
6.25
8.98
9.69
8.59
8.26
8.20
7.64
7.66
7.53
7.29
7.21
6.81
6.88
7.03
6.71
6.60
6.50
6.72
6.77
6.89
7.00
7.03
7.19
7.21
7.12
7.14
7.00
6.88
6.75
6.84
6.77
6.80
6.88
6.77
6.84
6.66
6.61
6.64
6.71
6.70
6.61
6.61
6.63
6.69
6.72
6.71
6.73
6.84
6.83
6.79
6.75
6.77
6.76
6.78
6.77
6.76
6.81
6.98
6.97
6.98
6.94
6.96
6.95
6.89
6.90
6.99
6.93
6.96
7.00
6.94
6.93
6.88
6.90
6.93
6.88
6.85
6.80
6.80
6.81
6.78
6.74
6.70
6.69
6.70
6.66
6.61
6.62
6.67
6.64
6.61
6.60
6.62
6.58
6.59
6.64
6.66
6.66
6.66
6.61
6.59
6.60
6.60
6.62
6.65
6.66
6.64
6.62
6.62
6.62
6.61
6.60
6.57
6.54
6.53
6.52
6.50
6.47
6.45
6.44
6.44
6.47
6.48
6.46
6.44
6.43
6.46
6.43
6.44
6.45
6.42
6.39
6.37
6.33
6.36
6.36
6.34
6.32
6.32
6.31
6.33
6.32
6.33
6.31
6.31
6.30
6.27
6.25
6.22
6.20
6.16
6.19
6.21
6.20
6.21
6.23
6.22
6.23
6.26
6.27
6.27
6.28
6.31
6.32
6.31
6.32
6.29
6.28
6.28
6.26
6.24
6.23
6.24
6.24
6.23
6.21
6.20
6.17
6.18
6.16
6.18
6.20
6.19
6.21
6.22
6.22
6.19
6.19
6.19
6.20
6.18
6.20
6.23
6.21
6.21
6.21
6.20
6.20
6.20
6.19
6.18
6.16
6.14
6.14
6.14
6.12
6.17
6.18
6.17
6.18
6.19
6.18
6.17
6.21
6.21
6.23
6.21
6.20
6.18
6.20
6.20
6.20
6.22
6.22
6.22
6.24
6.26
6.26
6.24
6.25
6.23
6.22
6.22
6.23
6.23
6.25
6.24
6.24
6.24
6.24
6.23
6.22
6.22
6.24
6.28
6.28
6.28
6.26
6.25
6.26
6.24
6.26
6.24
6.25
6.26
6.27
6.27
6.31
6.32
6.30
6.29
6.29
6.29
6.28
6.27
6.27
6.27
6.26
6.25
6.28
6.27
6.27
6.26
6.26
6.25
6.27
6.26
6.26
6.25
6.25
6.27
6.27
6.27
6.27
6.30
6.30
6.29
6.29
6.28
6.28
6.27
6.27
6.25
6.27
6.27
6.26
6.26
6.25
6.24
6.26
6.27
6.29
6.29
6.28
6.30
6.30
6.29
6.30
6.31
6.32
6.31
6.31
6.30
6.32
6.33
6.34
6.36
6.35
6.36
6.37
6.38
6.38
6.39
6.38
6.40
6.41
6.41
6.40
6.39
6.39
6.39
6.40
6.40
6.41
6.43
6.44
6.42
6.41
6.41
6.41
6.41
6.42
6.42
6.42
6.41
6.42
6.43
6.42
6.42
6.42
6.42
6.42
6.44
6.44
6.43
6.44
6.43
6.45
6.45
6.45
6.47
6.49
6.48
6.48
6.47
6.46
6.45
6.45
6.46
6.46
6.47
6.48
6.46
6.47
6.46
6.45
6.45
6.46
6.46
6.47
6.49
6.49
6.48
6.47
6.46
6.45
6.46
6.45
6.45
6.47
6.47
6.46
6.46
6.46
6.46
6.47
6.46
6.47
6.46
6.46
6.46
6.45
6.45
6.46
6.45
6.45
6.44
6.44
6.44
6.44
6.44
6.44
6.44
6.44
6.45
6.45
6.45
6.46
6.45
6.45
6.44
6.44
6.44
6.44
6.45
6.44
6.44
6.44
6.44
6.44
6.43
6.43
6.43
6.42
6.41
6.41
6.41
6.41
6.41
6.41
6.41
6.41
6.41
6.42
6.42
6.42
6.41
6.42
6.42
6.43
6.42
6.43
6.44
6.44
6.44
6.44
6.43
6.42
6.41
6.41
6.42
6.42
6.43
6.43
6.45
6.46
6.46
6.46
6.47
6.47
6.47
6.46
6.47
6.46
6.45
6.46
6.47
6.46
6.45
6.44
6.43
6.44
6.44
6.43
6.43
6.43
6.43
6.43
6.42
6.42
6.42
6.42
6.43
6.43
6.44
6.43
6.43
6.43
6.43
6.42
6.42
6.43
6.43
6.43
6.42
6.43
6.42
6.42
6.42
6.41
6.41
6.41
6.42
6.42
6.43
6.44
6.43
6.43
6.43
6.43
6.44
6.44
6.45
6.45
6.45
6.45
6.45
6.44
6.45
6.45
6.45
6.45
6.45
6.45
6.44
6.44
6.44
6.43
6.43
6.43
6.43
6.43
6.43
6.42
6.42
6.43
6.42
6.42
6.42
6.42
6.42
6.42
6.43
6.43
6.44
6.44
6.43
6.43
6.43
6.43
6.43
6.43
6.43
6.43
6.42
6.42
6.42
6.43
6.43
6.43
6.42
6.43
6.44
6.44
6.44
6.44
6.44
6.44
6.44
6.44
6.44
6.44
6.45
6.44
6.44
6.45
6.45
6.44
6.44
6.44
6.45
6.45
6.45
6.45
6.45
6.45
6.45
6.44
6.44
6.44
6.43
6.43
6.43
6.44
6.44
6.44
6.43
6.43
6.42
6.42
6.42
6.43
6.43
6.43
6.43
6.43
6.43
6.44
6.44
6.44
6.45
6.45
6.45
6.45
6.45
6.45
6.44
6.44
6.44
6.45
6.46
6.45
6.45
6.45
6.46
6.45
6.44
6.44
6.44
6.45
6.45
6.45
6.45
6.45
6.45
6.45
6.45
6.44
6.44
6.43
6.43
6.43
6.42
6.41
6.41
6.41
6.41
6.41
6.41
6.42
6.42
6.41
6.41
6.41
6.40
6.39
6.39
6.39
6.39
6.39
6.39
6.38
6.38
6.39
6.39
6.39
6.39
6.38
6.38
6.38
6.37
6.37
6.38
6.38
6.38
6.38
6.38
6.38
6.38
6.39
6.39
6.39
6.39
6.39
6.38
6.38
6.38
6.38
6.38
6.39
6.39
6.39
6.39
6.40
6.40
6.40
6.40
6.40
6.40
6.40
6.40
6.40
6.39
6.39
6.38
6.39
6.38
6.38
6.38
6.38
6.38
6.39
6.38
6.38
6.38
6.38
6.38
6.37
6.38
6.38
6.38
6.37
6.37
6.38
6.37
6.37
6.37
6.36
6.36
6.35
6.35
6.35
6.35
6.34
6.35
6.36
6.36
6.36
6.36
6.36
6.37
6.36
6.36
6.36
6.36
6.36
6.36
6.36
6.35
6.35
6.36
6.36
6.36
6.36
6.36
6.35
6.35
6.35
6.35
6.36
6.36
6.37
6.37
6.37
6.37
6.37
6.37
6.37
6.37
6.37
6.36
