29.69
27.34
28.12
26.17
24.38
25.26
25.22
25.00
24.65
24.84
24.86
24.48
23.80
24.22
25.00
25.00
24.36
24.31
24.34
24.30
24.26
23.93
23.64
23.70
23.69
23.56
23.44
23.55
23.38
23.33
23.19
23.10
23.15
23.25
23.35
23.52
23.35
23.48
23.60
23.40
23.02
23.21
23.22
23.22
23.16
23.10
23.04
23.01
23.21
23.38
23.47
23.44
23.64
23.84
24.15
24.36
24.34
24.43
24.47
24.43
24.31
24.19
24.28
24.17
24.21
24.08
24.11
24.10
24.03
23.91
23.99
24.02
23.95
23.99
23.96
23.93
24.01
24.14
24.09
24.06
24.02
24.05
23.98
24.03
23.99
23.91
23.90
23.88
23.89
23.91
23.94
23.93
23.87
23.95
24.03
24.04
24.00
23.93
23.88
23.83
23.89
23.87
24.03
24.01
23.94
23.94
23.89
23.89
23.88
23.88
23.87
23.84
23.87
23.85
23.78
23.84
23.86
23.85
23.79
23.79
23.79
23.72
23.74
23.78
23.77
23.70
23.73
23.71
23.69
23.67
23.59
23.54
23.59
23.57
23.61
23.55
23.49
23.48
23.42
23.40
23.42
23.44
23.42
23.44
23.45
23.44
23.39
23.41
23.44
23.44
23.49
23.57
23.51
23.50
23.45
23.42
23.37
23.36
23.40
23.39
23.37
23.36
23.40
23.44
23.40
23.44
23.48
23.48
23.40
23.45
23.46
23.46
23.48
23.48
23.55
23.61
23.64
23.63
23.66
23.67
23.67
23.64
23.61
23.56
23.51
23.50
23.46
23.45
23.46
23.45
23.47
23.49
23.49
23.52
23.50
23.53
23.51
23.52
23.52
23.55
23.56
23.58
23.54
23.52
23.51
23.50
23.54
23.54
23.54
23.52
23.56
23.60
23.60
23.60
23.57
23.56
23.60
23.57
23.55
23.54
23.53
23.56
23.52
23.54
23.56
23.53
23.55
23.56
23.55
23.55
23.53
23.57
23.59
23.56
23.58
23.59
23.58
23.58
23.56
23.54
23.52
23.54
23.57
23.57
23.55
23.53
23.56
23.55
23.62
23.65
23.62
23.62
23.64
23.64
23.66
23.68
23.64
23.63
23.61
23.60
23.60
23.62
23.65
23.66
23.68
23.68
23.68
23.66
23.68
23.71
23.71
23.72
23.75
23.73
23.76
23.77
23.80
23.78
23.77
23.77
23.76
23.73
23.70
23.72
23.74
23.80
23.81
23.82
23.83
23.81
23.79
23.79
23.79
23.81
23.80
23.82
23.80
23.77
23.76
23.74
23.75
23.75
23.73
23.69
23.67
23.68
23.68
23.70
23.72
23.69
23.68
23.69
23.68
23.68
23.69
23.67
23.67
23.65
23.63
23.60
23.60
23.61
23.60
23.61
23.63
23.64
23.65
23.63
23.62
23.64
23.65
23.66
23.66
23.67
23.66
23.68
23.71
23.68
23.70
23.69
23.69
23.71
23.71
23.71
23.71
23.70
23.71
23.70
23.69
23.70
23.71
23.68
23.66
23.66
23.66
23.67
23.67
23.69
23.68
23.67
23.66
23.64
23.65
23.66
23.68
23.69
23.69
23.69
23.66
23.65
23.64
23.63
23.64
23.62
23.62
23.62
23.62
23.62
23.61
23.61
23.60
23.63
23.63
23.64
23.63
23.63
23.62
23.63
23.63
23.64
23.67
23.66
23.66
23.66
23.63
23.63
23.64
23.62
23.62
23.61
23.62
23.63
23.63
23.64
23.65
23.65
23.66
23.67
23.69
23.69
23.68
23.66
23.66
23.67
23.67
23.68
23.67
23.65
23.65
23.63
23.66
23.66
23.66
23.67
23.67
23.68
23.69
23.73
23.74
23.74
23.75
23.74
23.74
23.75
23.75
23.75
23.78
23.77
23.76
23.75
23.77
23.76
23.75
23.76
23.75
23.74
23.74
23.73
23.74
23.74
23.71
23.70
23.70
23.70
23.68
23.68
23.68
23.70
23.70
23.70
23.71
23.69
23.70
23.70
23.69
23.71
23.72
23.72
23.73
23.74
23.75
23.76
23.76
23.76
23.75
23.75
23.74
23.74
23.74
23.72
23.70
23.72
23.70
23.67
23.70
23.69
23.69
23.71
23.70
23.69
23.69
23.70
23.70
23.70
23.69
23.70
23.70
23.69
23.68
23.70
23.69
23.69
23.70
23.71
23.71
23.72
23.75
23.73
23.74
23.74
23.75
23.76
23.74
23.75
23.76
23.76
23.76
23.77
23.77
23.77
23.76
23.76
23.75
23.75
23.74
23.73
23.73
23.72
23.70
23.72
23.71
23.73
23.73
23.72
23.71
23.72
23.72
23.72
23.72
23.74
23.74
23.74
23.73
23.74
23.75
23.76
23.76
23.74
23.75
23.74
23.76
23.75
23.74
23.74
23.74
23.74
23.74
23.73
23.73
23.73
23.72
23.72
23.72
23.70
23.69
23.68
23.67
23.66
23.66
23.66
23.65
23.66
23.66
23.65
23.65
23.64
23.65
23.66
23.66
23.65
23.64
23.65
23.64
23.63
23.63
23.64
23.64
23.65
23.67
23.67
23.66
23.65
23.66
23.68
23.67
23.68
23.68
23.69
23.70
23.69
23.69
23.68
23.69
23.68
23.66
23.65
23.64
23.64
23.61
23.61
23.61
23.61
23.62
23.62
23.62
23.61
23.60
23.62
23.62
23.63
23.64
23.64
23.64
23.64
23.62
23.61
23.60
23.60
23.60
23.60
23.60
23.60
23.61
23.61
23.61
23.62
23.63
23.63
23.64
23.65
23.65
23.65
23.64
23.64
23.64
23.64
23.64
23.64
23.64
23.64
23.63
23.62
23.61
23.60
23.61
23.61
23.62
23.61
23.60
23.60
23.60
23.60
23.59
23.59
23.59
23.58
23.59
23.59
23.61
23.61
23.61
23.59
23.59
23.59
23.59
23.59
23.58
23.58
23.58
23.57
23.58
23.57
23.56
23.57
23.58
23.58
23.59
23.59
23.59
23.60
23.60
23.60
23.60
23.61
23.61
23.61
23.61
23.62
23.63
23.63
23.64
23.65
23.66
23.66
23.66
23.66
23.66
23.66
23.66
23.65
23.64
23.64
23.64
23.63
23.64
23.63
23.64
23.66
23.66
23.65
23.64
23.64
23.64
23.63
23.62
23.62
23.61
23.62
23.63
23.63
23.63
23.63
23.64
23.64
23.65
23.63
23.63
23.63
23.64
23.64
23.64
23.64
23.64
23.65
23.65
23.66
23.66
23.65
23.64
23.64
23.64
23.63
23.62
23.62
23.62
23.62
23.63
23.62
23.62
23.62
23.63
23.62
23.60
23.60
23.59
23.59
23.59
23.60
23.60
23.60
23.60
23.61
23.60
23.58
23.60
23.61
23.61
23.62
23.62
23.61
23.61
23.59
