1.56
1.56
2.60
2.34
2.19
1.82
1.79
1.76
1.91
1.72
1.85
1.69
1.68
1.56
1.67
1.76
1.84
1.82
1.89
1.88
1.86
1.92
1.90
1.95
1.94
1.86
1.85
1.90
1.89
1.87
1.92
1.95
1.94
1.98
2.05
2.17
2.15
2.26
2.24
2.27
2.29
2.27
2.25
2.20
2.15
2.14
2.19
2.21
2.17
2.16
2.21
2.19
2.18
2.14
2.16
2.20
2.22
2.18
2.20
2.24
2.20
2.22
2.23
2.20
2.26
2.23
2.22
2.18
2.15
2.19
2.20
2.19
2.23
2.22
2.25
2.26
2.27
2.28
2.29
2.29
2.28
2.29
2.28
2.27
2.26
2.29
2.26
2.27
2.25
2.29
2.28
2.29
2.30
2.31
2.29
2.26
2.26
2.23
2.30
2.28
2.29
2.27
2.25
2.25
2.32
2.30
2.31
2.31
2.32
2.32
2.31
2.30
2.30
2.33
2.31
2.32
2.31
2.29
2.32
2.36
2.35
2.33
2.32
2.31
2.34
2.34
2.34
2.34
2.33
2.32
2.33
2.31
2.35
2.36
2.37
2.38
2.38
2.39
2.39
2.38
2.38
2.37
2.36
2.39
2.41
2.42
2.40
2.41
2.42
2.41
2.42
2.42
2.40
2.41
2.40
2.40
2.42
2.42
2.42
2.40
2.40
2.39
2.41
2.41
2.41
2.41
2.42
2.43
2.43
2.44
2.43
2.45
2.47
2.46
2.46
2.47
2.46
2.48
2.48
2.48
2.50
2.49
2.49
2.49
2.49
2.49
2.49
2.48
2.46
2.45
2.45
2.46
2.45
2.46
2.47
2.49
2.50
2.49
2.50
2.49
2.49
2.50
2.50
2.49
2.48
2.47
2.46
2.46
2.47
2.48
2.47
2.47
2.48
2.47
2.46
2.46
2.46
2.45
2.47
2.46
2.47
2.48
2.49
2.50
2.51
2.51
2.51
2.49
2.48
2.50
2.50
2.50
2.49
2.49
2.49
2.49
2.48
2.48
2.49
2.49
2.48
2.47
2.47
2.48
2.47
2.47
2.47
2.48
2.50
2.51
2.51
2.50
2.50
2.49
2.49
2.49
2.50
2.50
2.50
2.49
2.48
2.49
2.50
2.51
2.51
2.52
2.51
2.50
2.51
2.50
2.50
2.49
2.50
2.50
2.51
2.51
2.51
2.50
2.49
2.49
2.51
2.50
2.51
2.51
2.52
2.51
2.51
2.52
2.51
2.52
2.52
2.52
2.52
2.52
2.52
2.52
2.51
2.51
2.50
2.49
2.49
2.48
2.48
2.48
2.47
2.48
2.48
2.49
2.50
2.49
2.49
2.50
2.50
2.51
2.51
2.52
2.52
2.52
2.52
2.52
2.52
2.52
2.52
2.52
2.52
2.52
2.51
2.52
2.52
2.52
2.53
2.52
2.52
2.52
2.53
2.53
2.54
2.54
2.54
2.53
2.54
2.54
2.54
2.54
2.54
2.53
2.53
2.53
2.53
2.54
2.54
2.54
2.54
2.53
2.53
2.54
2.53
2.53
2.52
2.52
2.52
2.52
2.53
2.54
2.53
2.54
2.54
2.54
2.54
2.54
2.54
2.54
2.55
2.55
2.55
2.55
2.54
2.55
2.54
2.53
2.53
2.53
2.55
2.54
2.54
2.54
2.54
2.54
2.54
2.54
2.54
2.53
2.53
2.53
2.53
2.53
2.53
2.53
2.53
2.53
2.54
2.54
2.54
2.53
2.53
2.52
2.52
2.52
2.52
2.52
2.53
2.53
2.53
2.53
2.53
2.54
2.55
2.55
2.55
2.55
2.55
2.55
2.55
2.55
2.55
2.55
2.55
2.55
2.56
2.55
2.56
2.56
2.56
2.56
2.56
2.56
2.56
2.55
2.55
2.55
2.55
2.55
2.56
2.57
2.57
2.56
2.58
2.57
2.57
2.57
2.57
2.58
2.58
2.58
2.59
2.59
2.59
2.59
2.59
2.59
2.59
2.58
2.59
2.59
2.59
2.59
2.59
2.58
2.59
2.59
2.58
2.59
2.60
2.59
2.60
2.59
2.60
2.60
2.60
2.60
2.61
2.60
2.60
2.61
2.61
2.61
2.61
2.60
2.60
2.60
2.60
2.59
2.59
2.59
2.59
2.59
2.59
2.59
2.59
2.59
2.59
2.60
2.59
2.59
2.59
2.59
2.59
2.59
2.59
2.59
2.58
2.58
2.58
2.58
2.58
2.59
2.59
2.59
2.59
2.59
2.59
2.60
2.60
2.59
2.59
2.59
2.59
2.59
2.59
2.59
2.59
2.59
2.59
2.59
2.59
2.59
2.59
2.59
2.59
2.58
2.58
2.58
2.58
2.59
2.58
2.58
2.59
2.59
2.59
2.59
2.59
2.59
2.59
2.59
2.59
2.59
2.59
2.58
2.58
2.58
2.58
2.58
2.57
2.57
2.56
2.57
2.57
2.56
2.57
2.57
2.57
2.57
2.57
2.57
2.57
2.57
2.57
2.57
2.57
2.57
2.57
2.57
2.57
2.57
2.56
2.56
2.56
2.56
2.56
2.56
2.55
2.55
2.55
2.55
2.54
2.55
2.55
2.55
2.55
2.55
2.55
2.55
2.55
2.55
2.55
2.55
2.55
2.55
2.55
2.56
2.56
2.56
2.56
2.56
2.56
2.55
2.55
2.55
2.56
2.56
2.56
2.56
2.56
2.57
2.57
2.57
2.58
2.58
2.57
2.57
2.57
2.57
2.57
2.57
2.57
2.57
2.57
2.57
2.57
2.57
2.56
2.57
2.57
2.57
2.57
2.56
2.57
2.57
2.56
2.56
2.56
2.56
2.56
2.56
2.56
2.55
2.55
2.55
2.55
2.54
2.54
2.54
2.55
2.55
2.54
2.55
2.54
2.54
2.56
2.55
2.55
2.55
2.55
2.55
2.55
2.55
2.55
2.55
2.55
2.55
2.55
2.55
2.55
2.55
2.55
2.55
2.55
2.55
2.55
2.55
2.55
2.55
2.55
2.55
2.55
2.55
2.55
2.55
2.55
2.55
2.55
2.55
2.55
2.55
2.55
2.55
2.54
2.54
2.55
2.55
2.55
2.55
2.54
2.55
2.54
2.54
2.54
2.54
2.54
2.54
2.54
2.53
2.54
2.53
2.53
2.53
2.54
2.54
2.54
2.55
2.55
2.54
2.55
2.54
2.54
2.55
2.55
2.55
2.56
2.56
2.56
2.56
2.55
2.55
2.55
2.55
2.55
2.55
2.55
2.55
2.55
2.55
2.55
2.55
2.55
2.55
2.55
2.55
2.55
2.55
2.55
2.55
2.55
2.55
2.55
2.55
2.55
2.55
2.54
2.54
2.54
2.54
2.54
2.54
2.54
2.54
2.54
2.54
2.54
2.54
2.54
2.54
