0.00
0.00
0.52
0.78
0.62
1.30
1.12
1.17
1.22
1.09
1.14
1.17
1.44
1.56
1.67
1.76
1.84
2.17
2.30
2.34
2.38
2.34
2.31
2.28
2.25
2.22
2.20
2.29
2.32
2.24
2.17
2.10
2.23
2.34
2.37
2.30
2.24
2.30
2.40
2.46
2.48
2.46
2.43
2.38
2.33
2.31
2.33
2.34
2.36
2.41
2.36
2.40
2.48
2.49
2.50
2.51
2.52
2.51
2.52
2.47
2.51
2.49
2.53
2.54
2.50
2.53
2.54
2.53
2.58
2.54
2.51
2.50
2.53
2.51
2.50
2.49
2.52
2.52
2.53
2.52
2.53
2.52
2.50
2.47
2.46
2.49
2.48
2.49
2.49
2.50
2.49
2.50
2.49
2.46
2.45
2.46
2.43
2.42
2.41
2.42
2.46
2.44
2.43
2.45
2.44
2.43
2.41
2.40
2.41
2.43
2.44
2.41
2.41
2.43
2.43
2.44
2.46
2.45
2.44
2.43
2.44
2.45
2.45
2.44
2.44
2.46
2.46
2.44
2.45
2.43
2.43
2.44
2.43
2.45
2.48
2.47
2.45
2.43
2.45
2.47
2.45
2.44
2.44
2.44
2.46
2.45
2.43
2.43
2.42
2.42
2.41
2.41
2.42
2.41
2.42
2.40
2.41
2.41
2.41
2.39
2.39
2.38
2.38
2.37
2.36
2.36
2.38
2.37
2.36
2.35
2.38
2.37
2.37
2.39
2.39
2.39
2.39
2.38
2.39
2.40
2.38
2.37
2.37
2.36
2.35
2.36
2.36
2.35
2.36
2.37
2.36
2.37
2.36
2.36
2.35
2.34
2.35
2.34
2.35
2.34
2.35
2.34
2.33
2.34
2.34
2.35
2.36
2.35
2.36
2.36
2.35
2.36
2.35
2.37
2.36
2.35
2.34
2.34
2.35
2.34
2.35
2.34
2.33
2.33
2.33
2.32
2.33
2.33
2.37
2.36
2.36
2.36
2.38
2.38
2.38
2.38
2.39
2.38
2.38
2.38
2.39
2.38
2.37
2.37
2.37
2.38
2.38
2.37
2.37
2.37
2.38
2.37
2.37
2.36
2.35
2.36
2.35
2.34
2.35
2.34
2.34
2.34
2.34
2.34
2.34
2.34
2.34
2.34
2.35
2.34
2.35
2.35
2.34
2.33
2.33
2.33
2.32
2.34
2.33
2.32
2.33
2.33
2.32
2.32
2.31
2.32
2.32
2.33
2.32
2.33
2.33
2.34
2.34
2.33
2.35
2.35
2.36
2.36
2.36
2.37
2.39
2.40
2.39
2.39
2.38
2.39
2.38
2.38
2.38
2.38
2.40
2.39
2.38
2.38
2.38
2.38
2.39
2.39
2.39
2.39
2.40
2.41
2.41
2.41
2.40
2.40
2.41
2.42
2.41
2.41
2.41
2.41
2.41
2.41
2.41
2.41
2.42
2.42
2.42
2.42
2.41
2.41
2.41
2.42
2.42
2.43
2.43
2.42
2.42
2.42
2.41
2.41
2.40
2.40
2.41
2.42
2.42
2.42
2.42
2.41
2.42
2.41
2.41
2.41
2.41
2.40
2.41
2.41
2.41
2.41
2.40
2.40
2.40
2.40
2.40
2.40
2.40
2.39
2.39
2.39
2.38
2.38
2.38
2.38
2.39
2.38
2.38
2.39
2.38
2.38
2.37
2.38
2.38
2.37
2.37
2.37
2.37
2.38
2.37
2.37
2.37
2.37
2.38
2.37
2.37
2.37
2.38
2.37
2.37
2.37
2.36
2.36
2.35
2.35
2.35
2.34
2.34
2.35
2.35
2.34
2.34
2.34
2.35
2.35
2.36
2.36
2.36
2.37
2.36
2.37
2.36
2.36
2.36
2.35
2.36
2.35
2.36
2.36
2.36
2.36
2.36
2.36
2.36
2.36
2.36
2.35
2.35
2.35
2.35
2.36
2.36
2.36
2.36
2.36
2.36
2.35
2.37
2.36
2.36
2.36
2.36
2.36
2.36
2.36
2.36
2.36
2.37
2.37
2.37
2.36
2.36
2.36
2.37
2.37
2.37
2.37
2.37
2.37
2.37
2.37
2.36
2.37
2.36
2.36
2.36
2.35
2.35
2.35
2.35
2.34
2.34
2.34
2.34
2.34
2.35
2.35
2.35
2.34
2.34
2.34
2.35
2.35
2.36
2.37
2.37
2.37
2.37
2.37
2.37
2.38
2.38
2.38
2.38
2.38
2.38
2.38
2.38
2.38
2.38
2.38
2.37
2.37
2.37
2.37
2.38
2.37
2.37
2.37
2.37
2.37
2.37
2.36
2.36
2.36
2.36
2.36
2.35
2.35
2.35
2.36
2.36
2.36
2.37
2.36
2.36
2.37
2.36
2.37
2.37
2.37
2.37
2.37
2.37
2.37
2.37
2.37
2.38
2.38
2.38
2.38
2.38
2.39
2.40
2.40
2.39
2.39
2.39
2.39
2.39
2.39
2.39
2.39
2.39
2.39
2.39
2.39
2.39
2.39
2.39
2.39
2.39
2.39
2.39
2.39
2.39
2.39
2.39
2.40
2.40
2.40
2.39
2.39
2.38
2.39
2.39
2.39
2.39
2.39
2.39
2.39
2.38
2.38
2.38
2.39
2.39
2.39
2.38
2.38
2.38
2.38
2.38
2.38
2.38
2.38
2.39
2.39
2.39
2.39
2.39
2.40
2.39
2.39
2.39
2.38
2.38
2.39
2.39
2.39
2.39
2.39
2.39
2.39
2.39
2.39
2.39
2.39
2.39
2.39
2.39
2.39
2.39
2.39
2.39
2.39
2.39
2.40
2.40
2.39
2.39
2.39
2.39
2.38
2.39
2.39
2.39
2.39
2.39
2.39
2.39
2.39
2.39
2.39
2.39
2.39
2.39
2.39
2.40
2.40
2.40
2.40
2.41
2.40
2.40
2.40
2.40
2.40
2.40
2.39
2.39
2.39
2.40
2.39
2.40
2.40
2.40
2.40
2.39
2.39
2.39
2.39
2.39
2.39
2.39
2.39
2.39
2.39
2.38
2.38
2.38
2.38
2.37
2.37
2.38
2.38
2.38
2.38
2.38
2.38
2.39
2.39
2.38
2.38
2.38
2.38
2.38
2.38
2.38
2.38
2.38
2.38
2.38
2.38
2.38
2.38
2.38
2.38
2.38
2.38
2.38
2.38
2.37
2.38
2.38
2.38
2.38
2.38
2.37
2.38
2.38
2.38
2.38
2.38
2.38
2.38
2.38
2.38
2.38
2.38
2.38
2.38
2.37
2.37
2.38
2.38
2.38
2.39
2.38
2.38
2.39
2.38
2.38
2.38
2.38
2.38
2.39
2.38
2.39
2.38
2.38
2.38
2.39
2.39
2.38
2.38
2.38
2.38
2.38
2.38
2.38
2.38
2.38
2.38
