45.31
43.75
39.58
42.19
39.69
41.15
39.51
39.06
38.54
38.44
38.21
38.28
38.10
37.83
37.50
37.40
37.87
37.67
38.16
38.44
38.32
38.28
38.45
38.61
38.69
38.52
38.72
38.84
39.12
38.85
38.66
38.53
38.78
38.83
39.11
39.19
39.15
38.98
39.06
39.18
39.33
39.25
39.21
38.96
39.17
39.03
39.26
39.10
39.38
39.38
39.46
39.36
39.33
39.29
39.55
39.68
39.69
39.52
39.59
39.58
39.68
39.77
39.83
39.99
40.05
40.06
40.00
39.94
39.95
40.07
40.07
40.04
40.26
40.35
40.31
40.28
40.32
40.38
40.27
40.25
40.26
40.17
40.15
40.12
40.11
40.03
39.92
39.81
39.83
39.86
39.87
39.78
39.73
39.61
39.51
39.52
39.47
39.45
39.54
39.47
39.45
39.54
39.55
39.68
39.63
39.61
39.63
39.71
39.59
39.64
39.57
39.51
39.48
39.51
39.48
39.57
39.60
39.65
39.73
39.79
39.81
39.74
39.75
39.77
39.72
39.74
39.70
39.67
39.67
39.71
39.67
39.65
39.61
39.66
39.69
39.64
39.64
39.63
39.62
39.67
39.63
39.70
39.67
39.57
39.53
39.46
39.47
39.38
39.41
39.39
39.41
39.41
39.41
39.45
39.45
39.36
39.30
39.29
39.33
39.31
39.29
39.26
39.24
39.27
39.22
39.24
39.27
39.28
39.28
39.29
39.33
39.29
39.31
39.30
39.29
39.28
39.21
39.15
39.21
39.20
39.20
39.20
39.25
39.22
39.23
39.19
39.19
39.24
39.29
39.26
39.28
39.25
39.23
39.28
39.25
39.23
39.24
39.21
39.20
39.20
39.16
39.13
39.19
39.15
39.18
39.23
39.18
39.18
39.19
39.15
39.14
39.15
39.19
39.17
39.18
39.17
39.21
39.25
39.26
39.25
39.25
39.25
39.29
39.33
39.35
39.32
39.31
39.31
39.32
39.33
39.35
39.37
39.30
39.28
39.28
39.29
39.29
39.27
39.23
39.24
39.22
39.19
39.17
39.18
39.21
39.22
39.25
39.22
39.23
39.24
39.27
39.24
39.27
39.28
39.27
39.31
39.33
39.30
39.30
39.26
39.26
39.29
39.25
39.25
39.27
39.32
39.33
39.35
39.36
39.33
39.35
39.40
39.42
39.39
39.40
39.39
39.36
39.37
39.36
39.35
39.33
39.33
39.34
39.33
39.31
39.37
39.39
39.37
39.41
39.40
39.37
39.39
39.38
39.37
39.39
39.41
39.44
39.46
39.45
39.44
39.43
39.41
39.45
39.42
39.45
39.44
39.44
39.44
39.49
39.47
39.47
39.47
39.46
39.48
39.48
39.52
39.52
39.51
39.50
39.52
39.52
39.52
39.49
39.49
39.51
39.50
39.51
39.51
39.46
39.49
39.55
39.56
39.54
39.55
39.55
39.53
39.51
39.51
39.52
39.53
39.54
39.59
39.58
39.57
39.57
39.59
39.59
39.60
39.58
39.60
39.62
39.63
39.62
39.60
39.60
39.57
39.58
39.58
39.57
39.59
39.61
39.59
39.58
39.58
39.56
39.54
39.54
39.56
39.56
39.54
39.54
39.55
39.56
39.58
39.60
39.62
39.63
39.60
39.61
39.61
39.63
39.60
39.61
39.59
39.59
39.60
39.61
39.61
39.61
39.59
39.62
39.62
39.64
39.63
39.64
39.65
39.65
39.64
39.66
39.66
39.67
39.69
39.72
39.74
39.74
39.72
39.72
39.71
39.70
39.70
39.71
39.70
39.69
39.69
39.69
39.69
39.70
39.71
39.68
39.68
39.68
39.70
39.69
39.70
39.73
39.74
39.74
39.73
39.71
39.69
39.70
39.71
39.70
39.69
39.71
39.71
39.72
39.73
39.75
39.74
39.74
39.73
39.75
39.74
39.74
39.74
39.73
39.74
39.73
39.72
39.72
39.70
39.69
39.70
39.69
39.70
39.68
39.69
39.68
39.66
39.67
39.66
39.67
39.68
39.68
39.68
39.67
39.65
39.68
39.68
39.67
39.67
39.67
39.68
39.67
39.69
39.70
39.71
39.71
39.72
39.72
39.71
39.72
39.71
39.71
39.73
39.72
39.71
39.70
39.69
39.69
39.68
39.70
39.69
39.68
39.68
39.66
39.66
39.68
39.66
39.65
39.65
39.66
39.66
39.67
39.67
39.67
39.67
39.68
39.68
39.68
39.67
39.67
39.68
39.70
39.70
39.70
39.71
39.70
39.68
39.68
39.65
39.65
39.67
39.68
39.68
39.67
39.68
39.68
39.68
39.68
39.67
39.68
39.67
39.66
39.64
39.64
39.63
39.64
39.62
39.63
39.62
39.63
39.64
39.66
39.65
39.65
39.65
39.64
39.64
39.63
39.64
39.63
39.64
39.63
39.64
39.65
39.63
39.64
39.63
39.61
39.61
39.60
39.61
39.60
39.61
39.62
39.61
39.60
39.61
39.61
39.61
39.61
39.63
39.63
39.62
39.64
39.63
39.64
39.64
39.64
39.64
39.65
39.66
39.66
39.67
39.66
39.67
39.67
39.67
39.66
39.66
39.66
39.67
39.67
39.66
39.67
39.67
39.68
39.67
39.65
39.64
39.63
39.63
39.62
39.60
39.61
39.61
39.61
39.63
39.63
39.63
39.64
39.64
39.64
39.64
39.62
39.61
39.61
39.61
39.61
39.61
39.60
39.61
39.61
39.60
39.59
39.59
39.59
39.60
39.58
39.60
39.62
39.62
39.62
39.61
39.60
39.63
39.61
39.61
39.62
39.62
39.60
39.62
39.62
39.61
39.60
39.59
39.58
39.58
39.58
39.59
39.58
39.57
39.58
39.58
39.59
39.59
39.60
39.59
39.58
39.60
39.60
39.59
39.59
39.61
39.60
39.60
39.60
39.62
39.61
39.62
39.61
39.61
39.62
39.63
39.62
39.63
39.62
39.63
39.65
39.64
39.63
39.61
39.61
39.61
39.63
39.64
39.62
39.62
39.64
39.63
39.63
39.63
39.63
39.62
39.62
39.64
39.63
39.63
39.63
39.64
39.65
39.65
39.65
39.66
39.65
39.66
39.65
39.67
39.67
39.67
39.67
39.67
39.69
39.69
39.69
39.70
39.69
39.70
39.71
39.70
39.70
39.68
39.69
39.68
39.69
39.68
39.69
39.69
39.70
39.71
39.70
39.70
39.69
39.69
39.68
39.69
39.68
39.69
39.69
39.69
39.70
39.70
39.70
39.71
39.70
39.71
39.71
39.70
39.70
39.69
39.69
39.68
39.68
39.68
39.69
39.68
39.68
39.68
39.69
39.69
39.70
39.70
39.69
39.70
39.71
39.71
39.70
39.72
39.72
39.71
39.72
39.72
39.72
39.72
39.73
39.72
39.72
39.73
39.73
39.70
