82.81
85.16
81.77
79.30
79.69
79.43
78.79
80.08
80.90
81.41
81.82
80.99
80.89
80.69
80.73
80.96
81.16
80.99
81.25
81.41
81.85
81.96
82.20
82.42
82.50
82.75
82.52
82.59
82.54
82.34
82.56
82.71
82.58
82.63
82.72
82.73
82.52
82.24
82.01
81.80
81.71
81.73
81.54
81.43
81.28
81.32
81.58
81.61
81.51
81.25
81.31
81.25
81.16
81.25
81.36
81.39
81.39
81.36
81.46
81.51
81.61
81.58
81.67
81.71
81.75
81.65
81.65
81.78
81.86
81.94
81.80
81.75
81.68
81.63
81.65
81.68
81.74
81.79
81.78
81.76
81.87
81.90
81.98
81.99
82.00
82.07
82.09
82.12
82.13
82.08
82.11
82.05
81.99
81.91
81.86
81.87
81.91
81.92
81.80
81.75
81.82
81.83
81.87
81.91
81.95
81.96
81.94
81.97
82.01
82.02
82.08
82.14
82.18
82.14
82.15
82.23
82.26
82.31
82.33
82.30
82.26
82.34
82.32
82.22
82.20
82.19
82.12
82.13
82.01
82.03
81.99
82.04
81.99
81.97
81.98
81.95
81.98
81.96
81.96
82.01
82.03
82.06
81.99
82.02
82.05
82.02
82.00
82.00
81.93
81.95
82.02
81.93
81.87
81.85
81.86
81.88
81.88
81.89
81.94
81.86
81.88
81.88
81.87
81.90
81.91
81.96
81.94
81.96
81.95
81.96
81.93
81.98
81.98
82.00
82.01
82.01
82.00
81.98
81.98
82.01
82.04
82.06
82.04
81.96
81.94
81.92
81.93
81.93
81.97
82.01
81.99
82.00
81.98
81.99
81.98
81.97
81.94
81.98
82.02
82.02
81.99
81.97
82.00
82.01
82.00
81.99
81.99
82.01
82.01
81.99
81.95
81.98
81.98
81.97
81.96
81.97
81.96
81.97
82.00
82.03
82.07
82.09
82.11
82.11
82.06
82.06
82.05
82.09
82.11
82.09
82.10
82.08
82.10
82.14
82.12
82.11
82.09
82.08
82.07
82.06
82.06
82.08
82.10
82.10
82.09
82.11
82.10
82.11
82.12
82.12
82.13
82.17
82.19
82.19
82.19
82.17
82.14
82.15
82.16
82.16
82.17
82.22
82.21
82.21
82.19
82.18
82.17
82.17
82.13
82.13
82.10
82.08
82.08
82.07
82.06
82.07
82.08
82.07
82.06
82.05
82.07
82.06
82.07
82.05
82.07
82.09
82.06
82.05
82.05
82.01
82.00
82.01
82.02
82.04
82.02
82.00
82.01
82.01
81.98
81.96
81.96
81.94
81.94
81.95
81.97
81.95
81.97
81.99
82.00
82.01
81.97
81.95
81.92
81.93
81.94
81.93
81.92
81.92
81.94
81.91
81.91
81.89
81.88
81.88
81.87
81.87
81.87
81.86
81.85
81.86
81.84
81.82
81.81
81.82
81.80
81.80
81.82
81.84
81.85
81.83
81.80
81.79
81.81
81.82
81.83
81.81
81.79
81.78
81.80
81.81
81.82
81.83
81.83
81.83
81.83
81.82
81.85
81.87
81.87
81.88
81.89
81.91
81.88
81.89
81.88
81.89
81.86
81.88
81.89
81.88
81.88
81.88
81.88
81.87
81.86
81.87
81.88
81.87
81.88
81.87
81.85
81.83
81.81
81.83
81.81
81.82
81.82
81.82
81.84
81.85
81.86
81.87
81.86
81.86
81.86
81.88
81.87
81.88
81.89
81.88
81.89
81.89
81.90
81.89
81.87
81.87
81.87
81.86
81.87
81.89
81.88
81.86
81.88
81.85
81.84
81.82
81.83
81.85
81.86
81.86
81.84
81.83
81.84
81.85
81.86
81.87
81.87
81.87
81.88
81.89
81.90
81.89
81.90
81.92
81.91
81.91
81.93
81.92
81.93
81.92
81.92
81.92
81.93
81.89
81.90
81.92
81.92
81.93
81.93
81.93
81.93
81.92
81.91
81.91
81.89
81.89
81.90
81.91
81.91
81.91
81.92
81.92
81.92
81.92
81.94
81.95
81.95
81.93
81.94
81.94
81.93
81.93
81.94
81.93
81.94
81.93
81.93
81.95
81.94
81.93
81.93
81.94
81.95
81.97
81.98
81.97
81.97
81.97
81.98
81.99
81.98
81.98
81.96
81.97
81.98
81.98
81.96
81.96
81.94
81.94
81.95
81.95
81.95
81.95
81.94
81.93
81.92
81.91
81.91
81.91
81.91
81.91
81.90
81.88
81.89
81.90
81.90
81.91
81.91
81.91
81.89
81.90
81.88
81.88
81.89
81.89
81.89
81.88
81.88
81.90
81.88
81.88
81.89
81.89
81.89
81.88
81.85
81.85
81.84
81.85
81.85
81.85
81.85
81.85
81.84
81.85
81.85
81.84
81.83
81.83
81.83
81.82
81.81
81.82
81.83
81.83
81.83
81.82
81.83
81.82
81.82
81.81
81.81
81.81
81.81
81.79
81.80
81.79
81.79
81.78
81.78
81.77
81.76
81.76
81.76
81.76
81.76
81.77
81.77
81.77
81.76
81.75
81.76
81.77
81.78
81.77
81.76
81.77
81.77
81.76
81.77
81.77
81.77
81.77
81.77
81.77
81.77
81.77
81.77
81.77
81.76
81.77
81.77
81.77
81.76
81.76
81.76
81.77
81.75
81.75
81.76
81.77
81.76
81.76
81.78
81.78
81.78
81.77
81.76
81.77
81.76
81.76
81.76
81.77
81.77
81.78
81.79
81.79
81.79
81.79
81.78
81.79
81.80
81.80
81.81
81.81
81.81
81.82
81.81
81.82
81.82
81.82
81.83
81.82
81.82
81.82
81.82
81.81
81.81
81.81
81.81
81.80
81.82
81.82
81.82
81.82
81.82
81.82
81.82
81.82
81.81
81.81
81.82
81.82
81.82
81.82
81.83
81.83
81.82
81.81
81.82
81.83
81.83
81.83
81.83
81.83
81.82
81.83
81.83
81.82
81.81
81.80
81.80
81.81
81.80
81.81
81.79
81.80
81.79
81.79
81.79
81.80
81.80
81.79
81.78
81.78
81.79
81.79
81.79
81.80
81.79
81.77
81.78
81.79
81.79
81.80
81.80
81.79
81.79
81.78
81.79
81.79
81.78
81.79
81.78
81.78
81.78
81.79
81.78
81.78
81.77
81.77
81.76
81.76
81.77
81.78
81.78
81.78
81.79
81.80
81.79
81.80
81.78
81.78
81.77
81.77
81.77
81.78
81.78
81.79
81.79
81.80
81.79
81.79
81.79
81.79
81.79
81.78
81.79
81.80
81.80
81.80
81.81
81.81
81.82
81.81
81.80
81.81
81.81
81.80
81.79
81.79
81.79
81.80
81.79
81.79
81.79
81.79
81.79
81.79
81.78
81.78
81.78
81.78
81.78
81.79
81.78
81.79
81.78
81.78
81.77
81.69
