7.81
13.28
12.50
12.50
11.25
11.20
10.94
10.35
10.76
10.31
9.94
10.29
10.34
10.16
10.31
10.16
10.20
9.90
9.95
9.92
9.82
10.01
10.19
10.09
10.00
9.74
9.78
9.71
9.81
10.00
10.03
10.06
9.99
9.93
10.04
10.07
10.05
10.24
10.18
10.08
10.02
10.01
10.03
9.98
9.90
9.88
9.97
9.99
10.08
10.09
10.05
10.13
10.20
10.19
10.11
10.10
10.12
10.10
10.09
10.03
10.09
10.03
10.04
9.99
10.14
10.13
10.12
10.23
10.19
10.13
10.21
10.13
10.06
9.95
10.02
9.97
9.90
9.90
9.85
9.82
9.80
9.83
9.79
9.78
9.76
9.67
9.57
9.57
9.60
9.51
9.56
9.61
9.63
9.67
9.64
9.60
9.57
9.57
9.52
9.44
9.39
9.39
9.41
9.36
9.30
9.27
9.21
9.24
9.20
9.20
9.22
9.25
9.26
9.25
9.24
9.31
9.36
9.36
9.39
9.43
9.40
9.36
9.35
9.39
9.36
9.36
9.34
9.33
9.29
9.25
9.26
9.23
9.20
9.22
9.21
9.25
9.26
9.28
9.27
9.24
9.24
9.29
9.31
9.32
9.30
9.33
9.34
9.33
9.37
9.34
9.33
9.31
9.33
9.35
9.34
9.36
9.39
9.43
9.43
9.43
9.45
9.42
9.41
9.45
9.46
9.47
9.47
9.49
9.54
9.51
9.49
9.47
9.44
9.45
9.42
9.44
9.43
9.46
9.49
9.47
9.49
9.50
9.52
9.53
9.51
9.51
9.48
9.45
9.47
9.45
9.44
9.46
9.47
9.47
9.47
9.49
9.49
9.48
9.47
9.50
9.48
9.44
9.45
9.44
9.43
9.45
9.46
9.45
9.46
9.45
9.46
9.43
9.42
9.45
9.47
9.45
9.45
9.43
9.42
9.43
9.45
9.47
9.49
9.49
9.48
9.47
9.49
9.48
9.45
9.45
9.44
9.45
9.44
9.42
9.41
9.41
9.43
9.43
9.43
9.47
9.47
9.46
9.47
9.44
9.45
9.44
9.44
9.42
9.41
9.39
9.37
9.38
9.37
9.39
9.37
9.36
9.35
9.34
9.35
9.36
9.36
9.34
9.34
9.35
9.36
9.35
9.35
9.34
9.34
9.33
9.33
9.34
9.35
9.36
9.36
9.35
9.35
9.35
9.34
9.34
9.34
9.34
9.35
9.35
9.34
9.34
9.34
9.32
9.33
9.33
9.32
9.33
9.33
9.34
9.34
9.33
9.33
9.33
9.32
9.30
9.29
9.28
9.29
9.28
9.26
9.28
9.29
9.28
9.28
9.29
9.29
9.29
9.29
9.30
9.30
9.30
9.29
9.28
9.27
9.27
9.25
9.25
9.23
9.24
9.25
9.25
9.25
9.24
9.24
9.24
9.27
9.25
9.28
9.28
9.28
9.28
9.27
9.25
9.26
9.29
9.29
9.31
9.30
9.30
9.30
9.28
9.28
9.27
9.25
9.24
9.24
9.24
9.21
9.20
9.18
9.18
9.17
9.18
9.20
9.20
9.19
9.19
9.19
9.19
9.19
9.19
9.18
9.18
9.18
9.17
9.16
9.16
9.15
9.15
9.15
9.14
9.14
9.15
9.15
9.14
9.15
9.14
9.13
9.12
9.14
9.12
9.12
9.13
9.13
9.15
9.14
9.15
9.15
9.14
9.14
9.14
9.12
9.11
9.12
9.12
9.12
9.12
9.12
9.12
9.12
9.13
9.13
9.11
9.11
9.13
9.14
9.15
9.15
9.16
9.16
9.15
9.15
9.15
9.16
9.16
9.17
9.18
9.19
9.19
9.19
9.20
9.20
9.19
9.19
9.20
9.22
9.23
9.22
9.22
9.22
9.22
9.22
9.22
9.23
9.23
9.23
9.24
9.24
9.24
9.25
9.26
9.27
9.28
9.28
9.27
9.27
9.26
9.26
9.26
9.28
9.29
9.28
9.27
9.26
9.26
9.25
9.24
9.24
9.26
9.25
9.24
9.26
9.25
9.25
9.25
9.24
9.24
9.25
9.26
9.25
9.25
9.25
9.24
9.24
9.24
9.25
9.25
9.24
9.24
9.23
9.23
9.23
9.23
9.22
9.22
9.21
9.20
9.20
9.19
9.19
9.19
9.18
9.19
9.19
9.19
9.21
9.21
9.20
9.20
9.20
9.21
9.23
9.21
9.21
9.22
9.21
9.22
9.22
9.21
9.21
9.21
9.21
9.20
9.20
9.20
9.20
9.21
9.23
9.23
9.23
9.22
9.22
9.23
9.23
9.23
9.23
9.23
9.23
9.22
9.22
9.22
9.21
9.21
9.20
9.20
9.19
9.21
9.21
9.21
9.20
9.21
9.22
9.22
9.22
9.22
9.21
9.21
9.22
9.21
9.21
9.21
9.20
9.20
9.20
9.21
9.21
9.21
9.20
9.21
9.20
9.20
9.21
9.20
9.20
9.20
9.20
9.20
9.18
9.18
9.17
9.18
9.18
9.18
9.18
9.19
9.19
9.19
9.19
9.19
9.19
9.19
9.18
9.18
9.18
9.18
9.17
9.17
9.17
9.16
9.16
9.16
9.18
9.18
9.17
9.16
9.17
9.16
9.16
9.18
9.18
9.17
9.17
9.17
9.16
9.16
9.16
9.17
9.18
9.19
9.18
9.18
9.18
9.19
9.19
9.19
9.20
9.19
9.19
9.19
9.19
9.18
9.18
9.18
9.17
9.17
9.17
9.17
9.18
9.19
9.19
9.18
9.18
9.17
9.17
9.17
9.16
9.16
9.15
9.15
9.14
9.14
9.14
9.13
9.14
9.14
9.14
9.14
9.13
9.13
9.13
9.12
9.13
9.12
9.13
9.13
9.12
9.12
9.12
9.12
9.12
9.12
9.12
9.11
9.12
9.13
9.13
9.13
9.14
9.13
9.13
9.14
9.14
9.14
9.15
9.16
9.16
9.16
9.16
9.16
9.16
9.16
9.16
9.17
9.17
9.17
9.17
9.16
9.17
9.17
9.17
9.17
9.17
9.17
9.17
9.17
9.17
9.16
9.17
9.18
9.18
9.19
9.20
9.21
9.20
9.21
9.22
9.21
9.20
9.19
9.19
9.19
9.19
9.19
9.19
9.19
9.19
9.19
9.19
9.20
9.19
9.19
9.19
9.18
9.18
9.18
9.18
9.18
9.18
9.19
9.19
9.19
9.18
9.18
9.18
9.19
9.19
9.19
9.20
9.20
9.21
9.20
9.20
9.20
9.20
9.20
9.20
9.20
9.20
9.20
9.19
9.18
9.19
9.19
9.19
9.20
9.19
9.20
9.20
9.20
9.20
9.20
9.20
9.20
9.19
9.19
9.20
9.20
9.19
9.20
9.19
9.19
9.19
9.19
9.20
9.20
9.19
9.19
