1.56
3.91
3.12
2.73
2.19
2.34
2.23
2.34
2.43
2.50
2.41
2.21
2.28
2.34
2.29
2.25
2.30
2.26
2.38
2.42
2.38
2.49
2.38
2.28
2.38
2.58
2.60
2.62
2.64
2.71
2.62
2.64
2.75
2.71
2.68
2.65
2.58
2.51
2.60
2.58
2.55
2.64
2.58
2.56
2.53
2.51
2.49
2.47
2.49
2.47
2.48
2.46
2.51
2.58
2.56
2.62
2.66
2.61
2.62
2.58
2.54
2.52
2.48
2.47
2.45
2.44
2.43
2.39
2.36
2.34
2.31
2.28
2.35
2.36
2.33
2.34
2.35
2.34
2.35
2.38
2.37
2.38
2.41
2.42
2.43
2.43
2.42
2.43
2.44
2.48
2.47
2.48
2.49
2.46
2.45
2.46
2.43
2.42
2.41
2.39
2.40
2.41
2.38
2.37
2.37
2.34
2.32
2.31
2.29
2.32
2.31
2.29
2.30
2.30
2.28
2.28
2.26
2.24
2.22
2.20
2.22
2.23
2.25
2.26
2.24
2.26
2.26
2.25
2.23
2.25
2.23
2.27
2.28
2.29
2.30
2.31
2.29
2.32
2.33
2.33
2.33
2.35
2.36
2.35
2.35
2.34
2.34
2.32
2.32
2.32
2.33
2.32
2.31
2.29
2.31
2.30
2.30
2.30
2.31
2.30
2.30
2.30
2.30
2.30
2.30
2.30
2.29
2.30
2.29
2.29
2.31
2.31
2.30
2.30
2.29
2.28
2.27
2.26
2.25
2.24
2.24
2.26
2.25
2.24
2.23
2.22
2.21
2.20
2.20
2.20
2.19
2.18
2.19
2.18
2.19
2.18
2.19
2.19
2.18
2.19
2.19
2.20
2.20
2.19
2.19
2.19
2.18
2.19
2.18
2.17
2.18
2.18
2.18
2.18
2.19
2.18
2.17
2.19
2.18
2.18
2.17
2.17
2.18
2.17
2.18
2.18
2.19
2.19
2.19
2.19
2.19
2.19
2.19
2.22
2.21
2.21
2.22
2.21
2.22
2.21
2.20
2.21
2.21
2.23
2.23
2.22
2.22
2.21
2.21
2.21
2.22
2.21
2.22
2.21
2.20
2.21
2.22
2.23
2.23
2.23
2.23
2.23
2.23
2.22
2.23
2.22
2.21
2.20
2.21
2.20
2.20
2.20
2.20
2.20
2.22
2.22
2.22
2.21
2.21
2.22
2.21
2.21
2.20
2.21
2.21
2.22
2.24
2.24
2.24
2.24
2.23
2.24
2.23
2.23
2.22
2.22
2.21
2.21
2.21
2.20
2.20
2.20
2.19
2.19
2.19
2.21
2.21
2.21
2.20
2.20
2.21
2.20
2.20
2.20
2.20
2.21
2.22
2.21
2.20
2.21
2.21
2.21
2.21
2.21
2.21
2.21
2.21
2.20
2.21
2.21
2.20
2.21
2.21
2.20
2.20
2.20
2.21
2.21
2.21
2.22
2.22
2.22
2.22
2.21
2.21
2.20
2.21
2.21
2.22
2.22
2.22
2.22
2.21
2.20
2.21
2.22
2.22
2.22
2.23
2.22
2.22
2.21
2.20
2.20
2.20
2.19
2.18
2.19
2.19
2.19
2.19
2.19
2.19
2.19
2.19
2.18
2.18
2.18
2.18
2.18
2.19
2.19
2.19
2.19
2.19
2.19
2.19
2.19
2.20
2.20
2.20
2.19
2.19
2.19
2.19
2.19
2.19
2.19
2.19
2.18
2.19
2.18
2.18
2.18
2.18
2.17
2.17
2.17
2.16
2.16
2.16
2.17
2.16
2.17
2.18
2.18
2.18
2.19
2.19
2.20
2.19
2.19
2.19
2.19
2.19
2.19
2.20
2.19
2.19
2.18
2.18
2.18
2.18
2.17
2.17
2.17
2.17
2.17
2.18
2.18
2.18
2.17
2.17
2.17
2.18
2.18
2.18
2.17
2.17
2.16
2.16
2.16
2.16
2.16
2.16
2.15
2.16
2.16
2.15
2.17
2.17
2.17
2.17
2.17
2.17
2.18
2.18
2.18
2.18
2.18
2.19
2.19
2.19
2.19
2.19
2.19
2.18
2.18
2.19
2.18
2.18
2.17
2.17
2.18
2.18
2.18
2.18
2.19
2.19
2.19
2.19
2.18
2.18
2.18
2.18
2.18
2.18
2.18
2.18
2.18
2.18
2.17
2.17
2.17
2.17
2.17
2.17
2.17
2.17
2.18
2.18
2.18
2.18
2.18
2.18
2.17
2.17
2.17
2.16
2.16
2.16
2.16
2.15
2.16
2.16
2.16
2.16
2.16
2.17
2.16
2.16
2.16
2.16
2.17
2.17
2.18
2.18
2.18
2.19
2.18
2.20
2.19
2.19
2.19
2.20
2.20
2.20
2.20
2.20
2.20
2.20
2.20
2.20
2.19
2.19
2.19
2.18
2.18
2.18
2.18
2.18
2.17
2.17
2.17
2.17
2.17
2.17
2.17
2.17
2.17
2.17
2.17
2.17
2.17
2.17
2.17
2.17
2.17
2.17
2.18
2.18
2.18
2.18
2.18
2.18
2.18
2.18
2.18
2.18
2.18
2.19
2.19
2.19
2.20
2.20
2.20
2.20
2.20
2.20
2.20
2.19
2.19
2.19
2.19
2.19
2.19
2.19
2.19
2.19
2.18
2.18
2.18
2.18
2.19
2.19
2.20
2.20
2.19
2.19
2.19
2.19
2.18
2.18
2.18
2.18
2.19
2.19
2.19
2.19
2.19
2.19
2.19
2.19
2.19
2.19
2.19
2.19
2.18
2.18
2.18
2.18
2.18
2.18
2.18
2.18
2.17
2.17
2.18
2.18
2.18
2.18
2.17
2.18
2.18
2.19
2.19
2.19
2.19
2.18
2.19
2.18
2.18
2.18
2.18
2.18
2.18
2.17
2.18
2.17
2.17
2.17
2.17
2.17
2.17
2.17
2.17
2.16
2.17
2.17
2.17
2.17
2.17
2.17
2.17
2.17
2.18
2.17
2.18
2.18
2.18
2.18
2.18
2.18
2.18
2.18
2.18
2.18
2.18
2.18
2.19
2.18
2.18
2.18
2.18
2.18
2.18
2.18
2.18
2.18
2.18
2.18
2.17
2.17
2.17
2.17
2.16
2.16
2.17
2.17
2.17
2.17
2.17
2.17
2.17
2.18
2.18
2.18
2.18
2.18
2.18
2.18
2.17
2.17
2.17
2.17
2.17
2.18
2.18
2.18
2.18
2.18
2.17
2.18
2.18
2.18
2.18
2.18
2.18
2.18
2.18
2.18
2.18
2.18
2.18
2.18
2.18
2.19
2.19
2.19
2.19
2.19
2.18
2.18
2.18
2.18
2.18
2.18
2.19
2.18
2.18
2.18
2.18
2.18
2.18
2.18
2.19
2.18
2.18
2.18
2.19
2.18
2.18
