81.25
83.59
81.77
82.03
81.88
81.25
81.25
81.45
81.77
81.88
80.97
81.12
81.13
81.58
82.08
81.93
82.35
82.38
82.15
82.03
81.92
81.75
81.66
81.77
82.12
82.03
81.83
82.03
82.11
82.45
82.31
82.28
82.05
82.26
82.23
82.16
82.26
82.20
82.25
82.38
82.51
82.59
82.67
82.78
82.50
82.30
82.25
82.39
82.33
82.12
82.23
82.15
82.10
81.83
81.76
81.84
81.83
81.82
81.86
81.82
81.94
81.91
81.94
82.03
82.09
81.91
81.97
81.94
82.04
82.03
81.98
82.03
82.02
81.99
81.96
81.97
82.00
81.89
81.94
81.95
82.04
82.05
82.10
82.07
82.04
81.92
81.84
81.84
81.79
81.75
81.80
81.74
81.65
81.53
81.41
81.46
81.52
81.43
81.47
81.41
81.40
81.39
81.39
81.37
81.37
81.38
81.35
81.41
81.45
81.46
81.49
81.46
81.51
81.50
81.49
81.56
81.54
81.48
81.49
81.42
81.42
81.37
81.33
81.31
81.31
81.36
81.32
81.31
81.32
81.25
81.23
81.31
81.30
81.25
81.24
81.24
81.28
81.32
81.33
81.41
81.39
81.32
81.32
81.29
81.31
81.27
81.29
81.36
81.33
81.32
81.30
81.25
81.25
81.24
81.26
81.25
81.29
81.33
81.34
81.35
81.35
81.39
81.41
81.34
81.33
81.29
81.29
81.33
81.31
81.32
81.32
81.33
81.37
81.36
81.38
81.42
81.45
81.40
81.37
81.35
81.38
81.41
81.40
81.41
81.43
81.40
81.43
81.43
81.42
81.45
81.45
81.49
81.45
81.46
81.50
81.51
81.54
81.54
81.53
81.51
81.55
81.56
81.57
81.54
81.57
81.57
81.54
81.52
81.53
81.55
81.56
81.59
81.57
81.56
81.56
81.54
81.56
81.56
81.57
81.58
81.60
81.58
81.61
81.61
81.60
81.56
81.53
81.56
81.55
81.55
81.49
81.49
81.49
81.47
81.48
81.49
81.49
81.53
81.55
81.54
81.52
81.51
81.50
81.52
81.47
81.40
81.41
81.42
81.46
81.47
81.47
81.47
81.49
81.46
81.48
81.48
81.48
81.51
81.51
81.49
81.52
81.52
81.53
81.52
81.54
81.54
81.54
81.53
81.56
81.53
81.52
81.50
81.51
81.52
81.51
81.51
81.48
81.50
81.52
81.52
81.53
81.53
81.53
81.52
81.54
81.54
81.52
81.53
81.55
81.52
81.52
81.50
81.48
81.48
81.49
81.49
81.48
81.51
81.50
81.53
81.53
81.53
81.54
81.56
81.55
81.56
81.58
81.55
81.56
81.56
81.57
81.57
81.54
81.55
81.54
81.54
81.53
81.51
81.49
81.51
81.52
81.53
81.53
81.54
81.56
81.57
81.57
81.59
81.61
81.62
81.62
81.61
81.60
81.58
81.58
81.58
81.58
81.59
81.60
81.59
81.57
81.58
81.60
81.58
81.60
81.59
81.60
81.60
81.58
81.59
81.59
81.58
81.59
81.59
81.60
81.61
81.62
81.61
81.59
81.61
81.60
81.58
81.58
81.60
81.61
81.63
81.63
81.64
81.64
81.62
81.63
81.63
81.63
81.63
81.65
81.65
81.67
81.68
81.67
81.67
81.70
81.70
81.69
81.70
81.69
81.68
81.69
81.70
81.69
81.69
81.71
81.70
81.71
81.70
81.70
81.70
81.70
81.70
81.70
81.70
81.70
81.71
81.70
81.70
81.71
81.71
81.71
81.72
81.71
81.73
81.71
81.71
81.71
81.73
81.74
81.73
81.73
81.74
81.75
81.76
81.75
81.75
81.74
81.76
81.76
81.76
81.75
81.75
81.76
81.76
81.76
81.76
81.76
81.76
81.75
81.75
81.74
81.76
81.77
81.78
81.76
81.76
81.75
81.74
81.77
81.78
81.77
81.79
81.81
81.81
81.82
81.83
81.85
81.86
81.85
81.85
81.86
81.86
81.87
81.88
81.88
81.91
81.89
81.89
81.87
81.89
81.89
81.88
81.88
81.87
81.89
81.92
81.91
81.91
81.91
81.90
81.90
81.89
81.90
81.89
81.90
81.90
81.91
81.91
81.91
81.93
81.92
81.92
81.91
81.92
81.92
81.92
81.93
81.92
81.92
81.92
81.90
81.91
81.90
81.90
81.91
81.93
81.92
81.92
81.93
81.93
81.92
81.91
81.90
81.90
81.88
81.88
81.89
81.90
81.91
81.92
81.92
81.92
81.92
81.91
81.91
81.91
81.91
81.91
81.92
81.93
81.94
81.95
81.94
81.94
81.95
81.96
81.97
81.97
81.97
81.97
81.97
81.98
81.98
81.98
81.99
81.99
82.00
81.99
82.00
82.01
82.01
82.02
82.03
82.02
82.01
82.01
82.02
82.01
82.02
82.01
82.01
82.01
82.01
82.01
82.02
82.04
82.03
82.03
82.02
82.01
82.01
82.01
82.02
82.03
82.02
82.01
82.00
82.02
82.01
82.01
82.01
82.02
82.02
82.04
82.03
82.02
82.02
82.03
82.01
82.02
82.02
82.01
82.00
81.99
81.98
81.99
81.98
81.97
81.95
81.96
81.94
81.95
81.94
81.94
81.95
81.95
81.94
81.95
81.94
81.94
81.93
81.93
81.93
81.93
81.94
81.94
81.95
81.95
81.95
81.95
81.94
81.95
81.95
81.96
81.97
81.97
81.98
81.98
81.98
81.98
81.99
81.99
82.00
81.99
81.99
81.99
81.98
81.99
82.00
81.98
81.98
81.98
81.99
81.99
81.98
81.98
81.97
81.97
81.95
81.92
81.92
81.92
81.91
81.90
81.90
81.90
81.91
81.91
81.93
81.92
81.92
81.91
81.92
81.91
81.90
81.91
81.89
81.89
81.90
81.90
81.91
81.91
81.92
81.92
81.93
81.93
81.93
81.92
81.91
81.92
81.94
81.95
81.95
81.96
81.96
81.95
81.95
81.95
81.94
81.94
81.93
81.93
81.93
81.94
81.94
81.95
81.95
81.94
81.94
81.93
81.93
81.93
81.94
81.95
81.95
81.94
81.93
81.93
81.93
81.92
81.94
81.95
81.96
81.95
81.96
81.96
81.96
81.97
81.98
81.99
81.98
81.98
81.99
81.99
81.98
81.97
81.97
81.98
81.97
81.98
81.98
81.98
81.99
81.98
81.98
81.97
81.97
81.97
81.98
81.98
81.98
81.98
81.99
81.99
81.99
81.99
81.99
82.00
81.99
81.99
81.99
81.99
81.99
81.99
81.99
81.99
81.99
81.99
81.98
81.98
81.98
81.98
81.97
81.98
81.99
81.99
81.98
81.98
81.98
81.98
81.97
81.97
81.97
81.97
81.97
81.97
81.97
81.95
81.95
81.95
81.95
81.94
81.94
81.95
81.96
81.89
