31.25
35.94
37.50
37.11
36.88
36.46
37.05
38.09
36.98
37.34
37.50
38.02
37.98
37.95
37.92
37.79
37.96
37.93
38.82
39.22
39.14
39.20
38.79
38.74
38.56
38.64
38.89
38.67
38.25
38.18
38.00
37.79
38.07
38.51
38.57
38.41
38.51
38.24
38.22
38.20
38.15
38.24
38.19
38.25
38.44
38.52
38.53
38.28
38.33
38.12
38.11
38.13
38.00
37.93
37.84
37.78
37.97
37.93
38.00
38.07
38.01
38.13
38.17
38.16
38.05
38.26
38.32
38.35
38.32
38.21
38.16
38.26
38.23
38.20
38.25
38.20
38.15
38.20
38.33
38.40
38.37
38.47
38.48
38.41
38.49
38.57
38.49
38.37
38.43
38.33
38.36
38.38
38.36
38.46
38.52
38.53
38.63
38.62
38.64
38.56
38.55
38.59
38.59
38.61
38.65
38.56
38.60
38.67
38.60
38.72
38.65
38.60
38.65
38.62
38.64
38.64
38.68
38.67
38.66
38.61
38.58
38.61
38.61
38.58
38.60
38.58
38.62
38.62
38.65
38.65
38.57
38.65
38.63
38.61
38.60
38.52
38.50
38.46
38.44
38.54
38.54
38.48
38.43
38.43
38.45
38.44
38.47
38.47
38.44
38.46
38.45
38.44
38.51
38.58
38.54
38.58
38.63
38.60
38.55
38.55
38.58
38.55
38.49
38.47
38.39
38.39
38.41
38.43
38.51
38.57
38.59
38.58
38.55
38.55
38.57
38.54
38.49
38.47
38.48
38.47
38.43
38.46
38.50
38.43
38.41
38.39
38.36
38.31
38.29
38.22
38.24
38.23
38.21
38.16
38.13
38.08
38.08
38.11
38.14
38.14
38.12
38.14
38.15
38.14
38.14
38.15
38.13
38.18
38.17
38.16
38.09
38.04
38.07
38.05
37.98
37.90
37.90
37.89
37.90
37.90
37.93
37.96
37.98
37.96
37.90
37.87
37.85
37.82
37.88
37.89
37.82
37.80
37.77
37.79
37.81
37.79
37.78
37.78
37.77
37.77
37.77
37.79
37.80
37.79
37.78
37.77
37.78
37.75
37.76
37.72
37.74
37.75
37.74
37.72
37.72
37.73
37.72
37.71
37.67
37.69
37.75
37.74
37.75
37.71
37.72
37.72
37.68
37.68
37.70
37.69
37.67
37.68
37.65
37.67
37.69
37.70
37.71
37.70
37.69
37.71
37.71
37.73
37.74
37.74
37.71
37.74
37.73
37.72
37.74
37.72
37.74
37.70
37.72
37.71
37.68
37.68
37.66
37.67
37.66
37.67
37.69
37.68
37.65
37.64
37.65
37.65
37.67
37.68
37.67
37.70
37.73
37.74
37.72
37.72
37.74
37.76
37.74
37.78
37.79
37.79
37.81
37.81
37.81
37.82
37.81
37.81
37.78
37.80
37.84
37.86
37.89
37.91
37.89
37.88
37.89
37.88
37.90
37.88
37.91
37.92
37.94
37.93
37.93
37.90
37.90
37.91
37.89
37.90
37.90
37.92
37.90
37.89
37.87
37.89
37.88
37.88
37.89
37.90
37.91
37.88
37.89
37.88
37.89
37.89
37.87
37.85
37.85
37.85
37.82
37.81
37.81
37.79
37.81
37.80
37.78
37.80
37.79
37.79
37.80
37.83
37.83
37.84
37.82
37.81
37.79
37.78
37.75
37.76
37.75
37.73
37.74
37.75
37.72
37.71
37.69
37.69
37.71
37.72
37.72
37.68
37.67
37.69
37.68
37.67
37.69
37.69
37.69
37.69
37.70
37.72
37.79
37.79
37.78
37.78
37.80
37.78
37.77
37.76
37.75
37.78
37.79
37.79
37.77
37.78
37.78
37.78
37.80
37.79
37.79
37.77
37.75
37.76
37.75
37.71
37.72
37.73
37.73
37.72
37.70
37.70
37.71
37.70
37.71
37.71
37.69
37.68
37.69
37.67
37.66
37.66
37.65
37.63
37.63
37.61
37.62
37.62
37.61
37.61
37.59
37.60
37.61
37.61
37.60
37.62
37.62
37.64
37.64
37.66
37.65
37.64
37.66
37.65
37.66
37.65
37.65
37.66
37.66
37.64
37.66
37.65
37.66
37.66
37.65
37.63
37.64
37.65
37.66
37.66
37.65
37.67
37.69
37.69
37.68
37.67
37.66
37.67
37.68
37.66
37.66
37.65
37.64
37.63
37.62
37.62
37.61
37.61
37.63
37.64
37.65
37.63
37.62
37.62
37.62
37.62
37.62
37.62
37.61
37.62
37.61
37.63
37.63
37.64
37.64
37.66
37.66
37.66
37.66
37.65
37.64
37.64
37.61
37.62
37.61
37.61
37.60
37.61
37.60
37.60
37.61
37.62
37.60
37.61
37.59
37.60
37.61
37.62
37.62
37.62
37.63
37.61
37.60
37.61
37.60
37.56
37.55
37.53
37.53
37.53
37.53
37.54
37.54
37.54
37.54
37.51
37.52
37.52
37.52
37.52
37.50
37.51
37.51
37.52
37.52
37.52
37.53
37.52
37.51
37.50
37.51
37.49
37.52
37.54
37.54
37.54
37.53
37.53
37.56
37.54
37.54
37.53
37.53
37.52
37.50
37.51
37.51
37.50
37.50
37.50
37.50
37.49
37.48
37.49
37.48
37.48
37.48
37.48
37.49
37.50
37.49
37.50
37.51
37.51
37.52
37.54
37.54
37.54
37.52
37.52
37.52
37.51
37.52
37.50
37.49
37.50
37.51
37.50
37.50
37.50
37.50
37.50
37.49
37.50
37.49
37.49
37.49
37.49
37.50
37.51
37.51
37.51
37.51
37.49
37.50
37.50
37.50
37.50
37.51
37.51
37.51
37.50
37.50
37.48
37.47
37.47
37.47
37.48
37.50
37.50
37.51
37.52
37.54
37.52
37.50
37.50
37.50
37.50
37.51
37.51
37.52
37.52
37.53
37.53
37.53
37.53
37.53
37.52
37.52
37.53
37.53
37.53
37.53
37.51
37.53
37.54
37.52
37.50
37.52
37.52
37.51
37.51
37.51
37.49
37.50
37.49
37.48
37.47
37.47
37.48
37.47
37.48
37.47
37.46
37.46
37.46
37.46
37.48
37.47
37.46
37.47
37.48
37.48
37.48
37.48
37.47
37.47
37.48
37.48
37.47
37.47
37.48
37.48
37.48
37.48
37.47
37.46
37.48
37.48
37.48
37.49
37.50
37.50
37.50
37.51
37.52
37.53
37.55
37.55
37.56
37.56
37.56
37.55
37.55
37.56
37.56
37.54
37.54
37.54
37.53
37.54
37.55
37.54
37.55
37.56
37.56
37.57
37.58
37.57
37.57
37.57
37.56
37.56
37.57
37.59
37.58
37.58
37.58
37.56
37.55
37.56
37.55
37.56
37.56
37.57
37.57
37.57
37.57
37.58
37.59
37.59
37.60
37.59
37.56
