1.56
3.12
4.17
3.91
4.69
4.17
4.69
4.49
5.73
5.31
5.68
5.99
5.77
5.58
5.42
5.57
5.24
5.12
5.10
5.08
4.99
5.04
5.10
5.34
5.31
5.17
5.09
5.13
5.17
5.26
5.19
5.22
5.30
5.19
5.27
5.43
5.53
5.55
5.53
5.74
5.79
5.77
5.81
5.86
6.04
5.98
6.08
6.12
6.06
6.12
6.19
6.28
6.28
6.31
6.42
6.53
6.50
6.57
6.59
6.59
6.63
6.63
6.70
6.64
6.61
6.56
6.53
6.53
6.59
6.54
6.51
6.51
6.49
6.42
6.42
6.37
6.37
6.33
6.33
6.35
6.33
6.29
6.34
6.29
6.31
6.29
6.25
6.29
6.23
6.20
6.16
6.23
6.23
6.22
6.30
6.36
6.38
6.41
6.42
6.45
6.44
6.40
6.37
6.37
6.40
6.43
6.43
6.44
6.48
6.48
6.45
6.47
6.47
6.48
6.45
6.41
6.45
6.41
6.47
6.48
6.47
6.47
6.44
6.40
6.41
6.40
6.42
6.38
6.40
6.41
6.42
6.45
6.45
6.45
6.45
6.43
6.40
6.40
6.38
6.38
6.37
6.35
6.37
6.41
6.40
6.40
6.43
6.49
6.50
6.53
6.53
6.52
6.54
6.52
6.53
6.53
6.52
6.53
6.53
6.51
6.48
6.49
6.49
6.49
6.49
6.46
6.47
6.45
6.46
6.43
6.44
6.43
6.42
6.42
6.43
6.45
6.45
6.43
6.42
6.41
6.41
6.39
6.36
6.37
6.36
6.38
6.37
6.36
6.35
6.36
6.38
6.37
6.36
6.37
6.35
6.36
6.35
6.36
6.36
6.36
6.36
6.37
6.36
6.36
6.36
6.39
6.39
6.36
6.38
6.37
6.38
6.37
6.36
6.36
6.34
6.33
6.31
6.30
6.30
6.34
6.34
6.32
6.32
6.31
6.30
6.31
6.31
6.29
6.28
6.30
6.32
6.33
6.34
6.34
6.34
6.34
6.33
6.34
6.33
6.33
6.31
6.30
6.30
6.28
6.29
6.28
6.26
6.27
6.28
6.28
6.27
6.27
6.27
6.27
6.29
6.27
6.27
6.27
6.27
6.25
6.24
6.23
6.23
6.25
6.26
6.25
6.24
6.26
6.24
6.25
6.24
6.26
6.25
6.24
6.24
6.24
6.24
6.25
6.26
6.27
6.28
6.27
6.26
6.28
6.29
6.29
6.30
6.30
6.32
6.33
6.35
6.35
6.35
6.36
6.36
6.35
6.34
6.33
6.33
6.34
6.35
6.35
6.35
6.34
6.34
6.34
6.33
6.33
6.35
6.34
6.33
6.33
6.31
6.30
6.29
6.29
6.29
6.29
6.28
6.27
6.27
6.26
6.25
6.25
6.25
6.24
6.24
6.24
6.23
6.23
6.23
6.25
6.25
6.24
6.25
6.25
6.25
6.25
6.26
6.25
6.24
6.24
6.23
6.23
6.23
6.23
6.22
6.23
6.22
6.23
6.25
6.24
6.22
6.22
6.22
6.23
6.23
6.24
6.22
6.23
6.23
6.23
6.23
6.24
6.23
6.22
6.22
6.22
6.22
6.22
6.21
6.23
6.21
6.21
6.20
6.19
6.19
6.20
6.20
6.20
6.20
6.20
6.21
6.21
6.21
6.21
6.19
6.18
6.20
6.21
6.20
6.21
6.21
6.21
6.21
6.20
6.20
6.21
6.21
6.22
6.22
6.21
6.21
6.22
6.22
6.21
6.22
6.21
6.21
6.20
6.20
6.20
6.22
6.22
6.22
6.21
6.22
6.22
6.24
6.24
6.25
6.25
6.25
6.25
6.25
6.24
6.24
6.23
6.24
6.23
6.22
6.21
6.21
6.20
6.20
6.20
6.20
6.20
6.20
6.20
6.20
6.18
6.18
6.19
6.19
6.20
6.20
6.20
6.20
6.20
6.20
6.20
6.20
6.19
6.18
6.18
6.19
6.19
6.19
6.19
6.18
6.18
6.18
6.18
6.19
6.19
6.18
6.19
6.19
6.20
6.21
6.21
6.21
6.21
6.22
6.22
6.22
6.22
6.23
6.23
6.24
6.25
6.24
6.24
6.23
6.23
6.23
6.23
6.24
6.23
6.25
6.25
6.25
6.27
6.26
6.26
6.26
6.27
6.28
6.28
6.28
6.28
6.28
6.27
6.27
6.27
6.28
6.28
6.27
6.27
6.27
6.27
6.26
6.27
6.27
6.27
6.26
6.25
6.26
6.25
6.27
6.28
6.27
6.28
6.28
6.27
6.27
6.27
6.27
6.27
6.28
6.28
6.29
6.28
6.27
6.27
6.27
6.26
6.27
6.27
6.27
6.26
6.26
6.26
6.26
6.26
6.26
6.26
6.27
6.28
6.28
6.28
6.28
6.28
6.28
6.28
6.29
6.30
6.29
6.29
6.29
6.29
6.28
6.29
6.28
6.28
6.29
6.29
6.29
6.28
6.28
6.28
6.27
6.28
6.29
6.29
6.29
6.29
6.29
6.29
6.29
6.28
6.28
6.29
6.30
6.29
6.28
6.29
6.29
6.29
6.28
6.29
6.29
6.31
6.31
6.32
6.31
6.32
6.32
6.32
6.31
6.31
6.30
6.30
6.30
6.30
6.30
6.30
6.30
6.30
6.30
6.30
6.30
6.30
6.30
6.31
6.30
6.31
6.31
6.30
6.30
6.30
6.30
6.29
6.29
6.28
6.29
6.29
6.29
6.30
6.30
6.30
6.30
6.30
6.30
6.29
6.29
6.29
6.29
6.29
6.30
6.30
6.30
6.30
6.30
6.30
6.31
6.32
6.32
6.32
6.33
6.33
6.33
6.33
6.33
6.33
6.33
6.33
6.33
6.33
6.32
6.33
6.33
6.33
6.33
6.33
6.33
6.33
6.33
6.33
6.32
6.33
6.33
