4.69
6.25
5.21
5.47
6.56
5.99
6.03
7.42
7.81
7.50
7.81
7.94
8.29
8.15
8.12
8.01
7.81
7.38
7.40
7.34
7.22
7.60
7.47
7.62
7.50
7.57
7.64
7.42
7.49
7.50
7.51
7.42
7.43
7.67
7.59
7.60
7.69
7.69
7.69
7.70
7.70
7.81
7.74
7.71
7.74
7.68
7.61
7.75
7.78
7.69
7.63
7.60
7.58
7.49
7.39
7.39
7.40
7.35
7.44
7.53
7.48
7.48
7.51
7.42
7.40
7.39
7.39
7.44
7.54
7.59
7.57
7.51
7.49
7.43
7.44
7.38
7.37
7.35
7.38
7.38
7.35
7.36
7.42
7.37
7.33
7.32
7.35
7.30
7.30
7.33
7.33
7.27
7.29
7.26
7.20
7.24
7.23
7.29
7.29
7.22
7.21
7.22
7.22
7.17
7.19
7.19
7.20
7.18
7.14
7.16
7.14
7.13
7.11
7.13
7.13
7.10
7.06
7.11
7.06
7.11
7.17
7.16
7.18
7.17
7.20
7.20
7.17
7.20
7.28
7.26
7.26
7.26
7.23
7.24
7.22
7.22
7.25
7.25
7.23
7.24
7.24
7.22
7.20
7.23
7.23
7.20
7.21
7.22
7.23
7.24
7.21
7.18
7.15
7.15
7.13
7.14
7.13
7.13
7.11
7.13
7.13
7.15
7.12
7.10
7.13
7.12
7.09
7.10
7.09
7.09
7.09
7.10
7.10
7.12
7.12
7.11
7.08
7.08
7.08
7.07
7.07
7.07
7.06
7.03
7.05
7.06
7.05
7.02
7.03
7.01
7.01
7.01
7.02
7.03
7.04
7.04
7.05
7.03
7.04
7.05
7.01
7.00
6.98
6.97
6.97
6.97
6.95
6.99
6.98
6.99
6.97
6.97
6.97
6.99
7.00
7.01
7.01
7.02
7.01
7.00
7.03
7.03
7.02
7.02
7.01
7.01
7.01
7.00
6.99
7.00
6.99
6.98
6.97
6.98
6.97
6.97
6.98
6.97
6.98
6.97
6.96
6.96
6.98
6.97
6.96
6.96
6.98
6.98
6.98
6.97
6.98
6.98
6.97
6.97
6.95
6.94
6.92
6.90
6.92
6.91
6.92
6.91
6.90
6.92
6.94
6.95
6.96
6.96
6.94
6.94
6.94
6.93
6.91
6.91
6.90
6.90
6.90
6.90
6.93
6.91
6.90
6.90
6.88
6.87
6.85
6.85
6.86
6.85
6.86
6.86
6.87
6.87
6.86
6.86
6.86
6.86
6.86
6.86
6.86
6.85
6.85
6.87
6.88
6.90
6.92
6.93
6.93
6.94
6.93
6.94
6.93
6.95
6.94
6.94
6.94
6.95
6.94
6.93
6.94
6.94
6.93
6.93
6.93
6.93
6.91
6.92
6.91
6.92
6.91
6.91
6.90
6.90
6.90
6.89
6.89
6.88
6.88
6.86
6.87
6.87
6.87
6.88
6.88
6.89
6.88
6.87
6.87
6.87
6.85
6.86
6.85
6.85
6.86
6.85
6.87
6.87
6.88
6.90
6.89
6.88
6.87
6.89
6.89
6.88
6.88
6.89
6.88
6.89
6.88
6.89
6.88
6.88
6.88
6.86
6.85
6.85
6.86
6.86
6.86
6.85
6.85
6.85
6.85
6.84
6.83
6.83
6.84
6.85
6.85
6.84
6.84
6.86
6.86
6.86
6.87
6.88
6.87
6.87
6.88
6.88
6.87
6.87
6.86
6.85
6.86
6.85
6.85
6.86
6.86
6.85
6.85
6.84
6.83
6.83
6.83
6.84
6.85
6.85
6.84
6.85
6.84
6.85
6.85
6.86
6.85
6.85
6.85
6.84
6.84
6.86
6.85
6.85
6.85
6.85
6.85
6.84
6.85
6.85
6.86
6.85
6.84
6.83
6.83
6.87
6.87
6.86
6.86
6.86
6.87
6.88
6.87
6.86
6.86
6.86
6.85
6.85
6.84
6.85
6.85
6.85
6.84
6.86
6.87
6.87
6.87
6.87
6.87
6.88
6.86
6.85
6.84
6.84
6.83
6.83
6.84
6.85
6.84
6.84
6.83
6.83
6.83
6.85
6.85
6.85
6.86
6.85
6.84
6.85
6.85
6.84
6.85
6.85
6.85
6.85
6.85
6.85
6.86
6.87
6.88
6.87
6.88
6.89
6.89
6.88
6.88
6.87
6.87
6.87
6.87
6.87
6.86
6.86
6.87
6.88
6.89
6.90
6.90
6.90
6.89
6.89
6.88
6.88
6.88
6.88
6.87
6.86
6.86
6.87
6.88
6.88
6.89
6.90
6.89
6.89
6.88
6.88
6.88
6.88
6.88
6.88
6.88
6.88
6.87
6.88
6.87
6.87
6.87
6.87
6.87
6.87
6.86
6.86
6.87
6.87
6.87
6.88
6.87
6.87
6.87
6.87
6.87
6.88
6.87
6.87
6.87
6.86
6.86
6.86
6.85
6.85
6.85
6.85
6.86
6.86
6.85
6.85
6.86
6.85
6.85
6.85
6.86
6.86
6.86
6.86
6.86
6.86
6.86
6.87
6.87
6.87
6.87
6.87
6.87
6.87
6.87
6.88
6.88
6.87
6.87
6.87
6.86
6.85
6.87
6.87
6.88
6.87
6.87
6.88
6.88
6.89
6.89
6.90
6.90
6.89
6.89
6.89
6.89
6.90
6.90
6.91
6.91
6.91
6.91
6.91
6.92
6.92
6.92
6.92
6.91
6.90
6.91
6.90
6.90
6.91
6.91
6.91
6.92
6.93
6.92
6.93
6.93
6.93
6.93
6.93
6.93
6.92
6.92
6.91
6.91
6.91
6.91
6.91
6.90
6.90
6.91
6.91
6.92
6.92
6.92
6.92
6.92
6.93
6.93
6.93
6.94
6.93
6.93
6.94
6.93
6.94
6.95
6.96
6.95
6.96
6.97
6.95
6.95
6.95
6.95
6.94
6.95
6.94
6.95
6.94
6.95
6.94
6.94
6.94
6.95
6.95
6.95
6.95
6.95
6.95
6.96
6.97
6.96
6.96
6.96
6.96
6.96
6.96
6.95
6.95
6.95
6.95
6.95
6.95
6.95
6.96
6.96
6.96
6.96
6.96
6.96
6.96
6.96
6.96
6.96
6.96
6.96
6.95
6.97
6.97
6.98
6.98
6.99
6.98
6.99
7.00
6.99
6.99
6.99
6.99
6.99
6.99
6.99
6.99
6.99
6.99
7.00
7.00
7.00
7.00
7.00
7.00
7.00
6.99
6.99
6.99
6.99
6.99
6.99
6.98
6.98
6.98
6.98
6.98
6.98
6.98
6.98
6.98
6.97
6.97
6.97
6.97
6.98
6.98
6.98
6.98
6.97
6.97
6.97
6.97
6.98
6.97
6.98
6.98
6.98
6.98
6.98
6.98
