1.56
3.12
3.12
2.34
2.50
2.08
1.79
1.95
1.91
2.19
2.13
2.47
2.64
2.79
2.71
2.73
2.76
2.86
2.96
2.89
2.75
2.70
2.79
2.73
2.75
2.76
2.78
2.85
2.80
2.92
2.82
2.78
2.94
2.94
2.95
2.91
2.96
2.88
2.84
2.81
2.86
2.94
2.91
2.91
2.95
2.92
2.86
2.93
2.90
3.00
3.00
3.06
3.10
3.12
3.07
3.01
3.02
3.04
2.99
3.07
3.05
3.05
3.00
2.98
2.96
2.98
2.96
2.94
2.92
2.92
2.88
2.91
2.91
2.93
2.94
2.94
2.92
2.94
2.95
2.95
2.97
3.01
2.99
2.96
2.96
2.96
2.95
2.93
2.93
2.92
2.94
2.96
2.94
2.94
2.96
2.98
2.98
2.98
3.00
2.97
2.94
2.94
2.99
2.99
3.02
3.04
3.05
3.10
3.10
3.07
3.04
3.04
3.08
3.12
3.11
3.11
3.10
3.11
3.12
3.12
3.14
3.14
3.14
3.13
3.10
3.08
3.06
3.05
3.03
3.03
3.04
3.02
3.05
3.08
3.08
3.07
3.08
3.09
3.07
3.06
3.05
3.06
3.06
3.06
3.08
3.07
3.06
3.06
3.06
3.07
3.07
3.08
3.06
3.05
3.04
3.04
3.08
3.07
3.06
3.04
3.03
3.01
3.01
3.04
3.03
3.02
3.04
3.05
3.04
3.02
3.03
3.03
3.03
3.03
3.02
3.03
3.05
3.04
3.03
3.01
3.03
3.02
3.01
2.99
2.99
2.99
3.01
2.99
3.00
3.01
2.99
2.99
2.99
3.00
2.99
3.00
2.99
3.01
3.01
3.02
3.02
3.04
3.02
3.01
3.02
3.02
3.01
3.02
3.04
3.04
3.03
3.05
3.04
3.03
3.02
3.01
3.02
3.03
3.03
3.06
3.05
3.06
3.05
3.04
3.03
3.04
3.04
3.02
3.03
3.02
3.04
3.04
3.03
3.02
3.04
3.06
3.07
3.07
3.07
3.07
3.07
3.07
3.07
3.07
3.06
3.07
3.07
3.09
3.09
3.09
3.09
3.10
3.10
3.10
3.09
3.09
3.08
3.09
3.08
3.08
3.08
3.09
3.08
3.07
3.07
3.06
3.06
3.07
3.07
3.07
3.07
3.06
3.07
3.08
3.08
3.09
3.09
3.09
3.09
3.09
3.10
3.10
3.10
3.10
3.09
3.08
3.08
3.08
3.08
3.07
3.06
3.06
3.06
3.06
3.06
3.06
3.05
3.06
3.06
3.06
3.05
3.05
3.06
3.08
3.08
3.09
3.08
3.09
3.09
3.10
3.09
3.09
3.09
3.08
3.08
3.09
3.10
3.09
3.08
3.09
3.09
3.09
3.09
3.10
3.10
3.10
3.11
3.11
3.10
3.10
3.10
3.10
3.09
3.08
3.08
3.09
3.09
3.11
3.10
3.09
3.11
3.11
3.10
3.10
3.10
3.09
3.09
3.09
3.10
3.10
3.11
3.10
3.11
3.10
3.09
3.09
3.09
3.10
3.09
3.09
3.09
3.10
3.11
3.10
3.10
3.11
3.11
3.10
3.10
3.11
3.11
3.11
3.10
3.10
3.10
3.10
3.10
3.10
3.09
3.09
3.10
3.10
3.12
3.13
3.14
3.14
3.15
3.14
3.14
3.13
3.13
3.14
3.14
3.13
3.15
3.14
3.14
3.14
3.13
3.13
3.13
3.12
3.13
3.12
3.12
3.12
3.14
3.13
3.14
3.14
3.14
3.13
3.14
3.14
3.13
3.12
3.13
3.14
3.13
3.13
3.15
3.14
3.13
3.13
3.13
3.13
3.14
3.13
3.13
3.13
3.13
3.12
3.12
3.12
3.12
3.11
3.11
3.10
3.10
3.10
3.10
3.10
3.10
3.11
3.11
3.10
3.10
3.10
3.10
3.10
3.11
3.11
3.11
3.11
3.10
3.11
3.11
3.11
3.12
3.12
3.12
3.11
3.11
3.10
3.10
3.10
3.10
3.10
3.10
3.10
3.10
3.10
3.11
3.10
3.10
3.10
3.09
3.09
3.09
3.09
3.09
3.10
3.10
3.10
3.10
3.10
3.09
3.09
3.08
3.08
3.08
3.08
3.07
3.08
3.07
3.08
3.07
3.07
3.07
3.07
3.06
3.06
3.06
3.05
3.05
3.05
3.05
3.05
3.04
3.04
3.05
3.05
3.05
3.05
3.05
3.05
3.05
3.05
3.05
3.04
3.04
3.05
3.05
3.04
3.04
3.04
3.04
3.05
3.05
3.05
3.04
3.05
3.06
3.06
3.06
3.06
3.06
3.06
3.06
3.06
3.06
3.06
3.05
3.05
3.06
3.06
3.06
3.05
3.05
3.04
3.04
3.04
3.04
3.04
3.03
3.03
3.03
3.03
3.02
3.03
3.03
3.02
3.03
3.03
3.03
3.02
3.02
3.02
3.02
3.02
3.03
3.02
3.02
3.02
3.02
3.03
3.02
3.02
3.02
3.03
3.02
3.02
3.03
3.03
3.03
3.04
3.04
3.04
3.04
3.03
3.03
3.03
3.03
3.03
3.03
3.03
3.03
3.02
3.02
3.03
3.03
3.03
3.03
3.03
3.03
3.03
3.03
3.03
3.02
3.03
3.02
3.02
3.03
3.03
3.02
3.02
3.02
3.02
3.02
3.02
3.02
3.01
3.01
3.01
3.01
3.02
3.02
3.02
3.02
3.02
3.02
3.02
3.02
3.02
3.02
3.02
3.01
3.01
3.01
3.01
3.02
3.01
3.01
3.01
3.02
3.02
3.02
3.02
3.02
3.02
3.02
3.02
3.02
3.02
3.02
3.02
3.02
3.02
3.02
3.02
3.01
3.01
3.01
3.01
3.01
3.01
3.00
3.01
3.01
3.01
3.01
3.00
3.00
3.00
3.00
3.01
3.00
3.01
3.01
3.01
3.01
3.01
3.01
3.01
3.00
3.00
3.00
3.00
3.00
3.00
3.02
3.02
3.02
3.02
3.02
3.02
3.02
3.01
3.01
3.01
3.01
3.01
3.01
3.01
3.01
3.01
3.01
3.00
3.00
3.00
3.00
2.99
2.99
2.99
2.99
2.99
2.99
2.99
2.99
3.00
3.00
3.00
3.00
3.00
3.01
3.01
3.00
3.00
3.00
3.01
3.00
3.01
3.01
3.01
3.01
3.01
3.00
3.00
3.00
3.00
3.00
2.99
2.99
3.00
3.00
3.00
3.00
2.99
2.99
2.99
2.99
2.99
2.99
2.99
2.99
2.99
3.00
3.00
3.01
3.00
3.00
3.00
3.00
3.01
3.01
3.01
3.01
3.01
3.02
3.02
3.02
3.02
3.03
3.03
3.03
3.02
3.03
3.03
3.03
3.03
3.03
3.03
