82.81
82.03
80.21
80.47
79.69
78.91
78.79
79.30
79.51
79.84
80.54
80.21
79.93
80.69
80.52
81.05
80.79
81.25
81.17
81.41
81.47
80.97
80.91
80.86
80.62
80.89
80.56
80.52
80.66
80.73
80.65
80.76
80.97
80.84
80.80
80.99
80.87
80.88
81.01
80.82
80.95
80.95
80.92
80.86
80.87
81.01
80.85
80.86
80.84
80.91
81.07
81.01
81.07
81.13
81.08
80.92
80.92
80.90
80.75
80.86
80.87
80.90
80.93
80.98
81.01
81.11
81.11
81.23
81.20
81.12
81.21
81.21
81.19
81.14
81.23
81.19
81.29
81.31
81.35
81.29
81.17
81.17
81.16
81.21
81.31
81.29
81.20
81.13
81.13
81.15
81.16
81.13
81.20
81.18
81.15
81.18
81.23
81.27
81.30
81.31
81.27
81.25
81.28
81.25
81.25
81.22
81.26
81.31
81.42
81.42
81.40
81.46
81.53
81.50
81.44
81.40
81.48
81.44
81.47
81.47
81.47
81.47
81.45
81.48
81.50
81.55
81.61
81.62
81.63
81.69
81.70
81.75
81.78
81.79
81.79
81.88
81.87
81.91
81.92
81.90
81.82
81.81
81.79
81.78
81.72
81.69
81.71
81.67
81.67
81.67
81.68
81.69
81.64
81.61
81.61
81.62
81.63
81.67
81.68
81.71
81.71
81.72
81.67
81.74
81.72
81.71
81.70
81.70
81.68
81.70
81.70
81.62
81.60
81.64
81.68
81.69
81.70
81.72
81.73
81.75
81.76
81.76
81.78
81.74
81.76
81.75
81.75
81.71
81.71
81.69
81.63
81.62
81.61
81.62
81.63
81.66
81.64
81.62
81.65
81.67
81.68
81.68
81.67
81.67
81.65
81.60
81.58
81.57
81.59
81.54
81.56
81.56
81.57
81.56
81.58
81.57
81.59
81.59
81.61
81.63
81.64
81.65
81.65
81.70
81.71
81.72
81.72
81.72
81.74
81.72
81.74
81.73
81.75
81.76
81.79
81.80
81.79
81.80
81.77
81.77
81.78
81.80
81.78
81.74
81.73
81.71
81.70
81.67
81.68
81.69
81.67
81.67
81.65
81.66
81.65
81.66
81.69
81.69
81.68
81.71
81.73
81.74
81.74
81.73
81.72
81.70
81.71
81.71
81.72
81.74
81.73
81.72
81.73
81.75
81.76
81.74
81.73
81.76
81.77
81.77
81.81
81.81
81.81
81.81
81.80
81.81
81.82
81.82
81.82
81.82
81.82
81.81
81.81
81.81
81.80
81.80
81.82
81.82
81.83
81.85
81.86
81.85
81.86
81.86
81.89
81.89
81.88
81.89
81.88
81.87
81.89
81.90
81.89
81.92
81.90
81.89
81.90
81.91
81.92
81.91
81.92
81.93
81.94
81.97
81.98
81.96
81.96
81.98
81.99
82.01
82.01
82.02
82.05
82.05
82.07
82.06
82.04
82.05
82.06
82.09
82.07
82.05
82.03
82.04
82.03
82.03
82.02
82.02
82.02
82.02
82.02
82.00
81.98
81.97
82.00
82.00
81.99
81.98
81.98
81.97
82.00
82.01
82.00
82.02
82.02
82.03
82.02
82.03
82.05
82.04
82.03
82.01
82.03
82.04
82.02
82.01
82.00
82.01
81.99
82.00
82.00
81.99
81.98
81.97
81.97
81.96
81.96
81.96
81.98
81.98
81.97
81.96
81.97
81.98
81.98
81.96
81.96
81.95
81.95
81.95
81.96
81.95
81.95
81.95
81.96
81.96
81.96
81.98
81.98
82.00
81.99
82.00
81.98
81.98
81.99
81.99
81.97
81.97
82.00
81.99
82.00
82.01
82.01
82.00
82.01
82.05
82.04
82.05
82.03
82.03
82.04
82.05
82.06
82.07
82.07
82.08
82.08
82.06
82.08
82.07
82.06
82.07
82.07
82.07
82.07
82.07
82.08
82.10
82.09
82.09
82.07
82.08
82.07
82.06
82.06
82.07
82.06
82.06
82.06
82.07
82.07
82.07
82.06
82.08
82.09
82.08
82.08
82.08
82.07
82.07
82.06
82.06
82.07
82.08
82.07
82.06
82.05
82.02
82.03
82.04
82.04
82.03
82.02
82.02
82.02
82.02
82.01
82.02
82.02
82.02
82.03
82.04
82.03
82.04
82.06
82.07
82.05
82.06
82.05
82.07
82.05
82.04
82.04
82.03
82.03
82.02
82.01
82.01
82.01
81.99
81.99
81.98
81.97
81.99
81.98
81.98
81.97
81.96
81.94
81.93
81.92
81.93
81.93
81.93
81.92
81.93
81.93
81.92
81.91
81.93
81.94
81.93
81.93
81.93
81.91
81.91
81.90
81.91
81.91
81.91
81.90
81.90
81.89
81.88
81.88
81.88
81.88
81.88
81.87
81.87
81.87
81.88
81.88
81.86
81.85
81.86
81.85
81.87
81.88
81.88
81.88
81.87
81.87
81.89
81.89
81.90
81.90
81.90
81.89
81.89
81.91
81.92
81.90
81.91
81.92
81.92
81.90
81.90
81.89
81.90
81.90
81.91
81.91
81.92
81.90
81.89
81.88
81.89
81.89
81.89
81.88
81.89
81.90
81.90
81.90
81.90
81.90
81.90
81.88
81.88
81.88
81.89
81.88
81.87
81.85
81.85
81.84
81.84
81.83
81.84
81.85
81.86
81.86
81.86
81.86
81.85
81.86
81.88
81.88
81.89
81.88
81.87
81.85
81.84
81.84
81.83
81.84
81.85
81.86
81.85
81.85
81.86
81.87
81.86
81.85
81.84
81.84
81.84
81.84
81.85
81.85
81.84
81.84
81.84
81.84
81.83
81.82
81.81
81.81
81.81
81.82
81.82
81.83
81.81
81.82
81.82
81.81
81.81
81.82
81.82
81.82
81.83
81.82
81.83
81.84
81.83
81.83
81.83
81.83
81.83
81.82
81.82
81.82
81.82
81.83
81.83
81.83
81.82
81.82
81.81
81.81
81.80
81.80
81.80
81.80
81.80
81.80
81.80
81.82
81.82
81.83
81.83
81.83
81.84
81.83
81.83
81.84
81.83
81.83
81.83
81.83
81.82
81.82
81.81
81.80
81.81
81.80
81.80
81.80
81.80
81.81
81.82
81.82
81.82
81.83
81.83
81.85
81.84
81.83
81.84
81.84
81.84
81.84
81.84
81.85
81.86
81.86
81.87
81.86
81.85
81.85
81.86
81.86
81.87
81.87
81.86
81.86
81.88
81.88
81.89
81.89
81.88
81.88
81.88
81.88
81.89
81.89
81.89
81.89
81.89
81.89
81.89
81.90
81.90
81.90
81.91
81.90
81.89
81.89
81.89
81.90
81.91
81.91
81.91
81.91
81.91
81.91
81.91
81.91
81.92
81.91
81.90
81.89
81.89
81.90
81.90
81.90
81.90
81.90
81.91
81.92
81.83
