0.00
1.56
1.56
1.95
1.88
1.82
1.56
1.76
1.56
1.72
1.56
1.43
1.32
1.23
1.15
1.07
1.01
0.95
0.90
0.86
0.82
0.85
0.82
0.78
0.75
0.72
0.69
0.73
0.75
0.78
0.81
0.78
0.85
0.87
0.85
0.87
0.84
0.82
0.84
0.82
0.84
0.82
0.84
0.82
0.80
0.78
0.76
0.78
0.77
0.75
0.77
0.75
0.77
0.75
0.74
0.73
0.79
0.78
0.77
0.76
0.74
0.76
0.77
0.76
0.75
0.76
0.75
0.74
0.72
0.74
0.73
0.74
0.73
0.72
0.71
0.72
0.73
0.72
0.71
0.70
0.69
0.69
0.68
0.67
0.66
0.65
0.65
0.66
0.68
0.68
0.67
0.66
0.66
0.66
0.66
0.65
0.64
0.64
0.63
0.63
0.63
0.63
0.62
0.63
0.64
0.65
0.64
0.65
0.66
0.67
0.66
0.67
0.66
0.69
0.68
0.67
0.67
0.66
0.66
0.65
0.65
0.65
0.66
0.66
0.66
0.66
0.66
0.67
0.67
0.66
0.67
0.66
0.66
0.65
0.68
0.68
0.68
0.69
0.69
0.68
0.69
0.68
0.68
0.68
0.68
0.68
0.69
0.69
0.68
0.70
0.69
0.70
0.69
0.70
0.70
0.70
0.70
0.69
0.70
0.70
0.70
0.69
0.69
0.70
0.70
0.70
0.69
0.71
0.70
0.71
0.70
0.70
0.70
0.70
0.70
0.69
0.69
0.68
0.68
0.69
0.68
0.70
0.70
0.70
0.70
0.70
0.70
0.71
0.70
0.70
0.70
0.69
0.69
0.68
0.68
0.68
0.67
0.68
0.68
0.69
0.68
0.68
0.68
0.68
0.68
0.68
0.67
0.67
0.67
0.66
0.66
0.66
0.67
0.66
0.67
0.67
0.68
0.67
0.67
0.67
0.66
0.66
0.67
0.66
0.66
0.66
0.65
0.66
0.66
0.65
0.65
0.65
0.64
0.64
0.64
0.64
0.64
0.64
0.64
0.64
0.64
0.63
0.63
0.63
0.64
0.65
0.65
0.64
0.64
0.64
0.64
0.64
0.65
0.65
0.66
0.65
0.65
0.65
0.65
0.64
0.65
0.65
0.65
0.65
0.64
0.64
0.64
0.64
0.64
0.65
0.65
0.64
0.64
0.64
0.64
0.63
0.64
0.64
0.63
0.63
0.63
0.63
0.62
0.62
0.63
0.62
0.62
0.62
0.62
0.61
0.61
0.61
0.62
0.62
0.61
0.61
0.61
0.61
0.62
0.61
0.61
0.61
0.61
0.62
0.61
0.61
0.61
0.61
0.61
0.60
0.60
0.61
0.61
0.61
0.61
0.61
0.61
0.60
0.60
0.60
0.60
0.61
0.60
0.60
0.61
0.61
0.61
0.61
0.61
0.61
0.61
0.61
0.61
0.60
0.61
0.61
0.61
0.61
0.61
0.61
0.61
0.62
0.61
0.61
0.62
0.62
0.62
0.62
0.62
0.62
0.62
0.62
0.62
0.61
0.61
0.61
0.61
0.61
0.60
0.60
0.61
0.60
0.61
0.61
0.60
0.60
0.61
0.61
0.61
0.61
0.61
0.61
0.61
0.61
0.62
0.62
0.61
0.62
0.62
0.63
0.62
0.62
0.62
0.62
0.62
0.62
0.62
0.62
0.62
0.62
0.62
0.63
0.63
0.63
0.63
0.62
0.62
0.62
0.62
0.62
0.62
0.62
0.62
0.62
0.63
0.63
0.63
0.62
0.63
0.63
0.62
0.63
0.63
0.63
0.63
0.63
0.64
0.64
0.63
0.64
0.64
0.64
0.64
0.64
0.64
0.64
0.64
0.64
0.64
0.64
0.64
0.64
0.64
0.64
0.64
0.65
0.64
0.64
0.64
0.64
0.64
0.64
0.64
0.64
0.64
0.64
0.64
0.64
0.64
0.64
0.63
0.63
0.63
0.63
0.63
0.63
0.63
0.63
0.63
0.63
0.63
0.64
0.64
0.64
0.64
0.64
0.64
0.64
0.65
0.64
0.64
0.64
0.64
0.64
0.65
0.66
0.66
0.65
0.65
0.65
0.66
0.65
0.66
0.66
0.65
0.65
0.65
0.66
0.66
0.66
0.66
0.66
0.66
0.65
0.66
0.66
0.67
0.67
0.67
0.67
0.66
0.67
0.66
0.66
0.66
0.66
0.66
0.67
0.67
0.67
0.67
0.67
0.68
0.67
0.67
0.68
0.68
0.68
0.68
0.68
0.67
0.67
0.68
0.67
0.67
0.67
0.67
0.67
0.67
0.67
0.67
0.66
0.66
0.66
0.66
0.66
0.66
0.66
0.66
0.65
0.65
0.65
0.65
0.65
0.65
0.65
0.65
0.65
0.65
0.65
0.65
0.65
0.64
0.64
0.65
0.65
0.65
0.64
0.65
0.64
0.65
0.65
0.64
0.64
0.64
0.65
0.65
0.65
0.65
0.65
0.65
0.65
0.65
0.65
0.65
0.65
0.65
0.65
0.64
0.65
0.65
0.65
0.65
0.65
0.65
0.65
0.65
0.65
0.65
0.65
0.65
0.65
0.65
0.64
0.64
0.65
0.65
0.65
0.65
0.65
0.65
0.65
0.65
0.65
0.65
0.64
0.64
0.64
0.64
0.64
0.64
0.64
0.64
0.64
0.64
0.64
0.64
0.64
0.64
0.64
0.64
0.64
0.64
0.64
0.64
0.64
0.65
0.65
0.65
0.65
0.65
0.65
0.65
0.65
0.64
0.65
0.65
0.65
0.65
0.64
0.65
0.65
0.65
0.65
0.65
0.65
0.65
0.65
0.65
0.65
0.65
0.65
0.66
0.65
0.65
0.65
0.65
0.65
0.65
0.65
0.65
0.65
0.65
0.65
0.65
0.65
0.66
0.66
0.66
0.66
0.66
0.66
0.66
0.66
0.66
0.66
0.66
0.66
0.66
0.65
0.65
0.65
0.65
0.65
0.65
0.65
0.66
0.66
0.66
0.66
0.66
0.66
0.66
0.66
0.66
0.66
0.66
0.66
0.66
0.66
0.66
0.66
0.66
0.66
0.66
0.66
0.66
0.66
0.66
0.66
0.66
0.66
0.66
0.66
0.66
0.66
0.66
0.66
0.66
0.66
0.66
0.66
0.66
0.66
0.66
0.65
0.65
0.65
0.65
0.66
0.66
0.66
0.66
0.66
0.66
0.66
0.66
0.66
0.66
0.66
0.66
0.66
0.66
0.67
0.66
0.66
0.67
0.66
0.66
0.66
0.67
0.67
0.67
0.67
0.67
0.67
0.67
0.67
0.67
0.67
0.67
0.67
0.67
0.67
0.67
0.66
0.66
0.67
0.67
0.67
0.67
0.67
0.67
0.67
0.67
0.67
0.67
0.67
0.67
0.67
0.67
0.67
