82.81
82.81
80.73
80.86
81.25
81.77
81.92
82.62
82.99
83.12
83.24
82.55
82.69
82.48
82.60
82.71
82.63
83.07
83.06
82.58
82.74
83.03
83.29
83.01
83.19
83.17
83.16
82.98
82.97
82.86
82.86
82.67
82.67
82.72
82.86
82.77
82.60
82.52
82.37
82.46
82.55
82.59
82.56
82.63
82.53
82.64
82.61
82.58
82.56
82.53
82.54
82.57
82.49
82.58
82.61
82.70
82.73
82.76
82.81
82.79
82.81
82.71
82.61
82.59
82.55
82.67
82.74
82.77
82.79
82.77
82.66
82.68
82.60
82.60
82.52
82.55
82.55
82.49
82.32
82.38
82.39
82.45
82.44
82.42
82.50
82.54
82.58
82.62
82.64
82.60
82.57
82.52
82.48
82.45
82.35
82.32
82.30
82.33
82.24
82.28
82.27
82.31
82.31
82.27
82.29
82.22
82.17
82.23
82.21
82.20
82.15
82.18
82.15
82.14
82.12
82.07
82.05
82.10
82.09
82.12
82.13
82.16
82.22
82.21
82.12
82.12
82.05
81.95
81.96
81.96
81.95
81.94
81.93
81.89
81.86
81.90
81.92
81.88
81.87
81.88
81.96
81.93
81.93
81.90
81.93
81.90
81.91
81.89
81.93
81.97
81.92
81.89
81.89
81.92
81.99
81.97
81.99
81.97
81.96
81.94
81.97
81.94
81.92
81.95
81.96
81.91
81.87
81.85
81.83
81.81
81.83
81.80
81.84
81.87
81.90
81.88
81.88
81.84
81.85
81.86
81.89
81.89
81.88
81.86
81.88
81.91
81.89
81.86
81.90
81.91
81.94
81.94
81.95
81.95
81.96
82.01
81.99
82.02
82.00
82.00
81.97
81.95
81.94
81.92
81.88
81.88
81.85
81.85
81.88
81.93
81.96
81.96
81.96
81.97
81.98
81.97
81.96
81.99
82.00
82.00
82.00
82.02
82.05
82.01
82.01
82.01
81.99
81.99
82.01
82.02
82.00
82.00
81.99
81.97
81.95
81.98
81.99
81.97
81.98
82.00
82.00
82.00
81.99
81.97
81.97
81.98
81.99
81.99
82.00
82.00
82.02
81.98
81.99
81.98
81.95
81.97
81.99
82.00
81.98
81.99
81.97
81.96
81.95
81.94
81.95
81.96
81.98
82.00
82.01
82.01
82.02
82.02
82.03
82.04
82.05
82.05
82.03
82.01
81.97
81.95
81.95
81.94
81.93
81.94
81.95
81.95
81.92
81.93
81.93
81.96
81.94
81.95
81.95
81.97
81.94
81.96
81.95
81.96
81.96
81.97
81.95
81.96
81.96
81.96
81.97
81.99
81.99
81.98
81.96
81.95
81.93
81.94
81.94
81.94
81.94
81.93
81.95
81.95
81.95
81.93
81.92
81.91
81.90
81.91
81.92
81.93
81.94
81.94
81.93
81.94
81.97
81.99
81.96
81.95
81.95
81.95
81.95
81.96
81.98
81.99
81.99
81.98
81.99
81.95
81.97
81.99
82.00
81.97
82.00
82.01
82.02
82.03
82.03
82.01
82.00
82.01
82.02
82.03
82.03
82.03
82.02
82.01
82.02
82.02
82.00
81.99
82.00
82.01
82.01
82.01
82.03
82.04
82.04
82.05
82.03
82.02
82.02
82.01
82.00
82.00
81.98
82.00
82.00
82.01
82.00
82.01
82.02
82.02
82.01
82.02
82.02
82.04
82.03
82.02
82.04
82.04
82.05
82.06
82.08
82.09
82.10
82.09
82.10
82.10
82.09
82.08
82.08
82.10
82.08
82.09
82.09
82.09
82.10
82.08
82.07
82.07
82.08
82.08
82.07
82.08
82.10
82.09
82.09
82.08
82.09
82.10
82.10
82.10
82.09
82.09
82.08
82.09
82.09
82.09
82.09
82.09
82.08
82.09
82.09
82.11
82.12
82.12
82.13
82.14
82.14
82.15
82.13
82.15
82.15
82.14
82.13
82.11
82.12
82.12
82.12
82.11
82.12
82.13
82.12
82.13
82.13
82.12
82.11
82.10
82.08
82.07
82.08
82.08
82.09
82.09
82.10
82.09
82.10
82.09
82.10
82.10
82.10
82.08
82.08
82.08
82.10
82.11
82.11
82.10
82.11
82.10
82.11
82.11
82.11
82.12
82.12
82.11
82.09
82.09
82.10
82.10
82.11
82.12
82.11
82.12
82.12
82.12
82.13
82.14
82.12
82.12
82.13
82.13
82.12
82.11
82.11
82.11
82.13
82.12
82.11
82.12
82.11
82.11
82.09
82.10
82.10
82.09
82.08
82.09
82.10
82.10
82.10
82.08
82.07
82.07
82.06
82.07
82.04
82.05
82.05
82.05
82.04
82.03
82.04
82.05
82.06
82.05
82.05
82.05
82.05
82.05
82.07
82.06
82.06
82.06
82.07
82.06
82.07
82.06
82.06
82.06
82.07
82.06
82.05
82.05
82.03
82.03
82.03
82.02
82.03
82.03
82.03
82.02
82.02
82.03
82.02
82.02
82.04
82.03
82.04
82.05
82.05
82.04
82.04
82.04
82.03
82.03
82.04
82.04
82.05
82.07
82.06
82.05
82.05
82.06
82.06
82.05
82.04
82.04
82.04
82.03
82.01
82.01
82.01
82.01
82.01
82.01
82.01
82.01
82.00
82.00
82.00
82.01
82.01
82.00
82.00
82.00
82.01
82.02
82.02
82.02
82.02
82.03
82.02
82.02
82.02
82.03
82.04
82.02
82.01
82.01
82.01
82.00
82.00
82.00
82.01
81.99
82.00
82.00
82.00
82.00
82.00
82.00
82.00
81.99
82.00
82.00
82.01
82.01
82.02
82.02
82.03
82.03
82.04
82.04
82.05
82.04
82.04
82.03
82.03
82.01
82.01
82.02
82.01
82.01
82.00
82.01
82.02
82.01
81.99
82.00
81.99
82.00
81.99
81.99
82.00
82.00
82.00
81.99
82.00
81.99
81.99
81.99
82.00
82.00
82.01
82.01
82.02
82.01
82.02
82.02
82.02
82.01
82.01
82.01
82.01
82.00
82.00
81.99
81.99
81.98
81.99
81.98
81.99
81.99
81.99
82.00
82.01
82.01
82.00
82.00
82.00
82.00
81.99
81.99
81.98
81.99
81.97
81.96
81.96
81.95
81.96
81.96
81.96
81.96
81.95
81.95
81.95
81.94
81.94
81.95
81.95
81.94
81.95
81.95
81.96
81.96
81.96
81.95
81.95
81.95
81.95
81.96
81.96
81.95
81.94
81.95
81.95
81.95
81.95
81.94
81.94
81.94
81.95
81.95
81.95
81.95
81.95
81.94
81.94
81.95
81.94
81.94
81.93
81.94
81.94
81.94
81.95
81.95
81.94
81.95
81.95
81.96
81.95
81.95
81.95
81.95
81.95
81.95
81.94
81.93
81.93
81.94
81.94
81.94
81.94
81.87
