9.38
5.47
5.21
4.30
3.44
3.39
3.12
3.52
3.47
3.91
3.84
4.04
3.97
3.91
3.85
3.81
3.77
3.65
3.70
3.67
3.72
3.69
3.74
3.71
3.87
3.79
3.70
3.79
3.83
3.91
3.93
3.91
3.93
3.91
3.93
3.82
3.93
3.87
3.85
3.83
3.85
3.87
3.85
3.84
3.85
3.87
3.79
3.71
3.73
3.72
3.68
3.64
3.57
3.56
3.49
3.49
3.43
3.42
3.39
3.36
3.36
3.35
3.32
3.39
3.41
3.41
3.38
3.38
3.40
3.37
3.37
3.39
3.42
3.44
3.40
3.45
3.47
3.47
3.44
3.46
3.47
3.47
3.43
3.44
3.49
3.54
3.56
3.57
3.56
3.58
3.57
3.55
3.55
3.52
3.52
3.55
3.53
3.56
3.55
3.53
3.54
3.51
3.47
3.46
3.47
3.45
3.45
3.46
3.47
3.51
3.49
3.47
3.48
3.48
3.48
3.49
3.50
3.50
3.51
3.49
3.49
3.51
3.49
3.48
3.49
3.50
3.51
3.50
3.50
3.51
3.49
3.52
3.51
3.54
3.54
3.55
3.56
3.57
3.59
3.58
3.58
3.58
3.56
3.58
3.59
3.57
3.57
3.57
3.57
3.56
3.55
3.54
3.51
3.49
3.49
3.48
3.50
3.50
3.50
3.49
3.48
3.48
3.48
3.49
3.48
3.46
3.46
3.49
3.49
3.47
3.48
3.48
3.47
3.46
3.46
3.47
3.48
3.48
3.50
3.51
3.50
3.50
3.50
3.49
3.50
3.52
3.53
3.52
3.52
3.54
3.55
3.56
3.56
3.55
3.54
3.53
3.53
3.54
3.55
3.55
3.54
3.56
3.57
3.59
3.61
3.61
3.62
3.61
3.63
3.63
3.66
3.65
3.65
3.66
3.67
3.68
3.69
3.70
3.68
3.70
3.70
3.69
3.68
3.67
3.67
3.66
3.66
3.66
3.66
3.65
3.65
3.65
3.65
3.64
3.65
3.66
3.67
3.69
3.67
3.67
3.66
3.65
3.67
3.66
3.65
3.66
3.66
3.65
3.66
3.67
3.67
3.65
3.65
3.65
3.66
3.66
3.64
3.64
3.65
3.65
3.65
3.63
3.64
3.65
3.66
3.65
3.65
3.64
3.64
3.66
3.66
3.68
3.67
3.67
3.68
3.67
3.68
3.69
3.69
3.68
3.68
3.67
3.67
3.66
3.66
3.65
3.64
3.66
3.67
3.66
3.66
3.66
3.66
3.65
3.64
3.64
3.64
3.65
3.64
3.65
3.64
3.63
3.63
3.62
3.63
3.63
3.61
3.62
3.61
3.60
3.60
3.59
3.60
3.59
3.60
3.59
3.60
3.59
3.59
3.59
3.59
3.59
3.59
3.59
3.60
3.60
3.60
3.59
3.59
3.59
3.60
3.59
3.60
3.61
3.61
3.61
3.62
3.61
3.61
3.61
3.62
3.61
3.61
3.61
3.61
3.61
3.61
3.61
3.60
3.60
3.60
3.61
3.60
3.61
3.62
3.62
3.62
3.61
3.61
3.61
3.63
3.63
3.62
3.62
3.62
3.62
3.62
3.63
3.62
3.63
3.63
3.63
3.63
3.63
3.62
3.62
3.63
3.63
3.64
3.64
3.65
3.65
3.64
3.64
3.64
3.63
3.63
3.62
3.63
3.63
3.63
3.63
3.64
3.64
3.64
3.64
3.64
3.64
3.63
3.64
3.64
3.64
3.64
3.65
3.65
3.64
3.64
3.64
3.64
3.63
3.63
3.63
3.63
3.63
3.63
3.62
3.61
3.61
3.61
3.62
3.61
3.61
3.61
3.61
3.61
3.61
3.60
3.60
3.60
3.59
3.59
3.59
3.59
3.59
3.58
3.58
3.57
3.57
3.57
3.58
3.59
3.59
3.59
3.60
3.60
3.59
3.60
3.60
3.60
3.60
3.61
3.61
3.61
3.61
3.62
3.62
3.62
3.62
3.62
3.61
3.61
3.60
3.60
3.61
3.60
3.60
3.60
3.60
3.60
3.60
3.60
3.60
3.60
3.61
3.62
3.62
3.63
3.63
3.62
3.62
3.62
3.62
3.63
3.62
3.62
3.62
3.62
3.62
3.62
3.62
3.61
3.61
3.61
3.61
3.60
3.60
3.60
3.61
3.60
3.61
3.61
3.61
3.61
3.62
3.61
3.62
3.62
3.61
3.62
3.62
3.62
3.63
3.62
3.62
3.63
3.63
3.62
3.62
3.62
3.61
3.62
3.63
3.63
3.63
3.62
3.62
3.61
3.61
3.62
3.62
3.62
3.62
3.62
3.62
3.62
3.62
3.63
3.62
3.62
3.62
3.63
3.63
3.63
3.63
3.63
3.63
3.63
3.63
3.62
3.62
3.62
3.62
3.62
3.62
3.61
3.61
3.62
3.62
3.63
3.63
3.62
3.62
3.62
3.62
3.62
3.62
3.62
3.61
3.61
3.61
3.62
3.61
3.61
3.61
3.62
3.62
3.63
3.63
3.63
3.63
3.64
3.63
3.63
3.63
3.63
3.63
3.63
3.63
3.63
3.62
3.62
3.62
3.62
3.62
3.61
3.61
3.61
3.61
3.60
3.60
3.61
3.60
3.60
3.61
3.61
3.60
3.61
3.62
3.61
3.62
3.62
3.62
3.62
3.61
3.61
3.61
3.61
3.61
3.61
3.61
3.61
3.61
3.60
3.61
3.61
3.61
3.61
3.62
3.61
3.62
3.61
3.61
3.62
3.61
3.61
3.61
3.62
3.61
3.62
3.62
3.61
3.61
3.61
3.60
3.60
3.60
3.59
3.59
3.58
3.59
3.59
3.60
3.60
3.60
3.60
3.60
3.59
3.59
3.58
3.58
3.57
3.58
3.58
3.58
3.59
3.59
3.59
3.59
3.59
3.59
3.58
3.59
3.58
3.59
3.58
3.59
3.59
3.59
3.59
3.59
3.59
3.59
3.59
3.59
3.59
3.59
3.58
3.58
3.57
3.58
3.57
3.57
3.57
3.57
3.57
3.57
3.57
3.56
3.56
3.56
3.56
3.56
3.57
3.56
3.57
3.57
3.57
3.57
3.57
3.57
3.57
3.57
3.57
3.57
3.57
3.57
3.57
3.58
3.57
3.57
3.58
3.58
3.58
3.58
3.58
3.59
3.59
3.58
3.58
3.58
3.58
3.58
3.58
3.58
3.58
3.58
3.58
3.58
3.58
3.58
3.58
3.58
3.58
3.58
3.59
3.59
3.59
3.59
3.58
3.58
3.58
3.58
3.58
3.59
3.59
3.59
3.59
3.59
3.59
3.58
3.58
3.58
3.58
3.58
3.58
3.58
3.58
3.58
3.58
3.59
3.58
3.58
3.58
3.58
3.58
3.58
3.58
3.58
3.58
3.57
3.58
3.58
