15.62
19.53
20.31
25.39
28.12
28.91
29.02
29.49
29.17
28.59
28.98
29.43
30.29
29.46
30.21
30.18
30.42
29.77
29.61
29.37
29.09
28.91
29.14
28.97
29.00
29.09
29.22
29.35
29.04
29.01
29.23
29.10
29.21
29.04
29.06
29.34
29.56
29.56
29.65
29.77
29.69
29.46
29.47
29.47
29.55
29.52
29.45
29.33
29.30
29.22
29.04
29.12
29.13
29.20
28.98
28.85
28.81
28.85
28.87
28.85
28.79
28.76
28.72
28.61
28.61
28.69
28.64
28.72
28.62
28.59
28.70
28.54
28.57
28.48
28.69
28.66
28.71
28.73
28.76
28.67
28.70
28.83
28.82
28.81
28.71
28.67
28.56
28.59
28.58
28.70
28.74
28.63
28.61
28.47
28.47
28.35
28.40
28.48
28.60
28.64
28.64
28.68
28.73
28.70
28.59
28.57
28.50
28.41
28.43
28.49
28.32
28.31
28.37
28.36
28.33
28.35
28.34
28.32
28.27
28.35
28.34
28.29
28.23
28.20
28.23
28.17
28.15
28.16
28.21
28.17
28.32
28.33
28.37
28.37
28.39
28.41
28.46
28.50
28.45
28.49
28.57
28.61
28.63
28.59
28.57
28.56
28.52
28.55
28.48
28.49
28.53
28.54
28.52
28.50
28.47
28.44
28.41
28.44
28.44
28.47
28.52
28.55
28.48
28.45
28.46
28.45
28.43
28.44
28.38
28.31
28.31
28.30
28.26
28.24
28.31
28.27
28.26
28.28
28.29
28.31
28.30
28.28
28.31
28.26
28.29
28.28
28.29
28.30
28.32
28.31
28.32
28.37
28.35
28.37
28.34
28.29
28.31
28.30
28.28
28.28
28.27
28.30
28.29
28.31
28.29
28.30
28.27
28.18
28.20
28.18
28.20
28.25
28.28
28.23
28.21
28.20
28.20
28.20
28.20
28.20
28.15
28.12
28.08
28.06
28.05
28.04
28.04
27.99
27.99
28.00
27.96
27.98
27.96
27.93
27.94
27.95
27.97
27.96
27.97
27.99
28.01
28.02
28.00
27.98
27.98
27.98
27.99
27.98
27.98
27.99
28.02
27.99
28.00
27.98
28.02
28.02
28.00
28.02
28.02
28.01
28.05
28.06
28.07
28.04
28.04
28.03
28.02
28.02
28.06
28.05
28.01
27.98
28.00
27.99
27.97
27.94
27.92
27.89
27.93
27.91
27.92
27.93
27.91
27.90
27.88
27.82
27.83
27.85
27.87
27.90
27.90
27.92
27.91
27.90
27.92
27.91
27.88
27.89
27.90
27.91
27.90
27.92
27.90
27.93
27.94
27.93
27.93
27.96
27.97
27.96
27.96
27.99
27.97
27.97
27.97
27.98
28.02
28.04
28.06
28.05
28.05
28.05
28.06
28.05
28.05
28.06
28.07
28.08
28.11
28.08
28.07
28.08
28.07
28.06
28.05
28.04
28.03
28.01
28.00
27.99
27.99
28.00
28.00
27.98
27.99
27.98
27.96
27.92
27.92
27.93
27.92
27.91
27.89
27.89
27.88
27.87
27.90
27.91
27.92
27.93
27.91
27.93
27.91
27.91
27.90
27.90
27.93
27.92
27.91
27.89
27.88
27.89
27.88
27.87
27.88
27.90
27.93
27.91
27.91
27.89
27.90
27.89
27.90
27.89
27.87
27.88
27.89
27.92
27.94
27.95
27.93
27.94
27.92
27.92
27.92
27.91
27.89
27.91
27.89
27.86
27.86
27.86
27.88
27.86
27.84
27.82
27.82
27.82
27.81
27.80
27.82
27.80
27.80
27.81
27.82
27.82
27.84
27.84
27.85
27.86
27.87
27.87
27.87
27.88
27.89
27.88
27.89
27.89
27.88
27.92
27.94
27.94
27.95
27.95
27.93
27.95
27.93
27.91
27.93
27.93
27.93
27.94
27.95
27.96
27.97
27.99
28.01
28.01
28.01
28.02
28.02
28.01
28.02
28.03
28.03
28.02
28.03
28.03
28.02
28.01
28.02
28.03
28.04
28.06
28.06
28.05
28.03
28.04
28.04
28.05
28.06
28.04
28.03
28.02
28.02
28.03
28.02
28.03
28.04
28.05
28.04
28.03
28.04
28.03
28.04
28.03
28.04
28.03
28.05
28.06
28.06
28.06
28.07
28.05
28.04
28.02
28.03
28.05
28.05
28.04
28.03
28.03
28.05
28.05
28.05
28.05
28.06
28.05
28.05
28.04
28.06
28.05
28.06
28.06
28.06
28.06
28.05
28.05
28.06
28.07
28.07
28.05
28.05
28.08
28.08
28.10
28.12
28.12
28.12
28.10
28.10
28.10
28.11
28.11
28.10
28.09
28.08
28.09
28.10
28.11
28.11
28.12
28.11
28.11
28.13
28.14
28.15
28.15
28.16
28.15
28.13
28.13
28.13
28.13
28.12
28.11
28.12
28.13
28.13
28.14
28.14
28.15
28.14
28.16
28.14
28.13
28.14
28.15
28.17
28.17
28.18
28.18
28.18
28.17
28.16
28.16
28.17
28.16
28.16
28.16
28.16
28.16
28.16
28.16
28.17
28.16
28.16
28.16
28.16
28.16
28.16
28.17
28.19
28.19
28.18
28.18
28.17
28.19
28.20
28.21
28.20
28.23
28.23
28.24
28.26
28.26
28.26
28.25
28.25
28.26
28.26
28.24
28.23
28.25
28.25
28.25
28.25
28.25
28.25
28.26
28.26
28.25
28.27
28.26
28.27
28.26
28.27
28.27
28.28
28.29
28.30
28.31
28.31
28.31
28.31
28.31
28.30
28.30
28.30
28.31
28.32
28.32
28.31
28.32
28.32
28.31
28.31
28.31
28.33
28.32
28.34
28.34
28.32
28.33
28.33
28.35
28.34
28.36
28.36
28.35
28.33
28.33
28.33
28.34
28.31
28.31
28.31
28.30
28.30
28.30
28.30
28.30
28.31
28.31
28.32
28.32
28.31
28.32
28.33
28.33
28.33
28.34
28.33
28.34
28.35
28.34
28.33
28.34
28.34
28.33
28.33
28.33
28.33
28.33
28.32
28.31
28.34
28.34
28.34
28.34
28.35
28.35
28.34
28.33
28.33
28.32
28.33
28.33
28.34
28.34
28.34
28.33
28.31
28.31
28.31
28.31
28.32
28.32
28.31
28.31
28.31
28.31
28.31
28.32
28.31
28.30
28.30
28.31
28.31
28.31
28.32
28.32
28.32
28.31
28.30
28.31
28.32
28.32
28.32
28.33
28.32
28.32
28.31
28.31
28.31
28.32
28.32
28.32
28.33
28.32
28.31
28.32
28.32
28.32
28.31
28.31
28.30
28.30
28.31
28.30
28.31
28.31
28.31
28.31
28.31
28.31
28.31
28.30
28.30
28.29
28.29
28.28
28.27
28.27
28.27
28.26
28.27
28.27
28.26
28.26
28.26
28.24
