7.81
4.69
5.21
5.08
5.00
5.21
5.13
4.88
4.34
4.22
4.26
4.30
4.45
4.35
4.27
4.30
4.14
4.25
4.36
4.30
4.32
4.33
4.14
4.10
4.06
4.03
3.99
3.85
3.77
3.85
4.03
4.00
3.88
3.77
3.79
3.86
3.89
3.82
3.85
3.87
3.89
3.87
3.89
3.91
3.89
3.94
3.99
3.94
3.95
4.03
4.01
4.06
4.10
4.14
4.06
4.07
4.00
3.93
3.95
3.96
3.94
3.93
3.89
3.91
3.89
3.88
3.89
3.93
3.94
3.93
3.96
4.01
4.00
3.99
3.98
3.97
3.92
3.93
3.94
3.91
3.94
3.96
3.93
3.92
3.92
3.89
3.90
3.92
3.93
3.96
4.00
4.01
4.05
4.01
4.01
4.02
4.09
4.10
4.10
4.08
4.04
4.06
4.05
4.03
4.00
3.99
3.99
3.98
3.97
4.01
4.03
4.00
4.00
3.96
3.94
3.93
3.94
3.92
3.89
3.89
3.87
3.92
3.93
3.89
3.90
3.92
3.94
3.92
3.90
3.89
3.88
3.86
3.88
3.87
3.87
3.86
3.84
3.82
3.81
3.81
3.80
3.83
3.81
3.82
3.81
3.81
3.78
3.77
3.76
3.75
3.74
3.74
3.74
3.73
3.71
3.71
3.71
3.71
3.71
3.75
3.75
3.74
3.75
3.74
3.73
3.73
3.74
3.75
3.74
3.73
3.76
3.77
3.75
3.77
3.75
3.75
3.78
3.79
3.78
3.78
3.78
3.77
3.76
3.79
3.78
3.76
3.74
3.72
3.73
3.71
3.71
3.71
3.72
3.71
3.70
3.69
3.67
3.68
3.66
3.66
3.68
3.67
3.66
3.68
3.67
3.68
3.67
3.67
3.68
3.67
3.66
3.66
3.66
3.66
3.66
3.66
3.67
3.66
3.65
3.66
3.66
3.65
3.65
3.65
3.64
3.63
3.62
3.62
3.61
3.61
3.61
3.62
3.64
3.63
3.62
3.63
3.63
3.63
3.62
3.62
3.60
3.61
3.61
3.62
3.62
3.63
3.62
3.63
3.63
3.61
3.63
3.63
3.63
3.62
3.60
3.60
3.60
3.60
3.60
3.61
3.62
3.61
3.60
3.61
3.60
3.60
3.62
3.61
3.62
3.65
3.64
3.63
3.63
3.64
3.64
3.63
3.63
3.64
3.65
3.65
3.65
3.66
3.65
3.65
3.64
3.64
3.65
3.66
3.66
3.66
3.66
3.65
3.66
3.66
3.65
3.65
3.65
3.64
3.66
3.65
3.64
3.64
3.63
3.63
3.63
3.62
3.62
3.62
3.62
3.60
3.61
3.62
3.61
3.62
3.62
3.62
3.62
3.62
3.61
3.62
3.62
3.62
3.61
3.62
3.61
3.62
3.62
3.63
3.63
3.63
3.62
3.62
3.65
3.66
3.67
3.67
3.66
3.67
3.67
3.67
3.66
3.65
3.65
3.67
3.68
3.68
3.68
3.67
3.68
3.67
3.66
3.66
3.65
3.64
3.63
3.63
3.64
3.63
3.63
3.63
3.63
3.63
3.64
3.64
3.63
3.63
3.65
3.65
3.64
3.64
3.63
3.63
3.62
3.64
3.64
3.63
3.63
3.64
3.63
3.62
3.63
3.62
3.62
3.62
3.62
3.62
3.64
3.65
3.64
3.65
3.64
3.64
3.65
3.65
3.66
3.65
3.66
3.65
3.65
3.65
3.65
3.64
3.63
3.63
3.63
3.63
3.64
3.64
3.64
3.64
3.65
3.65
3.65
3.66
3.67
3.68
3.68
3.68
3.68
3.68
3.68
3.68
3.68
3.69
3.68
3.68
3.68
3.68
3.68
3.70
3.70
3.70
3.70
3.70
3.71
3.71
3.71
3.70
3.71
3.70
3.70
3.70
3.70
3.70
3.70
3.69
3.69
3.70
3.71
3.72
3.73
3.73
3.73
3.73
3.72
3.72
3.72
3.72
3.72
3.72
3.72
3.72
3.72
3.72
3.71
3.72
3.71
3.71
3.71
3.70
3.70
3.69
3.70
3.71
3.71
3.72
3.71
3.71
3.71
3.71
3.72
3.71
3.71
3.71
3.71
3.71
3.71
3.71
3.71
3.71
3.71
3.72
3.73
3.74
3.73
3.73
3.73
3.74
3.74
3.74
3.75
3.75
3.75
3.75
3.74
3.75
3.75
3.75
3.76
3.77
3.76
3.75
3.75
3.75
3.74
3.74
3.74
3.75
3.75
3.74
3.74
3.74
3.73
3.73
3.72
3.72
3.71
3.71
3.71
3.71
3.71
3.70
3.70
3.70
3.70
3.70
3.70
3.71
3.70
3.70
3.70
3.70
3.70
3.71
3.72
3.71
3.71
3.71
3.71
3.71
3.70
3.70
3.70
3.70
3.69
3.70
3.70
3.70
3.70
3.70
3.70
3.69
3.69
3.69
3.69
3.70
3.70
3.70
3.70
3.71
3.70
3.70
3.70
3.70
3.70
3.69
3.69
3.69
3.69
3.69
3.69
3.69
3.69
3.69
3.69
3.69
3.69
3.69
3.70
3.69
3.69
3.69
3.68
3.69
3.69
3.69
3.69
3.69
3.69
3.69
3.69
3.69
3.68
3.69
3.69
3.69
3.69
3.69
3.68
3.69
3.69
3.69
3.69
3.68
3.68
3.68
3.68
3.69
3.69
3.69
3.69
3.70
3.70
3.71
3.70
3.70
3.71
3.71
3.71
3.71
3.71
3.70
3.70
3.70
3.70
3.69
3.69
3.69
3.69
3.69
3.69
3.68
3.68
3.68
3.68
3.68
3.67
3.67
3.67
3.66
3.67
3.66
3.66
3.66
3.66
3.66
3.66
3.66
3.66
3.67
3.67
3.67
3.67
3.67
3.67
3.66
3.66
3.66
3.66
3.66
3.66
3.66
3.66
3.66
3.66
3.66
3.66
3.66
3.66
3.66
3.68
3.68
3.68
3.68
3.68
3.68
3.68
3.69
3.69
3.69
3.69
3.69
3.70
3.70
3.70
3.70
3.70
3.70
3.70
3.70
3.71
3.71
3.70
3.71
3.71
3.71
3.72
3.72
3.72
3.72
3.72
3.73
3.73
3.73
3.73
3.73
3.73
3.73
3.73
3.73
3.73
3.73
3.73
3.73
3.73
3.73
3.72
3.73
3.73
3.73
3.74
3.74
3.73
3.73
3.74
3.74
3.75
3.74
3.74
3.74
3.75
3.75
3.75
3.75
3.74
3.74
3.74
3.75
3.75
3.75
3.75
3.75
3.75
3.75
3.75
3.75
3.75
3.75
3.75
3.74
3.74
3.74
3.73
3.73
3.73
3.73
3.74
3.73
3.73
3.74
3.74
3.74
3.73
3.74
3.73
3.73
3.73
3.73
3.73
3.72
3.73
3.72
