0.00
0.78
0.52
0.78
0.62
0.52
0.67
0.59
0.69
0.94
0.99
0.91
0.84
1.00
1.04
1.07
1.01
0.95
0.90
0.94
0.89
0.85
0.82
0.85
0.88
0.90
0.93
0.95
0.92
0.89
0.91
0.93
1.09
1.06
1.07
1.09
1.06
1.11
1.08
1.09
1.11
1.08
1.05
1.03
1.01
0.99
0.96
0.94
0.92
0.91
0.95
0.93
0.94
0.98
1.02
1.00
1.04
1.02
1.01
0.99
0.97
1.01
0.99
0.98
0.96
0.97
0.96
0.99
0.97
0.96
0.97
0.95
0.94
0.95
0.94
0.99
0.97
0.98
0.99
1.02
1.00
0.99
1.00
0.99
0.97
0.96
0.95
0.94
0.93
0.92
0.93
0.95
0.94
0.93
0.92
0.91
0.92
0.92
0.92
0.91
0.90
0.89
0.88
0.90
0.89
0.88
0.89
0.90
0.89
0.88
0.89
0.88
0.87
0.88
0.88
0.89
0.89
0.89
0.91
0.91
0.90
0.91
0.91
0.93
0.94
0.95
0.96
0.98
0.98
0.97
0.99
0.98
0.98
0.98
0.97
0.97
0.97
0.97
0.98
0.98
0.98
0.97
0.96
0.97
0.97
0.96
0.96
0.96
0.95
0.95
0.95
0.95
0.94
0.95
0.95
0.94
0.94
0.94
0.93
0.94
0.94
0.95
0.96
0.95
0.96
0.95
0.95
0.96
0.96
0.96
0.95
0.95
0.95
0.94
0.94
0.93
0.93
0.93
0.93
0.94
0.93
0.94
0.95
0.94
0.95
0.96
0.95
0.95
0.94
0.95
0.94
0.94
0.96
0.95
0.95
0.96
0.96
0.95
0.95
0.95
0.96
0.97
0.97
0.97
0.97
0.96
0.97
0.96
0.97
0.98
0.98
0.97
0.97
0.96
0.96
0.95
0.95
0.95
0.95
0.94
0.95
0.94
0.95
0.96
0.96
0.95
0.95
0.95
0.94
0.94
0.95
0.95
0.96
0.95
0.96
0.95
0.97
0.97
0.96
0.96
0.96
0.96
0.95
0.95
0.94
0.95
0.95
0.95
0.95
0.94
0.94
0.94
0.93
0.93
0.93
0.93
0.94
0.94
0.94
0.94
0.93
0.94
0.94
0.94
0.94
0.94
0.94
0.94
0.94
0.94
0.95
0.95
0.95
0.95
0.95
0.95
0.95
0.95
0.95
0.95
0.95
0.95
0.95
0.95
0.95
0.96
0.95
0.95
0.95
0.95
0.95
0.95
0.94
0.94
0.94
0.94
0.94
0.94
0.94
0.94
0.93
0.94
0.93
0.94
0.93
0.93
0.93
0.94
0.94
0.95
0.95
0.95
0.95
0.95
0.95
0.95
0.95
0.94
0.94
0.94
0.93
0.94
0.93
0.94
0.93
0.93
0.93
0.93
0.93
0.92
0.92
0.92
0.92
0.92
0.91
0.92
0.91
0.91
0.91
0.91
0.91
0.91
0.91
0.90
0.90
0.91
0.91
0.91
0.91
0.91
0.91
0.91
0.92
0.91
0.92
0.91
0.91
0.91
0.91
0.91
0.91
0.92
0.91
0.91
0.92
0.91
0.91
0.91
0.91
0.90
0.91
0.91
0.90
0.90
0.90
0.90
0.90
0.90
0.90
0.90
0.89
0.89
0.89
0.89
0.89
0.89
0.89
0.89
0.89
0.89
0.89
0.90
0.90
0.90
0.90
0.90
0.90
0.90
0.90
0.91
0.90
0.91
0.90
0.92
0.92
0.92
0.92
0.92
0.92
0.92
0.93
0.93
0.92
0.92
0.92
0.92
0.93
0.92
0.92
0.93
0.93
0.93
0.93
0.93
0.93
0.93
0.93
0.93
0.93
0.93
0.93
0.93
0.93
0.93
0.93
0.92
0.92
0.93
0.93
0.93
0.94
0.94
0.94
0.94
0.93
0.94
0.93
0.93
0.93
0.94
0.94
0.94
0.95
0.95
0.95
0.96
0.97
0.97
0.97
0.97
0.97
0.97
0.97
0.97
0.97
0.97
0.97
0.97
0.97
0.97
0.97
0.97
0.96
0.96
0.96
0.96
0.96
0.96
0.96
0.96
0.96
0.97
0.97
0.97
0.97
0.97
0.97
0.97
0.96
0.96
0.96
0.97
0.97
0.96
0.96
0.96
0.96
0.97
0.97
0.97
0.97
0.97
0.97
0.97
0.97
0.97
0.97
0.97
0.97
0.97
0.97
0.96
0.97
0.96
0.96
0.96
0.96
0.96
0.96
0.96
0.96
0.95
0.96
0.95
0.95
0.96
0.96
0.96
0.96
0.96
0.96
0.96
0.96
0.96
0.97
0.97
0.97
0.97
0.97
0.97
0.97
0.97
0.97
0.97
0.97
0.97
0.97
0.97
0.97
0.97
0.97
0.97
0.97
0.97
0.97
0.97
0.97
0.97
0.97
0.97
0.97
0.97
0.97
0.96
0.97
0.97
0.96
0.96
0.96
0.96
0.97
0.97
0.97
0.97
0.98
0.98
0.98
0.98
0.98
0.98
0.98
0.97
0.97
0.98
0.97
0.97
0.97
0.98
0.98
0.98
0.98
0.98
0.97
0.98
0.98
0.98
0.97
0.97
0.97
0.97
0.97
0.97
0.97
0.97
0.97
0.97
0.97
0.97
0.97
0.98
0.98
0.98
0.98
0.98
0.98
0.98
0.98
0.98
0.98
0.98
0.98
0.98
0.98
0.98
0.98
0.98
0.98
0.98
0.98
0.98
0.98
0.97
0.97
0.97
0.97
0.97
0.97
0.98
0.98
0.98
0.98
0.98
0.98
0.98
0.97
0.98
0.98
0.98
0.98
0.98
0.98
0.98
0.97
0.97
0.97
0.97
0.98
0.97
0.97
0.97
0.97
0.97
0.97
0.97
0.97
0.97
0.97
0.96
0.96
0.96
0.96
0.96
0.96
0.96
0.96
0.96
0.96
0.96
0.96
0.96
0.96
0.96
0.96
0.96
0.96
0.96
0.96
0.96
0.96
0.96
0.95
0.95
0.95
0.95
0.95
0.95
0.95
0.95
0.95
0.95
0.95
0.95
0.95
0.95
0.95
0.95
0.95
0.95
0.95
0.96
0.95
0.95
0.95
0.96
0.95
0.96
0.95
0.96
0.96
0.96
0.96
0.96
0.96
0.96
0.96
0.96
0.96
0.96
0.96
0.96
0.96
0.95
0.96
0.96
0.95
0.95
0.95
0.95
0.95
0.95
0.95
0.95
0.95
0.95
0.94
0.94
0.95
0.95
0.95
0.95
0.95
0.95
0.95
0.95
0.95
0.95
0.95
0.95
0.95
0.95
0.95
0.95
0.95
0.95
0.95
0.95
0.95
0.95
0.95
0.95
0.95
0.96
0.95
0.95
0.96
0.95
0.95
0.95
0.95
0.95
0.95
0.95
