43.75
41.41
42.71
41.41
39.06
36.72
37.50
37.89
37.15
35.62
35.80
36.46
36.30
36.27
35.83
35.74
34.93
35.07
35.20
35.31
35.12
35.09
35.46
35.22
35.12
34.98
34.72
34.82
35.18
35.00
35.08
35.35
35.23
35.16
35.00
35.07
35.09
35.03
34.98
35.08
35.37
35.31
35.28
35.37
35.38
35.46
35.47
35.71
35.71
35.47
35.42
35.43
35.61
35.62
35.71
35.69
35.66
35.64
35.70
35.52
35.48
35.43
35.47
35.67
35.67
35.54
35.54
35.55
35.67
35.71
35.50
35.50
35.55
35.56
35.67
35.67
35.69
35.68
35.66
35.66
35.71
35.63
35.62
35.70
35.61
35.68
35.67
35.72
35.73
35.61
35.65
35.61
35.60
35.61
35.69
35.73
35.73
35.71
35.72
35.75
35.86
35.94
35.92
35.92
35.86
35.83
35.91
35.91
35.82
35.84
35.87
35.92
35.94
35.90
35.99
35.94
35.95
35.87
35.94
35.95
35.95
35.94
35.99
35.96
36.00
36.00
36.09
36.11
36.09
36.11
36.07
36.00
35.96
36.02
36.06
36.01
36.04
36.11
36.09
36.10
36.13
36.03
36.05
36.07
36.08
36.11
36.11
36.06
36.09
36.15
36.18
36.12
36.02
36.04
36.05
36.07
36.09
36.16
36.14
36.09
36.08
36.13
36.12
36.10
36.12
36.11
36.13
36.14
36.15
36.18
36.21
36.28
36.23
36.15
36.13
36.16
36.17
36.12
36.12
36.15
36.19
36.18
36.23
36.29
36.30
36.27
36.28
36.23
36.24
36.23
36.22
36.18
36.11
36.08
36.09
36.10
36.11
36.13
36.23
36.23
36.17
36.16
36.17
36.17
36.18
36.17
36.17
36.23
36.22
36.19
36.18
36.21
36.17
36.21
36.21
36.21
36.23
36.22
36.22
36.26
36.26
36.29
36.27
36.24
36.26
36.23
36.24
36.19
36.18
36.16
36.15
36.17
36.17
36.18
36.20
36.18
36.17
36.19
36.18
36.22
36.21
36.20
36.19
36.20
36.19
36.22
36.23
36.23
36.23
36.22
36.22
36.23
36.23
36.23
36.19
36.19
36.17
36.23
36.25
36.26
36.26
36.27
36.29
36.30
36.31
36.30
36.32
36.31
36.30
36.31
36.31
36.31
36.34
36.37
36.39
36.37
36.41
36.45
36.48
36.51
36.50
36.51
36.55
36.56
36.55
36.53
36.54
36.51
36.52
36.49
36.49
36.46
36.45
36.43
36.41
36.40
36.38
36.40
36.36
36.35
36.34
36.32
36.33
36.32
36.30
36.29
36.29
36.30
36.29
36.30
36.30
36.28
36.33
36.34
36.36
36.39
36.40
36.37
36.39
36.37
36.35
36.37
36.40
36.41
36.38
36.42
36.42
36.43
36.43
36.47
36.46
36.49
36.47
36.45
36.46
36.50
36.49
36.53
36.51
36.51
36.51
36.53
36.54
36.57
36.59
36.61
36.63
36.60
36.61
36.62
36.61
36.63
36.61
36.61
36.59
36.61
36.60
36.59
36.60
36.62
36.63
36.64
36.64
36.62
36.62
36.65
36.67
36.68
36.67
36.66
36.65
36.64
36.62
36.61
36.61
36.61
36.60
36.62
36.63
36.62
36.61
36.62
36.64
36.66
36.65
36.66
36.66
36.67
36.69
36.68
36.65
36.65
36.64
36.61
36.61
36.64
36.64
36.65
36.65
36.63
36.61
36.60
36.64
36.63
36.64
36.62
36.64
36.64
36.66
36.64
36.66
36.64
36.65
36.67
36.67
36.65
36.67
36.68
36.66
36.68
36.67
36.66
36.65
36.66
36.65
36.63
36.63
36.62
36.61
36.63
36.63
36.64
36.64
36.66
36.65
36.65
36.63
36.64
36.66
36.65
36.65
36.67
36.67
36.67
36.66
36.64
36.64
36.63
36.62
36.63
36.63
36.63
36.65
36.67
36.67
36.67
36.69
36.69
36.69
36.70
36.70
36.71
36.70
36.70
36.70
36.71
36.72
36.73
36.73
36.74
36.75
36.76
36.74
36.74
36.74
36.73
36.75
36.77
36.75
36.74
36.73
36.73
36.72
36.73
36.75
36.75
36.75
36.76
36.78
36.80
36.79
36.79
36.82
36.83
36.81
36.83
36.84
36.84
36.85
36.85
36.84
36.83
36.83
36.82
36.82
36.82
36.83
36.82
36.83
36.82
36.84
36.83
36.81
36.79
36.79
36.78
36.78
36.76
36.73
36.72
36.72
36.72
36.74
36.75
36.77
36.76
36.76
36.77
36.77
36.78
36.78
36.78
36.79
36.79
36.77
36.78
36.78
36.78
36.79
36.81
36.81
36.79
36.78
36.78
36.78
36.81
36.83
36.84
36.83
36.84
36.83
36.82
36.81
36.82
36.82
36.82
36.82
36.84
36.83
36.84
36.82
36.80
36.80
36.82
36.83
36.81
36.81
36.79
36.80
36.80
36.78
36.77
36.77
36.78
36.76
36.76
36.76
36.75
36.75
36.74
36.74
36.75
36.75
36.73
36.73
36.73
36.70
36.70
36.70
36.70
36.71
36.71
36.70
36.71
36.71
36.71
36.71
36.71
36.72
36.71
36.69
36.69
36.70
36.70
36.69
36.70
36.70
36.71
36.70
36.69
36.69
36.69
36.71
36.70
36.70
36.70
36.71
36.72
36.73
36.74
36.73
36.72
36.71
36.71
36.71
36.72
36.72
36.73
36.72
36.72
36.72
36.71
36.70
36.71
36.71
36.70
36.70
36.70
36.69
36.68
36.66
36.65
36.64
36.65
36.64
36.64
36.64
36.63
36.65
36.64
36.63
36.63
36.64
36.63
36.63
36.63
36.63
36.63
36.62
36.61
36.60
36.59
36.60
36.61
36.60
36.61
36.62
36.63
36.64
36.65
36.65
36.66
36.65
36.64
36.64
36.64
36.64
36.65
36.64
36.63
36.65
36.66
36.67
36.68
36.69
36.67
36.68
36.68
36.68
36.70
36.68
36.68
36.68
36.68
36.67
36.67
36.67
36.66
36.66
36.65
36.66
36.65
36.66
36.67
36.66
36.66
36.65
36.65
36.65
36.65
36.65
36.65
36.65
36.64
36.64
36.65
36.65
36.64
36.64
36.63
36.64
36.63
36.62
36.61
36.60
36.60
36.61
36.60
36.59
36.59
36.60
36.59
36.60
36.60
36.61
36.61
36.61
36.61
36.61
36.61
36.62
36.61
36.61
36.61
36.62
36.61
36.60
36.61
36.61
36.62
36.63
36.65
36.65
36.65
36.66
36.66
36.65
36.63
36.63
36.64
36.62
36.62
36.62
36.62
36.62
36.62
36.64
36.65
36.66
36.66
36.64
36.65
36.65
36.66
36.67
36.66
36.68
36.67
36.67
36.67
36.66
36.63
