54.69
51.56
47.92
44.92
48.12
47.14
45.98
46.29
45.31
45.31
45.31
45.31
45.55
45.65
46.04
45.31
45.22
45.23
45.07
44.30
43.75
43.54
43.89
43.88
43.81
43.75
43.23
43.58
43.80
43.75
43.70
43.95
44.32
44.35
44.29
44.40
44.30
44.28
44.27
44.06
44.05
43.94
43.97
44.00
44.13
44.19
44.32
44.08
44.16
44.12
43.90
43.90
43.90
43.84
43.81
43.95
43.86
43.78
43.96
44.11
44.26
44.23
44.35
44.34
44.40
44.51
44.54
44.53
44.47
44.55
44.39
44.47
44.50
44.49
44.35
44.35
44.40
44.25
44.24
44.16
44.23
44.23
44.24
44.22
44.15
44.11
44.18
44.19
44.15
44.13
44.13
44.11
44.10
44.13
44.11
44.14
44.02
43.96
43.99
43.97
44.00
44.04
44.05
43.96
43.94
43.94
44.01
43.91
43.81
43.78
43.86
43.78
43.78
43.75
43.72
43.78
43.76
43.80
43.86
43.83
43.88
43.90
43.94
43.91
43.91
43.95
43.92
43.85
43.93
43.91
43.88
43.90
43.82
43.81
43.82
43.85
43.78
43.77
43.81
43.84
43.83
43.83
43.82
43.80
43.77
43.73
43.75
43.73
43.70
43.72
43.65
43.65
43.66
43.67
43.67
43.78
43.74
43.78
43.71
43.75
43.69
43.69
43.65
43.65
43.66
43.71
43.68
43.67
43.69
43.74
43.72
43.69
43.71
43.71
43.69
43.71
43.69
43.64
43.68
43.69
43.74
43.72
43.78
43.76
43.80
43.83
43.82
43.80
43.86
43.80
43.78
43.80
43.75
43.76
43.75
43.73
43.77
43.75
43.73
43.77
43.77
43.78
43.73
43.69
43.67
43.69
43.72
43.64
43.61
43.60
43.56
43.55
43.53
43.53
43.56
43.56
43.58
43.58
43.58
43.58
43.53
43.54
43.56
43.56
43.55
43.56
43.55
43.52
43.53
43.55
43.52
43.49
43.51
43.53
43.54
43.55
43.57
43.56
43.54
43.54
43.49
43.47
43.45
43.45
43.44
43.39
43.38
43.41
43.44
43.42
43.46
43.46
43.48
43.49
43.47
43.47
43.47
43.45
43.47
43.48
43.48
43.46
43.48
43.47
43.51
43.49
43.50
43.56
43.59
43.58
43.57
43.54
43.54
43.53
43.53
43.52
43.48
43.49
43.46
43.48
43.43
43.42
43.44
43.45
43.44
43.45
43.47
43.47
43.47
43.50
43.50
43.51
43.50
43.51
43.51
43.49
43.50
43.52
43.53
43.53
43.51
43.50
43.51
43.51
43.50
43.50
43.50
43.51
43.48
43.47
43.47
43.47
43.48
43.49
43.52
43.55
43.52
43.53
43.54
43.59
43.57
43.59
43.59
43.61
43.65
43.68
43.63
43.65
43.59
43.57
43.56
43.58
43.58
43.56
43.58
43.59
43.60
43.58
43.55
43.54
43.56
43.55
43.58
43.56
43.55
43.56
43.55
43.56
43.57
43.58
43.58
43.59
43.57
43.60
43.59
43.62
43.62
43.61
43.62
43.61
43.61
43.59
43.57
43.61
43.62
43.60
43.62
43.63
43.63
43.63
43.59
43.61
43.60
43.58
43.60
43.60
43.58
43.57
43.57
43.58
43.59
43.61
43.60
43.64
43.64
43.64
43.66
43.63
43.64
43.63
43.64
43.63
43.63
43.66
43.68
43.67
43.65
43.66
43.64
43.64
43.66
43.66
43.66
43.68
43.68
43.68
43.68
43.68
43.68
43.69
43.69
43.67
43.66
43.66
43.67
43.67
43.66
43.65
43.64
43.63
43.63
43.65
43.63
43.62
43.63
43.60
43.63
43.63
43.61
43.58
43.57
43.58
43.57
43.59
43.60
43.60
43.58
43.58
43.57
43.58
43.57
43.59
43.59
43.58
43.57
43.56
43.55
43.58
43.58
43.58
43.57
43.60
43.61
43.59
43.60
43.61
43.58
43.59
43.58
43.59
43.59
43.59
43.58
43.57
43.61
43.60
43.60
43.60
43.60
43.61
43.62
43.62
43.62
43.60
43.60
43.62
43.60
43.58
43.57
43.58
43.58
43.63
43.63
43.63
43.63
43.63
43.62
43.62
43.63
43.63
43.61
43.62
43.61
43.62
43.62
43.63
43.61
43.62
43.61
43.61
43.61
43.61
43.60
43.57
43.57
43.58
43.58
43.60
43.59
43.60
43.61
43.60
43.60
43.61
43.61
43.62
43.61
43.62
43.61
43.62
43.60
43.59
43.59
43.58
43.57
43.58
43.59
43.58
43.58
43.59
43.61
43.59
43.61
43.62
43.62
43.63
43.64
43.65
43.66
43.64
43.63
43.65
43.65
43.64
43.65
43.66
43.64
43.64
43.63
43.64
43.65
43.66
43.65
43.65
43.67
43.69
43.68
43.68
43.68
43.68
43.70
43.70
43.71
43.70
43.68
43.66
43.66
43.67
43.66
43.67
43.68
43.69
43.71
43.71
43.74
43.75
43.76
43.77
43.77
43.78
43.78
43.78
43.78
43.77
43.78
43.78
43.78
43.78
43.78
43.78
43.77
43.78
43.78
43.77
43.78
43.78
43.79
43.80
43.80
43.78
43.77
43.78
43.76
43.76
43.76
43.74
43.76
43.76
43.76
43.76
43.78
43.79
43.79
43.79
43.79
43.79
43.79
43.80
43.80
43.80
43.79
43.79
43.78
43.78
43.80
43.81
43.80
43.78
43.79
43.79
43.78
43.78
43.78
43.78
43.78
43.78
43.76
43.74
43.74
43.73
43.71
43.71
43.72
43.72
43.71
43.70
43.69
43.69
43.70
43.70
43.70
43.70
43.69
43.70
43.71
43.71
43.70
43.72
43.73
43.73
43.73
43.73
43.73
43.72
43.71
43.71
43.69
43.70
43.71
43.70
43.68
43.68
43.68
43.70
43.70
43.70
43.71
43.71
43.70
43.71
43.72
43.74
43.75
43.76
43.76
43.76
43.76
43.76
43.77
43.75
43.75
43.75
43.74
43.73
43.73
43.72
43.71
43.71
43.73
43.71
43.72
43.72
43.73
43.73
43.74
43.72
43.72
43.74
43.73
43.73
43.73
43.73
43.73
43.74
43.74
43.75
43.75
43.76
43.77
43.80
43.79
43.80
43.78
43.78
43.78
43.77
43.78
43.78
43.79
43.79
43.78
43.79
43.79
43.78
43.78
43.78
43.77
43.79
43.77
43.78
43.77
43.77
43.78
43.78
43.80
43.79
43.79
43.79
43.77
43.76
43.76
43.76
43.75
43.75
43.76
43.76
43.75
43.75
43.76
43.75
43.76
43.77
43.77
43.77
43.78
43.78
43.78
43.77
43.76
43.76
43.76
43.75
43.75
43.75
43.75
43.75
43.74
43.74
43.75
43.76
43.76
43.72
