10.94
13.28
13.54
13.67
13.12
14.06
15.18
15.23
15.28
15.00
14.49
14.58
14.54
13.95
13.85
13.67
13.14
13.54
13.65
13.59
13.62
13.57
13.93
14.00
13.94
13.82
13.77
14.34
14.55
14.48
14.47
14.50
14.58
14.61
14.64
14.76
14.82
15.09
14.90
15.20
15.24
15.40
15.66
15.77
15.69
15.66
15.69
15.72
15.69
15.69
15.84
15.93
15.86
15.97
15.94
15.85
15.90
15.81
15.84
15.91
15.91
15.80
15.85
15.84
16.01
16.05
16.07
16.02
16.01
15.94
15.93
15.97
15.99
15.96
16.10
16.18
16.34
16.27
16.30
16.27
16.36
16.37
16.28
16.31
16.34
16.33
16.34
16.26
16.24
16.15
16.09
16.10
16.10
16.14
16.09
16.11
16.17
16.18
16.21
16.16
16.15
16.21
16.22
16.17
16.13
16.20
16.24
16.22
16.24
16.35
16.41
16.39
16.33
16.34
16.36
16.37
16.40
16.49
16.47
16.50
16.48
16.47
16.49
16.51
16.54
16.56
16.60
16.60
16.57
16.50
16.56
16.54
16.60
16.62
16.64
16.65
16.63
16.59
16.59
16.58
16.60
16.60
16.66
16.63
16.63
16.65
16.71
16.70
16.73
16.71
16.71
16.74
16.69
16.74
16.73
16.76
16.76
16.75
16.81
16.88
16.89
16.96
16.93
16.93
16.99
16.96
16.99
16.96
16.97
16.98
17.00
16.98
17.00
16.95
16.94
16.92
16.94
16.99
17.00
16.99
16.97
16.95
16.91
16.94
16.95
16.99
17.00
17.02
17.01
17.03
17.03
17.02
17.00
17.01
17.02
17.02
17.01
17.01
17.06
17.05
17.04
17.03
17.03
17.06
17.04
17.07
17.06
17.05
17.04
17.04
17.01
17.03
17.00
16.99
17.00
17.00
17.00
16.96
16.98
17.02
17.02
17.02
17.01
16.96
16.96
16.95
16.96
16.97
16.94
16.94
16.93
16.93
16.95
16.95
16.97
16.97
17.00
17.00
17.00
16.99
17.01
17.03
17.01
17.00
17.02
17.02
17.01
17.04
17.04
17.08
17.08
17.13
17.11
17.13
17.14
17.16
17.14
17.19
17.16
17.15
17.13
17.12
17.10
17.09
17.08
17.04
17.03
17.02
17.02
17.04
17.10
17.08
17.07
17.10
17.11
17.10
17.09
17.06
17.06
17.05
17.05
17.05
17.07
17.07
17.08
17.07
17.07
17.07
17.06
17.06
17.06
17.03
17.06
17.06
17.07
17.08
17.06
17.08
17.09
17.07
17.09
17.09
17.09
17.09
17.11
17.11
17.13
17.14
17.14
17.13
17.14
17.15
17.15
17.15
17.14
17.15
17.13
17.12
17.13
17.13
17.13
17.12
17.12
17.12
17.13
17.12
17.13
17.12
17.12
17.13
17.16
17.16
17.14
17.15
17.14
17.15
17.16
17.17
17.17
17.17
17.18
17.18
17.18
17.17
17.19
17.17
17.18
17.17
17.17
17.18
17.18
17.17
17.16
17.16
17.14
17.15
17.14
17.15
17.14
17.15
17.16
17.17
17.17
17.19
17.19
17.19
17.19
17.18
17.20
17.20
17.19
17.19
17.18
17.19
17.19
17.21
17.23
17.23
17.21
17.23
17.22
17.24
17.24
17.25
17.27
17.28
17.28
17.27
17.28
17.29
17.28
17.28
17.29
17.29
17.29
17.32
17.30
17.28
17.27
17.26
17.24
17.23
17.23
17.25
17.26
17.26
17.27
17.26
17.26
17.26
17.26
17.24
17.25
17.25
17.27
17.27
17.26
17.27
17.28
17.28
17.29
17.29
17.30
17.31
17.30
17.30
17.29
17.29
17.28
17.28
17.29
17.29
17.30
17.30
17.32
17.33
17.33
17.33
17.34
17.33
17.33
17.33
17.34
17.36
17.35
17.34
17.34
17.33
17.33
17.34
17.35
17.33
17.34
17.33
17.32
17.32
17.31
17.29
17.31
17.33
17.32
17.32
17.31
17.29
17.28
17.26
17.27
17.27
17.27
17.26
17.27
17.26
17.26
17.25
17.24
17.24
17.22
17.22
17.21
17.22
17.22
17.21
17.20
17.19
17.20
17.21
17.21
17.21
17.21
17.21
17.20
17.20
17.20
17.19
17.21
17.19
17.19
17.18
17.18
17.19
17.18
17.17
17.18
17.19
17.19
17.18
17.18
17.19
17.18
17.18
17.17
17.16
17.16
17.14
17.13
17.13
17.13
17.13
17.12
17.13
17.12
17.12
17.13
17.13
17.13
17.16
17.15
17.13
17.13
17.13
17.14
17.13
17.13
17.14
17.15
17.14
17.13
17.12
17.12
17.12
17.12
17.11
17.11
17.10
17.09
17.08
17.08
17.09
17.08
17.07
17.04
17.04
17.04
17.03
17.04
17.03
17.03
17.03
17.03
17.04
17.04
17.04
17.04
17.04
17.04
17.04
17.04
17.05
17.06
17.05
17.06
17.05
17.06
17.05
17.06
17.06
17.05
17.06
17.04
17.05
17.04
17.05
17.08
17.09
17.08
17.08
17.10
17.11
17.11
17.11
17.10
17.11
17.10
17.10
17.09
17.07
17.09
17.09
17.09
17.09
17.09
17.08
17.09
17.12
17.13
17.12
17.11
17.11
17.11
17.10
17.10
17.10
17.08
17.07
17.06
17.05
17.04
17.05
17.05
17.05
17.05
17.04
17.03
17.04
17.04
17.05
17.06
17.06
17.05
17.05
17.06
17.06
17.06
17.07
17.08
17.07
17.08
17.09
17.08
17.08
17.08
17.08
17.07
17.07
17.06
17.07
17.07
17.07
17.06
17.07
17.08
17.09
17.10
17.10
17.10
17.12
17.12
17.12
17.11
17.10
17.12
17.13
17.12
17.12
17.12
17.12
17.13
17.14
17.14
17.14
17.14
17.15
17.14
17.13
17.13
17.14
17.14
17.13
17.13
17.12
17.12
17.11
17.13
17.13
17.12
17.12
17.12
17.12
17.11
17.10
17.10
17.09
17.09
17.10
17.09
17.08
17.10
17.09
17.09
17.09
17.08
17.08
17.08
17.07
17.07
17.06
17.06
17.06
17.05
17.05
17.05
17.05
17.05
17.06
17.05
17.06
17.05
17.05
17.04
17.04
17.04
17.05
17.06
17.06
17.06
17.06
17.05
17.05
17.05
17.05
17.04
17.03
17.02
17.03
17.02
17.02
17.03
17.03
17.03
17.03
17.03
17.04
17.05
17.05
17.05
17.05
17.04
17.05
17.05
17.04
17.03
17.03
17.02
17.01
17.00
17.00
17.01
17.00
17.00
17.00
17.01
17.01
17.00
17.00
17.00
17.00
17.00
17.00
17.01
17.00
17.00
17.00
16.99
16.99
16.99
16.98
16.98
16.98
16.98
16.98
16.98
16.96
