12.50
10.16
9.90
8.98
9.06
10.16
11.16
10.16
9.90
10.00
10.51
10.42
11.06
10.71
10.62
10.64
10.48
10.68
10.53
10.86
11.01
11.01
11.07
11.33
11.25
11.36
11.69
11.61
11.58
11.35
11.49
11.43
11.36
11.49
11.52
11.46
11.44
11.76
11.70
11.56
11.62
11.50
11.59
11.54
11.53
11.62
11.70
11.72
11.70
11.69
11.61
11.63
11.53
11.55
11.53
11.55
11.46
11.50
11.39
11.30
11.35
11.42
11.33
11.35
11.35
11.36
11.40
11.40
11.39
11.43
11.47
11.35
11.37
11.51
11.60
11.60
11.55
11.64
11.63
11.58
11.59
11.66
11.75
11.79
11.95
11.92
11.93
12.04
11.97
11.91
11.88
11.89
11.96
12.00
12.01
12.01
12.02
11.94
11.99
11.98
11.91
11.99
12.00
11.94
11.90
11.81
11.83
11.81
11.81
11.82
11.81
11.83
11.84
11.86
11.83
11.81
11.82
11.76
11.76
11.74
11.76
11.74
11.75
11.77
11.79
11.81
11.84
11.88
11.85
11.84
11.82
11.78
11.81
11.82
11.83
11.81
11.82
11.81
11.80
11.82
11.84
11.84
11.84
11.83
11.82
11.77
11.79
11.78
11.79
11.74
11.74
11.76
11.77
11.77
11.79
11.82
11.85
11.80
11.79
11.80
11.78
11.80
11.82
11.82
11.85
11.84
11.84
11.88
11.85
11.87
11.91
11.91
11.90
11.90
11.92
11.93
11.94
11.94
11.96
11.94
11.92
11.93
11.91
11.90
11.93
11.90
11.90
11.90
11.96
12.01
11.98
12.02
12.05
12.00
11.96
12.00
12.02
12.00
11.97
11.95
12.00
12.02
11.98
11.98
11.97
11.95
11.93
11.94
11.92
11.93
11.90
11.93
11.92
11.91
11.90
11.89
11.88
11.86
11.89
11.85
11.85
11.87
11.86
11.87
11.85
11.89
11.88
11.90
11.91
11.91
11.91
11.93
11.89
11.88
11.88
11.87
11.90
11.89
11.91
11.90
11.90
11.91
11.91
11.93
11.93
11.92
11.93
11.94
11.94
11.94
11.92
11.90
11.93
11.92
11.91
11.92
11.92
11.95
11.94
11.95
11.96
11.97
11.95
11.93
11.92
11.91
11.90
11.92
11.91
11.93
11.94
11.94
11.94
11.95
11.93
11.94
11.95
11.94
11.96
11.96
11.98
12.00
11.98
11.97
11.97
12.00
12.02
12.04
12.02
12.01
12.03
12.06
12.08
12.08
12.09
12.10
12.10
12.08
12.06
12.06
12.06
12.08
12.08
12.09
12.08
12.08
12.08
12.08
12.09
12.09
12.09
12.10
12.11
12.11
12.11
12.11
12.11
12.12
12.13
12.12
12.11
12.10
12.09
12.10
12.11
12.10
12.11
12.10
12.08
12.07
12.07
12.07
12.08
12.06
12.09
12.08
12.07
12.05
12.06
12.05
12.06
12.07
12.08
12.08
12.06
12.06
12.05
12.04
12.04
12.05
12.05
12.06
12.06
12.08
12.06
12.07
12.07
12.06
12.07
12.08
12.10
12.09
12.10
12.13
12.14
12.13
12.13
12.15
12.16
12.15
12.14
12.12
12.13
12.14
12.14
12.13
12.12
12.12
12.12
12.12
12.11
12.10
12.11
12.10
12.11
12.10
12.10
12.10
12.09
12.09
12.09
12.11
12.09
12.09
12.08
12.07
12.09
12.08
12.07
12.08
12.08
12.09
12.07
12.06
12.07
12.06
12.06
12.05
12.06
12.07
12.05
12.04
12.06
12.07
12.07
12.08
12.08
12.07
12.08
12.08
12.09
12.10
12.09
12.09
12.08
12.08
12.08
12.09
12.09
12.09
12.11
12.11
12.12
12.11
12.10
12.10
12.11
12.11
12.11
12.10
12.10
12.09
12.09
12.08
12.08
12.09
12.09
12.09
12.08
12.07
12.06
12.06
12.05
12.05
12.04
12.04
12.04
12.05
12.04
12.04
12.04
12.04
12.04
12.04
12.04
12.04
12.04
12.05
12.05
12.06
12.06
12.06
12.07
12.06
12.07
12.07
12.07
12.07
12.07
12.07
12.07
12.07
12.06
12.05
12.06
12.06
12.06
12.07
12.08
12.08
12.07
12.06
12.06
12.07
12.06
12.06
12.06
12.05
12.04
12.03
12.03
12.03
12.02
12.02
12.01
12.02
12.01
12.01
12.01
12.00
12.00
11.99
11.99
11.99
11.99
11.99
12.00
12.00
12.00
12.00
12.01
12.00
12.00
11.99
12.00
12.01
12.00
12.01
12.02
12.02
12.03
12.04
12.04
12.03
12.03
12.03
12.03
12.02
12.02
12.02
12.01
12.02
12.02
12.02
12.01
12.01
12.02
12.02
12.02
12.03
12.02
12.03
12.03
12.05
12.06
12.05
12.04
12.04
12.04
12.03
12.02
12.03
12.02
12.02
12.02
12.01
12.00
12.01
12.01
12.01
12.02
12.02
12.03
12.03
12.02
12.01
12.03
12.02
12.02
12.02
12.00
11.99
11.99
11.99
11.97
11.98
11.98
11.98
11.98
11.98
12.00
12.01
12.00
12.01
12.01
12.00
11.99
11.99
11.99
11.98
11.98
11.97
11.97
11.97
11.97
11.96
11.96
11.98
11.97
11.98
11.99
11.99
12.00
12.00
11.99
11.99
11.98
11.98
11.98
11.98
11.99
11.99
11.99
12.01
12.01
12.02
12.02
12.01
12.01
12.00
12.00
12.00
11.99
11.99
11.99
11.98
11.97
11.97
11.96
11.96
11.97
11.96
11.96
11.97
11.96
11.96
11.97
11.96
11.97
11.97
11.98
11.99
11.99
11.99
11.99
12.00
11.98
11.98
11.99
11.98
11.98
11.99
11.99
12.00
12.00
12.01
12.01
12.01
12.01
12.00
12.00
12.01
12.01
12.02
12.03
12.04
12.05
12.04
12.04
12.04
12.03
12.03
12.04
12.03
12.03
12.03
12.04
12.04
12.04
12.04
12.05
12.05
12.06
12.06
12.06
12.06
12.06
12.06
12.07
12.07
12.08
12.07
12.07
12.06
12.06
12.06
12.06
12.06
12.06
12.06
12.06
12.06
12.06
12.06
12.06
12.07
12.07
12.07
12.08
12.09
12.08
12.08
12.07
12.08
12.08
12.08
12.07
12.07
12.06
12.07
12.07
12.07
12.07
12.06
12.07
12.06
12.06
12.06
12.06
12.07
12.07
12.07
12.07
12.07
12.08
12.08
12.08
12.07
12.07
12.07
12.08
12.08
12.08
12.09
12.10
12.10
12.10
12.10
12.09
12.09
12.09
12.09
12.10
12.10
12.09
12.09
12.10
12.11
12.11
12.11
12.12
12.11
12.10
12.10
12.09
12.09
12.08
12.08
12.08
12.08
12.07
12.05
