0.00
0.00
0.52
0.39
0.31
0.52
0.67
0.59
0.52
0.47
0.43
0.39
0.36
0.33
0.31
0.29
0.46
0.52
0.49
0.47
0.52
0.50
0.48
0.52
0.56
0.54
0.52
0.50
0.48
0.47
0.50
0.49
0.47
0.51
0.49
0.48
0.46
0.45
0.44
0.43
0.42
0.41
0.44
0.43
0.45
0.44
0.47
0.46
0.48
0.50
0.52
0.51
0.50
0.52
0.54
0.53
0.55
0.54
0.53
0.52
0.51
0.50
0.52
0.51
0.50
0.52
0.56
0.55
0.54
0.56
0.55
0.54
0.58
0.57
0.58
0.58
0.59
0.58
0.59
0.59
0.58
0.57
0.56
0.56
0.55
0.55
0.54
0.53
0.53
0.52
0.53
0.53
0.52
0.52
0.51
0.52
0.52
0.53
0.52
0.53
0.53
0.52
0.52
0.53
0.52
0.52
0.51
0.51
0.50
0.50
0.51
0.50
0.51
0.52
0.52
0.51
0.51
0.52
0.51
0.51
0.50
0.53
0.53
0.53
0.52
0.52
0.52
0.51
0.52
0.54
0.54
0.53
0.54
0.54
0.53
0.54
0.54
0.55
0.55
0.56
0.57
0.56
0.56
0.55
0.56
0.56
0.55
0.55
0.55
0.54
0.54
0.54
0.54
0.54
0.54
0.54
0.54
0.54
0.54
0.54
0.53
0.54
0.55
0.54
0.55
0.55
0.54
0.54
0.54
0.54
0.55
0.55
0.55
0.55
0.54
0.54
0.55
0.54
0.54
0.55
0.54
0.55
0.55
0.54
0.55
0.55
0.54
0.54
0.55
0.55
0.55
0.55
0.54
0.54
0.54
0.53
0.53
0.53
0.53
0.52
0.53
0.53
0.53
0.53
0.53
0.55
0.55
0.56
0.56
0.56
0.56
0.57
0.57
0.57
0.57
0.58
0.58
0.57
0.57
0.58
0.59
0.59
0.59
0.59
0.58
0.59
0.59
0.59
0.59
0.58
0.58
0.59
0.59
0.59
0.59
0.58
0.58
0.58
0.58
0.57
0.57
0.57
0.57
0.56
0.56
0.56
0.56
0.56
0.56
0.56
0.56
0.56
0.56
0.55
0.55
0.55
0.55
0.55
0.54
0.55
0.54
0.54
0.54
0.54
0.54
0.55
0.56
0.56
0.56
0.56
0.56
0.56
0.56
0.55
0.56
0.56
0.56
0.56
0.55
0.56
0.56
0.57
0.56
0.57
0.57
0.57
0.57
0.57
0.57
0.57
0.56
0.57
0.58
0.57
0.58
0.58
0.57
0.57
0.57
0.57
0.57
0.57
0.57
0.58
0.58
0.58
0.58
0.58
0.58
0.59
0.60
0.60
0.60
0.60
0.60
0.60
0.60
0.59
0.59
0.59
0.59
0.59
0.59
0.60
0.60
0.60
0.60
0.60
0.60
0.60
0.59
0.60
0.60
0.60
0.60
0.60
0.60
0.60
0.60
0.60
0.60
0.59
0.60
0.60
0.59
0.59
0.59
0.60
0.60
0.59
0.59
0.59
0.59
0.60
0.60
0.60
0.60
0.60
0.60
0.59
0.59
0.59
0.59
0.59
0.59
0.59
0.59
0.59
0.59
0.59
0.59
0.58
0.58
0.58
0.58
0.58
0.58
0.58
0.58
0.58
0.58
0.58
0.58
0.58
0.58
0.57
0.57
0.57
0.57
0.57
0.58
0.57
0.57
0.57
0.57
0.57
0.57
0.57
0.57
0.57
0.57
0.57
0.57
0.57
0.57
0.57
0.56
0.56
0.56
0.56
0.56
0.56
0.56
0.56
0.56
0.56
0.55
0.55
0.55
0.55
0.55
0.55
0.55
0.55
0.55
0.55
0.55
0.55
0.55
0.55
0.55
0.55
0.55
0.55
0.55
0.55
0.55
0.55
0.55
0.55
0.56
0.56
0.56
0.56
0.56
0.56
0.56
0.56
0.56
0.56
0.56
0.56
0.56
0.56
0.56
0.56
0.56
0.56
0.56
0.56
0.56
0.56
0.56
0.56
0.56
0.56
0.56
0.56
0.56
0.56
0.55
0.56
0.55
0.55
0.56
0.56
0.56
0.56
0.57
0.57
0.57
0.57
0.57
0.57
0.57
0.57
0.56
0.57
0.57
0.57
0.57
0.57
0.56
0.56
0.56
0.56
0.56
0.57
0.57
0.57
0.56
0.56
0.56
0.56
0.56
0.56
0.56
0.56
0.56
0.55
0.56
0.56
0.56
0.56
0.56
0.55
0.56
0.56
0.56
0.56
0.55
0.56
0.56
0.55
0.55
0.56
0.56
0.56
0.56
0.57
0.56
0.56
0.57
0.56
0.56
0.57
0.56
0.56
0.56
0.56
0.56
0.56
0.56
0.56
0.56
0.56
0.56
0.56
0.56
0.56
0.56
0.56
0.56
0.56
0.56
0.56
0.56
0.56
0.56
0.56
0.56
0.56
0.56
0.56
0.56
0.56
0.56
0.56
0.56
0.56
0.56
0.56
0.56
0.56
0.56
0.56
0.56
0.56
0.56
0.56
0.56
0.56
0.56
0.56
0.56
0.55
0.56
0.56
0.56
0.56
0.56
0.56
0.56
0.56
0.56
0.56
0.57
0.56
0.56
0.56
0.56
0.56
0.56
0.56
0.56
0.56
0.56
0.56
0.56
0.56
0.55
0.56
0.56
0.55
0.56
0.56
0.55
0.56
0.56
0.56
0.56
0.56
0.55
0.55
0.55
0.55
0.55
0.55
0.55
0.55
0.55
0.55
0.55
0.55
0.55
0.55
0.54
0.54
0.54
0.54
0.54
0.54
0.54
0.54
0.54
0.54
0.54
0.54
0.54
0.54
0.54
0.54
0.54
0.54
0.54
0.54
0.54
0.55
0.55
0.55
0.55
0.55
0.55
0.55
0.55
0.54
0.55
0.55
0.55
0.55
0.55
0.55
0.55
0.55
0.55
0.55
0.55
0.55
0.55
0.55
0.55
0.55
0.55
0.55
0.55
0.56
0.56
0.56
0.56
0.56
0.56
0.56
0.56
0.56
0.56
0.56
0.56
0.56
0.56
0.56
0.56
0.56
0.56
0.56
0.56
0.56
0.56
0.56
0.56
0.56
0.56
0.56
0.56
0.56
0.56
0.56
0.56
0.56
0.56
0.56
0.56
0.56
0.56
0.56
0.56
0.56
0.56
0.56
0.56
0.56
0.56
0.55
0.55
0.55
0.55
0.55
0.56
0.56
0.56
0.56
0.56
0.56
0.56
0.55
0.56
0.56
0.56
0.56
0.55
0.56
0.56
0.55
0.55
0.55
0.55
0.55
0.56
0.56
0.56
0.56
0.56
0.56
0.56
0.56
0.56
0.56
0.56
0.56
0.56
0.56
0.56
0.56
0.56
0.56
0.56
0.56
0.56
0.56
0.56
0.55
0.55
0.55
