26.56
32.81
33.33
35.55
35.31
35.16
35.71
37.11
35.76
37.03
36.65
37.37
37.98
37.61
38.12
38.18
38.33
38.28
38.49
38.20
37.57
37.78
37.91
38.15
37.94
38.28
38.14
38.28
38.31
38.44
38.41
38.43
38.49
38.14
38.08
37.72
37.84
37.66
37.54
37.58
37.58
37.35
37.57
37.71
37.81
38.11
38.07
38.09
38.23
38.00
37.84
37.86
37.91
37.73
37.76
37.78
37.66
37.82
37.82
37.86
37.65
37.78
37.87
37.92
37.76
37.74
37.73
37.89
37.98
38.04
38.12
38.02
38.14
38.15
38.25
38.12
38.21
38.14
38.15
38.24
38.21
38.19
38.25
38.11
38.24
38.44
38.51
38.46
38.43
38.51
38.55
38.67
38.69
38.76
38.77
38.75
38.74
38.79
38.89
38.89
38.95
38.96
39.12
39.17
39.21
39.17
39.16
39.12
39.13
39.11
39.03
38.96
38.91
38.94
38.86
38.86
38.98
38.98
38.88
38.82
38.84
38.87
38.88
38.89
38.89
38.90
38.99
39.07
39.06
39.10
39.21
39.32
39.27
39.30
39.31
39.35
39.31
39.39
39.35
39.35
39.39
39.40
39.42
39.43
39.47
39.39
39.39
39.39
39.43
39.44
39.49
39.46
39.45
39.48
39.46
39.45
39.46
39.41
39.40
39.39
39.35
39.37
39.35
39.34
39.37
39.40
39.41
39.40
39.44
39.41
39.42
39.48
39.41
39.45
39.41
39.42
39.43
39.43
39.46
39.43
39.42
39.50
39.46
39.46
39.43
39.39
39.39
39.43
39.46
39.49
39.45
39.43
39.40
39.42
39.41
39.44
39.45
39.45
39.46
39.52
39.53
39.52
39.58
39.60
39.60
39.61
39.63
39.63
39.62
39.62
39.63
39.64
39.63
39.62
39.61
39.63
39.60
39.59
39.57
39.58
39.59
39.58
39.58
39.56
39.63
39.70
39.72
39.76
39.79
39.83
39.85
39.79
39.85
39.87
39.90
39.90
39.90
39.88
39.87
39.91
39.85
39.86
39.85
39.84
39.89
39.86
39.81
39.79
39.77
39.74
39.74
39.72
39.70
39.74
39.74
39.72
39.69
39.70
39.71
39.69
39.69
39.68
39.68
39.67
39.66
39.67
39.70
39.72
39.70
39.71
39.70
39.75
39.80
39.84
39.84
39.86
39.86
39.88
39.87
39.87
39.90
39.89
39.87
39.88
39.87
39.88
39.86
39.87
39.90
39.87
39.86
39.87
39.85
39.85
39.83
39.84
39.80
39.81
39.79
39.80
39.79
39.80
39.81
39.82
39.87
39.88
39.87
39.89
39.86
39.86
39.86
39.87
39.87
39.86
39.88
39.85
39.84
39.80
39.81
39.86
39.86
39.84
39.83
39.87
39.86
39.90
39.87
39.87
39.87
39.88
39.89
39.86
39.85
39.85
39.85
39.84
39.82
39.83
39.86
39.85
39.83
39.83
39.83
39.83
39.86
39.86
39.84
39.84
39.83
39.80
39.81
39.84
39.83
39.84
39.82
39.83
39.79
39.77
39.78
39.80
39.81
39.80
39.81
39.81
39.82
39.80
39.81
39.84
39.84
39.83
39.82
39.81
39.81
39.77
39.75
39.75
39.74
39.74
39.72
39.71
39.72
39.73
39.68
39.67
39.68
39.70
39.70
39.69
39.71
39.70
39.69
39.68
39.68
39.69
39.67
39.67
39.69
39.69
39.71
39.75
39.77
39.78
39.79
39.80
39.82
39.84
39.84
39.85
39.85
39.86
39.86
39.84
39.82
39.83
39.83
39.81
39.82
39.85
39.86
39.86
39.88
39.88
39.87
39.88
39.87
39.88
39.91
39.88
39.89
39.88
39.87
39.86
39.86
39.85
39.86
39.85
39.85
39.85
39.85
39.84
39.84
39.84
39.82
39.83
39.82
39.81
39.81
39.83
39.84
39.86
39.87
39.89
39.89
39.91
39.90
39.88
39.90
39.88
39.86
39.85
39.83
39.82
39.82
39.83
39.83
39.82
39.83
39.82
39.82
39.81
39.80
39.82
39.81
39.81
39.81
39.83
39.83
39.82
39.82
39.80
39.80
39.80
39.79
39.79
39.76
39.75
39.74
39.73
39.71
39.71
39.72
39.74
39.72
39.73
39.74
39.74
39.75
39.75
39.75
39.76
39.76
39.75
39.78
39.78
39.79
39.79
39.80
39.79
39.80
39.80
39.78
39.79
39.78
39.78
39.78
39.80
39.80
39.79
39.79
39.82
39.82
39.81
39.82
39.80
39.80
39.79
39.80
39.80
39.80
39.79
39.77
39.74
39.75
39.73
39.73
39.72
39.72
39.72
39.71
39.72
39.73
39.72
39.72
39.73
39.74
39.74
39.73
39.75
39.76
39.76
39.75
39.75
39.74
39.73
39.73
39.75
39.73
39.74
39.74
39.75
39.78
39.77
39.77
39.76
39.75
39.76
39.76
39.75
39.76
39.73
39.73
39.74
39.74
39.74
39.73
39.74
39.76
39.75
39.77
39.78
39.77
39.76
39.76
39.76
39.79
39.79
39.77
39.76
39.75
39.76
39.76
39.77
39.75
39.76
39.77
39.78
39.78
39.78
39.77
39.76
39.76
39.74
39.73
39.73
39.73
39.73
39.73
39.74
39.74
39.75
39.77
39.76
39.78
39.80
39.80
39.81
39.82
39.81
39.80
39.80
39.81
39.82
39.81
39.80
39.79
39.80
39.81
39.80
39.81
39.80
39.80
39.81
39.81
39.80
39.79
39.80
39.80
39.80
39.81
39.81
39.81
39.81
39.80
39.80
39.80
39.80
39.82
39.81
39.81
39.80
39.79
39.79
39.79
39.78
39.77
39.77
39.76
39.77
39.76
39.76
39.74
39.75
39.74
39.75
39.75
39.75
39.74
39.75
39.74
39.74
39.75
39.75
39.75
39.75
39.76
39.74
39.74
39.75
39.73
39.71
39.72
39.72
39.73
39.73
39.73
39.72
39.71
39.71
39.70
39.69
39.69
39.69
39.69
39.68
39.70
39.70
39.71
39.72
39.71
39.72
39.70
39.71
39.72
39.72
39.72
39.71
39.71
39.73
39.73
39.72
39.72
39.73
39.74
39.74
39.75
39.73
39.74
39.75
39.75
39.74
39.73
39.73
39.74
39.75
39.75
39.77
39.75
39.74
39.74
39.74
39.74
39.73
39.75
39.75
39.73
39.74
39.74
39.74
39.73
39.73
39.74
39.75
39.76
39.75
39.77
39.76
39.77
39.78
39.78
39.75
39.76
39.76
39.75
39.74
39.72
39.71
39.72
39.72
39.72
39.73
39.72
39.72
39.74
39.75
39.74
39.74
39.76
39.74
39.73
39.74
39.73
39.73
39.74
39.75
39.75
39.73
39.74
39.74
39.74
39.75
39.76
39.72
