3.12
4.69
5.73
5.47
5.94
5.47
5.13
5.08
5.38
5.47
5.11
4.95
4.93
4.69
4.38
4.10
3.95
3.73
3.70
3.67
3.94
4.12
4.08
4.17
4.25
4.15
4.17
4.02
4.15
4.11
4.23
4.20
4.31
4.23
4.24
4.38
4.48
4.52
4.45
4.57
4.46
4.43
4.40
4.40
4.51
4.55
4.49
4.43
4.37
4.34
4.41
4.39
4.42
4.40
4.40
4.44
4.44
4.47
4.45
4.45
4.43
4.49
4.44
4.42
4.37
4.36
4.34
4.37
4.35
4.35
4.36
4.36
4.39
4.35
4.37
4.32
4.28
4.27
4.27
4.26
4.24
4.29
4.29
4.30
4.25
4.25
4.26
4.28
4.32
4.31
4.33
4.30
4.30
4.27
4.33
4.33
4.30
4.30
4.31
4.33
4.32
4.34
4.34
4.36
4.35
4.35
4.31
4.31
4.33
4.33
4.32
4.34
4.33
4.32
4.31
4.30
4.33
4.34
4.36
4.36
4.39
4.37
4.34
4.31
4.31
4.28
4.28
4.28
4.29
4.27
4.25
4.25
4.26
4.26
4.26
4.26
4.25
4.26
4.25
4.24
4.24
4.25
4.22
4.26
4.26
4.30
4.30
4.30
4.29
4.28
4.29
4.33
4.35
4.36
4.36
4.38
4.38
4.38
4.36
4.38
4.41
4.40
4.40
4.41
4.38
4.38
4.37
4.37
4.39
4.39
4.40
4.41
4.43
4.43
4.43
4.42
4.41
4.40
4.39
4.40
4.39
4.39
4.40
4.39
4.43
4.41
4.40
4.39
4.38
4.38
4.40
4.41
4.40
4.39
4.40
4.38
4.39
4.38
4.38
4.38
4.38
4.38
4.39
4.38
4.36
4.36
4.37
4.38
4.38
4.38
4.39
4.38
4.36
4.36
4.35
4.33
4.32
4.31
4.31
4.32
4.32
4.31
4.31
4.31
4.33
4.34
4.35
4.34
4.34
4.37
4.36
4.35
4.35
4.35
4.37
4.36
4.34
4.34
4.33
4.33
4.33
4.34
4.35
4.34
4.34
4.33
4.34
4.33
4.34
4.33
4.33
4.33
4.32
4.30
4.29
4.30
4.30
4.31
4.30
4.30
4.29
4.31
4.30
4.31
4.30
4.29
4.29
4.29
4.31
4.31
4.32
4.31
4.32
4.31
4.31
4.31
4.31
4.31
4.30
4.29
4.28
4.28
4.30
4.30
4.30
4.29
4.30
4.29
4.28
4.27
4.26
4.25
4.26
4.27
4.26
4.26
4.26
4.26
4.25
4.25
4.24
4.24
4.23
4.24
4.25
4.25
4.24
4.24
4.24
4.23
4.23
4.23
4.23
4.23
4.23
4.24
4.24
4.26
4.27
4.28
4.28
4.28
4.29
4.29
4.30
4.30
4.31
4.31
4.32
4.31
4.30
4.30
4.30
4.32
4.33
4.34
4.34
4.33
4.33
4.32
4.32
4.32
4.32
4.32
4.33
4.33
4.33
4.33
4.33
4.33
4.33
4.33
4.32
4.33
4.32
4.33
4.33
4.32
4.31
4.30
4.29
4.30
4.30
4.30
4.31
4.31
4.30
4.31
4.31
4.30
4.30
4.29
4.30
4.29
4.31
4.31
4.32
4.32
4.31
4.31
4.30
4.29
4.30
4.30
4.29
4.29
4.30
4.29
4.29
4.28
4.28
4.28
4.27
4.28
4.27
4.28
4.27
4.26
4.26
4.26
4.27
4.27
4.27
4.27
4.26
4.26
4.27
4.26
4.26
4.27
4.26
4.28
4.29
4.28
4.28
4.27
4.28
4.28
4.28
4.29
4.31
4.31
4.31
4.30
4.31
4.31
4.31
4.31
4.30
4.31
4.31
4.31
4.30
4.31
4.32
4.33
4.33
4.33
4.32
4.33
4.33
4.33
4.32
4.32
4.33
4.32
4.33
4.32
4.32
4.32
4.32
4.32
4.31
4.31
4.31
4.30
4.30
4.31
4.30
4.30
4.30
4.30
4.30
4.30
4.29
4.29
4.29
4.30
4.31
4.31
4.30
4.31
4.30
4.32
4.32
4.31
4.32
4.31
4.31
4.31
4.31
4.32
4.31
4.31
4.32
4.32
4.32
4.34
4.34
4.33
4.33
4.33
4.34
4.34
4.34
4.33
4.33
4.33
4.33
4.33
4.33
4.34
4.35
4.35
4.35
4.36
4.36
4.36
4.36
4.36
4.35
4.35
4.35
4.35
4.35
4.34
4.36
4.35
4.35
4.35
4.35
4.35
4.35
4.34
4.34
4.34
4.34
4.34
4.34
4.33
4.33
4.33
4.33
4.33
4.34
4.33
4.33
4.33
4.33
4.33
4.33
4.34
4.33
4.35
4.36
4.37
4.37
4.37
4.37
4.37
4.38
4.38
4.38
4.38
4.38
4.38
4.38
4.38
4.38
4.38
4.38
4.38
4.38
4.39
4.38
4.39
4.38
4.38
4.38
4.38
4.39
4.38
4.38
4.39
4.38
4.38
4.38
4.38
4.38
4.38
4.38
4.38
4.38
4.38
4.37
4.37
4.37
4.37
4.37
4.36
4.37
4.37
4.37
4.36
4.36
4.37
4.37
4.37
4.36
4.36
4.37
4.36
4.37
4.37
4.38
4.38
4.38
4.38
4.37
4.37
4.37
4.37
4.37
4.37
4.37
4.37
4.38
4.38
4.38
4.38
4.38
4.38
4.37
4.37
4.37
4.37
4.37
4.37
4.36
4.36
4.36
4.36
4.35
4.35
4.36
4.35
4.35
4.35
4.35
4.35
4.35
4.35
4.35
4.34
4.35
4.34
4.34
4.34
4.34
4.33
4.34
4.34
4.34
4.34
4.33
4.33
4.33
4.34
4.34
4.34
4.34
4.35
4.34
4.35
4.35
4.34
4.35
4.36
4.36
4.36
4.37
4.36
4.36
4.36
4.36
4.36
4.36
4.36
4.36
4.36
4.36
4.36
4.36
4.36
4.36
4.36
4.36
4.36
4.36
4.36
4.36
4.36
4.36
4.36
4.36
4.36
4.36
4.35
4.35
4.35
4.34
4.34
4.35
4.35
4.36
4.35
4.35
4.35
4.35
4.35
4.35
4.35
4.35
4.36
4.36
4.37
4.37
4.37
4.37
4.37
4.37
4.38
4.37
4.37
4.37
4.37
4.36
4.37
4.37
4.37
4.37
4.37
4.37
4.37
4.36
4.36
4.36
4.36
4.36
4.36
4.35
4.35
4.35
4.35
4.35
4.35
4.35
4.35
4.35
4.36
4.36
4.36
4.36
4.36
4.36
4.36
4.36
4.35
4.35
4.35
4.35
4.35
4.35
4.35
4.35
4.36
4.36
4.37
4.37
4.37
4.37
4.37
4.37
4.37
4.37
4.37
4.37
4.37
4.37
4.37
4.36
4.36
