14.06
16.41
15.62
13.28
14.69
14.32
14.29
13.87
13.37
13.12
13.49
13.28
13.46
12.95
12.60
12.60
12.41
12.67
12.99
12.58
12.50
12.71
12.77
12.76
12.94
12.98
13.43
13.34
13.47
13.75
13.91
13.96
13.97
13.69
13.79
13.67
14.02
13.98
14.06
14.06
14.21
14.06
14.03
13.99
13.99
14.03
13.90
13.90
13.81
13.84
13.88
13.76
13.74
13.74
13.72
13.64
13.68
13.79
13.80
13.70
13.70
13.71
13.72
13.60
13.68
13.75
13.67
13.63
13.61
13.57
13.49
13.41
13.38
13.37
13.29
13.24
13.15
13.16
13.07
13.07
13.04
13.07
13.16
13.23
13.20
13.21
13.20
13.17
13.17
13.25
13.20
13.20
13.22
13.28
13.32
13.28
13.29
13.35
13.32
13.34
13.37
13.31
13.35
13.33
13.32
13.34
13.38
13.37
13.35
13.32
13.30
13.25
13.30
13.28
13.25
13.31
13.33
13.31
13.30
13.27
13.22
13.24
13.22
13.23
13.21
13.19
13.16
13.27
13.29
13.25
13.24
13.20
13.24
13.22
13.24
13.29
13.28
13.28
13.26
13.28
13.29
13.30
13.23
13.24
13.27
13.23
13.27
13.30
13.34
13.34
13.37
13.34
13.34
13.38
13.37
13.41
13.43
13.42
13.47
13.51
13.55
13.56
13.55
13.58
13.55
13.55
13.57
13.56
13.54
13.58
13.56
13.59
13.57
13.58
13.55
13.55
13.55
13.49
13.50
13.48
13.47
13.50
13.47
13.49
13.51
13.56
13.51
13.53
13.52
13.54
13.54
13.55
13.52
13.53
13.53
13.55
13.51
13.51
13.55
13.59
13.54
13.58
13.61
13.59
13.62
13.64
13.60
13.60
13.61
13.58
13.58
13.57
13.57
13.56
13.56
13.55
13.57
13.58
13.56
13.55
13.58
13.61
13.63
13.60
13.60
13.59
13.59
13.62
13.61
13.61
13.61
13.58
13.59
13.58
13.56
13.54
13.57
13.56
13.57
13.55
13.53
13.53
13.53
13.51
13.51
13.50
13.49
13.53
13.51
13.49
13.48
13.49
13.48
13.46
13.48
13.48
13.48
13.46
13.47
13.48
13.50
13.48
13.49
13.50
13.50
13.51
13.50
13.49
13.47
13.45
13.43
13.44
13.43
13.44
13.48
13.47
13.45
13.45
13.46
13.47
13.48
13.48
13.48
13.50
13.49
13.48
13.50
13.49
13.47
13.46
13.45
13.44
13.46
13.44
13.47
13.46
13.46
13.45
13.46
13.45
13.41
13.41
13.43
13.45
13.44
13.43
13.44
13.45
13.46
13.47
13.46
13.49
13.48
13.47
13.46
13.46
13.47
13.49
13.48
13.46
13.46
13.44
13.45
13.47
13.49
13.50
13.48
13.47
13.49
13.51
13.50
13.49
13.48
13.49
13.49
13.48
13.47
13.50
13.50
13.50
13.48
13.46
13.46
13.45
13.44
13.43
13.43
13.41
13.40
13.39
13.39
13.38
13.39
13.38
13.37
13.37
13.36
13.35
13.37
13.37
13.36
13.36
13.37
13.37
13.36
13.35
13.36
13.35
13.34
13.33
13.34
13.34
13.33
13.32
13.31
13.31
13.30
13.31
13.31
13.30
13.31
13.31
13.32
13.33
13.33
13.33
13.35
13.34
13.35
13.35
13.35
13.36
13.35
13.34
13.36
13.35
13.36
13.37
13.38
13.39
13.38
13.38
13.39
13.40
13.41
13.42
13.42
13.41
13.39
13.39
13.39
13.38
13.40
13.44
13.42
13.42
13.42
13.42
13.40
13.42
13.41
13.40
13.38
13.40
13.39
13.40
13.39
13.40
13.41
13.41
13.40
13.40
13.40
13.40
13.42
13.41
13.40
13.41
13.41
13.40
13.41
13.40
13.41
13.42
13.42
13.43
13.43
13.42
13.43
13.43
13.44
13.43
13.44
13.44
13.44
13.43
13.43
13.43
13.42
13.43
13.44
13.44
13.44
13.43
13.44
13.44
13.43
13.44
13.44
13.43
13.43
13.43
13.42
13.42
13.42
13.43
13.42
13.42
13.41
13.41
13.42
13.42
13.43
13.43
13.42
13.43
13.43
13.43
13.42
13.41
13.42
13.42
13.43
13.43
13.42
13.41
13.42
13.43
13.41
13.41
13.40
13.40
13.40
13.39
13.39
13.39
13.38
13.38
13.39
13.39
13.38
13.39
13.39
13.38
13.38
13.38
13.38
13.37
13.38
13.39
13.38
13.38
13.38
13.38
13.37
13.38
13.37
13.37
13.37
13.38
13.37
13.38
13.38
13.38
13.37
13.37
13.38
13.39
13.39
13.39
13.37
13.37
13.37
13.36
13.36
13.37
13.35
13.34
13.35
13.36
13.36
13.37
13.37
13.37
13.38
13.39
13.38
13.38
13.38
13.37
13.37
13.38
13.38
13.36
13.37
13.38
13.38
13.39
13.39
13.37
13.38
13.37
13.38
13.40
13.40
13.41
13.41
13.41
13.40
13.41
13.41
13.40
13.40
13.39
13.39
13.39
13.38
13.37
13.37
13.37
13.38
13.37
13.37
13.38
13.39
13.39
13.40
13.41
13.43
13.43
13.42
13.43
13.43
13.43
13.43
13.44
13.43
13.44
13.44
13.45
13.44
13.43
13.44
13.44
13.45
13.44
13.43
13.42
13.43
13.42
13.43
13.44
13.44
13.43
13.43
13.44
13.44
13.44
13.45
13.44
13.44
13.44
13.43
13.42
13.42
13.42
13.41
13.41
13.41
13.41
13.39
13.39
13.39
13.39
13.38
13.39
13.41
13.42
13.43
13.42
13.43
13.44
13.45
13.45
13.46
13.46
13.46
13.45
13.45
13.45
13.44
13.44
13.45
13.44
13.43
13.44
13.44
13.44
13.44
13.43
13.42
13.42
13.42
13.42
13.41
13.41
13.41
13.41
13.42
13.41
13.41
13.42
13.42
13.42
13.42
13.43
13.43
13.44
13.44
13.45
13.45
13.45
13.46
13.45
13.44
13.44
13.43
13.43
13.43
13.43
13.43
13.41
13.42
13.42
13.42
13.43
13.44
13.45
13.45
13.46
13.45
13.45
13.46
13.45
13.45
13.46
13.46
13.46
13.45
13.45
13.45
13.45
13.45
13.46
13.45
13.46
13.46
13.45
13.45
13.44
13.45
13.46
13.45
13.45
13.43
13.44
13.43
13.42
13.41
13.42
13.41
13.40
13.41
13.41
13.41
13.40
13.41
13.40
13.39
13.40
13.40
13.40
13.40
13.40
13.40
13.39
13.39
13.40
13.40
13.40
13.39
13.39
13.39
13.39
13.39
13.40
13.40
13.40
13.41
13.41
13.41
13.41
13.41
13.41
13.40
13.40
13.40
13.41
13.40
13.41
13.41
13.39
