1.56
3.91
6.25
5.08
5.00
4.95
4.46
4.30
4.86
4.69
4.69
4.95
4.93
5.13
5.31
5.47
5.51
5.64
5.67
5.55
5.58
5.54
5.64
5.73
5.69
5.65
5.61
5.75
5.87
5.83
5.95
6.01
5.92
6.02
5.98
6.08
6.00
6.04
6.05
6.02
5.87
6.03
6.00
6.04
5.97
5.94
5.85
5.76
5.77
5.78
5.73
5.71
5.63
5.67
5.62
5.61
5.62
5.60
5.61
5.55
5.51
5.49
5.48
5.54
5.55
5.61
5.55
5.51
5.55
5.47
5.44
5.38
5.39
5.45
5.48
5.45
5.44
5.57
5.54
5.49
5.56
5.60
5.57
5.54
5.53
5.47
5.51
5.49
5.46
5.50
5.46
5.49
5.44
5.50
5.49
5.49
5.49
5.56
5.59
5.58
5.55
5.53
5.57
5.53
5.51
5.48
5.46
5.48
5.48
5.47
5.45
5.43
5.43
5.43
5.39
5.40
5.37
5.38
5.41
5.39
5.49
5.48
5.50
5.48
5.47
5.46
5.43
5.42
5.41
5.41
5.38
5.40
5.43
5.42
5.44
5.42
5.41
5.42
5.46
5.44
5.43
5.41
5.41
5.43
5.43
5.45
5.47
5.47
5.48
5.49
5.47
5.46
5.50
5.48
5.45
5.44
5.43
5.44
5.46
5.45
5.44
5.48
5.50
5.54
5.55
5.54
5.53
5.53
5.52
5.54
5.55
5.53
5.55
5.53
5.51
5.54
5.51
5.51
5.52
5.49
5.46
5.47
5.46
5.46
5.45
5.46
5.46
5.44
5.44
5.45
5.46
5.49
5.49
5.46
5.45
5.45
5.43
5.41
5.43
5.44
5.43
5.46
5.47
5.48
5.46
5.45
5.46
5.45
5.44
5.44
5.44
5.44
5.45
5.45
5.44
5.43
5.44
5.45
5.45
5.45
5.45
5.45
5.45
5.45
5.42
5.41
5.39
5.38
5.38
5.37
5.35
5.37
5.34
5.35
5.35
5.34
5.34
5.36
5.36
5.36
5.36
5.35
5.33
5.33
5.35
5.35
5.36
5.37
5.36
5.36
5.36
5.37
5.37
5.37
5.38
5.38
5.36
5.35
5.36
5.37
5.37
5.37
5.38
5.39
5.40
5.39
5.37
5.37
5.37
5.38
5.38
5.37
5.36
5.37
5.39
5.40
5.40
5.40
5.40
5.40
5.39
5.39
5.39
5.39
5.39
5.39
5.39
5.41
5.41
5.40
5.40
5.42
5.42
5.44
5.43
5.44
5.44
5.43
5.44
5.43
5.42
5.43
5.42
5.43
5.42
5.43
5.44
5.44
5.45
5.45
5.44
5.44
5.44
5.44
5.43
5.44
5.44
5.45
5.43
5.43
5.42
5.42
5.43
5.43
5.43
5.43
5.43
5.42
5.41
5.42
5.42
5.42
5.43
5.42
5.42
5.42
5.42
5.42
5.41
5.41
5.40
5.42
5.43
5.44
5.44
5.45
5.43
5.44
5.44
5.44
5.43
5.43
5.41
5.41
5.42
5.42
5.42
5.42
5.42
5.42
5.42
5.43
5.43
5.43
5.42
5.41
5.42
5.42
5.42
5.41
5.41
5.41
5.40
5.40
5.40
5.40
5.40
5.39
5.38
5.37
5.38
5.38
5.39
5.39
5.40
5.41
5.40
5.39
5.38
5.39
5.41
5.42
5.44
5.43
5.44
5.45
5.44
5.44
5.44
5.44
5.44
5.43
5.44
5.43
5.43
5.44
5.44
5.44
5.44
5.45
5.45
5.44
5.44
5.44
5.46
5.46
5.46
5.46
5.46
5.47
5.46
5.45
5.45
5.46
5.46
5.46
5.45
5.46
5.45
5.46
5.46
5.45
5.45
5.45
5.45
5.45
5.45
5.45
5.45
5.45
5.45
5.46
5.46
5.46
5.45
5.44
5.45
5.46
5.45
5.45
5.44
5.45
5.45
5.46
5.45
5.46
5.45
5.45
5.46
5.47
5.46
5.46
5.44
5.44
5.42
5.43
5.43
5.44
5.43
5.44
5.44
5.45
5.44
5.44
5.43
5.43
5.42
5.43
5.42
5.43
5.42
5.43
5.43
5.44
5.44
5.45
5.45
5.45
5.44
5.43
5.43
5.43
5.43
5.42
5.42
5.41
5.41
5.41
5.40
5.40
5.40
5.41
5.42
5.42
5.42
5.42
5.41
5.41
5.40
5.40
5.40
5.40
5.40
5.41
5.41
5.40
5.39
5.39
5.38
5.38
5.38
5.38
5.38
5.38
5.39
5.39
5.39
5.39
5.39
5.39
5.39
5.39
5.40
5.40
5.40
5.40
5.41
5.41
5.41
5.41
5.41
5.41
5.40
5.40
5.41
5.41
5.40
5.40
5.39
5.38
5.38
5.38
5.37
5.37
5.38
5.38
5.39
5.40
5.40
5.42
5.41
5.41
5.41
5.41
5.41
5.41
5.41
5.41
5.41
5.41
5.41
5.41
5.40
5.41
5.41
5.41
5.41
5.41
5.41
5.40
5.40
5.39
5.40
5.39
5.39
5.39
5.39
5.38
5.39
5.38
5.39
5.39
5.39
5.40
5.39
5.39
5.39
5.39
5.40
5.40
5.40
5.40
5.40
5.40
5.41
5.40
5.40
5.40
5.40
5.40
5.40
5.39
5.39
5.39
5.41
5.40
5.40
5.40
5.41
5.41
5.41
5.41
5.41
5.41
5.41
5.41
5.41
5.41
5.42
5.42
5.42
5.43
5.43
5.42
5.42
5.42
5.42
5.42
5.42
5.42
5.42
5.42
5.41
5.41
5.42
5.41
5.41
5.42
5.41
5.42
5.42
5.43
5.43
5.44
5.44
5.44
5.44
5.44
5.43
5.43
5.43
5.42
5.42
5.42
5.42
5.42
5.42
5.42
5.42
5.42
5.43
5.42
5.42
5.42
5.41
5.41
5.41
5.41
5.41
5.42
5.42
5.42
5.41
5.41
5.42
5.41
5.41
5.41
5.40
5.40
5.40
5.41
5.41
5.42
5.43
5.43
5.43
5.42
5.42
5.42
5.42
5.42
5.42
5.42
5.42
5.42
5.42
5.42
5.41
5.42
5.41
5.41
5.42
5.42
5.42
5.42
5.42
5.42
5.42
5.42
5.42
5.42
5.41
5.41
5.41
5.41
5.41
5.42
5.42
5.42
5.42
5.41
5.41
5.41
5.41
5.41
5.40
5.41
5.40
5.40
5.40
5.40
5.40
5.40
5.40
5.40
5.40
5.40
5.40
5.40
5.40
5.40
5.40
5.39
5.39
5.39
5.40
5.40
5.40
5.40
5.40
5.40
5.41
5.41
5.41
5.41
5.41
5.41
5.40
5.40
5.40
5.40
5.40
5.40
5.41
5.40
5.41
5.41
5.41
5.41
5.41
5.40
