79.69
82.81
83.85
84.77
85.31
84.64
85.04
84.18
84.03
84.22
83.24
82.42
82.09
81.92
82.08
82.52
82.72
82.81
82.57
82.27
82.07
82.39
82.13
82.23
82.31
82.87
82.87
82.70
82.65
82.50
82.31
82.23
82.24
82.17
82.23
82.16
82.05
82.11
82.37
82.42
82.55
82.37
82.38
82.53
82.53
82.61
82.71
82.65
82.78
82.81
82.81
82.72
82.67
82.75
82.76
82.90
82.95
83.05
83.10
83.07
83.04
82.81
82.64
82.64
82.43
82.46
82.42
82.47
82.50
82.43
82.39
82.42
82.41
82.43
82.40
82.18
82.31
82.31
82.34
82.32
82.31
82.41
82.44
82.42
82.46
82.39
82.40
82.44
82.50
82.41
82.42
82.35
82.33
82.28
82.30
82.39
82.39
82.35
82.34
82.25
82.30
82.35
82.33
82.39
82.37
82.40
82.46
82.49
82.38
82.37
82.36
82.34
82.30
82.29
82.31
82.29
82.29
82.31
82.29
82.27
82.28
82.21
82.10
82.08
82.07
82.06
82.11
82.14
82.12
82.14
82.18
82.16
82.14
82.12
82.08
82.12
82.13
82.09
82.05
82.04
82.09
82.15
82.18
82.17
82.17
82.18
82.13
82.12
82.03
82.03
82.08
82.00
82.01
81.96
82.00
82.03
82.02
82.01
81.97
81.91
81.91
81.95
81.97
81.96
81.94
81.97
81.99
81.96
81.91
81.88
81.86
81.84
81.83
81.87
81.88
81.89
81.96
81.96
81.96
81.93
81.91
81.89
81.90
81.91
81.92
81.89
81.89
81.87
81.85
81.83
81.84
81.89
81.95
81.93
81.96
82.00
82.03
82.05
82.05
82.02
82.04
82.02
82.00
81.99
81.97
81.96
81.97
81.99
81.99
81.98
81.95
81.96
81.95
81.93
81.94
81.98
81.97
81.93
81.88
81.88
81.92
81.91
81.89
81.89
81.89
81.91
81.86
81.87
81.88
81.85
81.87
81.88
81.85
81.81
81.78
81.74
81.74
81.75
81.75
81.76
81.78
81.80
81.80
81.80
81.83
81.85
81.84
81.85
81.84
81.88
81.87
81.87
81.90
81.90
81.88
81.89
81.92
81.93
81.91
81.90
81.90
81.91
81.92
81.94
81.96
81.95
81.96
81.97
81.95
81.94
81.92
81.92
81.90
81.87
81.88
81.91
81.89
81.90
81.89
81.89
81.87
81.86
81.87
81.87
81.88
81.87
81.88
81.88
81.88
81.89
81.90
81.88
81.90
81.87
81.89
81.89
81.91
81.91
81.95
81.95
81.92
81.93
81.92
81.88
81.84
81.87
81.87
81.88
81.90
81.91
81.91
81.91
81.91
81.89
81.88
81.88
81.87
81.90
81.90
81.90
81.88
81.90
81.88
81.87
81.88
81.88
81.87
81.87
81.88
81.89
81.91
81.92
81.92
81.91
81.89
81.92
81.92
81.92
81.92
81.91
81.90
81.89
81.92
81.93
81.92
81.94
81.95
81.95
81.95
81.95
81.97
81.97
81.97
81.97
81.97
81.98
81.99
81.98
81.96
81.95
81.97
81.98
81.96
81.96
81.95
81.95
81.96
81.95
81.95
81.93
81.94
81.94
81.94
81.93
81.92
81.91
81.91
81.85
81.87
81.89
81.89
81.88
81.88
81.88
81.88
81.89
81.89
81.91
81.91
81.92
81.90
81.90
81.90
81.90
81.89
81.89
81.89
81.90
81.90
81.89
81.89
81.89
81.89
81.88
81.89
81.89
81.88
81.89
81.88
81.89
81.89
81.90
81.91
81.91
81.89
81.89
81.86
81.86
81.89
81.89
81.88
81.89
81.89
81.88
81.86
81.85
81.85
81.86
81.88
81.88
81.87
81.89
81.88
81.87
81.87
81.88
81.90
81.90
81.90
81.88
81.87
81.89
81.90
81.90
81.90
81.90
81.89
81.90
81.89
81.90
81.90
81.90
81.91
81.90
81.91
81.93
81.93
81.93
81.93
81.93
81.93
81.93
81.92
81.93
81.93
81.91
81.92
81.92
81.91
81.91
81.92
81.92
81.91
81.92
81.93
81.93
81.93
81.93
81.94
81.94
81.94
81.95
81.96
81.96
81.97
81.98
81.98
81.98
81.98
81.96
81.95
81.96
81.94
81.94
81.92
81.92
81.94
81.94
81.94
81.95
81.96
81.96
81.96
81.97
81.95
81.94
81.94
81.94
81.95
81.96
81.95
81.95
81.96
81.94
81.94
81.93
81.93
81.93
81.93
81.93
81.94
81.95
81.96
81.96
81.95
81.96
81.95
81.95
81.96
81.96
81.97
81.97
81.97
81.98
81.98
81.99
81.99
81.99
81.99
82.00
82.00
82.00
82.00
82.00
81.99
82.00
81.99
81.99
82.00
81.98
81.99
81.97
81.97
81.96
81.96
81.95
81.94
81.94
81.93
81.94
81.94
81.93
81.93
81.92
81.92
81.90
81.90
81.88
81.88
81.89
81.89
81.88
81.89
81.88
81.87
81.85
81.85
81.84
81.85
81.85
81.84
81.85
81.84
81.84
81.85
81.84
81.83
81.83
81.83
81.82
81.81
81.82
81.82
81.83
81.82
81.81
81.83
81.83
81.85
81.85
81.84
81.84
81.84
81.84
81.86
81.86
81.85
81.86
81.88
81.87
81.88
81.87
81.88
81.87
81.87
81.87
81.86
81.86
81.86
81.85
81.86
81.85
81.85
81.85
81.85
81.86
81.86
81.86
81.86
81.87
81.88
81.87
81.87
81.87
81.87
81.86
81.89
81.89
81.89
81.89
81.90
81.89
81.89
81.89
81.88
81.87
81.89
81.89
81.88
81.88
81.88
81.88
81.88
81.88
81.88
81.88
81.87
81.87
81.87
81.87
81.87
81.86
81.86
81.86
81.86
81.86
81.86
81.86
81.86
81.87
81.86
81.86
81.86
81.87
81.86
81.85
81.85
81.85
81.84
81.84
81.84
81.83
81.84
81.83
81.83
81.84
81.83
81.84
81.84
81.84
81.83
81.83
81.83
81.84
81.84
81.85
81.84
81.83
81.83
81.83
81.83
81.83
81.83
81.83
81.84
81.85
81.86
81.86
81.85
81.84
81.84
81.84
81.84
81.85
81.86
81.87
81.88
81.89
81.87
81.87
81.87
81.88
81.88
81.88
81.88
81.89
81.88
81.87
81.88
81.87
81.87
81.87
81.87
81.89
81.90
81.91
81.91
81.91
81.93
81.93
81.94
81.93
81.93
81.92
81.94
81.92
81.92
81.93
81.93
81.94
81.94
81.93
81.93
81.94
81.94
81.93
81.92
81.92
81.92
81.92
81.91
81.92
81.93
81.94
81.93
81.93
81.93
81.94
81.94
81.94
81.94
81.94
81.94
81.93
81.94
81.95
81.95
81.96
81.96
81.96
81.96
81.88
