76.56
74.22
71.35
71.09
71.56
72.40
72.54
74.22
74.65
74.84
75.43
74.09
73.92
74.11
73.96
74.12
73.99
73.44
73.36
73.67
73.29
73.58
73.03
73.44
73.31
72.72
73.03
73.27
73.55
73.28
73.24
73.24
73.39
73.44
73.57
73.52
73.44
73.48
73.60
73.48
73.48
73.44
73.51
73.69
73.65
73.71
73.94
73.96
74.01
73.97
73.87
73.92
74.00
74.10
74.06
74.19
74.26
74.33
74.26
74.32
74.44
74.40
74.38
74.44
74.52
74.48
74.49
74.49
74.34
74.31
74.34
74.37
74.38
74.32
74.35
74.24
74.25
74.24
74.25
74.38
74.46
74.50
74.38
74.48
74.49
74.44
74.35
74.34
74.25
74.25
74.19
74.18
74.11
74.14
74.11
74.17
74.15
74.14
74.07
74.12
74.16
74.16
74.17
74.16
74.09
74.13
74.07
74.10
74.14
74.11
74.14
74.09
74.18
74.19
74.12
74.12
74.04
74.03
73.98
73.95
73.98
74.01
73.97
73.93
73.94
73.97
73.97
73.97
73.85
73.91
73.81
73.75
73.71
73.69
73.76
73.79
73.87
73.81
73.85
73.88
73.96
73.94
73.92
73.87
73.97
73.94
73.94
73.98
73.89
73.96
74.00
74.06
74.06
74.16
74.12
74.14
74.11
74.14
74.08
74.10
74.06
74.12
74.09
74.10
74.09
74.13
74.13
74.14
74.16
74.16
74.21
74.22
74.25
74.25
74.23
74.26
74.23
74.25
74.19
74.20
74.22
74.19
74.20
74.18
74.16
74.17
74.19
74.14
74.16
74.21
74.18
74.15
74.12
74.11
74.16
74.19
74.21
74.21
74.29
74.33
74.40
74.37
74.39
74.40
74.43
74.45
74.48
74.48
74.47
74.46
74.47
74.46
74.45
74.42
74.48
74.49
74.50
74.49
74.53
74.55
74.58
74.55
74.51
74.51
74.54
74.52
74.50
74.51
74.52
74.52
74.56
74.56
74.54
74.51
74.51
74.53
74.55
74.53
74.54
74.52
74.51
74.52
74.54
74.51
74.54
74.56
74.54
74.57
74.57
74.58
74.58
74.60
74.60
74.63
74.60
74.62
74.62
74.64
74.63
74.62
74.64
74.60
74.58
74.60
74.60
74.61
74.57
74.58
74.59
74.58
74.61
74.60
74.62
74.65
74.62
74.60
74.62
74.61
74.64
74.64
74.63
74.62
74.61
74.58
74.56
74.55
74.58
74.60
74.58
74.57
74.58
74.59
74.59
74.59
74.59
74.57
74.54
74.54
74.53
74.52
74.50
74.53
74.54
74.55
74.56
74.55
74.55
74.55
74.56
74.57
74.57
74.59
74.59
74.60
74.60
74.61
74.63
74.62
74.64
74.63
74.63
74.61
74.58
74.57
74.56
74.54
74.57
74.59
74.61
74.61
74.64
74.64
74.65
74.66
74.66
74.66
74.65
74.64
74.65
74.64
74.64
74.64
74.62
74.64
74.63
74.67
74.66
74.65
74.63
74.63
74.63
74.63
74.65
74.66
74.64
74.67
74.68
74.69
74.70
74.69
74.71
74.72
74.72
74.72
74.73
74.75
74.76
74.75
74.76
74.78
74.76
74.76
74.74
74.72
74.72
74.73
74.74
74.74
74.77
74.77
74.78
74.78
74.78
74.77
74.78
74.79
74.79
74.81
74.81
74.81
74.81
74.82
74.83
74.81
74.83
74.83
74.82
74.81
74.79
74.75
74.75
74.74
74.74
74.70
74.71
74.69
74.71
74.70
74.72
74.70
74.68
74.67
74.68
74.69
74.69
74.68
74.69
74.68
74.68
74.67
74.66
74.66
74.66
74.65
74.65
74.64
74.65
74.65
74.65
74.62
74.66
74.65
74.62
74.63
74.64
74.63
74.62
74.63
74.63
74.63
74.65
74.65
74.67
74.66
74.63
74.65
74.64
74.65
74.65
74.65
74.67
74.66
74.68
74.67
74.66
74.66
74.68
74.69
74.69
74.70
74.71
74.72
74.74
74.74
74.75
74.77
74.77
74.78
74.79
74.77
74.76
74.74
74.75
74.75
74.75
74.73
74.75
74.76
74.77
74.78
74.78
74.78
74.77
74.78
74.76
74.76
74.75
74.75
74.74
74.75
74.77
74.77
74.76
74.76
74.75
74.75
74.75
74.74
74.75
74.76
74.77
74.77
74.78
74.78
74.78
74.77
74.75
74.76
74.74
74.75
74.75
74.76
74.75
74.76
74.77
74.77
74.78
74.77
74.75
74.75
74.76
74.76
74.76
74.76
74.77
74.76
74.77
74.77
74.75
74.77
74.78
74.79
74.79
74.79
74.78
74.79
74.80
74.79
74.79
74.78
74.79
74.78
74.77
74.78
74.78
74.79
74.79
74.78
74.76
74.75
74.74
74.76
74.75
74.75
74.73
74.70
74.71
74.70
74.70
74.70
74.70
74.71
74.70
74.72
74.72
74.73
74.74
74.74
74.75
74.75
74.75
74.74
74.74
74.74
74.73
74.73
74.72
74.72
74.72
74.73
74.73
74.73
74.73
74.72
74.72
74.73
74.74
74.72
74.74
74.72
74.73
74.72
74.72
74.72
74.72
74.71
74.72
74.72
74.71
74.70
74.69
74.69
74.69
74.68
74.69
74.69
74.68
74.68
74.67
74.67
74.69
74.67
74.67
74.67
74.68
74.67
74.67
74.67
74.66
74.65
74.66
74.67
74.67
74.68
74.68
74.67
74.69
74.68
74.68
74.66
74.66
74.67
74.66
74.67
74.67
74.69
74.69
74.69
74.69
74.70
74.70
74.71
74.70
74.71
74.70
74.70
74.71
74.70
74.71
74.70
74.70
74.69
74.70
74.69
74.69
74.71
74.70
74.70
74.72
74.73
74.74
74.72
74.72
74.72
74.72
74.73
74.73
74.73
74.73
74.74
74.75
74.75
74.74
74.74
74.75
74.74
74.74
74.75
74.74
74.75
74.74
74.73
74.74
74.75
74.76
74.76
74.76
74.77
74.77
74.77
74.77
74.76
74.76
74.77
74.77
74.76
74.75
74.76
74.76
74.75
74.76
74.76
74.76
74.76
74.76
74.74
74.73
74.75
74.76
74.76
74.76
74.76
74.77
74.77
74.78
74.79
74.80
74.80
74.81
74.83
74.84
74.85
74.86
74.85
74.85
74.85
74.83
74.82
74.82
74.82
74.82
74.81
74.81
74.81
74.82
74.81
74.82
74.82
74.82
74.81
74.81
74.82
74.83
74.84
74.85
74.84
74.84
74.84
74.83
74.83
74.83
74.83
74.83
74.84
74.85
74.85
74.85
74.85
74.85
74.84
74.85
74.84
74.85
74.84
74.83
74.83
74.83
74.83
74.84
74.83
74.82
74.82
74.82
74.81
74.82
74.81
74.80
74.81
74.81
74.81
74.81
74.74
