17.19
19.53
21.35
21.88
25.00
23.96
23.44
23.05
22.92
22.97
22.73
22.53
22.84
22.99
23.33
23.44
23.25
23.44
23.77
23.75
23.66
23.93
23.85
23.57
23.62
24.28
24.48
24.33
24.52
24.69
24.65
24.76
24.91
25.00
25.04
25.04
25.00
25.12
25.20
25.08
25.08
24.93
24.93
24.86
24.97
25.00
25.10
25.20
25.16
25.12
25.18
25.15
25.32
25.43
25.51
25.53
25.52
25.48
25.37
25.42
25.46
25.48
25.57
25.61
25.70
25.59
25.68
25.55
25.57
25.51
25.48
25.54
25.58
25.65
25.58
25.58
25.55
25.56
25.45
25.41
25.42
25.42
25.51
25.47
25.48
25.40
25.38
25.46
25.47
25.49
25.46
25.51
25.49
25.52
25.61
25.57
25.60
25.56
25.47
25.50
25.50
25.44
25.39
25.33
25.28
25.27
25.23
25.27
25.26
25.23
25.32
25.36
25.35
25.40
25.35
25.46
25.45
25.40
25.41
25.36
25.39
25.42
25.39
25.34
25.31
25.32
25.31
25.28
25.28
25.23
25.27
25.26
25.21
25.26
25.27
25.24
25.25
25.25
25.21
25.23
25.23
25.24
25.16
25.22
25.34
25.40
25.48
25.53
25.53
25.49
25.52
25.53
25.54
25.48
25.42
25.45
25.48
25.51
25.50
25.51
25.51
25.54
25.50
25.50
25.54
25.60
25.63
25.58
25.66
25.63
25.58
25.60
25.63
25.68
25.70
25.67
25.66
25.71
25.73
25.73
25.71
25.73
25.71
25.71
25.73
25.74
25.71
25.72
25.69
25.67
25.66
25.71
25.70
25.72
25.71
25.74
25.70
25.65
25.66
25.64
25.60
25.63
25.64
25.61
25.58
25.61
25.61
25.61
25.65
25.67
25.67
25.66
25.62
25.61
25.61
25.61
25.60
25.58
25.62
25.62
25.63
25.64
25.69
25.69
25.67
25.68
25.68
25.69
25.74
25.72
25.67
25.67
25.66
25.65
25.62
25.63
25.62
25.58
25.59
25.57
25.61
25.63
25.64
25.65
25.65
25.68
25.68
25.72
25.78
25.81
25.80
25.83
25.83
25.83
25.83
25.84
25.88
25.88
25.84
25.83
25.84
25.86
25.83
25.83
25.82
25.81
25.78
25.77
25.82
25.80
25.80
25.82
25.80
25.82
25.80
25.80
25.80
25.81
25.82
25.83
25.83
25.83
25.84
25.86
25.87
25.84
25.85
25.87
25.87
25.84
25.88
25.90
25.91
25.90
25.92
25.91
25.92
25.93
25.94
25.94
25.93
25.92
25.92
25.90
25.92
25.92
25.93
25.92
25.92
25.90
25.93
25.96
25.96
25.95
25.97
25.97
25.98
25.98
25.98
25.96
25.99
25.98
25.96
25.95
25.98
25.99
25.96
25.98
25.94
25.92
25.91
25.92
25.91
25.90
25.90
25.93
25.92
25.92
25.93
25.94
25.97
25.95
25.94
25.94
25.93
25.93
25.92
25.96
25.93
25.92
25.89
25.88
25.87
25.87
25.85
25.82
25.82
25.82
25.82
25.81
25.84
25.81
25.80
25.81
25.81
25.79
25.79
25.80
25.80
25.79
25.80
25.80
25.79
25.77
25.76
25.77
25.78
25.78
25.79
25.81
25.79
25.78
25.80
25.81
25.80
25.81
25.82
25.81
25.83
25.83
25.84
25.82
25.83
25.84
25.83
25.85
25.85
25.86
25.87
25.86
25.86
25.84
25.85
25.84
25.86
25.85
25.83
25.82
25.82
25.82
25.83
25.84
25.85
25.85
25.84
25.86
25.85
25.84
25.83
25.82
25.82
25.83
25.83
25.83
25.84
25.86
25.86
25.85
25.86
25.84
25.85
25.86
25.89
25.90
25.87
25.86
25.87
25.87
25.86
25.87
25.86
25.88
25.87
25.87
25.86
25.86
25.86
25.87
25.88
25.90
25.91
25.92
25.91
25.92
25.90
25.90
25.91
25.91
25.94
25.93
25.93
25.92
25.93
25.94
25.93
25.92
25.92
25.93
25.93
25.92
25.92
25.94
25.93
25.95
25.96
25.97
25.98
26.00
25.99
25.99
25.98
25.98
25.97
25.95
25.96
25.94
25.96
25.95
25.96
25.97
25.96
25.95
25.95
25.97
25.97
25.97
25.95
25.93
25.93
25.92
25.93
25.92
25.94
25.94
25.96
25.97
25.96
25.95
25.95
25.93
25.93
25.92
25.93
25.92
25.94
25.95
25.96
25.94
25.94
25.92
25.94
25.93
25.93
25.94
25.92
25.93
25.93
25.93
25.93
25.93
25.96
25.95
25.95
25.96
25.97
25.95
25.94
25.95
25.94
25.94
25.94
25.94
25.93
25.94
25.93
25.95
25.94
25.93
25.93
25.94
25.93
25.93
25.92
25.93
25.94
25.95
25.96
25.97
25.98
25.98
25.97
25.97
25.98
25.97
25.97
25.97
25.95
25.94
25.94
25.93
25.93
25.93
25.93
25.93
25.92
25.93
25.90
25.91
25.91
25.91
25.89
25.89
25.89
25.90
25.91
25.91
25.92
25.91
25.90
25.91
25.92
25.92
25.91
25.92
25.92
25.93
25.92
25.92
25.92
25.92
25.91
25.92
25.93
25.92
25.92
25.92
25.93
25.92
25.90
25.88
25.89
25.89
25.89
25.90
25.91
25.92
25.92
25.92
25.91
25.90
25.90
25.90
25.90
25.90
25.90
25.89
25.88
25.87
25.87
25.85
25.86
25.86
25.86
25.87
25.88
25.89
25.90
25.92
25.93
25.92
25.92
25.92
25.93
25.93
25.93
25.92
25.92
25.92
25.91
25.89
25.89
25.89
25.89
25.88
25.89
25.89
25.89
25.89
25.88
25.88
25.90
25.90
25.90
25.89
25.88
25.86
25.88
25.87
25.87
25.86
25.85
25.85
25.86
25.86
25.86
25.84
25.84
25.84
25.84
25.85
25.85
25.85
25.86
25.86
25.86
25.85
25.83
25.83
25.84
25.84
25.86
25.87
25.86
25.86
25.86
25.85
25.85
25.86
25.87
25.88
25.89
25.89
25.89
25.89
25.88
25.88
25.88
