73.44
75.78
75.52
76.56
77.19
77.08
77.01
76.17
76.39
75.62
75.71
74.87
74.88
74.55
74.38
74.12
73.81
73.78
73.77
73.98
73.74
73.44
73.44
73.63
73.25
73.14
73.26
73.16
73.17
73.07
73.24
73.54
73.15
73.21
73.44
73.61
73.40
73.31
73.20
73.12
72.94
72.77
72.97
72.94
72.92
72.96
72.91
72.85
72.74
72.72
72.70
72.75
72.97
72.83
72.87
72.94
72.86
72.95
72.80
72.68
72.64
72.66
72.67
72.75
72.67
72.80
72.76
72.77
72.89
72.88
72.95
72.94
72.95
72.97
73.02
72.99
72.85
72.84
72.80
72.81
72.80
72.77
72.78
72.84
72.85
72.86
72.86
72.90
73.00
73.09
73.09
73.01
72.95
72.86
72.80
72.88
72.83
72.83
72.87
72.89
72.85
72.98
72.98
72.91
73.04
73.05
73.03
73.03
72.95
72.88
72.75
72.70
72.68
72.70
72.66
72.67
72.61
72.56
72.57
72.50
72.51
72.54
72.54
72.56
72.54
72.54
72.60
72.61
72.60
72.56
72.59
72.61
72.59
72.62
72.59
72.59
72.56
72.58
72.62
72.61
72.63
72.59
72.57
72.62
72.60
72.61
72.57
72.59
72.65
72.68
72.69
72.67
72.64
72.64
72.67
72.68
72.66
72.64
72.56
72.58
72.52
72.51
72.54
72.55
72.56
72.59
72.60
72.66
72.66
72.67
72.64
72.61
72.56
72.61
72.62
72.66
72.72
72.71
72.70
72.66
72.61
72.60
72.61
72.54
72.53
72.55
72.53
72.51
72.51
72.53
72.50
72.44
72.41
72.46
72.44
72.41
72.41
72.43
72.39
72.37
72.30
72.36
72.32
72.32
72.30
72.29
72.29
72.30
72.28
72.25
72.25
72.29
72.32
72.32
72.33
72.35
72.36
72.38
72.37
72.35
72.33
72.36
72.37
72.37
72.38
72.37
72.37
72.40
72.41
72.43
72.44
72.41
72.41
72.44
72.43
72.47
72.44
72.43
72.42
72.43
72.46
72.46
72.44
72.46
72.44
72.39
72.41
72.38
72.39
72.43
72.42
72.45
72.46
72.45
72.46
72.49
72.47
72.47
72.47
72.46
72.45
72.45
72.48
72.50
72.51
72.54
72.57
72.56
72.55
72.52
72.47
72.46
72.47
72.49
72.53
72.49
72.49
72.49
72.50
72.49
72.48
72.47
72.47
72.44
72.45
72.43
72.43
72.42
72.45
72.47
72.45
72.46
72.42
72.42
72.43
72.43
72.45
72.47
72.47
72.43
72.44
72.41
72.40
72.39
72.38
72.32
72.29
72.29
72.28
72.29
72.27
72.26
72.24
72.28
72.30
72.31
72.29
72.26
72.23
72.23
72.23
72.21
72.23
72.24
72.23
72.23
72.22
72.23
72.21
72.23
72.26
72.25
72.26
72.31
72.30
72.34
72.35
72.31
72.31
72.28
72.28
72.26
72.24
72.25
72.23
72.21
72.20
72.21
72.25
72.26
72.26
72.27
72.28
72.24
72.24
72.23
72.23
72.17
72.19
72.20
72.19
72.18
72.19
72.18
72.20
72.18
72.17
72.18
72.17
72.17
72.16
72.16
72.15
72.16
72.15
72.15
72.17
72.16
72.18
72.19
72.20
72.21
72.21
72.23
72.24
72.22
72.23
72.21
72.18
72.18
72.17
72.19
72.19
72.18
72.18
72.19
72.18
72.17
72.17
72.17
72.17
72.18
72.17
72.16
72.16
72.16
72.13
72.14
72.14
72.15
72.16
72.16
72.15
72.16
72.14
72.15
72.14
72.14
72.15
72.15
72.16
72.17
72.17
72.17
72.17
72.15
72.12
72.12
72.11
72.11
72.09
72.09
72.06
72.06
72.08
72.04
72.01
71.98
72.00
71.98
71.98
71.99
71.99
72.00
72.00
72.02
72.02
72.02
72.03
72.03
72.04
72.05
72.06
72.06
72.07
72.05
72.07
72.07
72.06
72.04
72.07
72.06
72.07
72.06
72.06
72.03
72.01
72.03
72.04
72.04
72.03
72.04
72.05
72.07
72.08
72.07
72.04
72.06
72.06
72.06
72.06
72.03
72.03
72.04
72.04
72.03
72.03
72.02
72.04
72.05
72.06
72.03
72.04
72.05
72.03
72.04
72.05
72.07
72.05
72.07
72.08
72.07
72.08
72.08
72.05
72.06
72.04
72.04
72.06
72.04
72.04
72.06
72.05
72.05
72.04
72.04
72.02
72.02
72.02
72.03
72.02
71.99
71.98
71.97
71.99
71.97
71.97
71.97
71.95
71.96
71.96
71.96
71.97
71.97
71.97
71.97
71.98
71.99
71.96
71.95
71.95
71.95
71.95
71.94
71.94
71.95
71.95
71.94
71.94
71.94
71.94
71.95
71.95
71.96
71.96
71.95
71.96
71.97
71.96
71.97
71.97
71.97
71.97
71.98
71.97
71.97
71.97
71.97
71.98
71.99
71.98
71.96
71.97
71.97
71.97
71.96
71.97
71.96
71.94
71.95
71.94
71.93
71.93
71.94
71.94
71.94
71.95
71.95
71.93
71.92
71.91
71.92
71.92
71.92
71.92
71.91
71.92
71.94
71.94
71.93
71.94
71.96
71.96
71.94
71.95
71.94
71.93
71.92
71.93
71.95
71.95
71.93
71.93
71.93
71.93
71.92
71.92
71.93
71.94
71.96
71.96
71.98
71.97
71.98
71.98
71.99
71.99
72.01
72.01
72.01
71.99
71.99
72.00
71.99
72.00
71.99
71.99
71.99
71.99
71.98
71.99
71.99
72.00
71.99
71.98
71.98
71.98
71.99
71.99
72.00
72.00
72.00
71.98
71.97
71.97
71.98
71.99
71.99
71.99
72.00
71.99
71.98
71.98
71.98
72.00
72.01
72.02
72.02
72.02
72.01
72.01
72.02
72.01
72.01
72.01
72.00
71.98
71.99
71.97
71.99
71.99
71.99
72.00
72.00
72.00
72.01
72.01
72.00
71.99
72.01
72.01
72.01
72.00
71.99
71.99
72.00
72.00
72.01
71.99
71.99
71.99
71.99
71.99
71.97
71.97
71.96
71.97
71.97
71.98
71.98
71.99
72.00
71.99
71.99
71.99
71.98
71.97
71.98
71.99
71.99
71.99
71.99
71.98
71.98
71.99
71.99
72.00
71.98
71.98
71.98
71.99
72.00
71.99
71.98
71.98
71.98
71.96
71.97
71.95
71.96
71.94
71.95
71.95
71.96
71.96
71.97
71.97
71.98
71.99
71.97
71.99
71.98
71.98
71.98
71.98
71.99
71.99
71.98
71.99
71.99
71.99
72.00
72.01
72.00
72.00
71.98
71.99
71.98
71.98
71.98
71.98
71.98
71.97
71.97
71.98
71.99
71.98
71.98
71.97
71.97
71.97
71.90
