78.12
82.81
81.25
82.81
82.81
84.64
84.60
84.18
83.51
82.97
83.24
83.46
82.69
82.48
82.29
82.42
82.26
82.38
82.57
82.42
82.44
82.67
82.27
82.29
82.31
82.51
82.64
82.76
83.03
83.12
83.11
82.96
83.00
82.95
82.86
82.68
82.94
83.10
82.97
82.97
83.12
82.96
82.92
82.99
82.71
82.61
82.58
82.49
82.56
82.59
82.66
82.72
82.67
82.61
82.67
82.65
82.62
82.62
82.52
82.66
82.58
82.69
82.81
82.91
82.84
82.88
82.79
82.81
82.86
82.72
82.57
82.57
82.58
82.69
82.56
82.52
82.45
82.47
82.46
82.48
82.50
82.47
82.49
82.48
82.46
82.38
82.33
82.32
82.32
82.27
82.31
82.34
82.16
82.13
82.14
82.15
82.12
82.10
82.15
82.17
82.18
82.22
82.15
82.14
82.17
82.15
82.05
82.07
82.08
82.03
82.02
82.06
82.16
82.15
82.24
82.15
82.08
82.03
82.04
81.99
81.95
82.01
82.01
82.08
82.09
82.06
81.98
81.98
82.01
82.03
82.05
82.10
82.06
82.09
82.12
82.10
82.12
82.13
82.17
82.21
82.19
82.17
82.23
82.29
82.28
82.35
82.30
82.25
82.23
82.24
82.24
82.22
82.24
82.19
82.19
82.19
82.19
82.16
82.20
82.21
82.16
82.20
82.22
82.24
82.23
82.26
82.21
82.23
82.18
82.19
82.20
82.20
82.20
82.22
82.19
82.16
82.17
82.19
82.16
82.14
82.19
82.23
82.23
82.29
82.29
82.29
82.27
82.23
82.18
82.22
82.22
82.28
82.29
82.32
82.33
82.35
82.34
82.33
82.34
82.34
82.33
82.33
82.32
82.30
82.29
82.29
82.34
82.35
82.36
82.39
82.41
82.40
82.40
82.37
82.35
82.38
82.37
82.37
82.38
82.37
82.34
82.33
82.28
82.32
82.33
82.29
82.29
82.27
82.29
82.32
82.33
82.34
82.34
82.32
82.31
82.30
82.26
82.25
82.28
82.25
82.25
82.25
82.25
82.22
82.24
82.22
82.25
82.21
82.22
82.21
82.21
82.20
82.16
82.16
82.13
82.11
82.13
82.14
82.12
82.10
82.09
82.08
82.11
82.11
82.14
82.13
82.12
82.11
82.11
82.12
82.10
82.09
82.05
82.04
82.07
82.08
82.05
82.02
82.05
82.05
82.05
82.06
82.04
82.03
82.03
82.01
82.03
82.05
82.06
82.07
82.07
82.07
82.08
82.09
82.12
82.09
82.09
82.08
82.09
82.06
82.07
82.06
82.05
82.06
82.06
82.03
82.04
82.05
82.04
82.06
82.03
82.03
82.04
82.05
82.07
82.08
82.08
82.09
82.07
82.06
82.07
82.08
82.10
82.11
82.07
82.07
82.08
82.09
82.10
82.08
82.05
82.06
82.06
82.04
82.01
81.99
82.01
82.01
81.98
81.99
82.00
82.00
82.00
81.99
81.98
81.99
81.97
81.98
81.98
81.97
82.01
82.00
82.03
82.04
82.03
82.04
82.08
82.07
82.06
82.04
82.06
82.07
82.06
82.07
82.08
82.09
82.09
82.10
82.10
82.11
82.13
82.14
82.15
82.15
82.17
82.14
82.14
82.13
82.14
82.15
82.16
82.17
82.15
82.16
82.16
82.16
82.18
82.17
82.17
82.16
82.17
82.15
82.16
82.16
82.15
82.14
82.13
82.15
82.15
82.13
82.10
82.10
82.12
82.12
82.11
82.10
82.10
82.10
82.11
82.11
82.08
82.09
82.09
82.08
82.09
82.09
82.10
82.09
82.09
82.08
82.07
82.09
82.08
82.09
82.08
82.08
82.08
82.08
82.08
82.08
82.10
82.10
82.09
82.10
82.10
82.11
82.10
82.12
82.12
82.11
82.11
82.11
82.09
82.08
82.08
82.08
82.05
82.06
82.07
82.09
82.10
82.08
82.07
82.07
82.06
82.07
82.06
82.07
82.06
82.06
82.06
82.05
82.06
82.05
82.06
82.04
82.06
82.04
82.06
82.06
82.06
82.05
82.05
82.06
82.06
82.06
82.07
82.07
82.08
82.08
82.08
82.10
82.09
82.08
82.07
82.07
82.06
82.05
82.06
82.06
82.06
82.05
82.05
82.04
82.04
82.03
82.02
82.00
82.00
82.00
82.00
82.01
82.00
82.02
82.03
82.03
82.01
82.01
82.00
82.00
82.00
81.99
81.97
81.96
81.96
81.95
81.95
81.94
81.95
81.97
81.97
81.97
81.96
81.97
81.96
81.97
81.96
81.95
81.94
81.93
81.95
81.95
81.95
81.95
81.95
81.97
81.97
81.96
81.95
81.94
81.94
81.95
81.95
81.96
81.95
81.95
81.95
81.94
81.94
81.94
81.95
81.95
81.96
81.95
81.94
81.94
81.93
81.93
81.93
81.94
81.94
81.95
81.95
81.95
81.95
81.94
81.93
81.92
81.93
81.91
81.90
81.89
81.87
81.87
81.86
81.86
81.86
81.88
81.89
81.89
81.89
81.87
81.87
81.88
81.90
81.90
81.89
81.89
81.88
81.88
81.87
81.87
81.87
81.86
81.86
81.85
81.85
81.85
81.86
81.86
81.85
81.84
81.85
81.84
81.84
81.84
81.84
81.84
81.84
81.84
81.84
81.84
81.86
81.87
81.85
81.84
81.85
81.85
81.83
81.82
81.82
81.82
81.81
81.82
81.82
81.81
81.81
81.81
81.81
81.82
81.81
81.79
81.80
81.81
81.81
81.83
81.82
81.82
81.81
81.81
81.82
81.82
81.82
81.83
81.81
81.82
81.82
81.82
81.82
81.81
81.82
81.83
81.83
81.83
81.84
81.84
81.84
81.84
81.83
81.81
81.81
81.79
81.79
81.79
81.79
81.79
81.78
81.79
81.79
81.80
81.79
81.79
81.78
81.77
81.77
81.77
81.78
81.79
81.80
81.80
81.81
81.79
81.79
81.78
81.79
81.78
81.78
81.78
81.78
81.78
81.78
81.79
81.80
81.81
81.82
81.83
81.84
81.84
81.84
81.85
81.84
81.82
81.82
81.82
81.83
81.81
81.82
81.82
81.81
81.81
81.81
81.83
81.81
81.81
81.81
81.80
81.81
81.81
81.81
81.79
81.79
81.79
81.79
81.80
81.79
81.81
81.80
81.80
81.80
81.81
81.82
81.83
81.83
81.83
81.83
81.84
81.84
81.83
81.82
81.82
81.83
81.83
81.83
81.83
81.82
81.82
81.83
81.83
81.83
81.83
81.84
81.83
81.82
81.83
81.84
81.84
81.85
81.87
81.86
81.86
81.87
81.87
81.87
81.87
81.87
81.87
81.88
81.87
81.88
81.88
81.89
81.88
81.87
81.88
81.87
81.88
81.89
81.88
81.89
81.90
81.89
81.82
