0.00
2.34
1.56
1.56
1.25
1.56
1.34
1.76
1.74
1.88
1.85
2.08
2.04
2.23
2.40
2.44
2.48
2.34
2.30
2.27
2.23
2.20
2.24
2.15
2.12
2.28
2.26
2.23
2.53
2.55
2.57
2.73
2.79
2.76
2.72
2.73
2.70
2.63
2.64
2.58
2.63
2.60
2.54
2.49
2.43
2.41
2.36
2.47
2.42
2.38
2.45
2.43
2.42
2.37
2.39
2.43
2.41
2.40
2.41
2.45
2.46
2.47
2.43
2.44
2.43
2.44
2.43
2.46
2.47
2.46
2.46
2.50
2.53
2.49
2.48
2.47
2.46
2.44
2.49
2.48
2.51
2.50
2.48
2.47
2.48
2.49
2.48
2.47
2.44
2.43
2.44
2.46
2.47
2.44
2.45
2.47
2.46
2.49
2.46
2.45
2.44
2.44
2.41
2.40
2.41
2.39
2.41
2.40
2.39
2.40
2.38
2.39
2.41
2.40
2.40
2.44
2.42
2.44
2.42
2.45
2.44
2.46
2.46
2.44
2.43
2.44
2.46
2.44
2.43
2.44
2.43
2.44
2.44
2.45
2.43
2.45
2.47
2.47
2.45
2.43
2.44
2.42
2.43
2.44
2.44
2.43
2.44
2.43
2.45
2.46
2.46
2.47
2.46
2.47
2.48
2.47
2.48
2.49
2.51
2.49
2.48
2.48
2.46
2.45
2.44
2.44
2.45
2.45
2.44
2.44
2.44
2.43
2.41
2.42
2.41
2.41
2.43
2.42
2.44
2.44
2.46
2.46
2.47
2.47
2.49
2.50
2.52
2.50
2.50
2.51
2.50
2.50
2.50
2.50
2.50
2.49
2.47
2.46
2.47
2.47
2.47
2.48
2.47
2.48
2.51
2.53
2.51
2.50
2.50
2.49
2.48
2.48
2.48
2.48
2.49
2.49
2.48
2.49
2.49
2.49
2.50
2.49
2.48
2.48
2.47
2.48
2.48
2.47
2.46
2.46
2.47
2.47
2.46
2.46
2.45
2.44
2.43
2.42
2.43
2.42
2.42
2.41
2.40
2.39
2.40
2.40
2.39
2.40
2.40
2.39
2.38
2.37
2.37
2.36
2.36
2.36
2.35
2.34
2.33
2.36
2.38
2.37
2.36
2.37
2.36
2.36
2.36
2.37
2.36
2.37
2.38
2.37
2.36
2.37
2.37
2.37
2.36
2.36
2.37
2.36
2.37
2.37
2.37
2.37
2.36
2.37
2.36
2.36
2.35
2.36
2.36
2.35
2.35
2.34
2.34
2.33
2.33
2.32
2.33
2.33
2.33
2.32
2.32
2.32
2.32
2.32
2.31
2.31
2.32
2.31
2.32
2.31
2.32
2.31
2.32
2.32
2.33
2.32
2.32
2.32
2.32
2.32
2.31
2.31
2.31
2.31
2.30
2.30
2.29
2.29
2.28
2.28
2.28
2.27
2.29
2.28
2.28
2.28
2.27
2.27
2.27
2.28
2.27
2.26
2.26
2.25
2.25
2.25
2.25
2.25
2.24
2.24
2.24
2.24
2.24
2.23
2.23
2.22
2.22
2.22
2.22
2.22
2.22
2.22
2.22
2.21
2.21
2.22
2.21
2.21
2.22
2.21
2.21
2.21
2.22
2.21
2.22
2.22
2.22
2.22
2.21
2.21
2.21
2.22
2.22
2.21
2.21
2.21
2.21
2.21
2.21
2.22
2.21
2.21
2.20
2.20
2.19
2.19
2.20
2.20
2.19
2.19
2.19
2.19
2.19
2.19
2.18
2.19
2.19
2.18
2.18
2.18
2.19
2.19
2.19
2.19
2.18
2.19
2.19
2.19
2.19
2.19
2.19
2.20
2.19
2.19
2.20
2.19
2.20
2.19
2.20
2.20
2.19
2.19
2.18
2.18
2.18
2.18
2.18
2.19
2.18
2.18
2.18
2.18
2.18
2.18
2.18
2.18
2.18
2.18
2.18
2.18
2.18
2.18
2.17
2.17
2.17
2.17
2.17
2.17
2.17
2.17
2.16
2.16
2.17
2.17
2.16
2.16
2.16
2.15
2.15
2.15
2.15
2.15
2.15
2.15
2.16
2.15
2.15
2.15
2.17
2.17
2.17
2.17
2.17
2.17
2.17
2.18
2.18
2.18
2.18
2.17
2.17
2.16
2.17
2.17
2.17
2.16
2.16
2.16
2.16
2.15
2.15
2.15
2.15
2.15
2.14
2.14
2.14
2.14
2.15
2.15
2.14
2.14
2.14
2.14
2.13
2.14
2.13
2.14
2.14
2.14
2.14
2.14
2.14
2.14
2.14
2.14
2.14
2.13
2.13
2.13
2.13
2.13
2.13
2.13
2.14
2.14
2.15
2.16
2.15
2.15
2.15
2.15
2.15
2.15
2.15
2.14
2.14
2.14
2.14
2.14
2.14
2.14
2.13
2.13
2.13
2.13
2.13
2.13
2.14
2.14
2.15
2.15
2.16
2.16
2.16
2.16
2.16
2.15
2.15
2.15
2.15
2.15
2.15
2.16
2.17
2.17
2.17
2.17
2.17
2.17
2.17
2.17
2.17
2.17
2.17
2.17
2.18
2.18
2.18
2.17
2.18
2.18
2.18
2.18
2.18
2.18
2.18
2.18
2.18
2.18
2.18
2.18
2.17
2.17
2.17
2.17
2.17
2.16
2.16
2.16
2.16
2.16
2.16
2.16
2.15
2.15
2.15
2.15
2.15
2.15
2.15
2.15
2.15
2.15
2.15
2.15
2.15
2.15
2.15
2.14
2.14
2.14
2.15
2.15
2.16
2.16
2.17
2.16
2.16
2.16
2.16
2.16
2.15
2.16
2.16
2.16
2.16
2.16
2.16
2.16
2.16
2.16
2.15
2.16
2.16
2.16
2.16
2.16
2.16
2.16
2.16
2.16
2.16
2.16
2.16
2.16
2.16
2.16
2.17
2.17
2.16
2.16
2.16
2.16
2.16
2.15
2.15
2.16
2.16
2.16
2.16
2.15
2.15
2.15
2.15
2.16
2.16
2.15
2.15
2.15
2.15
2.15
2.15
2.15
2.15
2.15
2.15
2.15
2.15
2.15
2.15
2.15
2.14
2.14
2.14
2.15
2.14
2.14
2.14
2.14
2.14
2.15
2.14
2.14
2.15
2.15
2.15
2.14
2.14
2.14
2.14
2.14
2.14
2.14
2.14
2.14
2.14
2.13
2.13
2.13
2.13
2.13
2.13
2.13
2.13
2.13
2.13
2.13
2.13
2.13
2.13
2.13
2.14
2.13
2.14
2.14
2.14
2.14
2.14
2.14
2.14
2.14
2.14
2.14
2.14
2.14
2.14
2.14
2.14
2.13
2.13
2.13
2.13
2.13
2.13
2.13
2.13
2.13
2.13
2.13
2.13
2.13
2.13
2.13
2.14
2.14
2.13
2.13
2.13
2.13
