17.19
20.31
21.35
22.27
22.50
20.31
20.76
21.68
21.88
22.34
23.01
21.88
21.51
22.32
22.19
22.17
22.33
22.40
21.63
21.33
21.13
20.88
20.72
20.51
20.06
19.65
19.56
19.59
19.67
19.48
19.25
19.43
19.32
19.53
19.51
19.49
19.43
19.28
19.39
19.49
19.44
19.38
19.48
19.25
19.06
18.99
19.22
19.27
19.32
19.16
19.18
19.17
19.13
19.24
19.20
19.39
19.41
19.42
19.54
19.66
19.57
19.63
19.77
19.78
19.88
19.86
19.92
19.92
19.90
19.82
19.83
19.86
19.99
20.16
20.17
20.17
20.21
20.25
20.27
20.27
20.35
20.31
20.31
20.37
20.37
20.39
20.33
20.35
20.35
20.36
20.36
20.35
20.35
20.26
20.18
20.23
20.23
20.22
20.27
20.23
20.24
20.22
20.25
20.19
20.25
20.18
20.24
20.23
20.30
20.28
20.20
20.13
20.19
20.11
20.11
20.08
20.09
20.17
20.15
20.13
20.14
20.16
20.21
20.17
20.17
20.16
20.20
20.12
20.12
20.14
20.15
20.19
20.15
20.15
20.22
20.20
20.19
20.18
20.12
20.19
20.18
20.15
20.17
20.20
20.20
20.21
20.21
20.25
20.26
20.30
20.24
20.26
20.27
20.30
20.26
20.32
20.33
20.36
20.35
20.33
20.32
20.31
20.26
20.25
20.26
20.26
20.25
20.22
20.17
20.19
20.16
20.19
20.14
20.12
20.19
20.14
20.15
20.17
20.14
20.17
20.26
20.27
20.24
20.24
20.22
20.19
20.18
20.22
20.23
20.25
20.27
20.29
20.25
20.26
20.26
20.29
20.27
20.31
20.29
20.30
20.33
20.30
20.28
20.30
20.32
20.36
20.38
20.37
20.37
20.37
20.45
20.50
20.54
20.58
20.57
20.58
20.66
20.66
20.68
20.67
20.68
20.69
20.71
20.74
20.78
20.75
20.73
20.74
20.74
20.75
20.79
20.77
20.82
20.84
20.83
20.82
20.81
20.82
20.82
20.85
20.83
20.81
20.79
20.76
20.74
20.74
20.75
20.74
20.71
20.68
20.67
20.65
20.64
20.68
20.67
20.70
20.71
20.71
20.70
20.66
20.67
20.64
20.63
20.63
20.62
20.61
20.62
20.59
20.59
20.57
20.54
20.53
20.52
20.52
20.55
20.54
20.53
20.51
20.50
20.47
20.46
20.42
20.43
20.41
20.41
20.39
20.39
20.42
20.41
20.42
20.42
20.41
20.38
20.34
20.32
20.33
20.32
20.35
20.32
20.34
20.37
20.38
20.35
20.31
20.32
20.32
20.36
20.33
20.32
20.32
20.32
20.32
20.30
20.30
20.31
20.31
20.32
20.32
20.31
20.31
20.31
20.28
20.28
20.27
20.26
20.25
20.24
20.25
20.22
20.22
20.24
20.22
20.24
20.25
20.29
20.26
20.28
20.28
20.28
20.28
20.26
20.26
20.25
20.24
20.25
20.24
20.24
20.28
20.26
20.24
20.25
20.24
20.24
20.22
20.19
20.21
20.22
20.21
20.20
20.20
20.21
20.22
20.20
20.21
20.21
20.22
20.25
20.26
20.24
20.24
20.26
20.26
20.25
20.25
20.23
20.24
20.24
20.24
20.21
20.22
20.20
20.19
20.20
20.20
20.19
20.18
20.18
20.16
20.16
20.14
20.11
20.11
20.13
20.14
20.13
20.14
20.15
20.14
20.13
20.13
20.14
20.12
20.14
20.15
20.14
20.13
20.12
20.10
20.11
20.11
20.11
20.12
20.10
20.12
20.11
20.11
20.09
20.10
20.10
20.10
20.09
20.09
20.09
20.10
20.10
20.09
20.09
20.10
20.10
20.11
20.12
20.12
20.12
20.13
20.10
20.09
20.09
20.10
20.11
20.11
20.11
20.09
20.09
20.09
20.12
20.12
20.11
20.12
20.14
20.13
20.12
20.13
20.12
20.12
20.10
20.08
20.07
20.07
20.07
20.09
20.09
20.09
20.09
20.11
20.12
20.11
20.11
20.11
20.11
20.10
20.11
20.10
20.13
20.13
20.12
20.13
20.13
20.11
20.12
20.11
20.11
20.11
20.11
20.11
20.10
20.10
20.09
20.09
20.08
20.07
20.09
20.11
20.11
20.10
20.10
20.10
20.11
20.12
20.13
20.12
20.14
20.13
20.13
20.14
20.14
20.13
20.13
20.11
20.13
20.12
20.13
20.13
20.13
20.12
20.12
20.12
20.14
20.14
20.14
20.15
20.15
20.15
20.15
20.15
20.16
20.17
20.17
20.16
20.17
20.18
20.21
20.22
20.25
20.25
20.24
20.25
20.25
20.24
20.22
20.23
20.23
20.22
20.22
20.22
20.22
20.23
20.23
20.23
20.24
20.22
20.22
20.21
20.21
20.21
20.21
20.22
20.21
20.23
20.21
20.21
20.20
20.20
20.20
20.20
20.19
20.18
20.18
20.17
20.14
20.14
20.14
20.14
20.14
20.15
20.16
20.16
20.16
20.16
20.15
20.15
20.16
20.15
20.14
20.15
20.16
20.15
20.14
20.15
20.15
20.15
20.15
20.16
20.15
20.15
20.15
20.16
20.16
20.17
20.16
20.16
20.17
20.16
20.16
20.16
20.15
20.15
20.15
20.15
20.16
20.16
20.16
20.15
20.15
20.15
20.16
20.15
20.16
20.17
20.17
20.16
20.15
20.15
20.14
20.14
20.14
20.13
20.12
20.12
20.12
20.12
20.11
20.12
20.13
20.11
20.11
20.11
20.11
20.11
20.10
20.12
20.14
20.13
20.14
20.14
20.14
20.13
20.12
20.12
20.13
20.12
20.13
20.13
20.11
20.13
20.13
20.12
20.12
20.12
20.12
20.11
20.11
20.11
20.09
20.08
20.09
20.08
20.07
20.08
20.09
20.09
20.07
20.07
20.08
20.07
20.06
20.05
20.05
20.05
20.06
20.07
20.06
20.07
20.07
20.06
20.05
20.06
20.05
20.06
20.07
20.05
20.07
20.07
20.08
20.08
20.08
20.08
20.08
20.09
20.10
20.09
20.09
20.10
20.10
20.09
20.10
20.11
20.11
20.12
20.13
20.12
20.11
20.11
20.11
20.10
20.11
20.09
20.09
20.09
20.08
20.08
20.08
20.08
20.08
20.08
20.08
20.08
20.08
20.10
20.09
20.10
20.10
20.11
20.12
20.11
20.11
20.11
20.10
20.11
20.12
20.11
20.12
20.12
20.12
20.12
20.13
20.13
20.13
20.12
20.13
20.13
20.12
20.12
20.13
20.13
20.13
20.14
20.14
20.15
20.14
20.14
20.15
20.15
20.15
20.15
20.15
20.15
20.16
20.16
20.15
20.15
20.15
20.15
20.16
20.15
20.15
20.16
20.16
20.16
20.16
20.15
20.15
20.14
