26.56
21.09
19.79
20.70
19.06
19.79
20.09
19.92
19.62
18.75
19.03
19.53
19.95
20.09
20.00
19.92
19.76
19.53
19.90
20.16
20.31
20.67
20.58
20.96
20.75
20.55
20.49
20.31
20.10
20.31
20.31
20.41
20.55
21.00
20.94
20.75
20.69
20.72
20.87
20.98
21.19
21.21
21.15
21.06
21.08
21.06
20.84
20.93
20.98
21.00
21.11
21.06
21.02
20.98
21.11
21.07
21.13
21.07
21.11
21.04
21.26
21.24
21.38
21.31
21.44
21.33
21.39
21.30
21.31
21.25
21.21
21.18
21.32
21.30
21.23
21.28
21.35
21.31
21.38
21.35
21.32
21.34
21.29
21.28
21.34
21.29
21.25
21.24
21.19
21.16
21.21
21.33
21.29
21.29
21.40
21.35
21.49
21.48
21.59
21.55
21.50
21.54
21.59
21.62
21.61
21.68
21.73
21.76
21.65
21.59
21.54
21.57
21.58
21.53
21.55
21.50
21.43
21.41
21.45
21.46
21.41
21.43
21.48
21.47
21.46
21.45
21.54
21.58
21.66
21.73
21.74
21.74
21.75
21.77
21.76
21.81
21.81
21.84
21.89
21.86
21.85
21.84
21.82
21.83
21.84
21.89
21.93
21.92
21.93
21.94
21.95
21.99
21.99
21.98
21.97
22.00
21.94
21.94
21.92
21.92
21.93
21.90
21.87
21.91
21.89
21.87
21.82
21.78
21.71
21.68
21.68
21.61
21.61
21.67
21.65
21.65
21.65
21.73
21.68
21.68
21.69
21.64
21.64
21.62
21.66
21.67
21.71
21.68
21.73
21.70
21.66
21.67
21.67
21.67
21.71
21.72
21.73
21.75
21.79
21.74
21.70
21.69
21.71
21.70
21.68
21.69
21.69
21.68
21.65
21.65
21.60
21.58
21.57
21.54
21.55
21.56
21.55
21.54
21.55
21.58
21.59
21.61
21.62
21.60
21.62
21.61
21.61
21.63
21.62
21.66
21.69
21.68
21.68
21.66
21.65
21.67
21.66
21.63
21.65
21.65
21.64
21.64
21.64
21.67
21.68
21.67
21.69
21.69
21.66
21.62
21.63
21.63
21.63
21.63
21.59
21.58
21.58
21.60
21.61
21.61
21.63
21.64
21.68
21.69
21.70
21.73
21.73
21.76
21.74
21.74
21.77
21.74
21.78
21.81
21.84
21.83
21.80
21.80
21.77
21.76
21.75
21.77
21.77
21.77
21.78
21.78
21.77
21.78
21.83
21.81
21.81
21.79
21.77
21.77
21.80
21.81
21.80
21.77
21.75
21.76
21.77
21.80
21.83
21.84
21.82
21.85
21.83
21.83
21.82
21.86
21.88
21.90
21.91
21.91
21.93
21.91
21.90
21.88
21.90
21.93
21.93
21.92
21.92
21.93
21.93
21.93
21.94
21.96
21.95
21.94
21.92
21.91
21.90
21.91
21.92
21.92
21.92
21.92
21.97
21.98
21.98
22.00
22.00
22.01
22.02
21.99
22.00
21.97
21.96
21.96
21.96
21.99
22.00
22.02
22.04
22.04
22.04
22.04
22.01
22.02
22.00
21.99
21.99
22.00
21.99
21.98
21.98
21.98
21.99
22.01
22.01
22.03
22.02
22.04
22.02
22.06
22.06
22.05
22.04
22.04
22.05
22.04
22.05
22.06
22.10
22.11
22.08
22.06
22.05
22.04
22.03
22.04
22.03
22.04
22.04
22.04
22.04
22.06
22.03
22.04
22.07
22.06
22.05
22.05
22.04
22.04
22.02
22.02
22.03
22.04
22.05
22.05
22.06
22.08
22.06
22.08
22.10
22.11
22.12
22.15
22.15
22.17
22.17
22.16
22.15
22.16
22.14
22.16
22.16
22.15
22.15
22.15
22.15
22.17
22.15
22.14
22.14
22.14
22.17
22.16
22.15
22.16
22.17
22.16
22.16
22.17
22.18
22.19
22.20
22.20
22.21
22.21
22.21
22.21
22.21
22.21
22.21
22.21
22.23
22.21
22.21
22.22
22.23
22.24
22.23
22.22
22.22
22.22
22.23
22.22
22.22
22.21
22.20
22.18
22.19
22.20
22.19
22.18
22.18
22.19
22.17
22.16
22.17
22.16
22.16
22.14
22.13
22.13
22.13
22.15
22.15
22.15
22.15
22.17
22.16
22.15
22.16
22.15
22.15
22.14
22.16
22.17
22.17
22.16
22.16
22.17
22.18
22.18
22.18
22.18
22.18
22.18
22.18
22.20
22.19
22.20
22.20
22.20
22.18
22.18
22.17
22.17
22.17
22.18
22.16
22.15
22.16
22.17
22.17
22.18
22.16
22.17
22.17
22.15
22.16
22.15
22.16
22.16
22.15
22.14
22.14
22.13
22.13
22.13
22.14
22.14
22.14
22.14
22.14
22.13
22.15
22.15
22.14
22.15
22.14
22.13
22.14
22.15
22.14
22.15
22.15
22.16
22.15
22.15
22.14
22.14
22.13
22.13
22.12
22.12
22.13
22.14
22.13
22.12
22.13
22.12
22.12
22.11
22.12
22.10
22.10
22.10
22.12
22.13
22.12
22.13
22.14
22.14
22.15
22.16
22.16
22.16
22.16
22.15
22.14
22.14
22.13
22.13
22.13
22.12
22.11
22.11
22.10
22.10
22.09
22.09
22.08
22.08
22.10
22.10
22.08
22.09
22.09
22.10
22.10
22.11
22.10
22.08
22.08
22.08
22.09
22.08
22.10
22.09
22.10
22.10
22.09
22.08
22.08
22.10
22.11
22.12
22.12
22.12
22.12
22.12
22.12
22.11
22.12
22.12
22.13
22.15
22.14
22.14
22.15
22.16
22.17
22.17
22.19
22.18
22.18
22.18
22.19
22.18
22.17
22.18
22.17
22.17
22.17
22.17
22.16
22.16
22.15
22.14
22.14
22.13
22.14
22.13
22.16
22.15
22.16
22.16
22.15
22.17
22.17
22.18
22.19
22.19
22.18
22.18
22.18
22.18
22.19
22.20
22.20
22.19
22.20
22.20
22.21
22.20
22.21
22.21
22.21
22.20
22.20
22.19
22.18
22.17
22.18
22.19
22.19
22.19
22.19
22.18
22.18
22.18
22.17
22.16
22.15
22.16
22.16
22.16
22.16
22.16
22.16
22.15
22.16
22.15
22.15
22.16
22.16
22.16
22.16
22.17
22.16
22.15
22.15
22.15
22.15
22.16
22.17
22.17
22.17
22.18
22.19
22.20
22.20
22.20
22.20
22.20
22.21
22.20
22.20
22.19
22.18
22.17
22.17
22.19
22.18
22.18
22.17
22.17
22.16
22.18
22.17
22.17
22.15
22.15
22.16
22.15
22.15
22.14
22.15
22.15
22.13
22.13
22.12
22.11
22.12
22.12
22.13
22.13
22.13
22.12
22.12
22.12
22.12
22.12
22.13
22.12
22.13
22.11
