14.06
12.50
11.98
10.94
10.00
10.42
10.27
9.96
10.07
10.00
11.08
11.46
11.06
11.27
11.35
11.52
11.12
11.02
11.10
11.41
11.38
11.51
11.35
11.26
11.19
11.06
11.00
10.99
10.88
10.73
10.53
10.69
10.70
10.57
10.62
10.72
10.56
10.44
10.42
10.31
10.44
10.49
10.68
10.65
10.66
10.60
10.57
10.55
10.55
10.59
10.48
10.52
10.50
10.42
10.45
10.35
10.36
10.45
10.35
10.31
10.37
10.41
10.39
10.33
10.31
10.27
10.31
10.32
10.28
10.27
10.19
10.29
10.17
10.16
10.12
10.07
10.06
10.06
10.05
10.06
10.01
9.97
9.96
10.01
10.04
9.99
10.04
10.01
9.97
10.02
10.01
9.99
10.01
10.06
10.08
10.09
10.02
10.03
10.02
10.12
10.09
10.06
10.09
10.05
10.06
10.04
10.05
10.04
10.05
10.01
10.02
10.00
10.01
9.99
10.05
10.05
10.00
10.02
10.04
10.04
10.02
10.03
10.07
10.06
10.01
9.98
9.92
9.91
9.88
9.87
9.86
9.86
9.83
9.84
9.80
9.78
9.73
9.79
9.77
9.79
9.81
9.80
9.78
9.79
9.77
9.76
9.79
9.80
9.83
9.83
9.86
9.84
9.84
9.86
9.89
9.91
9.95
9.94
9.92
9.96
9.97
9.96
9.94
9.93
9.92
9.94
9.94
9.94
9.95
9.94
9.93
9.96
10.00
9.97
9.96
9.97
9.94
9.95
9.97
9.98
9.95
10.02
10.02
10.03
10.03
10.05
10.09
10.11
10.09
10.10
10.09
10.11
10.10
10.12
10.14
10.12
10.11
10.12
10.10
10.12
10.12
10.10
10.09
10.08
10.08
10.06
10.08
10.06
10.06
10.06
10.07
10.07
10.07
10.08
10.07
10.05
10.03
10.01
10.02
10.00
10.00
10.02
9.99
9.99
9.97
9.98
9.94
9.92
9.91
9.90
9.89
9.90
9.89
9.90
9.89
9.86
9.85
9.84
9.83
9.84
9.85
9.83
9.82
9.83
9.85
9.86
9.87
9.87
9.85
9.82
9.81
9.79
9.76
9.76
9.76
9.79
9.81
9.79
9.80
9.81
9.81
9.82
9.80
9.80
9.81
9.82
9.80
9.82
9.80
9.80
9.81
9.80
9.77
9.79
9.78
9.77
9.79
9.80
9.81
9.80
9.80
9.81
9.82
9.82
9.82
9.83
9.83
9.82
9.81
9.81
9.82
9.83
9.84
9.84
9.87
9.84
9.83
9.81
9.82
9.82
9.82
9.83
9.82
9.82
9.81
9.79
9.79
9.80
9.77
9.79
9.81
9.80
9.79
9.78
9.80
9.82
9.82
9.83
9.83
9.84
9.85
9.86
9.87
9.85
9.86
9.84
9.84
9.85
9.84
9.83
9.84
9.85
9.85
9.84
9.85
9.84
9.82
9.82
9.81
9.83
9.81
9.81
9.82
9.82
9.80
9.80
9.80
9.81
9.81
9.82
9.82
9.80
9.81
9.81
9.82
9.81
9.79
9.79
9.78
9.77
9.77
9.77
9.78
9.76
9.75
9.76
9.77
9.77
9.78
9.78
9.78
9.79
9.78
9.76
9.77
9.78
9.79
9.81
9.81
9.81
9.83
9.82
9.82
9.81
9.81
9.81
9.83
9.83
9.82
9.83
9.82
9.84
9.84
9.83
9.83
9.84
9.83
9.84
9.84
9.85
9.86
9.86
9.85
9.87
9.85
9.83
9.84
9.84
9.84
9.86
9.86
9.85
9.85
9.87
9.86
9.86
9.84
9.83
9.83
9.84
9.84
9.83
9.84
9.82
9.84
9.84
9.85
9.84
9.83
9.84
9.84
9.83
9.82
9.82
9.81
9.84
9.85
9.84
9.83
9.83
9.82
9.83
9.83
9.84
9.84
9.85
9.84
9.85
9.85
9.86
9.86
9.86
9.85
9.86
9.85
9.85
9.85
9.86
9.86
9.85
9.86
9.85
9.84
9.83
9.82
9.83
9.83
9.83
9.83
9.83
9.83
9.83
9.81
9.81
9.81
9.81
9.80
9.80
9.80
9.79
9.80
9.81
9.81
9.82
9.82
9.81
9.80
9.80
9.80
9.82
9.81
9.82
9.82
9.81
9.81
9.83
9.84
9.82
9.83
9.82
9.81
9.81
9.82
9.83
9.84
9.83
9.82
9.82
9.81
9.80
9.81
9.80
9.81
9.81
9.81
9.81
9.80
9.79
9.79
9.80
9.79
9.80
9.81
9.80
9.79
9.79
9.79
9.79
9.79
9.79
9.81
9.81
9.79
9.81
9.80
9.80
9.81
9.80
9.81
9.82
9.81
9.81
9.81
9.80
9.80
9.81
9.80
9.80
9.80
9.80
9.81
9.81
9.81
9.81
9.81
9.80
9.79
9.81
9.81
9.81
9.81
9.81
9.81
9.82
9.81
9.82
9.82
9.82
9.83
9.84
9.84
9.84
9.84
9.84
9.84
9.83
9.84
9.85
9.83
9.83
9.84
9.83
9.83
9.82
9.82
9.82
9.82
9.83
9.83
9.84
9.84
9.86
9.86
9.85
9.85
9.86
9.85
9.85
9.85
9.84
9.84
9.84
9.84
9.83
9.83
9.84
9.84
9.84
9.85
9.85
9.86
9.86
9.85
9.85
9.85
9.86
9.87
9.86
9.87
9.87
9.86
9.87
9.88
9.88
9.89
9.89
9.89
9.89
9.90
9.90
9.90
9.90
9.89
9.90
9.89
9.89
9.89
9.89
9.89
9.89
9.89
9.90
9.90
9.90
9.89
9.90
9.89
9.90
9.90
9.90
9.91
9.91
9.90
9.90
9.91
9.91
9.92
9.92
9.92
9.91
9.92
9.92
9.92
9.92
9.92
9.91
9.91
9.91
9.91
9.91
9.91
9.91
9.92
9.92
9.92
9.92
9.92
9.92
9.92
9.92
9.92
9.92
9.92
9.91
9.92
9.91
9.91
9.91
9.91
9.91
9.91
9.91
9.91
9.91
9.90
9.90
9.91
9.91
9.92
9.92
9.92
9.91
9.92
9.91
9.91
9.92
9.93
9.92
9.94
9.94
9.94
9.94
9.94
9.95
9.95
9.95
9.94
9.95
9.95
9.96
9.96
9.96
9.96
9.96
9.96
9.96
9.98
9.99
10.00
9.99
9.99
9.99
9.98
9.98
9.98
9.97
9.97
9.97
9.97
9.97
9.98
9.98
9.98
9.98
9.99
9.99
9.99
9.99
9.98
9.99
9.99
9.99
9.99
9.99
9.99
9.99
9.98
9.98
9.98
9.98
9.98
9.99
9.98
9.98
9.98
9.98
9.98
9.97
9.96
9.96
9.95
9.96
9.97
9.96
9.97
9.98
9.98
9.97
9.97
9.98
9.97
9.96
