6.25
3.12
3.65
3.91
3.75
3.39
3.35
3.52
3.65
3.91
3.69
3.78
3.85
3.79
3.54
3.61
3.58
3.56
3.54
3.59
3.42
3.41
3.33
3.65
3.75
3.85
3.99
4.07
4.04
4.06
3.98
4.10
4.02
4.00
3.88
3.78
3.89
3.95
3.89
3.91
3.89
3.79
3.74
3.84
3.82
3.77
3.72
3.74
3.70
3.69
3.65
3.64
3.69
3.70
3.72
3.71
3.70
3.66
3.63
3.62
3.66
3.70
3.75
3.69
3.65
3.67
3.68
3.63
3.62
3.62
3.61
3.65
3.68
3.63
3.65
3.66
3.75
3.79
3.82
3.81
3.80
3.81
3.84
3.83
3.81
3.80
3.81
3.84
3.81
3.84
3.81
3.82
3.85
3.84
3.87
3.86
3.85
3.87
3.87
3.89
3.87
3.86
3.93
3.92
3.93
3.92
3.90
3.86
3.86
3.84
3.84
3.84
3.82
3.84
3.86
3.91
3.90
3.89
3.89
3.87
3.87
3.87
3.86
3.84
3.86
3.84
3.84
3.88
3.86
3.86
3.85
3.86
3.83
3.84
3.88
3.88
3.89
3.86
3.84
3.87
3.87
3.85
3.86
3.85
3.86
3.84
3.85
3.83
3.83
3.81
3.83
3.84
3.87
3.88
3.86
3.88
3.86
3.85
3.85
3.85
3.86
3.85
3.85
3.84
3.84
3.84
3.83
3.81
3.81
3.81
3.80
3.79
3.77
3.76
3.78
3.76
3.75
3.74
3.72
3.71
3.71
3.71
3.73
3.74
3.72
3.76
3.74
3.75
3.74
3.73
3.75
3.74
3.73
3.73
3.72
3.71
3.71
3.72
3.74
3.76
3.75
3.74
3.74
3.74
3.76
3.75
3.75
3.75
3.75
3.75
3.74
3.74
3.73
3.72
3.72
3.73
3.73
3.72
3.72
3.72
3.73
3.74
3.73
3.73
3.72
3.72
3.72
3.71
3.71
3.72
3.71
3.72
3.74
3.75
3.76
3.75
3.74
3.74
3.73
3.74
3.73
3.74
3.73
3.73
3.71
3.72
3.73
3.73
3.73
3.72
3.72
3.72
3.72
3.72
3.72
3.74
3.73
3.73
3.73
3.73
3.74
3.73
3.74
3.75
3.74
3.74
3.73
3.73
3.72
3.72
3.74
3.75
3.73
3.73
3.73
3.71
3.70
3.71
3.72
3.73
3.74
3.74
3.74
3.74
3.73
3.74
3.73
3.73
3.73
3.72
3.72
3.75
3.74
3.74
3.73
3.76
3.77
3.79
3.78
3.78
3.78
3.78
3.77
3.78
3.78
3.77
3.77
3.77
3.78
3.78
3.77
3.77
3.76
3.77
3.76
3.77
3.78
3.76
3.78
3.77
3.77
3.77
3.77
3.79
3.79
3.79
3.77
3.77
3.77
3.76
3.76
3.77
3.77
3.76
3.76
3.77
3.76
3.77
3.77
3.77
3.78
3.77
3.76
3.77
3.76
3.76
3.76
3.77
3.77
3.77
3.77
3.78
3.78
3.78
3.78
3.78
3.79
3.79
3.79
3.80
3.80
3.82
3.81
3.83
3.84
3.84
3.84
3.84
3.84
3.84
3.83
3.82
3.82
3.81
3.81
3.81
3.80
3.80
3.81
3.82
3.81
3.81
3.81
3.81
3.81
3.80
3.80
3.80
3.80
3.80
3.80
3.80
3.80
3.80
3.80
3.81
3.80
3.79
3.79
3.80
3.81
3.80
3.81
3.82
3.82
3.81
3.82
3.82
3.82
3.82
3.81
3.82
3.83
3.83
3.83
3.83
3.83
3.83
3.83
3.82
3.83
3.82
3.82
3.81
3.83
3.83
3.83
3.83
3.82
3.82
3.83
3.83
3.84
3.83
3.83
3.83
3.83
3.84
3.84
3.84
3.83
3.84
3.83
3.84
3.84
3.84
3.84
3.84
3.84
3.83
3.84
3.83
3.84
3.83
3.83
3.83
3.83
3.83
3.83
3.83
3.84
3.83
3.83
3.83
3.83
3.83
3.84
3.84
3.85
3.85
3.85
3.85
3.84
3.84
3.83
3.84
3.84
3.84
3.84
3.83
3.83
3.83
3.82
3.81
3.81
3.81
3.81
3.81
3.81
3.81
3.81
3.80
3.80
3.81
3.82
3.82
3.82
3.82
3.83
3.82
3.82
3.83
3.82
3.83
3.82
3.82
3.82
3.82
3.82
3.82
3.82
3.83
3.84
3.84
3.83
3.84
3.84
3.84
3.84
3.84
3.85
3.85
3.85
3.85
3.85
3.86
3.86
3.86
3.87
3.87
3.87
3.87
3.87
3.87
3.87
3.87
3.87
3.87
3.87
3.87
3.86
3.86
3.87
3.87
3.88
3.88
3.87
3.87
3.87
3.88
3.89
3.89
3.89
3.88
3.88
3.88
3.88
3.88
3.88
3.88
3.89
3.89
3.89
3.89
3.88
3.88
3.88
3.88
3.88
3.88
3.87
3.87
3.86
3.87
3.88
3.87
3.88
3.88
3.88
3.88
3.88
3.88
3.88
3.88
3.88
3.88
3.88
3.88
3.89
3.89
3.89
3.89
3.88
3.88
3.89
3.89
3.89
3.88
3.88
3.89
3.88
3.88
3.87
3.88
3.88
3.88
3.87
3.88
3.87
3.87
3.87
3.87
3.87
3.87
3.86
3.86
3.85
3.85
3.85
3.85
3.84
3.84
3.83
3.83
3.83
3.83
3.83
3.83
3.84
3.84
3.83
3.84
3.84
3.83
3.84
3.84
3.84
3.84
3.85
3.85
3.85
3.85
3.85
3.85
3.85
3.85
3.85
3.86
3.85
3.85
3.85
3.85
3.85
3.86
3.86
3.86
3.86
3.86
3.86
3.86
3.86
3.87
3.87
3.86
3.86
3.87
3.87
3.87
3.87
3.87
3.87
3.87
3.87
3.86
3.86
3.86
3.86
3.87
3.87
3.86
3.87
3.87
3.87
3.86
3.85
3.85
3.85
3.84
3.85
3.85
3.85
3.86
3.86
3.86
3.86
3.86
3.87
3.87
3.87
3.88
3.87
3.87
3.87
3.87
3.87
3.87
3.87
3.87
3.88
3.88
3.88
3.87
3.88
3.88
3.88
3.88
3.88
3.88
3.87
3.87
3.87
3.87
3.88
3.87
3.87
3.87
3.87
3.88
3.88
3.88
3.88
3.88
3.88
3.88
3.88
3.88
3.88
3.88
3.88
3.87
3.87
3.86
3.87
3.86
3.87
3.86
3.86
3.86
3.86
3.86
3.86
3.86
3.86
3.86
3.86
3.86
3.86
3.86
3.86
3.86
3.86
3.85
3.86
3.86
3.86
3.86
3.86
3.86
3.86
3.87
3.87
3.87
3.87
3.87
3.88
3.87
3.88
3.88
3.88
3.88
3.87
3.87
