4.69
3.12
3.12
3.12
2.50
2.34
2.01
1.95
1.74
1.56
1.56
1.43
1.56
1.56
1.46
1.37
1.38
1.30
1.23
1.41
1.34
1.28
1.29
1.30
1.31
1.32
1.33
1.34
1.29
1.30
1.26
1.22
1.18
1.15
1.12
1.22
1.18
1.15
1.12
1.13
1.11
1.19
1.20
1.17
1.15
1.15
1.13
1.11
1.12
1.12
1.10
1.11
1.09
1.13
1.16
1.14
1.18
1.16
1.19
1.17
1.15
1.18
1.19
1.22
1.20
1.18
1.17
1.17
1.18
1.18
1.17
1.24
1.22
1.20
1.19
1.21
1.20
1.18
1.21
1.21
1.23
1.22
1.20
1.21
1.19
1.18
1.19
1.17
1.18
1.18
1.17
1.17
1.16
1.16
1.17
1.19
1.18
1.16
1.17
1.19
1.18
1.16
1.17
1.19
1.18
1.16
1.18
1.19
1.18
1.16
1.15
1.16
1.18
1.17
1.17
1.16
1.15
1.14
1.13
1.13
1.12
1.14
1.14
1.13
1.12
1.15
1.14
1.14
1.14
1.13
1.13
1.15
1.14
1.13
1.15
1.14
1.13
1.12
1.11
1.10
1.11
1.11
1.10
1.11
1.12
1.11
1.11
1.11
1.10
1.09
1.10
1.09
1.08
1.08
1.07
1.06
1.07
1.08
1.07
1.06
1.06
1.07
1.07
1.07
1.07
1.08
1.08
1.09
1.08
1.08
1.08
1.07
1.07
1.07
1.06
1.07
1.07
1.06
1.06
1.06
1.05
1.06
1.07
1.06
1.06
1.06
1.05
1.06
1.05
1.04
1.05
1.04
1.04
1.05
1.04
1.05
1.05
1.05
1.04
1.04
1.03
1.03
1.03
1.04
1.04
1.05
1.06
1.05
1.05
1.05
1.04
1.05
1.05
1.04
1.05
1.05
1.04
1.05
1.04
1.05
1.06
1.06
1.06
1.05
1.06
1.06
1.05
1.06
1.06
1.07
1.08
1.07
1.07
1.06
1.06
1.06
1.06
1.07
1.07
1.07
1.06
1.07
1.07
1.06
1.06
1.05
1.06
1.05
1.05
1.05
1.05
1.05
1.04
1.04
1.04
1.03
1.04
1.04
1.04
1.03
1.04
1.03
1.03
1.03
1.03
1.03
1.03
1.03
1.03
1.02
1.03
1.02
1.02
1.03
1.03
1.02
1.02
1.02
1.04
1.04
1.04
1.04
1.04
1.05
1.04
1.04
1.03
1.04
1.03
1.03
1.03
1.03
1.03
1.03
1.03
1.03
1.03
1.03
1.03
1.03
1.03
1.03
1.03
1.03
1.03
1.03
1.03
1.02
1.03
1.02
1.03
1.03
1.02
1.02
1.02
1.03
1.03
1.02
1.02
1.02
1.01
1.01
1.01
1.02
1.01
1.01
1.01
1.01
1.03
1.02
1.02
1.02
1.02
1.02
1.02
1.01
1.02
1.03
1.03
1.03
1.03
1.03
1.03
1.03
1.03
1.04
1.04
1.04
1.05
1.05
1.05
1.05
1.05
1.05
1.05
1.05
1.05
1.04
1.04
1.04
1.03
1.04
1.04
1.04
1.04
1.05
1.05
1.05
1.05
1.05
1.05
1.05
1.05
1.05
1.05
1.05
1.05
1.05
1.04
1.04
1.04
1.04
1.04
1.03
1.03
1.03
1.03
1.04
1.04
1.04
1.05
1.05
1.05
1.05
1.05
1.05
1.05
1.05
1.05
1.04
1.04
1.04
1.04
1.04
1.04
1.04
1.03
1.03
1.04
1.04
1.03
1.04
1.04
1.04
1.04
1.04
1.04
1.04
1.03
1.03
1.03
1.03
1.04
1.04
1.04
1.04
1.04
1.04
1.03
1.03
1.03
1.03
1.02
1.02
1.02
1.02
1.03
1.02
1.03
1.03
1.02
1.03
1.03
1.02
1.03
1.02
1.02
1.03
1.02
1.02
1.02
1.03
1.02
1.03
1.03
1.03
1.03
1.02
1.02
1.02
1.02
1.02
1.03
1.02
1.02
1.03
1.02
1.02
1.02
1.02
1.02
1.01
1.01
1.01
1.01
1.01
1.01
1.01
1.01
1.01
1.01
1.01
1.01
1.01
1.01
1.01
1.01
1.01
1.01
1.01
1.01
1.00
1.00
1.00
1.00
1.00
1.00
1.00
1.00
1.00
1.00
1.00
0.99
0.99
0.99
0.99
0.99
0.99
0.99
0.99
0.99
0.99
0.99
0.98
0.99
0.99
0.99
1.00
0.99
0.99
0.99
0.99
0.99
0.99
0.99
0.98
0.98
0.98
0.98
0.98
0.98
0.98
0.98
0.98
0.98
0.97
0.97
0.97
0.97
0.97
0.96
0.97
0.96
0.96
0.96
0.96
0.96
0.96
0.96
0.96
0.97
0.97
0.97
0.97
0.97
0.97
0.97
0.97
0.97
0.97
0.97
0.97
0.97
0.97
0.97
0.96
0.96
0.96
0.96
0.96
0.96
0.96
0.96
0.96
0.96
0.95
0.95
0.95
0.96
0.95
0.95
0.95
0.95
0.95
0.95
0.95
0.95
0.95
0.94
0.94
0.94
0.94
0.94
0.94
0.94
0.94
0.94
0.94
0.94
0.94
0.94
0.94
0.94
0.94
0.94
0.94
0.94
0.94
0.94
0.94
0.94
0.94
0.94
0.94
0.94
0.94
0.94
0.94
0.94
0.93
0.93
0.93
0.93
0.93
0.93
0.93
0.93
0.93
0.93
0.93
0.93
0.93
0.93
0.93
0.93
0.93
0.92
0.92
0.92
0.92
0.92
0.92
0.92
0.92
0.93
0.92
0.92
0.92
0.92
0.92
0.92
0.92
0.92
0.92
0.92
0.92
0.92
0.92
0.92
0.92
0.92
0.92
0.92
0.92
0.93
0.93
0.93
0.93
0.93
0.93
0.93
0.93
0.93
0.93
0.93
0.93
0.93
0.93
0.93
0.93
0.93
0.93
0.93
0.93
0.92
0.93
0.93
0.93
0.93
0.92
0.92
0.92
0.92
0.92
0.92
0.92
0.92
0.92
0.92
0.92
0.92
0.92
0.92
0.92
0.92
0.92
0.92
0.92
0.93
0.93
0.93
0.92
0.93
0.93
0.93
0.93
0.93
0.93
0.93
0.93
0.93
0.93
0.93
0.93
0.93
0.93
0.93
0.93
0.93
0.93
0.93
0.93
0.93
0.93
0.93
0.93
0.93
0.93
0.93
0.93
0.93
0.92
0.93
0.92
0.92
0.92
0.92
0.92
0.92
0.92
0.92
0.92
0.92
0.92
0.91
0.91
0.91
0.91
0.91
0.91
0.91
0.91
0.91
0.91
0.91
0.91
0.91
0.91
0.90
0.90
0.90
0.90
0.90
0.90
0.90
0.90
0.91
0.91
0.91
0.91
0.90
0.90
