75.00
72.66
73.44
72.27
73.12
73.44
73.44
73.63
74.48
75.00
74.57
74.48
74.04
73.88
73.65
74.12
73.81
74.13
73.85
73.83
74.26
74.36
74.18
74.09
74.44
74.58
74.54
74.39
74.73
74.95
74.90
74.85
75.00
75.14
75.13
75.13
75.17
75.21
75.04
75.08
75.15
75.19
75.18
75.25
75.31
75.34
75.33
75.46
75.57
75.75
75.80
75.90
75.83
75.87
75.85
76.06
75.99
76.00
76.01
76.07
75.85
75.88
75.89
75.76
75.84
75.80
75.84
75.76
75.63
75.62
75.55
75.59
75.64
75.70
75.58
75.72
75.87
75.90
75.87
75.80
75.87
75.84
75.90
75.84
75.85
75.85
76.01
76.01
76.09
76.13
76.15
76.00
76.01
76.11
75.97
76.03
75.95
76.00
75.98
76.03
76.13
76.09
76.05
76.10
76.15
76.06
76.04
76.10
76.08
76.04
76.04
75.96
76.01
75.92
75.92
75.93
75.84
75.83
75.81
75.74
75.72
75.72
75.71
75.64
75.57
75.56
75.54
75.52
75.51
75.47
75.42
75.40
75.40
75.37
75.31
75.32
75.35
75.32
75.29
75.31
75.39
75.42
75.47
75.44
75.48
75.47
75.43
75.39
75.36
75.34
75.37
75.38
75.33
75.40
75.40
75.38
75.41
75.43
75.38
75.38
75.47
75.42
75.46
75.50
75.54
75.53
75.55
75.57
75.56
75.60
75.61
75.64
75.59
75.59
75.55
75.56
75.54
75.55
75.52
75.52
75.50
75.51
75.51
75.56
75.58
75.60
75.64
75.65
75.64
75.67
75.68
75.69
75.70
75.68
75.66
75.62
75.58
75.57
75.57
75.59
75.60
75.59
75.58
75.57
75.58
75.59
75.59
75.62
75.59
75.56
75.58
75.60
75.61
75.61
75.62
75.65
75.63
75.66
75.67
75.66
75.64
75.61
75.63
75.65
75.65
75.67
75.66
75.64
75.63
75.64
75.64
75.67
75.67
75.67
75.67
75.67
75.66
75.68
75.69
75.70
75.71
75.72
75.70
75.69
75.69
75.65
75.64
75.65
75.61
75.61
75.59
75.61
75.61
75.60
75.58
75.56
75.57
75.58
75.60
75.59
75.60
75.58
75.57
75.58
75.55
75.53
75.55
75.57
75.58
75.58
75.58
75.58
75.59
75.61
75.61
75.59
75.59
75.62
75.58
75.56
75.55
75.54
75.53
75.56
75.55
75.57
75.59
75.57
75.56
75.53
75.51
75.52
75.50
75.51
75.52
75.54
75.56
75.58
75.59
75.59
75.62
75.62
75.60
75.62
75.60
75.56
75.58
75.57
75.57
75.57
75.57
75.57
75.60
75.58
75.56
75.59
75.59
75.58
75.56
75.55
75.55
75.55
75.53
75.55
75.56
75.56
75.54
75.52
75.54
75.55
75.55
75.56
75.52
75.55
75.54
75.55
75.55
75.55
75.56
75.57
75.55
75.53
75.53
75.54
75.53
75.53
75.53
75.50
75.48
75.47
75.48
75.48
75.51
75.49
75.50
75.47
75.46
75.48
75.49
75.47
75.45
75.46
75.45
75.46
75.48
75.45
75.44
75.46
75.46
75.43
75.44
75.47
75.48
75.47
75.47
75.49
75.51
75.51
75.51
75.51
75.51
75.53
75.52
75.53
75.55
75.55
75.57
75.57
75.59
75.58
75.60
75.60
75.60
75.61
75.63
75.61
75.58
75.58
75.57
75.57
75.56
75.56
75.57
75.57
75.59
75.60
75.61
75.62
75.61
75.64
75.62
75.61
75.60
75.61
75.61
75.61
75.60
75.62
75.63
75.62
75.64
75.62
75.64
75.63
75.62
75.62
75.63
75.63
75.63
75.62
75.62
75.61
75.61
75.62
75.62
75.61
75.61
75.62
75.64
75.63
75.62
75.63
75.64
75.63
75.65
75.66
75.63
75.62
75.60
75.61
75.62
75.61
75.62
75.64
75.64
75.62
75.63
75.62
75.63
75.61
75.63
75.64
75.65
75.67
75.70
75.71
75.70
75.68
75.65
75.66
75.65
75.66
75.65
75.65
75.67
75.68
75.69
75.69
75.68
75.68
75.68
75.68
75.67
75.69
75.69
75.70
75.70
75.70
75.69
75.70
75.70
75.72
75.71
75.70
75.70
75.69
75.69
75.69
75.70
75.70
75.70
75.70
75.70
75.69
75.70
75.70
75.70
75.70
75.69
75.70
75.70
75.70
75.69
75.68
75.66
75.66
75.67
75.66
75.68
75.68
75.69
75.69
75.70
75.69
75.69
75.70
75.69
75.68
75.69
75.70
75.70
75.70
75.70
75.70
75.68
75.67
75.65
75.64
75.66
75.67
75.66
75.66
75.66
75.67
75.67
75.68
75.67
75.68
75.67
75.66
75.66
75.67
75.67
75.67
75.69
75.68
75.68
75.68
75.68
75.70
75.69
75.69
75.70
75.71
75.72
75.74
75.72
75.72
75.72
75.72
75.70
75.70
75.70
75.68
75.70
75.69
75.68
75.68
75.68
75.67
75.67
75.66
75.65
75.65
75.65
75.65
75.65
75.66
75.65
75.65
75.67
75.67
75.68
75.68
75.70
75.69
75.69
75.71
75.70
75.70
75.70
75.70
75.69
75.70
75.71
75.71
75.71
75.72
75.72
75.72
75.72
75.73
75.72
75.72
75.71
75.71
75.71
75.71
75.69
75.70
75.71
75.71
75.71
75.70
75.69
75.70
75.70
75.70
75.70
75.71
75.71
75.70
75.70
75.68
75.68
75.68
75.69
75.70
75.70
75.71
75.71
75.70
75.71
75.71
75.71
75.71
75.71
75.71
75.70
75.69
75.69
75.68
75.68
75.68
75.68
75.67
75.67
75.65
75.65
75.65
75.65
75.63
75.63
75.62
75.62
75.63
75.62
75.62
75.61
75.62
75.61
75.60
75.59
75.59
75.60
75.61
75.60
75.59
75.61
75.61
75.61
75.61
75.62
75.61
75.61
75.63
75.62
75.62
75.61
75.61
75.62
75.61
75.61
75.61
75.62
75.63
75.63
75.63
75.64
75.62
75.63
75.64
75.63
75.62
75.63
75.64
75.63
75.63
75.63
75.64
75.65
75.65
75.65
75.66
75.66
75.67
75.65
75.66
75.67
75.67
75.68
75.68
75.67
75.67
75.68
75.69
75.69
75.68
75.69
75.69
75.68
75.69
75.69
75.68
75.68
75.69
75.70
75.71
75.72
75.73
75.73
75.73
75.73
75.74
75.74
75.74
75.74
75.74
75.73
75.73
75.73
75.75
75.75
75.73
75.74
75.74
75.74
75.75
75.75
75.74
75.75
75.74
75.75
75.75
75.75
75.74
75.75
75.75
75.75
75.75
