84.38
84.38
82.29
81.25
81.25
80.99
80.13
81.45
81.94
82.66
82.67
82.94
82.45
82.37
82.08
81.93
82.08
82.55
82.15
81.80
82.14
82.03
82.07
81.97
81.81
81.73
81.77
81.75
81.57
81.72
81.96
81.98
81.96
82.03
81.92
81.81
82.01
81.95
81.93
81.84
81.82
81.81
81.90
82.07
82.12
82.20
82.18
82.23
82.05
82.06
81.89
81.76
81.63
81.48
81.53
81.53
81.55
81.63
81.54
81.43
81.48
81.48
81.37
81.30
81.30
81.34
81.34
81.25
81.18
81.25
81.23
81.25
81.34
81.36
81.40
81.35
81.33
81.31
81.31
81.35
81.40
81.33
81.40
81.47
81.54
81.63
81.72
81.66
81.60
81.60
81.58
81.64
81.59
81.60
81.63
81.59
81.65
81.70
81.64
81.66
81.61
81.57
81.61
81.63
81.56
81.56
81.51
81.57
81.64
81.65
81.67
81.57
81.60
81.55
81.52
81.52
81.48
81.45
81.49
81.52
81.56
81.62
81.67
81.62
81.61
81.57
81.61
81.60
81.52
81.57
81.63
81.61
81.63
81.59
81.60
81.59
81.52
81.49
81.47
81.50
81.45
81.48
81.46
81.45
81.41
81.43
81.40
81.42
81.43
81.45
81.48
81.42
81.44
81.39
81.41
81.41
81.43
81.45
81.46
81.48
81.45
81.47
81.47
81.39
81.34
81.31
81.32
81.30
81.28
81.27
81.30
81.30
81.23
81.25
81.24
81.28
81.25
81.25
81.23
81.26
81.28
81.28
81.27
81.26
81.27
81.26
81.26
81.28
81.32
81.32
81.31
81.33
81.29
81.25
81.29
81.29
81.28
81.25
81.27
81.30
81.32
81.37
81.40
81.40
81.43
81.42
81.41
81.44
81.42
81.45
81.42
81.41
81.43
81.42
81.45
81.45
81.44
81.44
81.42
81.43
81.46
81.49
81.49
81.53
81.53
81.55
81.54
81.54
81.55
81.54
81.55
81.56
81.59
81.59
81.59
81.56
81.57
81.60
81.58
81.57
81.58
81.56
81.57
81.56
81.55
81.52
81.52
81.54
81.55
81.54
81.55
81.54
81.53
81.54
81.53
81.51
81.54
81.56
81.58
81.57
81.56
81.60
81.60
81.63
81.61
81.60
81.60
81.58
81.58
81.57
81.58
81.56
81.53
81.55
81.53
81.55
81.54
81.55
81.56
81.55
81.55
81.57
81.58
81.59
81.59
81.60
81.61
81.64
81.64
81.66
81.68
81.70
81.73
81.75
81.77
81.80
81.83
81.81
81.83
81.83
81.80
81.83
81.83
81.84
81.82
81.84
81.84
81.83
81.81
81.81
81.80
81.79
81.77
81.76
81.76
81.76
81.74
81.74
81.73
81.77
81.78
81.75
81.75
81.76
81.75
81.74
81.72
81.74
81.75
81.73
81.73
81.75
81.74
81.72
81.73
81.71
81.72
81.74
81.73
81.74
81.74
81.75
81.76
81.76
81.75
81.78
81.80
81.82
81.80
81.81
81.81
81.81
81.82
81.81
81.84
81.84
81.85
81.84
81.85
81.84
81.82
81.82
81.81
81.78
81.77
81.78
81.78
81.77
81.76
81.76
81.74
81.75
81.75
81.76
81.78
81.78
81.78
81.80
81.80
81.82
81.84
81.84
81.85
81.84
81.84
81.85
81.84
81.83
81.82
81.84
81.85
81.85
81.85
81.85
81.86
81.85
81.85
81.86
81.85
81.85
81.85
81.86
81.84
81.84
81.87
81.87
81.86
81.87
81.87
81.87
81.89
81.88
81.87
81.90
81.88
81.87
81.86
81.86
81.85
81.86
81.85
81.85
81.86
81.86
81.87
81.86
81.87
81.89
81.88
81.88
81.86
81.87
81.85
81.84
81.84
81.83
81.84
81.83
81.82
81.82
81.82
81.80
81.79
81.80
81.78
81.78
81.77
81.75
81.74
81.74
81.72
81.72
81.71
81.69
81.71
81.70
81.70
81.73
81.73
81.73
81.72
81.72
81.72
81.71
81.71
81.71
81.71
81.72
81.70
81.71
81.71
81.73
81.74
81.73
81.74
81.73
81.72
81.72
81.71
81.70
81.70
81.71
81.70
81.70
81.69
81.70
81.69
81.69
81.69
81.68
81.69
81.70
81.71
81.72
81.73
81.71
81.70
81.70
81.70
81.70
81.70
81.69
81.69
81.69
81.70
81.69
81.70
81.70
81.68
81.68
81.68
81.66
81.65
81.63
81.64
81.66
81.66
81.66
81.64
81.65
81.64
81.64
81.65
81.64
81.65
81.65
81.65
81.64
81.64
81.63
81.64
81.65
81.63
81.65
81.63
81.65
81.63
81.64
81.66
81.66
81.66
81.68
81.68
81.68
81.68
81.68
81.68
81.69
81.67
81.68
81.67
81.67
81.68
81.68
81.68
81.69
81.69
81.68
81.68
81.68
81.69
81.70
81.69
81.68
81.68
81.68
81.68
81.68
81.69
81.70
81.70
81.70
81.71
81.71
81.73
81.73
81.72
81.73
81.73
81.73
81.73
81.73
81.71
81.71
81.73
81.73
81.73
81.75
81.74
81.74
81.74
81.76
81.75
81.76
81.76
81.76
81.76
81.76
81.76
81.76
81.76
81.75
81.76
81.76
81.76
81.75
81.74
81.75
81.77
81.76
81.76
81.76
81.76
81.76
81.77
81.76
81.77
81.78
81.80
81.80
81.81
81.81
81.80
81.81
81.80
81.81
81.82
81.83
81.83
81.84
81.84
81.84
81.84
81.85
81.85
81.86
81.86
81.85
81.86
81.85
81.85
81.85
81.85
81.85
81.86
81.87
81.88
81.88
81.87
81.87
81.87
81.88
81.88
81.87
81.86
81.86
81.86
81.86
81.87
81.88
81.87
81.87
81.87
81.87
81.87
81.88
81.88
81.88
81.87
81.86
81.85
81.85
81.84
81.84
81.85
81.86
81.86
81.87
81.86
81.84
81.85
81.85
81.86
81.86
81.87
81.86
81.87
81.87
81.88
81.88
81.88
81.88
81.87
81.88
81.89
81.90
81.90
81.89
81.89
81.91
81.90
81.92
81.92
81.92
81.91
81.91
81.90
81.90
81.90
81.89
81.90
81.89
81.89
81.90
81.91
81.91
81.91
81.92
81.92
81.91
81.92
81.92
81.93
81.93
81.93
81.93
81.92
81.91
81.91
81.91
81.91
81.91
81.92
81.91
81.91
81.91
81.90
81.90
81.91
81.92
81.93
81.94
81.94
81.93
81.92
81.92
81.92
81.93
81.92
81.91
81.93
81.93
81.93
81.94
81.92
81.93
81.93
81.92
81.92
81.91
81.92
81.93
81.93
81.92
81.93
81.92
81.93
81.93
81.92
81.93
81.93
81.92
81.93
81.93
81.93
81.93
81.93
81.93
81.93
81.95
81.95
81.87
