1.56
2.34
2.08
2.34
2.50
2.86
2.68
2.34
2.26
2.34
2.41
2.21
2.16
2.12
2.08
2.05
1.93
2.00
2.14
2.19
2.31
2.20
2.11
2.08
2.19
2.28
2.31
2.46
2.59
2.55
2.62
2.54
2.51
2.53
2.50
2.52
2.49
2.51
2.60
2.58
2.71
2.68
2.73
2.70
2.64
2.68
2.69
2.67
2.65
2.59
2.57
2.55
2.56
2.55
2.53
2.51
2.49
2.48
2.46
2.55
2.56
2.57
2.55
2.54
2.52
2.56
2.61
2.64
2.65
2.68
2.71
2.67
2.65
2.64
2.62
2.61
2.60
2.62
2.59
2.58
2.55
2.53
2.52
2.51
2.50
2.51
2.48
2.47
2.49
2.48
2.51
2.53
2.52
2.51
2.50
2.49
2.50
2.54
2.54
2.52
2.51
2.51
2.52
2.49
2.47
2.45
2.45
2.46
2.45
2.44
2.46
2.48
2.46
2.48
2.47
2.51
2.51
2.50
2.48
2.46
2.44
2.46
2.46
2.44
2.44
2.42
2.40
2.39
2.40
2.40
2.41
2.39
2.41
2.40
2.41
2.42
2.41
2.42
2.41
2.43
2.43
2.41
2.39
2.42
2.41
2.40
2.42
2.42
2.40
2.41
2.42
2.41
2.39
2.37
2.37
2.36
2.36
2.35
2.35
2.34
2.36
2.35
2.35
2.33
2.32
2.31
2.30
2.32
2.32
2.32
2.33
2.35
2.36
2.34
2.34
2.33
2.33
2.32
2.32
2.33
2.32
2.32
2.32
2.32
2.34
2.34
2.34
2.36
2.36
2.35
2.35
2.38
2.37
2.37
2.38
2.40
2.40
2.41
2.42
2.41
2.40
2.39
2.41
2.44
2.42
2.43
2.42
2.42
2.41
2.45
2.45
2.45
2.45
2.45
2.46
2.45
2.44
2.43
2.43
2.44
2.45
2.45
2.45
2.46
2.47
2.47
2.47
2.46
2.46
2.45
2.44
2.44
2.43
2.44
2.44
2.44
2.44
2.45
2.45
2.45
2.46
2.45
2.45
2.45
2.44
2.45
2.45
2.47
2.47
2.46
2.45
2.44
2.43
2.43
2.43
2.44
2.43
2.42
2.42
2.42
2.44
2.45
2.45
2.44
2.45
2.46
2.45
2.45
2.46
2.46
2.47
2.46
2.45
2.45
2.44
2.45
2.47
2.47
2.46
2.46
2.45
2.45
2.46
2.46
2.46
2.46
2.47
2.47
2.47
2.48
2.48
2.48
2.47
2.47
2.46
2.46
2.46
2.45
2.45
2.44
2.44
2.44
2.44
2.44
2.44
2.45
2.44
2.44
2.43
2.43
2.42
2.42
2.42
2.42
2.42
2.44
2.44
2.43
2.44
2.44
2.44
2.44
2.44
2.45
2.45
2.44
2.44
2.44
2.45
2.45
2.44
2.43
2.43
2.43
2.43
2.43
2.42
2.42
2.42
2.43
2.42
2.41
2.43
2.42
2.41
2.41
2.40
2.39
2.39
2.39
2.38
2.37
2.37
2.37
2.38
2.38
2.39
2.38
2.38
2.38
2.37
2.37
2.37
2.36
2.37
2.37
2.37
2.36
2.36
2.35
2.35
2.36
2.36
2.36
2.37
2.36
2.37
2.36
2.36
2.36
2.36
2.36
2.35
2.35
2.35
2.35
2.35
2.35
2.36
2.36
2.36
2.36
2.36
2.35
2.37
2.36
2.37
2.37
2.37
2.37
2.37
2.37
2.36
2.36
2.37
2.37
2.36
2.36
2.36
2.36
2.36
2.35
2.35
2.36
2.35
2.36
2.36
2.37
2.38
2.38
2.38
2.37
2.37
2.37
2.37
2.37
2.37
2.37
2.37
2.37
2.36
2.36
2.35
2.36
2.36
2.36
2.36
2.35
2.35
2.35
2.36
2.36
2.35
2.35
2.35
2.35
2.35
2.35
2.35
2.35
2.34
2.34
2.34
2.33
2.34
2.34
2.34
2.34
2.34
2.34
2.35
2.35
2.35
2.35
2.34
2.34
2.34
2.34
2.34
2.34
2.33
2.33
2.34
2.33
2.34
2.33
2.33
2.33
2.34
2.33
2.33
2.33
2.33
2.33
2.33
2.33
2.33
2.34
2.34
2.33
2.33
2.33
2.33
2.33
2.32
2.32
2.32
2.32
2.32
2.32
2.31
2.31
2.31
2.31
2.31
2.31
2.31
2.31
2.31
2.31
2.32
2.32
2.31
2.31
2.31
2.31
2.31
2.31
2.31
2.31
2.32
2.32
2.32
2.32
2.32
2.32
2.32
2.32
2.32
2.31
2.31
2.31
2.31
2.31
2.31
2.30
2.30
2.30
2.30
2.31
2.30
2.30
2.30
2.30
2.31
2.31
2.31
2.31
2.31
2.30
2.30
2.30
2.30
2.30
2.30
2.30
2.30
2.30
2.31
2.31
2.30
2.31
2.31
2.32
2.32
2.32
2.32
2.32
2.32
2.32
2.32
2.32
2.32
2.32
2.33
2.33
2.33
2.34
2.33
2.33
2.33
2.32
2.32
2.33
2.32
2.32
2.31
2.31
2.31
2.31
2.31
2.30
2.30
2.30
2.30
2.30
2.30
2.30
2.31
2.31
2.31
2.30
2.30
2.30
2.30
2.30
2.30
2.29
2.30
2.29
2.29
2.29
2.29
2.29
2.29
2.29
2.28
2.28
2.28
2.28
2.27
2.27
2.27
2.27
2.27
2.27
2.27
2.27
2.27
2.27
2.27
2.27
2.27
2.27
2.27
2.27
2.27
2.28
2.28
2.29
2.29
2.29
2.29
2.29
2.29
2.29
2.29
2.29
2.29
2.29
2.30
2.30
2.30
2.30
2.30
2.30
2.29
2.29
2.29
2.29
2.29
2.29
2.29
2.29
2.30
2.30
2.30
2.29
2.29
2.29
2.29
2.29
2.29
2.29
2.29
2.29
2.30
2.30
2.30
2.30
2.30
2.30
2.31
2.31
2.31
2.31
2.31
2.31
2.32
2.32
2.32
2.32
2.32
2.32
2.31
2.31
2.31
2.31
2.32
2.32
2.32
2.32
2.33
2.33
2.33
2.33
2.33
2.33
2.33
2.33
2.33
2.32
2.33
2.32
2.33
2.32
2.32
2.32
2.32
2.31
2.32
2.31
2.32
2.32
2.32
2.31
2.31
2.31
2.31
2.31
2.31
2.32
2.32
2.32
2.32
2.32
2.31
2.31
2.31
2.31
2.31
2.31
2.31
2.31
2.31
2.31
2.31
2.31
2.32
2.32
2.32
2.32
2.32
2.32
2.32
2.32
2.32
2.32
2.32
2.32
2.32
2.32
2.32
2.32
2.33
2.33
2.33
2.33
2.33
2.33
2.33
2.33
2.32
2.33
2.33
2.33
2.33
2.32
2.32
2.32
2.32
2.32
