65.62
62.50
62.50
60.94
61.87
60.68
60.94
62.30
62.33
61.72
60.94
60.81
61.42
61.38
61.46
61.62
61.67
61.28
61.27
61.17
61.09
61.36
61.75
61.78
61.81
61.96
61.98
61.50
61.37
61.35
61.39
61.38
61.46
61.35
61.25
61.11
60.98
61.23
61.18
60.94
61.01
61.05
61.37
61.58
61.39
61.35
61.34
61.13
61.22
61.31
61.52
61.66
61.56
61.52
61.48
61.64
61.81
62.02
62.16
62.19
62.19
62.12
62.15
62.28
62.24
62.14
62.13
62.27
62.23
62.23
62.21
62.30
62.20
62.16
62.21
62.21
62.22
62.34
62.30
62.30
62.33
62.37
62.41
62.31
62.35
62.41
62.41
62.32
62.38
62.41
62.36
62.33
62.38
62.45
62.37
62.37
62.40
62.36
62.31
62.34
62.33
62.44
62.41
62.39
62.43
62.40
62.38
62.34
62.39
62.39
62.32
62.32
62.32
62.36
62.38
62.38
62.30
62.35
62.42
62.42
62.49
62.45
62.42
62.41
62.41
62.39
62.43
62.45
62.43
62.46
62.52
62.58
62.58
62.66
62.75
62.78
62.72
62.75
62.74
62.68
62.71
62.71
62.78
62.80
62.81
62.79
62.85
62.89
62.90
62.86
62.88
62.84
62.81
62.78
62.75
62.76
62.71
62.71
62.67
62.71
62.72
62.69
62.71
62.76
62.77
62.76
62.74
62.77
62.74
62.71
62.71
62.65
62.70
62.73
62.73
62.68
62.68
62.67
62.73
62.68
62.71
62.69
62.72
62.75
62.74
62.73
62.69
62.72
62.71
62.73
62.71
62.74
62.72
62.79
62.79
62.79
62.77
62.73
62.79
62.77
62.76
62.76
62.74
62.69
62.64
62.66
62.66
62.70
62.69
62.64
62.63
62.59
62.57
62.56
62.58
62.55
62.50
62.55
62.59
62.61
62.57
62.56
62.56
62.55
62.53
62.56
62.53
62.56
62.50
62.53
62.57
62.52
62.54
62.53
62.50
62.55
62.54
62.49
62.47
62.49
62.52
62.49
62.51
62.49
62.49
62.48
62.48
62.47
62.49
62.45
62.46
62.44
62.43
62.48
62.49
62.46
62.45
62.46
62.42
62.44
62.42
62.42
62.42
62.41
62.43
62.39
62.39
62.38
62.39
62.40
62.43
62.44
62.45
62.44
62.41
62.41
62.38
62.40
62.39
62.39
62.39
62.39
62.39
62.39
62.42
62.43
62.45
62.43
62.42
62.47
62.48
62.51
62.54
62.55
62.55
62.56
62.55
62.58
62.56
62.57
62.58
62.54
62.54
62.54
62.55
62.52
62.51
62.49
62.48
62.45
62.46
62.43
62.44
62.44
62.45
62.46
62.47
62.47
62.49
62.50
62.50
62.50
62.49
62.47
62.47
62.46
62.44
62.43
62.38
62.39
62.36
62.37
62.36
62.36
62.35
62.34
62.34
62.37
62.36
62.39
62.37
62.35
62.38
62.39
62.40
62.41
62.41
62.43
62.42
62.42
62.40
62.41
62.40
62.42
62.41
62.39
62.39
62.38
62.39
62.37
62.37
62.34
62.35
62.37
62.35
62.38
62.36
62.36
62.33
62.33
62.30
62.30
62.27
62.30
62.30
62.29
62.31
62.31
62.32
62.34
62.36
62.36
62.35
62.36
62.35
62.34
62.35
62.36
62.34
62.33
62.34
62.32
62.33
62.31
62.30
62.29
62.28
62.24
62.26
62.27
62.27
62.28
62.26
62.26
62.28
62.27
62.27
62.27
62.30
62.34
62.33
62.34
62.31
62.32
62.33
62.30
62.31
62.32
62.29
62.28
62.29
62.30
62.27
62.26
62.25
62.28
62.30
62.32
62.33
62.33
62.33
62.33
62.31
62.31
62.31
62.30
62.27
62.25
62.27
62.28
62.28
62.28
62.28
62.27
62.26
62.27
62.27
62.27
62.28
62.27
62.29
62.28
62.29
62.31
62.32
62.29
62.28
62.28
62.27
62.27
62.27
62.27
62.26
62.27
62.26
62.26
62.25
62.26
62.27
62.28
62.30
62.30
62.30
62.31
62.31
62.30
62.32
62.31
62.29
62.31
62.30
62.32
62.32
62.32
62.32
62.32
62.33
62.32
62.32
62.36
62.35
62.34
62.34
62.34
62.34
62.30
62.28
62.29
62.27
62.29
62.30
62.29
62.30
62.29
62.27
62.28
62.27
62.27
62.27
62.27
62.28
62.28
62.28
62.26
62.27
62.28
62.25
62.24
62.24
62.24
62.25
62.25
62.23
62.22
62.22
62.23
62.24
62.25
62.25
62.27
62.26
62.27
62.26
62.26
62.25
62.27
62.25
62.23
62.24
62.24
62.25
62.24
62.24
62.24
62.24
62.25
62.26
62.27
62.27
62.26
62.26
62.27
62.29
62.30
62.31
62.31
62.31
62.28
62.28
62.29
62.29
62.29
62.30
62.29
62.29
62.30
62.31
62.32
62.33
62.32
62.33
62.29
62.31
62.31
62.30
62.29
62.30
62.31
62.32
62.33
62.34
62.33
62.32
62.33
62.32
62.30
62.29
62.27
62.26
62.25
62.24
62.23
62.25
62.25
62.26
62.25
62.25
62.23
62.22
62.22
62.23
62.23
62.24
62.24
62.25
62.25
62.24
62.24
62.24
62.25
62.24
62.25
62.27
62.28
62.27
62.28
62.26
62.27
62.27
62.26
62.26
62.27
62.27
62.25
62.27
62.28
62.28
62.28
62.28
62.29
62.30
62.30
62.29
62.29
62.29
62.28
62.27
62.28
62.28
62.26
62.27
62.27
62.27
62.27
62.28
62.27
62.28
62.28
62.27
62.25
62.27
62.27
62.26
62.27
62.24
62.23
62.22
62.22
62.22
62.23
62.23
62.23
62.22
62.22
62.22
62.23
62.24
62.25
62.25
62.26
62.26
62.26
62.27
62.25
62.25
62.27
62.26
62.27
62.27
62.27
62.28
62.30
62.30
62.30
62.31
62.29
62.29
62.28
62.28
62.28
62.28
62.30
62.29
62.30
62.29
62.29
62.30
62.31
62.30
62.32
62.31
62.31
62.30
62.29
62.30
62.29
62.29
62.29
62.28
62.28
62.28
62.29
62.29
62.29
62.29
62.28
62.27
62.26
62.27
62.28
62.28
62.27
62.26
62.25
62.26
62.26
62.27
62.25
62.25
62.25
62.24
62.24
62.25
62.24
62.24
62.23
62.23
62.23
62.23
62.22
62.20
62.18
62.19
62.20
62.20
62.22
62.22
62.21
62.21
62.21
62.21
62.22
62.22
62.22
62.22
62.22
62.20
62.20
62.21
62.20
62.22
62.22
62.22
62.21
62.22
62.22
62.23
62.24
62.23
62.23
62.21
62.21
62.20
62.20
62.20
62.21
62.21
62.21
62.22
62.20
62.20
62.15
