0.00
1.56
1.04
0.78
0.62
1.30
1.34
1.17
1.04
0.94
1.42
1.43
1.44
1.45
1.35
1.46
1.75
1.65
2.06
2.11
2.01
1.99
1.97
1.95
2.00
1.92
1.97
1.90
1.83
1.82
1.76
1.71
1.70
1.65
1.65
1.61
1.65
1.64
1.64
1.64
1.68
1.71
1.71
1.70
1.70
1.66
1.73
1.76
1.75
1.72
1.72
1.68
1.65
1.65
1.68
1.65
1.64
1.64
1.64
1.64
1.64
1.66
1.69
1.66
1.66
1.63
1.63
1.63
1.61
1.61
1.61
1.58
1.56
1.54
1.52
1.52
1.54
1.56
1.54
1.54
1.56
1.56
1.54
1.54
1.56
1.56
1.54
1.53
1.51
1.53
1.53
1.51
1.50
1.50
1.48
1.48
1.47
1.45
1.45
1.44
1.42
1.41
1.46
1.44
1.44
1.43
1.45
1.45
1.45
1.46
1.46
1.45
1.47
1.45
1.47
1.45
1.47
1.46
1.46
1.46
1.45
1.46
1.46
1.45
1.44
1.44
1.44
1.45
1.44
1.45
1.44
1.44
1.45
1.46
1.46
1.45
1.44
1.43
1.43
1.45
1.44
1.44
1.44
1.43
1.43
1.43
1.43
1.46
1.45
1.45
1.44
1.45
1.45
1.45
1.45
1.45
1.47
1.47
1.46
1.46
1.45
1.44
1.44
1.45
1.44
1.44
1.44
1.43
1.43
1.45
1.45
1.47
1.46
1.46
1.46
1.46
1.47
1.46
1.45
1.44
1.43
1.43
1.43
1.43
1.45
1.44
1.45
1.45
1.45
1.45
1.46
1.46
1.47
1.47
1.46
1.46
1.45
1.44
1.45
1.45
1.45
1.45
1.44
1.45
1.44
1.45
1.46
1.49
1.49
1.48
1.48
1.49
1.49
1.49
1.50
1.50
1.50
1.50
1.50
1.50
1.50
1.49
1.50
1.49
1.50
1.50
1.50
1.49
1.49
1.49
1.49
1.49
1.49
1.49
1.50
1.50
1.50
1.50
1.50
1.51
1.51
1.53
1.53
1.52
1.52
1.53
1.53
1.52
1.52
1.52
1.53
1.54
1.56
1.55
1.55
1.56
1.56
1.56
1.56
1.56
1.57
1.57
1.57
1.58
1.58
1.58
1.58
1.58
1.58
1.59
1.59
1.59
1.59
1.59
1.59
1.59
1.59
1.60
1.60
1.61
1.62
1.62
1.62
1.62
1.62
1.62
1.62
1.61
1.63
1.63
1.63
1.63
1.63
1.63
1.62
1.62
1.62
1.61
1.61
1.61
1.61
1.62
1.62
1.62
1.62
1.62
1.62
1.62
1.61
1.61
1.61
1.61
1.61
1.61
1.60
1.61
1.60
1.60
1.59
1.59
1.60
1.60
1.60
1.59
1.60
1.60
1.60
1.60
1.61
1.60
1.60
1.60
1.60
1.60
1.60
1.60
1.60
1.60
1.60
1.60
1.61
1.61
1.61
1.60
1.60
1.60
1.61
1.61
1.61
1.61
1.61
1.61
1.61
1.61
1.60
1.60
1.59
1.59
1.59
1.59
1.58
1.58
1.58
1.58
1.58
1.58
1.59
1.59
1.59
1.59
1.60
1.60
1.59
1.59
1.59
1.59
1.59
1.58
1.59
1.59
1.59
1.59
1.60
1.60
1.59
1.59
1.59
1.59
1.59
1.59
1.59
1.59
1.59
1.59
1.59
1.60
1.60
1.61
1.61
1.61
1.61
1.60
1.60
1.60
1.60
1.61
1.61
1.63
1.63
1.63
1.62
1.62
1.62
1.62
1.61
1.61
1.61
1.61
1.62
1.62
1.62
1.62
1.62
1.62
1.62
1.62
1.61
1.61
1.61
1.62
1.61
1.61
1.62
1.61
1.61
1.62
1.62
1.62
1.62
1.62
1.61
1.61
1.62
1.61
1.62
1.61
1.61
1.61
1.61
1.61
1.61
1.61
1.61
1.60
1.60
1.60
1.60
1.59
1.60
1.60
1.60
1.60
1.59
1.59
1.59
1.60
1.59
1.59
1.59
1.60
1.60
1.60
1.60
1.60
1.60
1.60
1.61
1.60
1.60
1.60
1.60
1.60
1.60
1.60
1.60
1.59
1.60
1.60
1.61
1.61
1.62
1.62
1.62
1.62
1.62
1.62
1.63
1.63
1.62
1.62
1.62
1.61
1.62
1.61
1.62
1.62
1.61
1.61
1.61
1.61
1.61
1.61
1.61
1.61
1.61
1.61
1.61
1.61
1.60
1.60
1.61
1.61
1.61
1.61
1.61
1.62
1.62
1.62
1.62
1.62
1.62
1.61
1.61
1.61
1.61
1.61
1.60
1.60
1.60
1.60
1.60
1.60
1.60
1.60
1.59
1.59
1.59
1.59
1.59
1.59
1.59
1.59
1.59
1.59
1.59
1.59
1.59
1.59
1.59
1.59
1.60
1.60
1.60
1.60
1.60
1.60
1.60
1.59
1.59
1.60
1.60
1.60
1.60
1.59
1.59
1.59
1.60
1.60
1.60
1.60
1.60
1.59
1.59
1.59
1.59
1.59
1.59
1.60
1.60
1.61
1.60
1.60
1.60
1.60
1.60
1.60
1.60
1.60
1.60
1.60
1.60
1.60
1.60
1.60
1.60
1.60
1.60
1.59
1.59
1.59
1.59
1.59
1.59
1.59
1.59
1.59
1.59
1.59
1.59
1.59
1.59
1.59
1.59
1.59
1.59
1.59
1.59
1.59
1.58
1.59
1.59
1.59
1.59
1.59
1.59
1.59
1.59
1.59
1.59
1.59
1.59
1.59
1.59
1.59
1.59
1.59
1.59
1.59
1.59
1.58
1.58
1.58
1.59
1.58
1.58
1.58
1.59
1.59
1.59
1.59
1.58
1.58
1.58
1.58
1.58
1.58
1.58
1.58
1.57
1.58
1.57
1.57
1.58
1.57
1.58
1.57
1.57
1.57
1.57
1.57
1.57
1.57
1.57
1.57
1.57
1.57
1.57
1.57
1.58
1.57
1.57
1.57
1.57
1.57
1.57
1.58
1.57
1.57
1.57
1.58
1.57
1.57
1.57
1.57
1.57
1.57
1.57
1.57
1.56
1.56
1.56
1.56
1.56
1.56
1.56
1.56
1.56
1.56
1.56
1.56
1.56
1.56
1.56
1.56
1.56
1.56
1.56
1.56
1.56
1.56
1.56
1.56
1.56
1.56
1.56
1.56
1.56
1.56
1.56
1.57
1.57
1.57
1.57
1.57
1.56
1.56
1.56
1.56
1.56
1.56
1.56
1.56
1.55
1.55
1.55
1.55
1.55
1.56
1.55
1.55
1.56
1.55
1.56
1.55
1.55
1.55
1.55
1.55
1.54
1.54
1.54
1.54
1.54
1.54
1.54
1.54
1.54
1.55
1.55
1.54
1.54
1.54
