4.69
2.34
3.12
2.34
2.81
2.60
2.90
2.93
2.95
2.97
2.70
2.73
2.64
2.57
2.50
2.64
2.48
2.52
2.47
2.50
2.38
2.27
2.24
2.15
2.06
2.04
1.97
1.95
1.89
1.88
1.92
1.90
1.89
1.88
1.92
1.95
1.90
1.85
1.84
1.88
1.87
1.82
1.82
1.81
1.84
1.90
1.89
1.86
1.82
1.81
1.81
1.77
1.80
1.79
1.79
1.79
1.78
1.83
1.83
1.82
1.79
1.76
1.76
1.73
1.73
1.70
1.75
1.75
1.74
1.76
1.74
1.71
1.71
1.69
1.69
1.69
1.68
1.68
1.72
1.72
1.74
1.71
1.71
1.71
1.69
1.69
1.69
1.69
1.67
1.65
1.67
1.68
1.70
1.71
1.71
1.71
1.69
1.67
1.69
1.70
1.70
1.72
1.71
1.71
1.70
1.70
1.71
1.72
1.75
1.76
1.76
1.74
1.73
1.73
1.74
1.74
1.74
1.72
1.71
1.71
1.70
1.70
1.69
1.71
1.70
1.70
1.70
1.70
1.68
1.67
1.68
1.68
1.69
1.69
1.70
1.69
1.69
1.68
1.66
1.70
1.68
1.68
1.69
1.71
1.71
1.72
1.72
1.73
1.73
1.72
1.71
1.70
1.71
1.70
1.72
1.72
1.71
1.73
1.72
1.71
1.70
1.71
1.71
1.71
1.72
1.73
1.72
1.71
1.70
1.70
1.70
1.71
1.70
1.69
1.68
1.68
1.68
1.68
1.68
1.68
1.67
1.70
1.70
1.70
1.72
1.75
1.75
1.74
1.74
1.74
1.73
1.74
1.74
1.75
1.74
1.76
1.77
1.77
1.76
1.76
1.75
1.74
1.74
1.75
1.74
1.73
1.74
1.74
1.74
1.73
1.73
1.73
1.73
1.73
1.73
1.73
1.72
1.71
1.71
1.70
1.70
1.71
1.70
1.70
1.71
1.71
1.71
1.73
1.72
1.71
1.71
1.70
1.72
1.71
1.70
1.70
1.71
1.72
1.72
1.72
1.72
1.73
1.72
1.72
1.72
1.71
1.71
1.70
1.71
1.71
1.71
1.70
1.70
1.69
1.70
1.70
1.70
1.70
1.69
1.69
1.69
1.69
1.69
1.69
1.69
1.68
1.69
1.68
1.68
1.68
1.67
1.67
1.68
1.67
1.68
1.67
1.67
1.66
1.67
1.67
1.68
1.68
1.68
1.68
1.68
1.68
1.68
1.68
1.69
1.69
1.70
1.70
1.69
1.68
1.68
1.68
1.68
1.68
1.68
1.67
1.68
1.68
1.67
1.67
1.66
1.66
1.67
1.67
1.67
1.67
1.67
1.68
1.67
1.67
1.66
1.67
1.67
1.67
1.68
1.68
1.68
1.68
1.68
1.68
1.68
1.69
1.69
1.68
1.68
1.68
1.68
1.68
1.68
1.68
1.67
1.68
1.68
1.68
1.69
1.69
1.68
1.68
1.68
1.68
1.67
1.67
1.68
1.68
1.68
1.68
1.67
1.67
1.67
1.66
1.66
1.67
1.67
1.66
1.66
1.66
1.66
1.67
1.67
1.68
1.67
1.67
1.67
1.67
1.68
1.68
1.68
1.68
1.68
1.68
1.68
1.68
1.68
1.68
1.69
1.69
1.70
1.70
1.71
1.71
1.71
1.72
1.72
1.72
1.72
1.72
1.73
1.73
1.73
1.73
1.72
1.72
1.72
1.72
1.72
1.71
1.72
1.71
1.71
1.71
1.70
1.70
1.71
1.71
1.70
1.70
1.71
1.71
1.71
1.71
1.71
1.71
1.71
1.71
1.71
1.71
1.71
1.71
1.71
1.71
1.72
1.72
1.72
1.73
1.73
1.72
1.72
1.72
1.72
1.72
1.72
1.71
1.72
1.72
1.72
1.72
1.72
1.73
1.72
1.72
1.72
1.72
1.71
1.72
1.72
1.73
1.73
1.74
1.73
1.73
1.73
1.72
1.72
1.72
1.72
1.72
1.72
1.72
1.72
1.72
1.72
1.71
1.71
1.72
1.72
1.72
1.72
1.71
1.71
1.71
1.70
1.70
1.71
1.71
1.70
1.70
1.70
1.71
1.71
1.71
1.72
1.72
1.72
1.72
1.72
1.72
1.72
1.72
1.72
1.72
1.72
1.72
1.72
1.72
1.72
1.72
1.72
1.72
1.71
1.71
1.70
1.71
1.70
1.70
1.70
1.70
1.70
1.70
1.70
1.71
1.71
1.70
1.70
1.71
1.71
1.71
1.71
1.71
1.72
1.72
1.72
1.72
1.73
1.73
1.72
1.73
1.73
1.73
1.73
1.73
1.73
1.73
1.73
1.72
1.72
1.72
1.72
1.73
1.72
1.72
1.72
1.72
1.72
1.72
1.72
1.71
1.71
1.71
1.71
1.71
1.71
1.71
1.71
1.71
1.71
1.72
1.72
1.72
1.72
1.72
1.72
1.72
1.72
1.72
1.72
1.72
1.73
1.73
1.73
1.73
1.72
1.72
1.72
1.72
1.73
1.73
1.73
1.73
1.73
1.73
1.73
1.73
1.73
1.74
1.73
1.73
1.73
1.73
1.74
1.74
1.73
1.73
1.73
1.73
1.73
1.73
1.73
1.73
1.74
1.73
1.74
1.74
1.73
1.73
1.74
1.74
1.74
1.74
1.74
1.73
1.73
1.73
1.73
1.72
1.72
1.73
1.73
1.73
1.73
1.73
1.72
1.73
1.72
1.72
1.72
1.72
1.72
1.72
1.72
1.72
1.72
1.71
1.71
1.71
1.71
1.71
1.71
1.71
1.71
1.71
1.71
1.71
1.70
1.70
1.70
1.70
1.70
1.70
1.70
1.71
1.71
1.71
1.71
1.71
1.71
1.71
1.71
1.71
1.71
1.70
1.70
1.70
1.70
1.70
1.70
1.70
1.70
1.70
1.70
1.69
1.69
1.69
1.69
1.69
1.68
1.68
1.68
1.68
1.68
1.68
1.68
1.68
1.69
1.69
1.69
1.68
1.68
1.69
1.69
1.68
1.68
1.68
1.69
1.69
1.68
1.68
1.68
1.68
1.68
1.68
1.68
1.68
1.68
1.68
1.69
1.69
1.69
1.69
1.69
1.69
1.68
1.68
1.68
1.68
1.68
1.68
1.68
1.68
1.69
1.68
1.68
1.68
1.68
1.68
1.68
1.68
1.68
1.68
1.68
1.68
1.68
1.68
1.68
1.68
1.68
1.67
1.68
1.68
1.68
1.68
1.68
1.68
1.68
1.68
1.68
1.67
1.67
1.67
1.67
1.67
1.67
1.68
1.68
1.68
1.68
1.68
1.68
1.69
1.69
1.68
1.69
1.68
1.68
1.68
1.68
1.68
1.68
1.68
1.68
1.68
1.68
1.68
1.68
1.68
1.68
1.68
1.68
1.68
