21.88
18.75
19.79
22.27
23.75
23.18
23.88
25.00
25.35
26.09
25.57
26.04
25.84
25.89
25.73
25.88
25.92
25.69
25.90
25.94
25.67
25.36
25.00
25.07
25.06
25.00
24.94
24.94
24.84
25.00
24.95
25.20
25.24
25.37
25.31
25.39
25.34
25.04
25.32
25.31
25.34
25.48
25.33
25.75
25.66
25.54
25.53
25.33
25.32
25.31
25.31
25.42
25.44
25.43
25.60
25.50
25.44
25.32
25.26
25.16
24.97
25.08
25.12
25.10
25.12
25.26
25.21
25.25
25.29
25.25
25.29
25.30
25.39
25.25
25.40
25.47
25.47
25.50
25.61
25.68
25.64
25.63
25.55
25.52
25.51
25.40
25.50
25.39
25.44
25.45
25.46
25.36
25.34
25.37
25.28
25.26
25.29
25.24
25.16
25.19
25.19
25.18
25.17
25.08
25.15
25.04
25.03
25.03
24.97
24.97
24.94
25.03
25.01
25.00
25.04
25.03
25.04
25.13
25.16
25.14
25.18
25.08
25.11
25.04
25.10
25.06
25.05
24.98
25.01
24.99
25.01
25.08
25.05
25.01
25.00
25.07
25.06
25.05
25.10
25.15
25.10
25.15
25.21
25.25
25.26
25.26
25.30
25.30
25.29
25.31
25.28
25.26
25.26
25.25
25.22
25.19
25.18
25.16
25.16
25.11
25.12
25.17
25.10
25.10
25.08
25.07
25.10
25.20
25.21
25.21
25.23
25.19
25.14
25.16
25.13
25.18
25.12
25.14
25.22
25.27
25.33
25.33
25.31
25.31
25.31
25.28
25.33
25.34
25.36
25.39
25.42
25.45
25.46
25.44
25.41
25.41
25.44
25.44
25.42
25.42
25.43
25.39
25.38
25.38
25.37
25.38
25.40
25.41
25.44
25.48
25.49
25.52
25.51
25.51
25.55
25.57
25.56
25.56
25.56
25.56
25.54
25.55
25.53
25.54
25.54
25.57
25.62
25.62
25.66
25.67
25.63
25.59
25.57
25.61
25.62
25.65
25.62
25.60
25.60
25.59
25.58
25.60
25.61
25.59
25.55
25.55
25.53
25.51
25.50
25.50
25.50
25.47
25.48
25.48
25.49
25.48
25.47
25.44
25.42
25.44
25.45
25.43
25.49
25.51
25.52
25.52
25.52
25.50
25.47
25.47
25.50
25.53
25.54
25.58
25.56
25.57
25.57
25.60
25.58
25.61
25.60
25.59
25.61
25.61
25.61
25.63
25.62
25.63
25.66
25.65
25.66
25.65
25.64
25.62
25.58
25.58
25.56
25.55
25.59
25.60
25.62
25.62
25.62
25.61
25.63
25.65
25.67
25.64
25.66
25.67
25.68
25.69
25.69
25.71
25.71
25.71
25.69
25.67
25.65
25.64
25.64
25.63
25.62
25.65
25.64
25.60
25.58
25.59
25.58
25.57
25.59
25.58
25.61
25.57
25.57
25.55
25.56
25.55
25.56
25.55
25.55
25.55
25.54
25.55
25.55
25.53
25.54
25.53
25.52
25.52
25.52
25.53
25.53
25.52
25.53
25.54
25.55
25.57
25.58
25.58
25.58
25.58
25.58
25.59
25.60
25.59
25.57
25.56
25.57
25.56
25.56
25.55
25.54
25.53
25.51
25.52
25.52
25.49
25.49
25.51
25.51
25.52
25.51
25.52
25.53
25.54
25.53
25.52
25.54
25.52
25.53
25.51
25.50
25.50
25.49
25.49
25.49
25.49
25.47
25.46
25.45
25.46
25.44
25.41
25.42
25.42
25.43
25.43
25.40
25.40
25.41
25.44
25.45
25.45
25.44
25.42
25.43
25.42
25.43
25.44
25.45
25.44
25.44
25.42
25.41
25.41
25.41
25.42
25.42
25.42
25.41
25.41
25.40
25.39
25.38
25.39
25.39
25.41
25.44
25.44
25.42
25.42
25.41
25.39
25.37
25.38
25.38
25.37
25.35
25.33
25.33
25.32
25.32
25.33
25.31
25.31
25.30
25.28
25.28
25.30
25.29
25.29
25.29
25.30
25.28
25.29
25.29
25.30
25.27
25.28
25.30
25.28
25.27
25.29
25.27
25.29
25.30
25.30
25.29
25.28
25.28
25.27
25.27
25.27
25.26
25.28
25.28
25.27
25.27
25.27
25.26
25.28
25.30
25.29
25.31
25.30
25.28
25.28
25.27
25.28
25.29
25.31
25.30
25.28
25.26
25.26
25.24
25.24
25.22
25.22
25.20
25.20
25.21
25.22
25.22
25.22
25.21
25.23
25.23
25.23
25.25
25.25
25.24
25.26
25.25
25.26
25.27
25.28
25.27
25.27
25.27
25.28
25.27
25.26
25.26
25.28
25.28
25.27
25.28
25.27
25.26
25.26
25.25
25.25
25.26
25.26
25.26
25.25
25.25
25.24
25.24
25.25
25.25
25.24
25.23
25.21
25.21
25.20
25.20
25.18
25.18
25.19
25.18
25.17
25.16
25.15
25.16
25.17
25.16
25.17
25.15
25.14
25.12
25.14
25.14
25.14
25.14
25.13
25.14
25.15
25.15
25.13
25.12
25.12
25.11
25.12
25.11
25.11
25.12
25.12
25.11
25.12
25.13
25.14
25.14
25.15
25.14
25.14
25.14
25.15
25.13
25.13
25.12
25.12
25.13
25.12
25.13
25.15
25.16
25.17
25.18
25.18
25.16
25.17
25.17
25.16
25.18
25.18
25.18
25.18
25.18
25.18
25.19
25.18
25.17
25.17
25.17
25.18
25.17
25.17
25.17
25.16
25.16
25.16
25.15
25.15
25.13
25.14
25.14
25.14
25.13
25.13
25.13
25.14
25.16
25.16
25.15
25.14
25.16
25.16
25.16
25.17
25.16
25.16
25.15
25.13
25.14
25.15
25.14
25.13
25.13
25.15
25.15
25.13
25.14
25.15
25.14
25.14
25.15
25.15
25.15
25.15
25.16
25.15
25.15
25.15
25.13
25.14
25.14
25.15
25.14
25.13
25.14
25.15
25.15
25.16
25.17
25.18
25.17
25.17
25.16
25.16
25.18
25.17
25.18
25.18
25.19
25.19
25.20
25.21
25.20
25.19
25.20
25.19
25.18
25.17
25.18
25.19
25.19
25.17
25.18
25.18
25.17
25.17
25.17
25.19
25.19
25.20
25.19
25.20
25.21
25.21
25.21
25.22
25.22
25.23
25.22
25.21
25.23
25.23
25.24
25.23
25.23
25.24
25.23
25.22
25.21
25.21
25.21
25.21
25.22
25.22
25.21
25.21
25.22
25.22
25.23
25.22
25.22
25.21
25.21
25.22
25.23
25.21
25.21
25.20
25.21
25.22
25.22
25.22
25.22
25.21
25.21
25.22
25.21
25.22
25.22
25.21
25.22
25.22
25.22
25.22
25.22
25.21
25.22
25.21
25.21
25.21
25.21
25.20
25.19
25.17
