7.81
7.03
6.25
4.69
5.00
4.43
4.91
4.69
4.51
4.53
4.55
4.30
4.33
4.46
4.48
4.59
4.69
4.60
4.36
4.22
4.02
3.98
3.80
3.71
3.62
3.61
3.65
3.63
3.66
3.54
3.68
3.71
3.69
3.81
3.84
3.73
3.67
3.78
3.85
3.75
3.70
3.76
3.82
3.84
3.85
3.87
3.79
3.84
3.76
3.78
3.83
3.88
3.86
3.91
3.95
3.96
3.97
3.96
4.00
4.01
4.00
4.01
4.02
4.03
4.06
4.14
4.13
4.14
4.14
4.11
4.07
4.10
4.09
4.10
4.10
4.11
4.12
4.15
4.15
4.14
4.11
4.15
4.14
4.13
4.15
4.14
4.15
4.14
4.13
4.10
4.10
4.09
4.17
4.17
4.19
4.18
4.17
4.18
4.15
4.12
4.16
4.14
4.14
4.13
4.14
4.19
4.18
4.20
4.19
4.15
4.18
4.16
4.13
4.13
4.10
4.08
4.07
4.09
4.08
4.06
4.05
4.03
4.05
4.03
4.04
4.04
4.01
3.99
3.97
3.99
4.00
4.01
4.03
4.01
4.02
4.03
4.01
4.01
4.01
4.00
4.00
3.98
4.00
3.99
4.00
4.00
4.01
3.99
4.00
4.02
4.04
4.08
4.07
4.05
4.07
4.06
4.06
4.04
4.07
4.04
4.05
4.03
4.03
4.03
4.06
4.05
4.04
4.09
4.08
4.07
4.09
4.10
4.08
4.06
4.05
4.06
4.03
4.05
4.06
4.08
4.07
4.06
4.06
4.05
4.05
4.04
4.06
4.06
4.07
4.08
4.06
4.04
4.04
4.04
4.03
4.01
4.01
4.02
4.02
4.01
4.00
3.99
3.99
3.99
3.97
3.97
3.97
3.95
3.93
3.93
3.91
3.91
3.91
3.94
3.95
3.95
3.94
3.94
3.95
3.95
3.96
3.97
3.96
3.94
3.94
3.95
3.95
3.97
3.96
3.95
3.94
3.93
3.92
3.91
3.90
3.93
3.92
3.95
3.94
3.93
3.94
3.95
3.95
3.94
3.94
3.94
3.96
3.96
3.95
3.94
3.95
3.94
3.94
3.94
3.95
3.95
3.96
3.97
3.96
3.97
3.96
3.95
3.96
3.96
3.96
3.96
3.95
3.95
3.94
3.94
3.93
3.94
3.94
3.94
3.94
3.93
3.93
3.92
3.92
3.91
3.91
3.92
3.91
3.91
3.91
3.91
3.93
3.94
3.94
3.95
3.95
3.97
3.97
3.95
3.95
3.95
3.95
3.94
3.94
3.93
3.92
3.94
3.92
3.93
3.95
3.96
3.96
3.98
3.98
3.98
3.98
3.98
3.98
3.98
3.98
3.98
3.98
3.98
3.98
3.98
3.98
3.98
3.99
3.99
4.00
4.01
4.01
4.01
4.00
3.99
3.99
4.00
4.00
4.00
4.00
4.01
4.01
4.01
4.01
4.01
4.00
3.99
4.00
4.00
3.99
3.99
3.98
3.98
3.98
3.99
3.99
4.01
4.01
4.02
4.02
4.01
4.01
4.01
4.01
4.01
4.01
4.01
4.02
4.02
4.02
4.02
4.03
4.03
4.03
4.02
4.02
4.02
4.01
4.01
4.00
3.99
3.99
3.99
3.99
3.99
3.98
3.99
3.99
3.98
3.98
3.98
3.97
3.97
3.97
3.97
3.99
4.01
4.01
4.01
4.02
4.01
4.01
4.02
4.02
4.01
4.02
4.03
4.03
4.03
4.03
4.03
4.03
4.04
4.03
4.03
4.03
4.02
4.03
4.02
4.02
4.02
4.02
4.02
4.02
4.01
4.02
4.02
4.02
4.02
4.02
4.01
4.01
4.00
4.00
4.01
4.00
4.00
4.01
4.00
4.01
4.01
4.02
4.02
4.01
4.01
4.00
4.00
4.00
3.99
4.00
4.00
4.00
3.99
3.99
4.00
3.99
3.99
3.98
3.98
3.98
3.97
3.97
3.97
3.97
3.96
3.97
3.97
3.97
3.96
3.96
3.96
3.95
3.95
3.96
3.96
3.96
3.96
3.95
3.96
3.95
3.96
3.96
3.97
3.97
3.97
3.98
3.98
3.98
3.99
3.99
3.99
3.98
3.99
3.99
3.99
4.00
4.00
4.02
4.02
4.02
4.03
4.03
4.02
4.03
4.02
4.02
4.02
4.02
4.02
4.02
4.03
4.03
4.03
4.03
4.02
4.03
4.03
4.04
4.05
4.04
4.04
4.04
4.04
4.03
4.03
4.02
4.02
4.02
4.02
4.02
4.02
4.01
4.01
4.01
4.02
4.02
4.03
4.02
4.01
4.02
4.02
4.02
4.01
4.01
4.01
4.01
4.00
4.00
3.99
4.00
4.00
3.99
4.00
4.00
4.00
4.00
4.00
4.00
4.00
4.00
4.00
4.00
3.99
4.01
4.00
4.00
4.00
4.00
4.00
4.01
4.01
4.00
4.00
4.00
4.00
4.00
4.00
3.99
3.99
3.99
4.00
3.99
3.99
3.99
3.99
3.98
3.98
3.99
3.99
3.99
3.99
3.98
3.98
3.98
3.98
3.98
3.98
3.98
3.99
4.00
4.01
4.01
4.01
4.01
4.01
4.00
4.00
4.00
4.00
4.00
3.99
4.00
4.00
4.00
3.99
3.99
3.99
3.98
3.99
3.99
3.99
3.99
3.98
3.99
3.99
3.99
3.98
3.99
3.99
3.99
3.99
3.99
3.99
3.99
4.00
4.00
4.00
4.00
4.00
4.00
3.99
4.00
4.00
3.99
3.99
3.99
3.99
4.00
4.00
4.00
4.00
3.99
3.99
3.99
3.98
3.98
3.98
3.98
3.98
3.97
3.98
3.98
3.98
3.98
3.99
3.99
3.99
3.99
3.99
3.98
3.98
3.98
3.98
3.98
3.98
3.98
3.97
3.97
3.97
3.97
3.97
3.97
3.98
3.97
3.98
3.97
3.98
3.97
3.98
3.98
3.98
3.98
3.97
3.97
3.97
3.97
3.97
3.97
3.97
3.97
3.97
3.96
3.96
3.96
3.96
3.95
3.95
3.96
3.96
3.96
3.96
3.96
3.96
3.96
3.95
3.95
3.96
3.96
3.96
3.96
3.95
3.96
3.96
3.96
3.96
3.96
3.95
3.95
3.96
3.95
3.96
3.96
3.96
3.96
3.97
3.98
3.98
3.98
3.97
3.98
3.98
3.98
3.98
3.98
3.98
3.97
3.97
3.97
3.97
3.97
3.97
3.97
3.97
3.97
3.97
3.98
3.97
3.97
3.97
3.97
3.98
3.98
3.98
3.98
3.98
3.98
3.98
3.98
3.98
3.98
3.98
3.98
3.98
3.99
3.99
3.98
3.98
3.98
3.99
3.99
3.99
3.99
3.99
3.99
4.00
4.00
3.99
