6.25
7.81
6.25
6.64
7.19
6.51
5.58
5.47
5.56
5.16
4.69
5.21
5.41
5.47
5.31
5.18
4.96
4.86
5.02
4.92
4.99
4.90
4.69
4.62
4.75
4.93
4.92
4.91
4.85
4.84
4.84
4.83
4.83
4.96
4.87
4.82
4.81
4.85
4.93
4.84
4.76
4.76
4.72
4.72
4.79
4.86
4.95
4.95
5.04
5.12
5.02
4.99
5.07
5.03
5.00
5.05
4.99
5.01
5.01
4.97
4.92
4.94
4.96
4.91
4.88
4.85
4.85
4.80
4.82
4.82
4.80
4.82
4.79
4.79
4.79
4.83
4.83
4.81
4.87
4.84
4.88
4.88
4.86
4.89
4.91
4.92
4.92
4.94
4.90
4.88
4.93
4.93
4.94
4.97
5.00
4.98
5.01
5.02
5.03
5.05
5.01
5.02
5.04
5.03
5.04
5.09
5.07
5.03
5.02
5.06
5.03
5.01
5.01
5.03
5.07
5.02
5.03
5.05
5.07
5.05
5.06
5.07
5.06
5.09
5.10
5.11
5.12
5.13
5.14
5.10
5.09
5.10
5.12
5.14
5.12
5.11
5.13
5.11
5.09
5.07
5.04
5.04
5.02
5.01
5.04
5.07
5.08
5.08
5.12
5.11
5.10
5.09
5.11
5.11
5.08
5.09
5.10
5.08
5.06
5.06
5.05
5.04
5.05
5.07
5.07
5.09
5.07
5.10
5.14
5.16
5.18
5.19
5.18
5.18
5.16
5.16
5.17
5.18
5.19
5.20
5.19
5.18
5.19
5.20
5.21
5.21
5.22
5.23
5.22
5.20
5.19
5.22
5.22
5.22
5.22
5.24
5.23
5.22
5.23
5.23
5.22
5.23
5.24
5.23
5.22
5.23
5.23
5.25
5.26
5.24
5.23
5.23
5.22
5.21
5.18
5.17
5.18
5.20
5.21
5.22
5.24
5.23
5.22
5.21
5.24
5.25
5.24
5.26
5.25
5.25
5.26
5.29
5.30
5.31
5.29
5.31
5.31
5.30
5.28
5.30
5.30
5.29
5.29
5.27
5.28
5.28
5.28
5.27
5.28
5.27
5.27
5.28
5.28
5.29
5.28
5.29
5.28
5.29
5.27
5.27
5.25
5.24
5.26
5.25
5.24
5.25
5.26
5.26
5.26
5.25
5.26
5.25
5.25
5.25
5.25
5.25
5.25
5.26
5.26
5.25
5.25
5.25
5.24
5.24
5.26
5.27
5.26
5.26
5.26
5.26
5.27
5.27
5.26
5.26
5.25
5.25
5.25
5.25
5.26
5.25
5.26
5.28
5.27
5.29
5.30
5.31
5.29
5.30
5.31
5.31
5.31
5.30
5.30
5.28
5.27
5.27
5.27
5.26
5.29
5.28
5.28
5.28
5.27
5.29
5.30
5.31
5.30
5.30
5.30
5.29
5.28
5.28
5.27
5.26
5.28
5.27
5.27
5.27
5.25
5.26
5.26
5.27
5.26
5.28
5.28
5.27
5.28
5.28
5.28
5.27
5.26
5.26
5.27
5.27
5.27
5.28
5.29
5.29
5.29
5.29
5.28
5.29
5.29
5.29
5.28
5.29
5.30
5.29
5.29
5.30
5.30
5.29
5.30
5.29
5.29
5.29
5.30
5.30
5.30
5.29
5.29
5.30
5.30
5.29
5.29
5.30
5.31
5.31
5.31
5.30
5.30
5.30
5.31
5.31
5.30
5.30
5.29
5.29
5.31
5.30
5.32
5.31
5.30
5.29
5.28
5.27
5.26
5.27
5.26
5.27
5.27
5.27
5.28
5.29
5.29
5.30
5.29
5.29
5.29
5.29
5.30
5.30
5.30
5.29
5.29
5.29
5.28
5.28
5.27
5.27
5.27
5.27
5.27
5.27
5.26
5.26
5.27
5.26
5.25
5.26
5.27
5.26
5.26
5.25
5.26
5.26
5.26
5.26
5.25
5.26
5.26
5.25
5.25
5.23
5.24
5.24
5.23
5.23
5.24
5.24
5.25
5.25
5.24
5.25
5.25
5.25
5.25
5.25
5.25
5.25
5.25
5.26
5.26
5.25
5.25
5.24
5.23
5.24
5.24
5.24
5.24
5.24
5.24
5.24
5.24
5.24
5.24
5.23
5.23
5.24
5.24
5.24
5.24
5.24
5.25
5.25
5.25
5.25
5.25
5.26
5.26
5.26
5.27
5.27
5.27
5.26
5.26
5.27
5.27
5.28
5.27
5.27
5.27
5.27
5.28
5.27
5.26
5.25
5.26
5.26
5.27
5.27
5.27
5.28
5.27
5.27
5.27
5.27
5.28
5.29
5.28
5.28
5.27
5.28
5.27
5.28
5.27
5.27
5.27
5.27
5.26
5.26
5.26
5.26
5.26
5.25
5.25
5.24
5.24
5.23
5.23
5.22
5.22
5.22
5.21
5.21
5.21
5.21
5.20
5.21
5.20
5.21
5.21
5.21
5.22
5.21
5.22
5.21
5.22
5.22
5.22
5.23
5.22
5.23
5.23
5.22
5.22
5.22
5.22
5.22
5.21
5.21
5.21
5.21
5.21
5.21
5.21
5.20
5.20
5.21
5.20
5.20
5.21
5.21
5.20
5.19
5.19
5.20
5.19
5.20
5.19
5.20
5.20
5.20
5.21
5.21
5.20
5.21
5.21
5.21
5.21
5.20
5.21
5.21
5.21
5.22
5.22
5.23
5.22
5.22
5.23
5.23
5.23
5.24
5.24
5.24
5.23
5.23
5.23
5.24
5.24
5.23
5.23
5.22
5.22
5.22
5.23
5.23
5.23
5.24
5.25
5.24
5.25
5.24
5.23
5.23
5.23
5.23
5.23
5.23
5.24
5.24
5.25
5.25
5.24
5.24
5.25
5.25
5.26
5.26
5.26
5.26
5.26
5.26
5.26
5.26
5.26
5.25
5.26
5.25
5.26
5.26
5.26
5.26
5.26
5.27
5.27
5.27
5.27
5.26
5.26
5.26
5.27
5.27
5.27
5.27
5.27
5.27
5.27
5.28
5.28
5.27
5.28
5.28
5.28
5.28
5.28
5.27
5.27
5.27
5.26
5.26
5.26
5.26
5.26
5.27
5.26
5.26
5.25
5.25
5.25
5.25
5.25
5.26
5.25
5.26
5.26
5.27
5.27
5.26
5.26
5.26
5.26
5.26
5.25
5.25
5.25
5.26
5.27
5.28
5.28
5.28
5.28
5.28
5.27
5.27
5.28
5.28
5.28
5.27
5.27
5.28
5.28
5.28
5.28
5.28
5.27
5.27
5.27
5.28
5.28
5.28
5.27
5.28
5.28
5.27
5.27
5.27
5.26
5.26
5.26
5.26
5.26
5.26
5.26
5.26
5.26
5.27
5.27
5.27
5.27
5.26
5.27
5.26
5.26
5.26
5.26
5.25
5.25
5.26
5.26
5.25
