20.31
25.78
25.52
26.17
25.94
25.52
27.01
26.56
27.78
27.19
27.13
26.56
26.44
25.67
25.73
25.49
25.55
25.69
25.49
25.39
25.45
25.64
25.61
25.72
25.94
25.84
25.64
25.67
25.75
25.63
25.71
25.93
25.80
25.41
25.49
25.30
25.25
25.25
25.44
25.39
25.27
25.26
25.44
25.43
25.45
25.51
25.50
25.39
25.45
25.41
25.34
25.24
25.24
25.29
25.11
25.17
25.03
25.00
25.21
25.34
25.44
25.45
25.50
25.54
25.53
25.57
25.37
25.34
25.27
25.36
25.33
25.35
25.30
25.32
25.33
25.33
25.41
25.42
25.44
25.37
25.33
25.21
25.13
25.17
25.11
25.07
25.07
25.12
25.16
25.30
25.27
25.31
25.34
25.37
25.26
25.26
25.26
25.27
25.25
25.30
25.29
25.32
25.39
25.35
25.30
25.28
25.29
25.22
25.26
25.23
25.21
25.31
25.29
25.27
25.22
25.13
25.20
25.25
25.29
25.26
25.23
25.19
25.15
25.10
25.09
25.09
25.16
25.22
25.24
25.22
25.18
25.20
25.18
25.21
25.19
25.24
25.26
25.24
25.24
25.23
25.18
25.18
25.15
25.14
25.18
25.15
25.21
25.21
25.21
25.25
25.29
25.26
25.20
25.17
25.22
25.23
25.27
25.26
25.28
25.26
25.25
25.24
25.20
25.19
25.24
25.28
25.36
25.39
25.41
25.36
25.39
25.35
25.44
25.45
25.41
25.36
25.35
25.35
25.31
25.32
25.36
25.33
25.39
25.41
25.37
25.35
25.38
25.38
25.36
25.35
25.38
25.35
25.38
25.36
25.41
25.38
25.38
25.44
25.44
25.43
25.39
25.37
25.38
25.34
25.34
25.33
25.32
25.30
25.31
25.34
25.36
25.41
25.40
25.39
25.33
25.33
25.31
25.30
25.30
25.27
25.28
25.33
25.41
25.43
25.42
25.46
25.48
25.47
25.46
25.46
25.49
25.52
25.50
25.49
25.49
25.50
25.49
25.51
25.49
25.50
25.49
25.49
25.48
25.49
25.52
25.50
25.47
25.47
25.50
25.48
25.43
25.48
25.48
25.49
25.47
25.46
25.45
25.48
25.48
25.48
25.47
25.47
25.50
25.48
25.48
25.48
25.48
25.45
25.45
25.46
25.50
25.49
25.54
25.54
25.52
25.52
25.53
25.57
25.57
25.58
25.55
25.55
25.57
25.58
25.60
25.60
25.59
25.61
25.59
25.61
25.60
25.57
25.54
25.58
25.57
25.58
25.61
25.64
25.61
25.62
25.63
25.63
25.65
25.63
25.64
25.63
25.63
25.61
25.64
25.65
25.67
25.66
25.67
25.66
25.66
25.64
25.63
25.60
25.61
25.60
25.59
25.61
25.61
25.62
25.62
25.60
25.60
25.60
25.61
25.62
25.64
25.63
25.62
25.66
25.65
25.66
25.66
25.65
25.66
25.69
25.69
25.71
25.70
25.70
25.71
25.70
25.69
25.66
25.68
25.68
25.65
25.63
25.63
25.60
25.62
25.63
25.62
25.64
25.64
25.64
25.62
25.59
25.60
25.60
25.58
25.58
25.57
25.58
25.60
25.60
25.59
25.58
25.57
25.57
25.56
25.56
25.55
25.56
25.55
25.53
25.51
25.50
25.50
25.48
25.49
25.48
25.47
25.47
25.45
25.43
25.42
25.42
25.42
25.41
25.39
25.38
25.38
25.39
25.41
25.43
25.43
25.45
25.46
25.46
25.47
25.48
25.49
25.47
25.47
25.47
25.46
25.46
25.46
25.45
25.45
25.43
25.42
25.42
25.41
25.40
25.39
25.41
25.39
25.38
25.36
25.34
25.35
25.35
25.37
25.39
25.39
25.39
25.39
25.38
25.37
25.36
25.38
25.39
25.38
25.39
25.41
25.41
25.39
25.38
25.38
25.37
25.41
25.41
25.43
25.43
25.45
25.46
25.47
25.47
25.46
25.46
25.46
25.46
25.45
25.47
25.46
25.46
25.44
25.43
25.44
25.44
25.43
25.43
25.41
25.40
25.41
25.40
25.42
25.43
25.44
25.44
25.46
25.47
25.46
25.46
25.49
25.47
25.45
25.45
25.45
25.44
25.44
25.45
25.46
25.46
25.45
25.43
25.43
25.43
25.45
25.43
25.43
25.44
25.44
25.43
25.42
25.40
25.39
25.40
25.40
25.41
25.41
25.41
25.41
25.41
25.42
25.41
25.44
25.42
25.39
25.40
25.39
25.37
25.37
25.36
25.36
25.35
25.36
25.35
25.35
25.34
25.33
25.32
25.32
25.32
25.33
25.32
25.33
25.31
25.31
25.31
25.31
25.30
25.29
25.30
25.31
25.30
25.30
25.29
25.29
25.29
25.29
25.27
25.27
25.25
25.26
25.25
25.26
25.25
25.26
25.27
25.27
25.26
25.25
25.26
25.25
25.26
25.25
25.23
25.23
25.23
25.24
25.24
25.25
25.25
25.23
25.25
25.25
25.25
25.25
25.23
25.22
25.21
25.20
25.20
25.19
25.18
25.19
25.20
25.19
25.19
25.20
25.20
25.20
25.19
25.19
25.18
25.18
25.18
25.18
25.19
25.18
25.19
25.19
25.20
25.19
25.18
25.19
25.17
25.17
25.17
25.18
25.18
25.17
25.16
25.16
25.17
25.15
25.15
25.15
25.17
25.18
25.16
25.16
25.16
25.17
25.20
25.22
25.23
25.23
25.23
25.23
25.24
25.23
25.21
25.22
25.22
25.21
25.21
25.21
25.21
25.23
25.23
25.24
25.24
25.25
25.25
25.25
25.24
25.24
25.23
25.24
25.23
25.22
25.22
25.20
25.21
25.19
25.20
25.21
25.21
25.22
25.21
25.22
25.21
25.20
25.20
25.20
25.19
25.19
25.19
25.18
25.18
25.18
25.18
25.18
25.18
25.16
25.16
25.16
25.16
25.16
25.16
25.15
25.16
25.15
25.16
25.16
25.16
25.16
25.15
25.15
25.15
25.15
25.15
25.15
25.15
25.16
25.15
25.15
25.15
25.15
25.13
25.13
25.13
25.14
25.15
25.16
25.15
25.14
25.14
25.14
25.13
25.13
25.15
25.15
25.14
25.14
25.15
25.15
25.15
25.16
25.16
25.15
25.14
25.14
25.13
25.12
25.13
25.13
25.15
25.16
25.15
25.15
25.15
25.16
25.16
25.17
25.17
25.17
25.15
25.15
25.16
25.16
25.15
25.15
25.14
25.16
25.15
25.16
25.17
25.19
25.19
25.20
25.20
25.20
25.19
25.19
25.19
25.18
25.17
25.17
25.16
25.17
25.17
25.17
25.16
25.16
25.16
25.17
25.17
25.18
25.19
25.18
25.18
25.18
25.18
25.18
25.18
25.17
25.17
25.15
25.16
25.16
25.17
25.18
25.15
