84.38
80.47
78.12
78.52
77.50
77.34
78.12
78.71
78.30
77.66
77.84
78.12
78.12
78.57
78.65
77.93
78.12
77.95
78.04
78.44
78.35
78.27
78.19
78.06
78.44
78.79
78.76
78.91
79.20
79.43
79.44
79.20
79.02
79.00
78.97
79.17
79.18
79.32
79.45
79.53
79.69
79.54
79.47
79.40
79.38
79.35
79.32
79.43
79.18
79.12
79.04
79.18
79.19
79.14
79.26
79.30
79.14
79.31
79.42
79.45
79.48
79.39
79.37
79.47
79.50
79.52
79.57
79.50
79.39
79.40
79.49
79.47
79.49
79.62
79.56
79.69
79.73
79.81
79.87
79.75
79.76
79.80
79.84
79.78
79.83
79.89
79.90
79.90
79.85
79.90
79.91
79.96
79.96
79.97
79.97
79.98
79.98
80.01
80.05
80.08
80.17
80.21
80.17
80.14
80.09
80.09
80.07
80.12
80.10
80.14
80.14
80.12
80.13
80.10
80.14
80.12
80.18
80.22
80.19
80.23
80.26
80.32
80.31
80.37
80.33
80.36
80.39
80.37
80.35
80.35
80.31
80.28
80.31
80.32
80.29
80.32
80.36
80.30
80.27
80.27
80.29
80.33
80.34
80.25
80.25
80.27
80.22
80.23
80.27
80.30
80.34
80.41
80.44
80.53
80.52
80.54
80.54
80.55
80.56
80.55
80.58
80.58
80.60
80.54
80.53
80.53
80.50
80.52
80.57
80.56
80.56
80.59
80.58
80.54
80.54
80.54
80.54
80.57
80.58
80.58
80.59
80.54
80.55
80.57
80.59
80.54
80.54
80.50
80.46
80.48
80.47
80.48
80.46
80.49
80.50
80.50
80.54
80.56
80.58
80.59
80.58
80.62
80.57
80.60
80.56
80.60
80.62
80.64
80.61
80.66
80.64
80.66
80.63
80.65
80.65
80.66
80.69
80.71
80.71
80.72
80.70
80.73
80.79
80.80
80.83
80.84
80.87
80.87
80.87
80.89
80.92
80.92
80.92
80.96
80.97
80.98
80.99
81.01
81.00
80.96
80.95
80.98
80.99
80.97
80.97
80.98
80.95
80.97
80.97
80.96
80.96
80.98
81.00
80.99
80.97
80.97
80.97
80.98
80.98
80.96
80.99
80.95
80.94
80.91
80.90
80.91
80.92
80.91
80.90
80.93
80.92
80.92
80.91
80.90
80.89
80.88
80.89
80.87
80.86
80.87
80.89
80.91
80.95
80.93
80.92
80.92
80.92
80.93
80.94
80.94
80.92
80.92
80.92
80.93
80.94
80.95
80.96
80.97
80.95
80.96
80.93
80.91
80.90
80.89
80.89
80.89
80.88
80.88
80.88
80.89
80.86
80.84
80.89
80.89
80.89
80.87
80.88
80.86
80.89
80.89
80.90
80.91
80.91
80.92
80.91
80.90
80.92
80.92
80.91
80.92
80.94
80.92
80.92
80.94
80.94
80.94
80.95
80.97
80.96
80.96
80.97
80.98
80.98
80.97
80.96
80.96
80.98
80.98
80.99
80.99
80.99
81.01
81.02
81.01
81.00
81.03
81.02
81.03
81.01
81.01
81.00
80.99
80.99
80.98
80.97
80.96
80.94
80.95
80.93
80.92
80.92
80.93
80.94
80.93
80.92
80.92
80.93
80.95
80.95
80.94
80.94
80.94
80.95
80.93
80.92
80.92
80.91
80.92
80.92
80.91
80.92
80.92
80.90
80.89
80.89
80.88
80.86
80.85
80.86
80.86
80.83
80.81
80.82
80.84
80.85
80.84
80.83
80.84
80.83
80.80
80.80
80.82
80.81
80.81
80.81
80.82
80.82
80.82
80.84
80.85
80.86
80.86
80.85
80.84
80.83
80.82
80.82
80.84
80.84
80.84
80.83
80.84
80.84
80.84
80.83
80.83
80.82
80.83
80.83
80.85
80.83
80.85
80.83
80.83
80.83
80.84
80.85
80.85
80.83
80.84
80.85
80.85
80.85
80.84
80.84
80.83
80.81
80.83
80.82
80.81
80.81
80.81
80.79
80.80
80.80
80.79
80.79
80.79
80.79
80.80
80.78
80.80
80.80
80.80
80.80
80.79
80.78
80.77
80.75
80.76
80.76
80.73
80.73
80.73
80.72
80.74
80.74
80.73
80.74
80.74
80.76
80.76
80.77
80.76
80.77
80.77
80.78
80.78
80.79
80.77
80.77
80.79
80.80
80.82
80.81
80.82
80.82
80.82
80.82
80.82
80.82
80.80
80.80
80.80
80.79
80.80
80.81
80.82
80.83
80.83
80.84
80.84
80.84
80.84
80.85
80.83
80.83
80.83
80.83
80.82
80.82
80.81
80.81
80.82
80.81
80.80
80.82
80.81
80.81
80.82
80.81
80.81
80.81
80.81
80.83
80.83
80.83
80.81
80.81
80.82
80.82
80.83
80.84
80.84
80.83
80.82
80.83
80.82
80.80
80.81
80.81
80.81
80.83
80.83
80.83
80.83
80.83
80.82
80.82
80.83
80.84
80.85
80.85
80.84
80.83
80.83
80.84
80.83
80.82
80.82
80.82
80.81
80.81
80.80
80.79
80.78
80.77
80.78
80.79
80.81
80.80
80.80
80.81
80.83
80.84
80.85
80.84
80.84
80.84
80.84
80.85
80.86
80.86
80.88
80.88
80.89
80.90
80.91
80.91
80.90
80.90
80.91
80.91
80.90
80.91
80.92
80.92
80.92
80.92
80.92
80.93
80.92
80.93
80.93
80.94
80.94
80.95
80.95
80.95
80.95
80.96
80.96
80.96
80.97
80.96
80.96
80.96
80.96
80.95
80.95
80.95
80.95
80.96
80.95
80.96
80.95
80.95
80.96
80.97
80.98
80.97
80.96
80.97
80.97
80.96
80.95
80.96
80.95
80.96
80.98
80.97
80.98
80.97
80.95
80.96
80.95
80.95
80.95
80.96
80.94
80.95
80.95
80.95
80.94
80.94
80.93
80.94
80.94
80.94
80.92
80.91
80.92
80.91
80.91
80.91
80.92
80.92
80.91
80.92
80.91
80.92
80.92
80.91
80.91
80.91
80.91
80.90
80.90
80.90
80.90
80.89
80.88
80.89
80.89
80.89
80.90
80.90
80.90
80.92
80.93
80.94
80.94
80.95
80.95
80.95
80.96
80.96
80.97
80.97
80.98
80.97
80.97
80.96
80.98
80.97
80.98
80.97
80.97
80.98
80.98
80.97
80.97
80.98
80.98
80.98
80.97
80.97
80.96
80.96
80.96
80.96
80.96
80.97
80.97
80.97
80.98
80.98
80.98
80.99
80.97
80.96
80.97
80.97
80.97
80.97
80.98
80.99
80.98
80.98
80.98
80.98
80.98
80.99
80.99
81.00
81.00
81.00
81.01
81.01
81.01
81.01
81.01
81.00
81.00
81.00
81.00
81.00
81.00
80.99
80.98
80.98
80.90
