73.44
76.56
78.65
80.08
80.00
79.95
80.13
80.08
79.34
80.16
80.40
81.51
81.97
81.70
81.56
81.54
81.34
81.34
81.50
81.48
81.40
81.32
81.32
81.38
81.31
81.01
80.96
80.97
81.14
81.41
81.45
81.35
81.16
81.02
80.80
80.95
81.12
81.09
80.89
80.86
80.75
80.54
80.31
80.54
80.49
80.57
80.65
80.73
80.84
80.75
80.85
80.89
80.96
80.93
80.99
81.08
80.92
81.03
80.91
80.96
80.92
80.92
81.03
81.03
81.11
81.01
81.02
81.07
80.98
81.03
80.92
80.92
81.01
81.08
81.08
81.06
81.15
81.15
81.15
81.13
81.25
81.29
81.33
81.27
81.25
81.23
81.21
81.21
81.23
81.18
81.15
81.20
81.13
81.15
81.12
81.17
81.19
81.15
81.06
81.00
81.02
81.07
81.04
81.07
81.01
81.01
81.07
80.99
81.01
81.04
81.00
80.97
81.03
81.00
80.98
80.95
80.96
81.01
81.08
81.00
81.07
81.06
81.14
81.19
81.20
81.20
81.20
81.23
81.24
81.25
81.27
81.30
81.33
81.35
81.38
81.40
81.43
81.49
81.47
81.46
81.47
81.50
81.52
81.55
81.54
81.57
81.57
81.57
81.62
81.66
81.68
81.70
81.72
81.68
81.66
81.69
81.70
81.68
81.72
81.67
81.69
81.71
81.71
81.71
81.71
81.71
81.76
81.75
81.68
81.66
81.61
81.60
81.60
81.60
81.55
81.53
81.52
81.52
81.50
81.56
81.60
81.61
81.64
81.68
81.68
81.70
81.68
81.68
81.64
81.67
81.65
81.66
81.64
81.64
81.64
81.63
81.63
81.66
81.69
81.73
81.72
81.70
81.70
81.71
81.66
81.69
81.70
81.70
81.68
81.67
81.64
81.63
81.65
81.64
81.68
81.67
81.72
81.71
81.72
81.75
81.77
81.76
81.75
81.77
81.79
81.82
81.83
81.84
81.83
81.86
81.91
81.93
81.95
81.96
81.98
82.00
82.02
82.04
82.07
82.06
82.06
82.08
82.09
82.11
82.09
82.08
82.05
82.04
82.02
81.99
81.94
81.93
81.95
81.98
81.98
81.95
81.93
81.90
81.88
81.88
81.89
81.86
81.90
81.87
81.85
81.83
81.84
81.80
81.80
81.81
81.83
81.83
81.82
81.83
81.80
81.81
81.79
81.80
81.79
81.79
81.81
81.82
81.81
81.81
81.81
81.81
81.82
81.81
81.82
81.85
81.86
81.88
81.88
81.91
81.90
81.89
81.91
81.92
81.89
81.92
81.89
81.89
81.90
81.91
81.94
81.93
81.93
81.90
81.93
81.95
81.92
81.93
81.92
81.94
81.95
81.94
81.94
81.92
81.93
81.93
81.91
81.91
81.89
81.91
81.93
81.93
81.92
81.91
81.92
81.94
81.93
81.91
81.92
81.92
81.92
81.91
81.91
81.92
81.92
81.90
81.92
81.93
81.93
81.93
81.93
81.93
81.93
81.92
81.92
81.91
81.90
81.91
81.90
81.92
81.94
81.93
81.95
81.96
81.98
81.97
81.98
81.99
81.98
81.95
81.94
81.91
81.92
81.91
81.91
81.90
81.92
81.93
81.91
81.91
81.93
81.92
81.94
81.92
81.92
81.92
81.91
81.90
81.89
81.90
81.92
81.92
81.90
81.92
81.91
81.90
81.91
81.91
81.91
81.92
81.94
81.96
81.95
81.94
81.95
81.94
81.94
81.93
81.96
81.95
81.93
81.94
81.93
81.91
81.91
81.91
81.90
81.91
81.89
81.90
81.91
81.90
81.90
81.91
81.91
81.89
81.90
81.91
81.90
81.91
81.90
81.89
81.88
81.88
81.86
81.86
81.87
81.86
81.85
81.83
81.82
81.83
81.83
81.81
81.81
81.79
81.80
81.81
81.80
81.79
81.80
81.79
81.79
81.78
81.79
81.81
81.81
81.81
81.80
81.79
81.76
81.77
81.77
81.77
81.78
81.78
81.79
81.78
81.79
81.79
81.79
81.79
81.80
81.80
81.81
81.80
81.80
81.81
81.81
81.82
81.83
81.82
81.81
81.81
81.81
81.81
81.81
81.83
81.83
81.83
81.84
81.83
81.82
81.81
81.82
81.82
81.81
81.80
81.81
81.81
81.79
81.79
81.79
81.79
81.77
81.77
81.75
81.76
81.74
81.74
81.73
81.74
81.74
81.75
81.77
81.76
81.76
81.76
81.75
81.76
81.74
81.75
81.75
81.74
81.75
81.77
81.76
81.77
81.78
81.79
81.78
81.78
81.79
81.80
81.81
81.82
81.81
81.82
81.82
81.81
81.80
81.80
81.80
81.81
81.81
81.81
81.82
81.80
81.80
81.81
81.78
81.76
81.74
81.74
81.75
81.74
81.73
81.74
81.72
81.72
81.73
81.73
81.73
81.72
81.73
81.73
81.74
81.74
81.75
81.76
81.77
81.76
81.75
81.76
81.77
81.75
81.74
81.73
81.73
81.73
81.74
81.75
81.75
81.76
81.76
81.78
81.76
81.75
81.75
81.74
81.74
81.73
81.72
81.72
81.72
81.74
81.73
81.74
81.74
81.75
81.76
81.75
81.76
81.76
81.77
81.77
81.78
81.79
81.79
81.79
81.78
81.79
81.79
81.80
81.80
81.78
81.77
81.77
81.78
81.79
81.78
81.79
81.80
81.79
81.79
81.77
81.78
81.78
81.79
81.78
81.78
81.79
81.79
81.80
81.82
81.81
81.80
81.81
81.82
81.81
81.81
81.80
81.80
81.80
81.79
81.77
81.76
81.77
81.77
81.76
81.76
81.77
81.78
81.76
81.76
81.77
81.77
81.77
81.78
81.78
81.77
81.77
81.76
81.77
81.76
81.77
81.78
81.78
81.80
81.80
81.79
81.79
81.79
81.79
81.78
81.78
81.79
81.78
81.79
81.79
81.80
81.79
81.80
81.81
81.81
81.80
81.80
81.81
81.82
81.82
81.82
81.81
81.82
81.83
81.84
81.83
81.83
81.84
81.85
81.84
81.84
81.84
81.84
81.83
81.83
81.83
81.82
81.80
81.81
81.80
81.81
81.80
81.80
81.80
81.80
81.80
81.80
81.80
81.80
81.81
81.82
81.80
81.80
81.79
81.80
81.81
81.80
81.81
81.82
81.81
81.82
81.82
81.83
81.84
81.85
81.84
81.85
81.85
81.84
81.84
81.83
81.84
81.84
81.84
81.83
81.84
81.85
81.86
81.87
81.87
81.87
81.87
81.86
81.86
81.87
81.86
81.86
81.85
81.86
81.86
81.86
81.86
81.87
81.87
81.87
81.87
81.88
81.88
81.88
81.88
81.89
81.89
81.89
81.89
81.89
81.89
81.90
81.91
81.90
81.91
81.93
81.93
81.94
81.93
81.94
81.93
81.93
81.85
