1.56
1.56
1.56
1.56
1.25
1.56
1.34
1.17
1.39
1.56
1.56
1.43
1.32
1.34
1.25
1.37
1.29
1.22
1.15
1.17
1.19
1.35
1.36
1.30
1.25
1.26
1.22
1.17
1.13
1.20
1.26
1.22
1.23
1.19
1.21
1.22
1.18
1.19
1.24
1.25
1.22
1.19
1.16
1.17
1.22
1.19
1.16
1.14
1.12
1.09
1.07
1.05
1.03
1.01
0.99
1.03
1.04
1.05
1.06
1.12
1.20
1.21
1.19
1.22
1.20
1.18
1.17
1.15
1.15
1.16
1.19
1.17
1.18
1.20
1.21
1.21
1.20
1.20
1.21
1.19
1.18
1.18
1.19
1.17
1.18
1.18
1.17
1.15
1.14
1.13
1.13
1.15
1.14
1.18
1.18
1.20
1.19
1.18
1.22
1.22
1.21
1.19
1.20
1.19
1.19
1.18
1.17
1.16
1.15
1.16
1.15
1.14
1.15
1.15
1.14
1.13
1.12
1.13
1.14
1.13
1.14
1.13
1.13
1.12
1.12
1.12
1.11
1.12
1.11
1.11
1.12
1.12
1.13
1.12
1.11
1.11
1.11
1.10
1.10
1.10
1.10
1.09
1.08
1.07
1.07
1.09
1.08
1.09
1.08
1.07
1.08
1.07
1.06
1.06
1.06
1.06
1.05
1.05
1.04
1.04
1.03
1.05
1.05
1.05
1.04
1.04
1.07
1.08
1.07
1.07
1.07
1.06
1.06
1.08
1.07
1.08
1.08
1.08
1.08
1.08
1.08
1.08
1.08
1.07
1.06
1.07
1.06
1.06
1.07
1.07
1.06
1.06
1.05
1.05
1.07
1.07
1.07
1.07
1.08
1.08
1.07
1.07
1.06
1.06
1.07
1.07
1.06
1.06
1.05
1.06
1.07
1.08
1.08
1.07
1.07
1.08
1.07
1.08
1.08
1.09
1.08
1.08
1.09
1.10
1.11
1.11
1.11
1.10
1.11
1.10
1.12
1.12
1.11
1.12
1.12
1.13
1.13
1.13
1.12
1.12
1.12
1.13
1.13
1.13
1.12
1.12
1.12
1.12
1.11
1.11
1.11
1.11
1.11
1.11
1.11
1.10
1.10
1.10
1.09
1.09
1.09
1.09
1.08
1.08
1.09
1.09
1.11
1.11
1.12
1.11
1.11
1.13
1.12
1.12
1.13
1.13
1.13
1.12
1.12
1.12
1.12
1.11
1.11
1.11
1.10
1.10
1.10
1.10
1.10
1.10
1.10
1.10
1.10
1.11
1.12
1.12
1.13
1.13
1.12
1.12
1.12
1.11
1.11
1.11
1.11
1.12
1.12
1.12
1.12
1.11
1.12
1.12
1.12
1.12
1.12
1.12
1.12
1.12
1.12
1.11
1.12
1.13
1.13
1.15
1.15
1.16
1.16
1.15
1.16
1.16
1.17
1.16
1.16
1.16
1.16
1.17
1.16
1.17
1.17
1.17
1.17
1.17
1.17
1.17
1.17
1.18
1.18
1.18
1.18
1.18
1.18
1.18
1.18
1.18
1.18
1.17
1.17
1.18
1.18
1.18
1.19
1.18
1.18
1.18
1.17
1.17
1.17
1.17
1.17
1.17
1.17
1.17
1.16
1.16
1.17
1.18
1.18
1.19
1.19
1.20
1.21
1.21
1.20
1.20
1.20
1.19
1.20
1.20
1.20
1.20
1.20
1.20
1.20
1.20
1.20
1.20
1.20
1.20
1.20
1.20
1.20
1.20
1.20
1.20
1.20
1.20
1.19
1.19
1.19
1.19
1.19
1.19
1.19
1.19
1.19
1.19
1.18
1.18
1.18
1.18
1.18
1.18
1.18
1.18
1.18
1.18
1.18
1.18
1.17
1.17
1.17
1.17
1.17
1.17
1.17
1.17
1.18
1.18
1.17
1.17
1.18
1.18
1.18
1.18
1.18
1.18
1.18
1.18
1.18
1.18
1.17
1.17
1.17
1.17
1.17
1.18
1.17
1.17
1.17
1.17
1.17
1.17
1.16
1.17
1.17
1.17
1.17
1.17
1.17
1.17
1.17
1.17
1.17
1.16
1.16
1.16
1.16
1.16
1.16
1.16
1.16
1.16
1.15
1.15
1.15
1.15
1.15
1.14
1.14
1.14
1.14
1.14
1.14
1.14
1.14
1.14
1.13
1.13
1.14
1.13
1.13
1.13
1.13
1.13
1.13
1.13
1.13
1.13
1.13
1.13
1.13
1.13
1.13
1.12
1.12
1.12
1.12
1.13
1.12
1.12
1.12
1.12
1.12
1.12
1.11
1.12
1.12
1.12
1.12
1.12
1.12
1.12
1.12
1.11
1.11
1.11
1.11
1.11
1.11
1.11
1.11
1.11
1.11
1.11
1.11
1.10
1.10
1.10
1.11
1.11
1.11
1.11
1.11
1.11
1.10
1.10
1.11
1.11
1.11
1.11
1.11
1.11
1.11
1.11
1.11
1.11
1.12
1.12
1.11
1.12
1.11
1.11
1.11
1.11
1.11
1.11
1.11
1.11
1.11
1.11
1.11
1.10
1.10
1.10
1.10
1.10
1.09
1.09
1.09
1.09
1.09
1.09
1.09
1.09
1.09
1.09
1.09
1.09
1.09
1.09
1.09
1.10
1.10
1.10
1.10
1.10
1.10
1.10
1.10
1.10
1.10
1.10
1.10
1.09
1.10
1.10
1.10
1.09
1.10
1.10
1.09
1.09
1.09
1.09
1.10
1.10
1.10
1.10
1.10
1.10
1.10
1.10
1.10
1.10
1.10
1.10
1.10
1.10
1.10
1.10
1.11
1.10
1.11
1.10
1.10
1.10
1.10
1.10
1.10
1.10
1.11
1.11
1.11
1.10
1.10
1.10
1.10
1.10
1.10
1.10
1.10
1.10
1.10
1.10
1.10
1.10
1.09
1.09
1.10
1.10
1.10
1.10
1.10
1.10
1.10
1.10
1.10
1.10
1.10
1.10
1.10
1.10
1.10
1.10
1.10
1.10
1.10
1.09
1.09
1.09
1.09
1.09
1.09
1.09
1.09
1.09
1.09
1.09
1.09
1.09
1.09
1.09
1.09
1.09
1.09
1.08
1.08
1.08
1.08
1.08
1.08
1.08
1.08
1.08
1.08
1.08
1.08
1.08
1.08
1.08
1.09
1.08
1.09
1.09
1.09
1.08
1.08
1.08
1.08
1.08
1.08
1.08
1.08
1.08
1.08
1.08
1.08
1.08
1.08
1.08
1.08
1.08
1.08
1.08
1.08
1.08
1.08
1.08
1.08
1.08
1.08
1.08
1.08
1.08
1.08
1.08
1.08
1.08
1.08
1.08
1.08
1.08
1.08
1.08
1.08
1.07
1.07
1.07
1.07
1.07
1.07
1.07
1.07
1.07
1.07
1.07
1.07
1.06
1.07
1.07
1.07
1.07
