17.19
20.31
20.83
23.05
20.62
21.61
21.65
20.90
20.14
20.16
19.60
20.18
20.19
20.09
20.00
20.21
20.22
19.88
19.98
20.16
20.16
20.03
20.04
19.86
20.06
19.77
19.68
19.70
19.83
19.74
20.11
20.07
20.31
20.17
20.09
19.92
19.81
19.94
19.99
20.12
20.12
20.01
19.91
19.96
19.90
19.90
20.01
19.99
20.09
19.97
20.01
19.89
19.81
19.88
19.83
19.73
19.85
19.80
19.78
19.77
19.83
19.76
19.92
19.85
19.90
19.89
19.89
19.85
19.90
19.82
19.81
19.86
19.93
19.91
19.92
19.90
19.89
19.89
20.00
19.94
20.04
20.01
20.07
20.15
20.15
20.13
20.10
20.12
20.05
20.02
19.99
19.99
19.96
19.98
19.93
20.00
20.04
20.06
19.97
19.91
19.96
20.02
20.02
20.04
19.97
19.91
19.89
19.86
19.81
19.89
19.90
19.95
20.02
19.94
19.97
19.98
20.01
20.02
20.00
19.97
19.98
19.99
20.02
20.01
20.02
19.99
20.02
20.07
20.08
20.07
20.03
19.97
20.00
19.99
20.01
19.99
19.96
19.97
19.93
19.96
19.92
20.00
19.98
19.94
19.92
19.94
19.95
19.97
19.90
19.90
19.94
19.91
19.89
19.91
19.86
19.86
19.83
19.86
19.83
19.85
19.83
19.83
19.87
19.87
19.89
19.90
19.83
19.83
19.81
19.76
19.75
19.75
19.71
19.67
19.67
19.71
19.72
19.72
19.73
19.73
19.70
19.69
19.68
19.75
19.76
19.73
19.76
19.73
19.76
19.78
19.76
19.78
19.77
19.75
19.80
19.80
19.81
19.85
19.83
19.89
19.85
19.88
19.84
19.84
19.84
19.83
19.84
19.82
19.81
19.79
19.76
19.79
19.77
19.79
19.78
19.84
19.84
19.83
19.86
19.85
19.87
19.85
19.86
19.85
19.83
19.81
19.82
19.79
19.77
19.84
19.86
19.86
19.90
19.92
19.89
19.89
19.87
19.88
19.87
19.86
19.85
19.84
19.84
19.84
19.83
19.84
19.84
19.85
19.87
19.88
19.95
19.93
19.94
19.94
19.93
19.93
19.91
19.89
19.89
19.86
19.82
19.85
19.84
19.89
19.89
19.89
19.90
19.88
19.85
19.86
19.87
19.92
19.87
19.84
19.85
19.88
19.90
19.88
19.88
19.85
19.83
19.86
19.87
19.87
19.89
19.89
19.93
19.91
19.92
19.92
19.90
19.91
19.91
19.89
19.89
19.88
19.85
19.82
19.82
19.82
19.80
19.81
19.79
19.80
19.80
19.82
19.82
19.81
19.80
19.79
19.80
19.77
19.79
19.79
19.78
19.77
19.78
19.77
19.78
19.75
19.74
19.73
19.72
19.74
19.75
19.75
19.75
19.75
19.74
19.73
19.73
19.76
19.76
19.77
19.75
19.76
19.77
19.76
19.74
19.74
19.74
19.73
19.73
19.74
19.74
19.74
19.73
19.73
19.72
19.69
19.72
19.71
19.71
19.72
19.71
19.70
19.70
19.70
19.71
19.68
19.65
19.66
19.65
19.63
19.63
19.65
19.67
19.67
19.66
19.63
19.63
19.65
19.67
19.69
19.71
19.70
19.69
19.70
19.69
19.69
19.71
19.72
19.72
19.71
19.72
19.73
19.72
19.72
19.73
19.72
19.74
19.74
19.73
19.72
19.72
19.72
19.71
19.70
19.70
19.69
19.70
19.70
19.69
19.72
19.73
19.72
19.71
19.71
19.71
19.71
19.72
19.75
19.75
19.76
19.77
19.77
19.78
19.80
19.80
19.79
19.79
19.78
19.78
19.78
19.79
19.79
19.80
19.79
19.79
19.78
19.76
19.76
19.77
19.79
19.79
19.79
19.77
19.77
19.76
19.75
19.76
19.75
19.75
19.77
19.77
19.77
19.76
19.75
19.73
19.74
19.74
19.75
19.75
19.77
19.75
19.75
19.74
19.75
19.75
19.75
19.76
19.75
19.73
19.72
19.71
19.71
19.70
19.71
19.72
19.70
19.71
19.70
19.69
19.70
19.71
19.72
19.73
19.74
19.73
19.72
19.71
19.72
19.73
19.71
19.72
19.71
19.70
19.70
19.69
19.67
19.67
19.67
19.69
19.70
19.69
19.70
19.70
19.71
19.71
19.70
19.69
19.69
19.68
19.68
19.67
19.65
19.66
19.68
19.69
19.68
19.69
19.72
19.72
19.72
19.72
19.73
19.72
19.72
19.72
19.72
19.73
19.71
19.70
19.70
19.70
19.71
19.71
19.70
19.71
19.69
19.68
19.67
19.66
19.66
19.68
19.68
19.68
19.68
19.68
19.67
19.65
19.65
19.66
19.67
19.66
19.64
19.64
19.64
19.66
19.65
19.65
19.66
19.67
19.67
19.68
19.68
19.69
19.69
19.67
19.65
19.67
19.68
19.69
19.68
19.68
19.67
19.67
19.66
19.68
19.66
19.65
19.65
19.65
19.66
19.66
19.65
19.66
19.65
19.67
19.68
19.68
19.68
19.69
19.69
19.69
19.68
19.68
19.67
19.67
19.67
19.67
19.68
19.67
19.67
19.66
19.66
19.67
19.66
19.65
19.65
19.66
19.67
19.66
19.66
19.64
19.65
19.63
19.62
19.62
19.63
19.63
19.63
19.61
19.62
19.62
19.62
19.64
19.63
19.62
19.62
19.62
19.63
19.63
19.61
19.60
19.60
19.59
19.61
19.61
19.61
19.61
19.61
19.61
19.61
19.62
19.63
19.63
19.64
19.64
19.64
19.64
19.63
19.63
19.63
19.62
19.62
19.62
19.63
19.64
19.65
19.65
19.65
19.65
19.66
19.65
19.64
19.64
19.64
19.62
19.63
19.62
19.63
19.63
19.63
19.63
19.62
19.63
19.63
19.63
19.64
19.65
19.65
19.64
19.65
19.64
19.63
19.64
19.64
19.64
19.62
19.61
19.62
19.62
19.63
19.62
19.62
19.61
19.60
19.62
19.61
19.62
19.61
19.62
19.62
19.62
19.62
19.62
19.62
19.62
19.61
19.62
19.63
19.63
19.63
19.64
19.64
19.63
19.63
19.62
19.63
19.64
19.64
19.64
19.63
19.62
19.62
19.63
19.63
19.63
19.64
19.65
19.65
19.65
19.65
19.66
19.67
19.67
19.67
19.67
19.67
19.68
19.67
19.67
19.67
19.67
19.67
19.67
19.68
19.68
19.67
19.68
19.69
19.68
19.67
19.67
19.68
19.68
19.68
19.68
19.68
19.68
19.68
19.68
19.68
19.66
19.67
19.66
19.66
19.66
19.65
19.65
19.64
19.65
19.65
19.65
19.65
19.65
19.65
19.65
19.66
19.66
19.66
19.66
19.65
19.66
19.66
19.65
19.66
19.66
19.67
19.67
19.65
