79.69
82.03
82.29
82.42
81.88
81.77
82.37
81.25
81.42
80.94
80.26
80.34
80.65
80.80
80.52
80.47
80.51
81.08
81.17
80.78
80.58
80.54
80.50
80.47
80.38
80.47
80.61
80.80
80.98
81.09
81.30
81.25
81.34
81.34
81.34
81.47
81.12
81.09
81.25
81.09
81.10
81.14
81.18
81.46
81.46
81.35
81.18
81.25
81.19
81.09
81.04
80.98
80.78
80.61
80.74
80.83
80.78
80.66
80.48
80.52
80.51
80.49
80.56
80.54
80.55
80.56
80.57
80.61
80.55
80.56
80.57
80.51
80.59
80.53
80.54
80.51
80.42
80.25
80.22
80.21
80.09
80.20
80.27
80.21
80.15
80.16
80.17
80.13
80.07
80.14
80.13
80.16
80.24
80.24
80.21
80.19
80.25
80.21
80.08
80.16
80.09
80.10
80.05
80.03
80.10
80.09
80.04
80.02
80.10
80.17
80.17
80.20
80.16
80.18
80.23
80.20
80.21
80.27
80.30
80.30
80.35
80.37
80.39
80.34
80.35
80.31
80.31
80.33
80.31
80.36
80.37
80.37
80.32
80.32
80.37
80.41
80.39
80.43
80.42
80.44
80.42
80.38
80.43
80.41
80.44
80.45
80.50
80.45
80.51
80.49
80.46
80.47
80.49
80.47
80.45
80.44
80.46
80.44
80.43
80.40
80.42
80.39
80.35
80.38
80.39
80.38
80.41
80.43
80.45
80.44
80.46
80.48
80.46
80.46
80.45
80.47
80.46
80.48
80.51
80.49
80.50
80.49
80.51
80.52
80.50
80.49
80.53
80.50
80.48
80.49
80.45
80.44
80.42
80.44
80.41
80.44
80.42
80.44
80.44
80.42
80.43
80.41
80.41
80.41
80.37
80.34
80.39
80.36
80.37
80.39
80.38
80.36
80.34
80.34
80.35
80.37
80.39
80.40
80.39
80.43
80.47
80.49
80.53
80.51
80.51
80.50
80.51
80.50
80.48
80.48
80.47
80.48
80.48
80.48
80.45
80.46
80.46
80.48
80.50
80.53
80.48
80.49
80.50
80.51
80.51
80.51
80.53
80.54
80.55
80.56
80.53
80.52
80.52
80.49
80.50
80.50
80.47
80.44
80.44
80.45
80.45
80.41
80.41
80.40
80.41
80.42
80.42
80.37
80.41
80.41
80.42
80.45
80.45
80.43
80.44
80.44
80.45
80.46
80.42
80.44
80.43
80.44
80.45
80.43
80.44
80.46
80.47
80.46
80.46
80.43
80.43
80.44
80.43
80.43
80.43
80.44
80.44
80.46
80.47
80.48
80.50
80.50
80.51
80.50
80.48
80.49
80.49
80.47
80.47
80.45
80.47
80.44
80.43
80.42
80.42
80.41
80.41
80.39
80.39
80.42
80.39
80.38
80.38
80.41
80.41
80.41
80.43
80.44
80.45
80.43
80.44
80.45
80.45
80.44
80.45
80.46
80.46
80.47
80.46
80.49
80.48
80.49
80.50
80.51
80.48
80.47
80.48
80.48
80.48
80.47
80.48
80.49
80.50
80.51
80.51
80.50
80.49
80.51
80.51
80.50
80.51
80.50
80.50
80.49
80.48
80.48
80.48
80.48
80.46
80.47
80.48
80.48
80.48
80.47
80.48
80.49
80.50
80.48
80.48
80.50
80.51
80.52
80.53
80.53
80.53
80.55
80.55
80.55
80.55
80.55
80.54
80.54
80.55
80.55
80.54
80.56
80.55
80.56
80.55
80.56
80.56
80.56
80.54
80.53
80.51
80.51
80.52
80.51
80.51
80.49
80.50
80.51
80.50
80.50
80.51
80.52
80.52
80.52
80.51
80.52
80.55
80.56
80.54
80.54
80.55
80.56
80.58
80.58
80.59
80.60
80.62
80.61
80.62
80.64
80.63
80.62
80.61
80.59
80.58
80.58
80.57
80.56
80.55
80.55
80.57
80.57
80.57
80.58
80.56
80.56
80.55
80.55
80.55
80.55
80.55
80.55
80.56
80.55
80.54
80.55
80.56
80.57
80.58
80.57
80.59
80.59
80.60
80.60
80.62
80.61
80.62
80.63
80.63
80.62
80.63
80.63
80.61
80.61
80.59
80.59
80.59
80.59
80.60
80.60
80.60
80.60
80.61
80.60
80.61
80.61
80.61
80.61
80.61
80.61
80.61
80.60
80.61
80.62
80.63
80.64
80.64
80.65
80.65
80.65
80.65
80.64
80.62
80.62
80.61
80.62
80.61
80.62
80.61
80.61
80.60
80.60
80.60
80.59
80.58
80.58
80.58
80.59
80.60
80.59
80.59
80.58
80.57
80.56
80.56
80.57
80.59
80.58
80.59
80.59
80.60
80.61
80.62
80.62
80.60
80.59
80.59
80.58
80.60
80.60
80.57
80.57
80.58
80.57
80.56
80.58
80.56
80.56
80.56
80.57
80.58
80.60
80.60
80.62
80.62
80.62
80.61
80.61
80.61
80.60
80.62
80.63
80.64
80.63
80.63
80.63
80.63
80.63
80.65
80.64
80.63
80.64
80.64
80.63
80.64
80.63
80.65
80.64
80.64
80.62
80.63
80.64
80.65
80.65
80.65
80.65
80.64
80.65
80.64
80.64
80.65
80.65
80.66
80.66
80.67
80.67
80.68
80.68
80.67
80.67
80.66
80.66
80.65
80.64
80.65
80.65
80.64
80.64
80.63
80.60
80.59
80.60
80.59
80.59
80.57
80.57
80.57
80.57
80.57
80.57
80.56
80.56
80.55
80.55
80.53
80.53
80.53
80.54
80.54
80.54
80.53
80.53
80.54
80.55
80.55
80.56
80.55
80.55
80.55
80.56
80.57
80.57
80.57
80.57
80.56
80.56
80.56
80.56
80.55
80.56
80.56
80.58
80.58
80.58
80.59
80.59
80.58
80.58
80.58
80.59
80.59
80.59
80.60
80.61
80.60
80.60
80.60
80.59
80.60
80.61
80.62
80.61
80.61
80.61
80.63
80.62
80.62
80.61
80.61
80.61
80.61
80.61
80.61
80.61
80.60
80.59
80.59
80.58
80.57
80.57
80.58
80.59
80.58
80.59
80.57
80.56
80.55
80.56
80.56
80.56
80.55
80.55
80.55
80.55
80.55
80.57
80.56
80.57
80.58
80.59
80.59
80.58
80.56
80.57
80.57
80.57
80.57
80.57
80.58
80.57
80.57
80.57
80.56
80.57
80.56
80.56
80.57
80.57
80.57
80.57
80.58
80.58
80.59
80.59
80.59
80.59
80.59
80.59
80.59
80.58
80.59
80.58
80.58
80.58
80.58
80.58
80.58
80.58
80.59
80.59
80.59
80.58
80.59
80.60
80.60
80.60
80.61
80.61
80.61
80.59
80.58
80.58
80.58
80.58
80.59
80.60
80.60
80.61
80.61
80.61
80.61
80.60
80.61
80.62
80.62
80.61
80.61
80.53
