4.69
7.03
8.85
8.20
8.75
9.64
9.82
9.38
10.24
10.31
10.94
10.94
10.58
10.49
10.21
10.64
10.85
10.68
10.61
10.31
10.34
10.72
10.67
10.42
10.31
10.16
10.13
9.99
9.97
10.00
10.03
9.96
9.94
9.93
9.73
9.72
9.80
9.58
9.58
9.65
9.60
9.52
9.59
9.59
9.48
9.41
9.44
9.44
9.41
9.31
9.38
9.31
9.23
9.32
9.26
9.38
9.46
9.43
9.38
9.38
9.43
9.48
9.38
9.45
9.38
9.33
9.33
9.31
9.28
9.42
9.38
9.35
9.44
9.42
9.54
9.58
9.54
9.54
9.55
9.55
9.53
9.45
9.49
9.52
9.56
9.57
9.59
9.55
9.55
9.60
9.67
9.68
9.74
9.71
9.65
9.67
9.65
9.66
9.71
9.69
9.67
9.62
9.63
9.60
9.63
9.64
9.62
9.64
9.62
9.64
9.67
9.75
9.73
9.68
9.63
9.68
9.67
9.68
9.66
9.65
9.66
9.66
9.64
9.66
9.65
9.69
9.68
9.67
9.71
9.71
9.74
9.71
9.70
9.71
9.72
9.75
9.74
9.75
9.80
9.81
9.80
9.86
9.88
9.83
9.87
9.90
9.90
9.90
9.89
9.90
9.87
9.87
9.92
9.92
10.01
10.00
9.99
9.98
9.98
10.00
10.01
10.01
10.04
10.01
9.99
10.00
9.98
9.97
9.98
9.95
9.96
9.93
9.93
9.96
9.99
10.02
10.00
10.01
10.02
10.03
10.01
10.02
9.99
10.02
10.03
10.07
10.08
10.07
10.05
10.04
10.03
10.01
10.06
10.05
10.05
10.03
10.03
10.09
10.11
10.12
10.11
10.13
10.11
10.11
10.07
10.07
10.06
10.07
10.06
10.06
10.06
10.05
10.05
10.03
10.05
10.05
10.03
10.06
10.04
10.02
10.00
10.02
10.00
10.01
10.01
10.02
10.03
10.01
10.02
10.06
10.06
10.05
10.05
10.03
10.00
9.99
9.97
9.96
9.95
9.95
9.93
9.94
9.92
9.92
9.91
9.91
9.91
9.92
9.94
9.92
9.94
9.92
9.91
9.96
9.94
9.93
9.92
9.92
9.91
9.89
9.93
9.92
9.92
9.93
9.93
9.93
9.92
9.92
9.92
9.94
9.94
9.97
9.95
9.97
9.97
9.98
10.00
10.01
10.02
10.01
9.99
9.97
9.99
9.99
9.97
9.97
9.96
10.00
10.00
10.01
9.99
9.99
9.98
9.99
9.97
9.98
9.99
9.98
9.99
9.98
10.00
10.00
9.99
9.99
9.98
9.98
9.99
10.00
9.99
9.97
9.96
9.95
9.95
9.96
9.97
9.98
9.98
9.96
9.97
9.97
9.97
9.96
9.97
9.96
9.97
9.95
9.94
9.95
9.94
9.91
9.91
9.92
9.91
9.90
9.92
9.91
9.91
9.90
9.92
9.92
9.93
9.93
9.93
9.95
9.95
9.95
9.97
9.97
9.97
9.99
9.98
9.99
9.99
10.01
10.03
10.04
10.04
10.03
10.01
10.00
9.99
9.99
9.99
9.99
9.99
10.00
10.00
9.99
9.99
9.99
10.00
9.98
9.97
9.96
9.96
9.96
9.96
9.95
9.94
9.95
9.95
9.94
9.95
9.96
9.97
9.99
9.99
9.98
9.98
9.97
9.98
9.99
10.00
10.00
10.02
10.00
10.00
10.03
10.05
10.05
10.06
10.07
10.07
10.06
10.05
10.04
10.05
10.05
10.04
10.05
10.04
10.03
10.04
10.04
10.03
10.04
10.04
10.03
10.02
10.03
10.04
10.03
10.04
10.04
10.04
10.04
10.04
10.05
10.05
10.07
10.06
10.07
10.08
10.08
10.08
10.09
10.08
10.07
10.06
10.05
10.04
10.04
10.03
10.03
10.02
10.03
10.03
10.02
10.03
10.03
10.04
10.03
10.02
10.02
10.02
10.01
10.00
9.99
9.98
9.99
9.99
10.00
10.01
10.01
10.02
10.02
10.02
10.02
10.02
10.01
10.01
10.01
10.01
10.01
10.02
10.02
10.03
10.02
10.02
10.03
10.03
10.02
10.03
10.02
10.03
10.03
10.04
10.04
10.04
10.04
10.03
10.05
10.05
10.05
10.04
10.04
10.04
10.04
10.04
10.04
10.03
10.04
10.04
10.04
10.04
10.04
10.03
10.02
10.01
9.99
10.00
10.00
10.01
10.00
10.00
9.99
10.00
10.00
10.00
9.98
9.97
9.99
9.98
9.99
9.99
9.98
9.98
9.98
9.99
10.00
10.00
10.00
10.00
10.01
10.00
9.99
9.98
9.98
10.00
10.00
10.01
10.02
10.02
10.02
10.02
10.02
10.03
10.04
10.04
10.03
10.03
10.03
10.03
10.02
10.02
10.02
10.01
10.01
10.01
10.00
10.01
10.02
10.02
10.05
10.04
10.04
10.04
10.05
10.05
10.04
10.03
10.02
10.02
10.01
10.01
10.01
10.01
10.00
10.00
10.00
10.00
9.98
9.99
9.98
9.98
9.97
9.98
9.97
9.97
9.98
9.98
9.97
9.98
9.98
9.97
9.96
9.96
9.96
9.95
9.95
9.97
9.96
9.97
9.96
9.97
9.96
9.96
9.95
9.95
9.96
9.95
9.94
9.95
9.95
9.94
9.94
9.92
9.92
9.92
9.92
9.91
9.92
9.92
9.91
9.91
9.93
9.93
9.93
9.93
9.92
9.92
9.94
9.95
9.94
9.94
9.93
9.94
9.94
9.93
9.94
9.93
9.93
9.93
9.94
9.94
9.93
9.94
9.94
9.95
9.94
9.94
9.93
9.93
9.93
9.93
9.94
9.94
9.94
9.94
9.94
9.94
9.95
9.95
9.96
9.96
9.95
9.95
9.95
9.95
9.95
9.95
9.94
9.93
9.94
9.93
9.93
9.93
9.93
9.92
9.91
9.92
9.94
9.93
9.94
9.94
9.95
9.96
9.97
9.97
9.97
9.97
9.98
9.99
10.00
9.99
10.00
10.00
10.00
10.00
10.01
9.99
9.99
10.00
10.00
10.00
10.00
10.00
10.00
10.00
10.00
10.01
10.01
10.00
10.00
10.00
10.00
10.00
9.99
10.00
10.00
10.01
10.01
10.02
10.02
10.02
10.01
10.00
10.00
9.99
10.00
10.00
10.00
10.01
10.01
10.02
10.02
10.03
10.02
10.02
10.01
10.02
10.02
10.02
10.02
10.02
10.02
10.03
10.02
10.02
10.02
10.02
10.01
10.01
10.00
10.00
10.00
10.00
10.00
9.99
9.99
10.00
9.99
9.99
9.99
9.99
9.98
9.98
9.98
9.97
9.97
9.97
9.97
9.97
9.96
9.95
9.95
9.96
9.97
9.96
9.96
9.95
9.94
