25.00
19.53
17.19
17.58
18.75
18.23
18.30
18.36
18.92
18.44
19.32
19.40
19.47
19.53
19.79
19.53
19.67
19.53
19.08
19.22
19.42
20.03
20.18
20.70
20.56
20.55
20.60
20.81
20.69
20.68
20.82
20.95
20.83
20.86
20.71
20.70
20.69
20.60
20.43
20.55
20.69
20.76
20.68
20.74
20.80
20.82
20.74
20.87
20.70
20.69
20.77
20.88
21.20
21.33
21.25
21.26
21.30
21.23
21.27
21.25
21.13
21.09
21.06
21.14
21.03
21.05
21.04
21.02
21.04
20.98
20.95
20.96
20.98
20.95
21.06
20.99
20.90
20.87
20.85
20.80
20.85
20.83
20.86
20.85
20.81
20.73
20.64
20.65
20.65
20.59
20.64
20.60
20.70
20.68
20.62
20.65
20.60
20.55
20.55
20.53
20.51
20.51
20.49
20.52
20.55
20.56
20.53
20.54
20.50
20.47
20.38
20.44
20.38
20.42
20.43
20.33
20.29
20.30
20.21
20.23
20.25
20.18
20.20
20.25
20.27
20.28
20.26
20.26
20.28
20.26
20.24
20.24
20.22
20.20
20.19
20.19
20.15
20.13
20.12
20.11
20.10
20.04
20.03
20.06
20.06
20.04
20.08
20.03
19.99
19.98
19.95
19.91
19.87
19.88
19.95
20.01
20.00
20.02
20.04
20.05
20.01
20.00
20.04
20.04
20.03
20.07
20.06
20.08
20.10
20.08
20.02
20.04
20.04
20.06
20.04
20.03
19.99
19.95
19.95
19.97
20.02
20.01
20.05
19.97
19.96
19.91
19.92
19.94
19.94
19.96
19.97
19.95
19.94
19.91
19.87
19.87
19.89
19.89
19.91
19.91
19.87
19.89
19.90
19.94
19.94
19.93
19.94
19.91
19.88
19.88
19.90
19.91
19.92
19.93
19.93
19.94
19.95
19.94
19.93
19.90
19.89
19.88
19.92
19.91
19.89
19.90
19.87
19.89
19.94
19.95
19.99
19.96
19.94
19.95
19.98
20.01
20.02
20.01
20.01
19.98
20.03
20.03
20.03
20.02
20.01
20.02
20.02
20.04
20.04
20.02
20.03
20.03
20.02
20.03
20.04
20.01
19.98
19.98
19.96
19.98
19.97
19.97
19.96
19.96
19.95
19.94
19.98
20.00
20.03
20.00
20.00
20.00
20.00
20.01
19.97
19.96
19.96
19.99
19.97
19.97
19.97
19.98
19.95
19.96
19.97
19.97
19.95
19.95
19.95
19.94
19.93
19.94
19.92
19.92
19.90
19.90
19.88
19.87
19.86
19.84
19.83
19.83
19.84
19.87
19.88
19.90
19.88
19.87
19.87
19.87
19.88
19.89
19.90
19.92
19.93
19.93
19.92
19.90
19.89
19.90
19.90
19.90
19.88
19.87
19.88
19.87
19.88
19.88
19.92
19.90
19.89
19.89
19.91
19.90
19.91
19.93
19.95
19.94
19.94
19.93
19.92
19.96
19.95
19.94
19.98
20.01
20.02
20.04
20.03
19.98
19.99
19.98
19.97
19.96
19.97
19.96
19.97
19.95
19.91
19.92
19.91
19.89
19.88
19.89
19.91
19.89
19.89
19.87
19.83
19.82
19.83
19.83
19.81
19.81
19.81
19.81
19.84
19.83
19.82
19.83
19.83
19.83
19.82
19.85
19.86
19.87
19.87
19.89
19.90
19.91
19.90
19.93
19.92
19.91
19.90
19.89
19.89
19.90
19.90
19.89
19.90
19.91
19.91
19.89
19.88
19.87
19.88
19.87
19.84
19.85
19.87
19.87
19.87
19.86
19.88
19.87
19.88
19.88
19.87
19.88
19.88
19.87
19.88
19.89
19.87
19.89
19.88
19.88
19.86
19.87
19.88
19.87
19.87
19.88
19.88
19.90
19.90
19.89
19.91
19.90
19.90
19.90
19.91
19.92
19.93
19.91
19.90
19.92
19.91
19.89
19.88
19.87
19.88
19.89
19.89
19.91
19.91
19.92
19.93
19.92
19.91
19.89
19.90
19.88
19.90
19.91
19.91
19.90
19.90
19.90
19.91
19.92
19.91
19.91
19.92
19.91
19.91
19.90
19.89
19.88
19.87
19.86
19.87
19.88
19.86
19.86
19.86
19.85
19.87
19.86
19.87
19.87
19.87
19.87
19.86
19.85
19.87
19.89
19.90
19.89
19.89
19.88
19.87
19.87
19.89
19.89
19.89
19.89
19.90
19.90
19.89
19.89
19.90
19.90
19.91
19.90
19.90
19.91
19.91
19.93
19.94
19.92
19.92
19.92
19.90
19.89
19.90
19.91
19.91
19.92
19.93
19.94
19.93
19.95
19.94
19.94
19.95
19.95
19.94
19.94
19.93
19.93
19.96
19.97
19.97
19.97
19.98
19.98
19.97
19.95
19.94
19.94
19.93
19.94
19.93
19.93
19.92
19.91
19.93
19.93
19.92
19.91
19.93
19.93
19.93
19.94
19.93
19.93
19.94
19.94
19.93
19.92
19.90
19.91
19.92
19.92
19.91
19.92
19.92
19.92
19.92
19.94
19.93
19.92
19.92
19.90
19.89
19.91
19.91
19.92
19.92
19.93
19.93
19.93
19.92
19.91
19.91
19.92
19.92
19.91
19.91
19.92
19.93
19.91
19.90
19.90
19.90
19.89
19.89
19.89
19.86
19.88
19.87
19.87
19.87
19.87
19.87
19.88
19.86
19.87
19.87
19.87
19.86
19.84
19.84
19.84
19.84
19.84
19.85
19.85
19.85
19.86
19.87
19.89
19.89
19.88
19.90
19.89
19.88
19.88
19.87
19.87
19.88
19.89
19.88
19.87
19.87
19.88
19.87
19.86
19.87
19.88
19.89
19.90
19.91
19.92
19.92
19.92
19.92
19.91
19.90
19.90
19.90
19.89
19.89
19.90
19.89
19.89
19.89
19.89
19.88
19.88
19.86
19.86
19.86
19.87
19.86
19.86
19.85
19.83
19.82
19.83
19.83
19.84
19.85
19.84
19.84
19.84
19.85
19.86
19.85
19.85
19.86
19.86
19.85
19.84
19.85
19.86
19.85
19.85
19.84
19.84
19.84
19.85
19.84
19.85
19.86
19.86
19.86
19.87
19.87
19.87
19.86
19.86
19.86
19.86
19.85
19.85
19.86
19.86
19.87
19.87
19.88
19.88
19.87
19.87
19.88
19.87
19.88
19.88
19.89
19.89
19.89
19.90
19.90
19.90
19.90
19.90
19.89
19.88
19.88
19.88
19.88
19.86
19.87
19.87
19.86
19.85
19.86
19.85
19.84
19.83
19.82
19.82
19.83
19.82
19.82
19.82
19.82
19.82
19.82
19.82
19.81
19.81
19.80
19.81
19.81
19.80
19.80
19.81
19.80
19.80
19.81
19.80
19.81
19.81
19.81
19.81
19.81
19.80
19.79
19.77
