3.12
1.56
1.56
1.56
1.56
1.30
1.34
1.17
1.39
1.41
1.42
1.56
1.56
1.45
1.46
1.46
1.38
1.30
1.23
1.17
1.12
1.14
1.15
1.24
1.25
1.26
1.27
1.23
1.35
1.30
1.41
1.42
1.47
1.47
1.52
1.52
1.52
1.52
1.52
1.52
1.49
1.49
1.49
1.53
1.49
1.46
1.46
1.43
1.43
1.47
1.62
1.68
1.68
1.71
1.70
1.73
1.70
1.67
1.67
1.67
1.69
1.69
1.69
1.68
1.66
1.68
1.73
1.75
1.74
1.76
1.74
1.76
1.73
1.73
1.73
1.75
1.72
1.72
1.72
1.70
1.68
1.66
1.68
1.67
1.65
1.64
1.62
1.67
1.65
1.63
1.61
1.60
1.58
1.58
1.60
1.58
1.56
1.55
1.56
1.58
1.56
1.59
1.59
1.58
1.58
1.56
1.55
1.58
1.56
1.55
1.55
1.53
1.53
1.59
1.60
1.62
1.62
1.63
1.63
1.61
1.63
1.66
1.65
1.68
1.66
1.65
1.64
1.65
1.66
1.65
1.63
1.63
1.68
1.67
1.67
1.65
1.65
1.66
1.67
1.71
1.71
1.71
1.69
1.70
1.72
1.72
1.71
1.70
1.70
1.71
1.72
1.71
1.72
1.71
1.72
1.72
1.71
1.71
1.72
1.72
1.71
1.70
1.73
1.71
1.71
1.71
1.71
1.71
1.71
1.71
1.72
1.74
1.73
1.74
1.77
1.78
1.77
1.76
1.78
1.79
1.79
1.79
1.78
1.78
1.78
1.77
1.77
1.77
1.78
1.77
1.76
1.76
1.75
1.74
1.74
1.75
1.76
1.78
1.79
1.80
1.80
1.79
1.78
1.78
1.77
1.77
1.77
1.77
1.77
1.77
1.79
1.79
1.79
1.80
1.79
1.79
1.79
1.79
1.78
1.78
1.77
1.76
1.75
1.75
1.76
1.75
1.76
1.75
1.75
1.75
1.76
1.75
1.74
1.75
1.76
1.76
1.75
1.76
1.75
1.75
1.76
1.76
1.75
1.75
1.76
1.76
1.76
1.76
1.76
1.76
1.76
1.77
1.77
1.77
1.76
1.76
1.75
1.75
1.75
1.75
1.75
1.75
1.75
1.76
1.76
1.76
1.77
1.77
1.76
1.77
1.77
1.76
1.76
1.76
1.76
1.76
1.76
1.76
1.76
1.75
1.75
1.75
1.74
1.74
1.75
1.75
1.75
1.76
1.76
1.75
1.75
1.74
1.74
1.75
1.76
1.76
1.76
1.78
1.78
1.78
1.79
1.78
1.79
1.80
1.80
1.79
1.80
1.80
1.81
1.81
1.81
1.80
1.81
1.81
1.82
1.81
1.81
1.80
1.80
1.80
1.80
1.80
1.80
1.80
1.79
1.79
1.79
1.80
1.79
1.79
1.79
1.80
1.81
1.80
1.80
1.79
1.79
1.78
1.78
1.79
1.79
1.78
1.78
1.79
1.79
1.78
1.78
1.78
1.78
1.78
1.78
1.77
1.77
1.77
1.76
1.77
1.77
1.77
1.78
1.80
1.80
1.80
1.81
1.81
1.81
1.81
1.81
1.80
1.80
1.80
1.79
1.80
1.80
1.80
1.79
1.79
1.78
1.78
1.79
1.78
1.78
1.78
1.78
1.78
1.79
1.78
1.78
1.78
1.79
1.80
1.79
1.80
1.80
1.80
1.80
1.80
1.80
1.81
1.82
1.82
1.82
1.82
1.82
1.82
1.82
1.82
1.82
1.83
1.83
1.83
1.83
1.84
1.83
1.83
1.83
1.85
1.85
1.85
1.84
1.84
1.85
1.84
1.84
1.85
1.86
1.86
1.85
1.85
1.85
1.85
1.86
1.86
1.85
1.85
1.85
1.85
1.84
1.85
1.85
1.86
1.86
1.86
1.87
1.86
1.86
1.86
1.86
1.87
1.86
1.86
1.85
1.85
1.86
1.85
1.85
1.85
1.85
1.86
1.86
1.85
1.85
1.85
1.85
1.86
1.85
1.85
1.86
1.85
1.86
1.86
1.85
1.85
1.85
1.86
1.85
1.85
1.86
1.86
1.86
1.86
1.85
1.85
1.85
1.85
1.86
1.86
1.85
1.86
1.86
1.86
1.86
1.87
1.86
1.87
1.87
1.87
1.86
1.86
1.86
1.85
1.85
1.85
1.85
1.85
1.85
1.85
1.85
1.85
1.85
1.86
1.87
1.87
1.86
1.86
1.86
1.87
1.86
1.86
1.86
1.87
1.86
1.86
1.86
1.86
1.87
1.87
1.86
1.86
1.85
1.85
1.85
1.84
1.85
1.85
1.85
1.85
1.85
1.84
1.85
1.84
1.85
1.85
1.85
1.85
1.85
1.85
1.85
1.85
1.85
1.85
1.85
1.85
1.85
1.86
1.86
1.86
1.87
1.86
1.87
1.87
1.87
1.87
1.86
1.86
1.86
1.87
1.86
1.86
1.86
1.86
1.86
1.86
1.86
1.86
1.86
1.86
1.86
1.86
1.86
1.87
1.87
1.87
1.87
1.87
1.87
1.87
1.87
1.87
1.87
1.87
1.87
1.87
1.87
1.87
1.86
1.86
1.87
1.87
1.87
1.87
1.87
1.87
1.87
1.87
1.88
1.87
1.87
1.88
1.88
1.87
1.87
1.88
1.88
1.87
1.87
1.87
1.87
1.87
1.87
1.87
1.87
1.87
1.87
1.86
1.86
1.86
1.86
1.86
1.86
1.87
1.86
1.86
1.86
1.86
1.86
1.86
1.86
1.86
1.86
1.86
1.86
1.86
1.86
1.87
1.87
1.87
1.87
1.87
1.86
1.87
1.86
1.86
1.86
1.86
1.86
1.86
1.86
1.85
1.85
1.85
1.86
1.86
1.86
1.86
1.87
1.87
1.87
1.88
1.88
1.88
1.88
1.88
1.88
1.88
1.89
1.88
1.89
1.90
1.90
1.90
1.90
1.90
1.90
1.90
1.89
1.89
1.89
1.90
1.90
1.90
1.90
1.89
1.89
1.89
1.89
1.89
1.89
1.90
1.90
1.90
1.89
1.90
1.89
1.89
1.89
1.89
1.89
1.89
1.89
1.89
1.89
1.89
1.89
1.89
1.89
1.89
1.90
1.90
1.89
1.89
1.90
1.89
1.89
1.89
1.90
1.90
1.89
1.89
1.89
1.89
1.89
1.89
1.89
1.89
1.89
1.89
1.89
1.89
1.89
1.89
1.89
1.88
1.89
1.89
1.89
1.89
1.88
1.89
1.89
1.89
1.90
1.90
1.90
1.90
1.90
1.90
1.89
1.90
1.90
1.90
1.90
1.89
1.89
1.89
1.89
1.89
1.89
1.89
1.89
1.89
1.89
1.89
1.89
1.89
1.89
1.89
1.89
1.88
1.89
1.89
1.89
1.89
