82.81
78.91
79.17
76.95
79.06
79.43
79.24
79.30
79.86
80.94
80.82
81.38
81.25
81.70
82.19
81.74
81.43
81.42
81.33
82.03
81.62
81.46
81.52
81.71
82.00
81.97
81.83
81.86
81.73
81.82
81.70
81.69
81.63
81.66
81.74
81.99
82.09
82.15
82.09
82.07
82.05
81.88
81.90
82.07
82.01
82.17
82.25
82.16
82.11
82.16
82.08
81.91
82.05
82.09
82.02
82.06
82.13
82.19
82.18
82.24
82.27
82.23
82.19
82.37
82.28
82.24
82.16
82.17
82.25
82.25
82.04
81.90
81.87
81.71
81.77
81.70
81.68
81.75
81.84
81.93
82.00
81.97
82.06
82.09
82.10
82.10
82.06
82.03
81.92
81.86
81.89
81.90
81.91
81.93
82.04
81.98
81.97
82.02
82.04
82.03
82.10
82.03
82.05
82.05
82.08
82.10
82.16
82.15
82.17
82.22
82.19
82.17
82.20
82.11
82.05
82.03
82.01
81.98
82.00
81.91
81.93
81.89
81.94
81.93
81.99
81.96
82.00
82.04
82.05
82.06
82.05
82.07
82.13
82.16
82.21
82.20
82.22
82.13
82.15
82.13
82.15
82.19
82.22
82.25
82.24
82.27
82.23
82.23
82.27
82.29
82.28
82.33
82.34
82.38
82.33
82.32
82.30
82.33
82.37
82.33
82.36
82.35
82.31
82.32
82.36
82.38
82.35
82.30
82.28
82.27
82.27
82.24
82.25
82.26
82.27
82.31
82.30
82.28
82.27
82.31
82.34
82.33
82.35
82.35
82.34
82.34
82.34
82.33
82.31
82.29
82.22
82.22
82.21
82.25
82.22
82.21
82.19
82.19
82.17
82.17
82.14
82.14
82.10
82.08
82.08
82.10
82.09
82.14
82.12
82.11
82.13
82.14
82.13
82.16
82.14
82.14
82.15
82.15
82.14
82.17
82.15
82.17
82.17
82.18
82.18
82.18
82.17
82.18
82.18
82.13
82.10
82.09
82.11
82.11
82.11
82.06
82.07
82.07
82.07
82.07
82.09
82.11
82.11
82.10
82.13
82.13
82.14
82.11
82.12
82.07
82.04
82.04
82.02
82.03
82.03
82.04
82.07
82.06
82.08
82.05
82.05
82.07
82.06
82.08
82.06
82.08
82.09
82.10
82.10
82.12
82.11
82.09
82.10
82.08
82.06
82.05
82.03
82.05
82.05
82.05
82.07
82.08
82.06
82.06
82.04
82.05
82.03
82.04
82.04
82.02
82.03
82.03
82.03
82.05
82.07
82.06
82.02
82.01
82.01
82.03
82.04
82.05
82.04
82.06
82.06
82.04
82.03
82.02
82.05
82.04
82.04
82.05
82.01
82.01
82.00
82.00
82.00
82.00
81.99
81.99
81.99
81.99
82.02
82.03
82.02
82.02
82.00
82.00
82.01
82.05
82.06
82.05
82.05
82.06
82.06
82.07
82.09
82.08
82.09
82.07
82.05
82.04
82.05
82.05
82.04
82.04
82.06
82.06
82.08
82.09
82.07
82.08
82.09
82.09
82.11
82.10
82.09
82.09
82.09
82.10
82.12
82.13
82.13
82.14
82.14
82.13
82.12
82.13
82.12
82.13
82.13
82.12
82.13
82.14
82.10
82.11
82.10
82.10
82.12
82.10
82.12
82.11
82.10
82.09
82.07
82.09
82.09
82.12
82.11
82.11
82.13
82.13
82.12
82.12
82.12
82.11
82.10
82.12
82.13
82.14
82.14
82.16
82.15
82.17
82.18
82.17
82.18
82.19
82.18
82.15
82.15
82.16
82.13
82.14
82.16
82.15
82.17
82.17
82.17
82.16
82.16
82.18
82.17
82.17
82.18
82.19
82.18
82.16
82.17
82.18
82.17
82.18
82.19
82.19
82.22
82.22
82.22
82.18
82.19
82.19
82.20
82.21
82.19
82.20
82.21
82.21
82.21
82.22
82.22
82.22
82.21
82.20
82.20
82.19
82.18
82.18
82.18
82.18
82.18
82.17
82.17
82.19
82.19
82.19
82.19
82.19
82.18
82.18
82.18
82.16
82.17
82.16
82.17
82.17
82.17
82.16
82.14
82.13
82.14
82.12
82.12
82.13
82.14
82.13
82.13
82.11
82.10
82.12
82.12
82.13
82.14
82.14
82.12
82.10
82.10
82.07
82.06
82.08
82.09
82.10
82.08
82.08
82.07
82.07
82.07
82.07
82.05
82.04
82.04
82.03
82.02
82.03
82.04
82.03
82.05
82.05
82.04
82.04
82.05
82.05
82.04
82.05
82.06
82.06
82.07
82.07
82.08
82.07
82.06
82.06
82.04
82.03
82.02
82.01
82.02
82.03
82.03
82.03
82.02
82.03
82.03
82.01
82.00
82.01
82.01
82.02
82.03
82.03
82.01
82.01
81.99
82.00
82.00
82.00
82.01
82.01
81.99
81.99
81.99
82.00
82.00
81.99
81.99
81.99
81.99
81.99
81.99
81.99
81.97
81.96
81.96
81.97
81.97
81.95
81.96
81.96
81.95
81.95
81.95
81.97
81.96
81.96
81.97
81.98
81.98
81.98
81.97
81.98
81.98
81.96
81.97
81.98
81.97
81.96
81.96
81.95
81.95
81.96
81.96
81.96
81.96
81.97
81.96
81.95
81.95
81.95
81.93
81.93
81.93
81.92
81.91
81.91
81.91
81.91
81.91
81.90
81.91
81.90
81.90
81.89
81.90
81.90
81.90
81.91
81.90
81.90
81.89
81.87
81.87
81.87
81.86
81.86
81.87
81.87
81.87
81.89
81.88
81.88
81.87
81.88
81.88
81.87
81.88
81.89
81.89
81.89
81.90
81.91
81.91
81.92
81.91
81.90
81.90
81.89
81.88
81.88
81.88
81.89
81.89
81.89
81.90
81.89
81.90
81.90
81.91
81.92
81.92
81.92
81.92
81.92
81.93
81.94
81.94
81.94
81.94
81.93
81.93
81.93
81.93
81.93
81.93
81.93
81.93
81.94
81.94
81.94
81.93
81.92
81.91
81.92
81.93
81.94
81.93
81.94
81.94
81.94
81.94
81.94
81.94
81.94
81.93
81.93
81.93
81.93
81.93
81.93
81.92
81.93
81.92
81.92
81.92
81.93
81.94
81.92
81.92
81.91
81.91
81.91
81.91
81.91
81.90
81.89
81.89
81.89
81.89
81.89
81.90
81.90
81.91
81.90
81.91
81.90
81.90
81.90
81.91
81.91
81.92
81.93
81.92
81.92
81.92
81.92
81.93
81.92
81.93
81.92
81.92
81.92
81.91
81.90
81.89
81.88
81.88
81.88
81.88
81.88
81.89
81.88
81.89
81.88
81.88
81.89
81.90
81.90
81.89
81.88
81.89
81.89
81.89
81.90
81.90
81.90
81.90
81.89
81.90
81.89
81.89
81.90
81.90
81.89
81.90
81.82
