23.44
29.69
27.08
25.78
27.81
26.56
25.45
23.63
22.92
23.44
23.72
23.31
23.08
22.99
22.50
22.27
22.43
22.66
22.62
22.42
22.47
22.44
22.21
21.61
21.62
21.75
21.76
21.71
21.61
21.61
21.52
21.39
21.45
21.60
21.61
21.70
21.96
22.00
22.16
21.99
22.07
22.10
22.09
22.12
21.98
22.11
22.11
22.01
21.91
21.97
21.91
21.75
21.73
21.76
21.82
21.60
21.66
21.52
21.56
21.64
21.52
21.55
21.45
21.34
21.30
21.33
21.32
21.37
21.44
21.36
21.54
21.61
21.53
21.52
21.46
21.34
21.29
21.43
21.40
21.43
21.47
21.49
21.52
21.48
21.45
21.51
21.46
21.47
21.54
21.51
21.60
21.55
21.49
21.54
21.50
21.48
21.44
21.49
21.54
21.45
21.52
21.46
21.42
21.53
21.47
21.59
21.60
21.63
21.52
21.61
21.62
21.55
21.52
21.42
21.39
21.32
21.33
21.37
21.34
21.33
21.32
21.34
21.33
21.33
21.29
21.28
21.31
21.34
21.32
21.29
21.27
21.24
21.21
21.22
21.25
21.25
21.30
21.27
21.28
21.26
21.25
21.23
21.24
21.22
21.24
21.28
21.28
21.20
21.19
21.23
21.26
21.30
21.28
21.31
21.36
21.36
21.36
21.34
21.35
21.35
21.27
21.26
21.27
21.24
21.25
21.25
21.26
21.23
21.19
21.16
21.15
21.13
21.17
21.18
21.15
21.15
21.17
21.16
21.18
21.18
21.20
21.20
21.23
21.24
21.29
21.25
21.28
21.33
21.31
21.34
21.33
21.31
21.29
21.32
21.33
21.38
21.39
21.39
21.38
21.32
21.31
21.32
21.29
21.34
21.36
21.36
21.38
21.40
21.42
21.44
21.45
21.44
21.41
21.44
21.43
21.43
21.40
21.40
21.40
21.43
21.46
21.49
21.46
21.44
21.43
21.39
21.41
21.39
21.40
21.41
21.39
21.36
21.35
21.35
21.36
21.35
21.32
21.31
21.33
21.33
21.36
21.37
21.41
21.41
21.40
21.42
21.39
21.40
21.37
21.38
21.39
21.41
21.44
21.43
21.41
21.40
21.46
21.43
21.45
21.43
21.42
21.42
21.39
21.37
21.36
21.34
21.34
21.33
21.31
21.30
21.28
21.29
21.30
21.28
21.31
21.34
21.32
21.33
21.35
21.38
21.36
21.36
21.36
21.35
21.33
21.35
21.32
21.34
21.33
21.31
21.31
21.30
21.29
21.29
21.29
21.29
21.29
21.28
21.29
21.28
21.29
21.30
21.32
21.30
21.29
21.29
21.28
21.29
21.30
21.30
21.32
21.30
21.32
21.32
21.30
21.31
21.31
21.33
21.35
21.37
21.37
21.37
21.37
21.38
21.36
21.38
21.38
21.38
21.41
21.40
21.38
21.40
21.39
21.42
21.41
21.40
21.39
21.38
21.36
21.37
21.39
21.39
21.41
21.40
21.39
21.39
21.38
21.39
21.40
21.39
21.41
21.40
21.41
21.41
21.41
21.42
21.42
21.40
21.41
21.40
21.42
21.42
21.41
21.45
21.42
21.40
21.42
21.41
21.39
21.41
21.39
21.41
21.39
21.39
21.40
21.41
21.41
21.40
21.41
21.40
21.40
21.40
21.37
21.37
21.38
21.39
21.36
21.36
21.38
21.39
21.39
21.42
21.43
21.44
21.43
21.44
21.45
21.44
21.45
21.45
21.45
21.42
21.42
21.43
21.45
21.45
21.45
21.45
21.45
21.45
21.44
21.43
21.41
21.41
21.42
21.41
21.42
21.41
21.41
21.41
21.44
21.43
21.42
21.40
21.42
21.41
21.41
21.40
21.41
21.41
21.40
21.39
21.40
21.37
21.40
21.42
21.40
21.39
21.40
21.42
21.40
21.39
21.38
21.36
21.37
21.37
21.38
21.38
21.38
21.39
21.39
21.38
21.36
21.36
21.37
21.38
21.37
21.37
21.37
21.37
21.37
21.34
21.35
21.35
21.36
21.36
21.35
21.35
21.37
21.36
21.37
21.38
21.37
21.38
21.36
21.37
21.38
21.37
21.38
21.38
21.39
21.40
21.39
21.39
21.41
21.41
21.44
21.45
21.43
21.43
21.42
21.42
21.42
21.43
21.43
21.43
21.43
21.42
21.42
21.44
21.43
21.44
21.43
21.42
21.42
21.41
21.39
21.39
21.38
21.38
21.36
21.37
21.37
21.38
21.37
21.38
21.38
21.37
21.36
21.36
21.36
21.35
21.35
21.35
21.38
21.40
21.40
21.39
21.38
21.39
21.41
21.41
21.41
21.41
21.43
21.43
21.43
21.44
21.45
21.45
21.44
21.45
21.45
21.45
21.44
21.45
21.46
21.48
21.48
21.47
21.47
21.47
21.47
21.46
21.45
21.45
21.44
21.43
21.45
21.46
21.47
21.46
21.44
21.45
21.44
21.43
21.44
21.43
21.43
21.41
21.43
21.44
21.43
21.43
21.44
21.43
21.44
21.45
21.44
21.43
21.43
21.42
21.42
21.43
21.44
21.44
21.43
21.42
21.41
21.41
21.41
21.41
21.41
21.42
21.42
21.42
21.41
21.43
21.42
21.43
21.44
21.43
21.42
21.41
21.40
21.41
21.41
21.41
21.42
21.41
21.41
21.40
21.40
21.39
21.37
21.38
21.37
21.37
21.37
21.36
21.36
21.36
21.37
21.36
21.37
21.37
21.37
21.37
21.36
21.36
21.35
21.34
21.33
21.34
21.33
21.34
21.34
21.34
21.34
21.35
21.36
21.37
21.37
21.37
21.38
21.39
21.38
21.39
21.38
21.39
21.39
21.40
21.38
21.37
21.37
21.38
21.37
21.37
21.37
21.37
21.35
21.35
21.35
21.35
21.36
21.36
21.35
21.36
21.36
21.38
21.38
21.40
21.39
21.38
21.38
21.38
21.38
21.38
21.38
21.40
21.39
21.39
21.39
21.39
21.39
21.39
21.38
21.38
21.36
21.35
21.35
21.34
21.34
21.35
21.34
21.33
21.33
21.33
21.33
21.33
21.33
21.32
21.32
21.33
21.34
21.34
21.35
21.35
21.35
21.35
21.35
21.34
21.33
21.33
21.33
21.32
21.31
21.31
21.31
21.31
21.30
21.30
21.30
21.32
21.32
21.32
21.33
21.33
21.33
21.32
21.32
21.31
21.31
21.30
21.30
21.29
21.30
21.31
21.30
21.29
21.30
21.30
21.30
21.30
21.29
21.27
21.28
21.29
21.29
21.30
21.28
21.29
21.29
21.28
21.28
21.28
21.28
21.27
21.27
21.26
21.26
21.25
21.26
21.27
21.28
21.27
21.27
21.28
21.29
21.29
21.29
21.30
21.32
21.32
21.31
21.32
21.32
21.33
21.33
21.33
21.33
21.31
