10.94
9.38
9.90
11.33
10.94
11.98
12.05
12.11
12.15
12.19
12.64
12.63
12.38
12.83
13.12
12.79
13.33
13.37
13.57
13.36
13.54
13.49
13.18
12.96
12.81
12.62
12.21
12.28
12.12
12.03
12.15
12.01
12.26
12.22
12.37
12.28
12.16
12.05
12.18
12.19
12.20
12.35
12.28
12.22
12.29
12.47
12.40
12.43
12.56
12.53
12.44
12.53
12.50
12.44
12.47
12.67
12.72
12.90
12.84
12.97
12.86
12.88
12.90
12.92
12.91
12.86
12.90
12.98
13.09
13.10
13.09
13.11
13.12
13.15
13.21
13.18
13.17
13.16
13.11
13.09
13.19
13.24
13.29
13.26
13.25
13.35
13.38
13.35
13.40
13.32
13.29
13.25
13.21
13.16
13.14
13.15
13.13
13.14
13.18
13.20
13.17
13.11
13.14
13.04
13.05
12.99
12.94
12.92
12.90
12.88
12.81
12.78
12.76
12.75
12.74
12.76
12.71
12.78
12.78
12.76
12.75
12.74
12.73
12.75
12.76
12.75
12.77
12.74
12.72
12.72
12.68
12.67
12.63
12.64
12.67
12.70
12.74
12.75
12.77
12.78
12.82
12.85
12.88
12.84
12.82
12.80
12.83
12.82
12.78
12.78
12.79
12.81
12.83
12.89
12.88
12.93
12.95
12.95
12.96
12.96
12.97
12.95
12.94
12.98
12.98
12.97
12.94
12.96
12.91
12.88
12.90
12.95
12.93
12.90
12.91
12.90
12.94
12.91
12.91
12.88
12.85
12.86
12.86
12.87
12.86
12.84
12.83
12.80
12.82
12.81
12.80
12.79
12.83
12.81
12.77
12.76
12.79
12.80
12.79
12.80
12.80
12.80
12.82
12.80
12.80
12.81
12.86
12.88
12.87
12.86
12.88
12.88
12.87
12.88
12.88
12.88
12.87
12.93
12.96
12.98
12.98
12.96
12.94
12.94
12.94
12.96
12.92
12.94
12.94
12.94
12.95
12.92
12.91
12.87
12.85
12.87
12.92
12.90
12.92
12.94
12.91
12.93
12.94
12.92
12.92
12.89
12.89
12.93
12.95
12.93
12.92
12.92
12.95
12.93
12.92
12.93
12.93
12.93
12.94
12.94
12.94
12.94
12.92
12.91
12.90
12.92
12.93
12.95
12.94
12.96
12.94
12.95
12.93
12.93
12.90
12.90
12.91
12.93
12.91
12.91
12.89
12.92
12.92
12.92
12.93
12.94
12.91
12.91
12.92
12.94
12.91
12.91
12.89
12.88
12.88
12.88
12.89
12.92
12.91
12.91
12.89
12.91
12.92
12.94
12.95
12.93
12.93
12.92
12.93
12.92
12.94
12.96
12.99
12.99
13.00
12.99
12.98
12.97
12.97
12.98
12.98
12.98
12.96
12.96
12.98
12.96
12.96
12.97
12.95
12.96
12.97
12.98
12.98
12.99
12.98
13.00
12.98
12.99
12.98
12.99
12.99
12.98
12.99
12.98
12.98
12.97
12.96
12.94
12.93
12.93
12.91
12.91
12.92
12.92
12.92
12.92
12.92
12.92
12.90
12.91
12.91
12.92
12.91
12.89
12.92
12.92
12.93
12.93
12.94
12.93
12.93
12.93
12.93
12.93
12.93
12.94
12.92
12.91
12.92
12.91
12.91
12.93
12.91
12.92
12.90
12.90
12.90
12.90
12.89
12.91
12.89
12.89
12.88
12.88
12.90
12.89
12.91
12.92
12.90
12.90
12.90
12.91
12.91
12.93
12.93
12.93
12.95
12.94
12.95
12.93
12.95
12.95
12.95
12.95
12.95
12.94
12.94
12.91
12.93
12.93
12.92
12.92
12.94
12.93
12.94
12.95
12.94
12.94
12.94
12.93
12.92
12.94
12.93
12.93
12.93
12.92
12.94
12.97
12.98
12.99
12.98
12.97
12.99
12.99
13.01
13.01
13.02
13.02
13.02
13.03
13.02
13.01
13.01
13.00
12.99
13.00
12.99
12.98
12.99
12.99
12.98
12.97
12.96
12.96
12.94
12.94
12.93
12.93
12.93
12.93
12.93
12.93
12.93
12.93
12.92
12.91
12.91
12.91
12.93
12.95
12.94
12.93
12.92
12.91
12.91
12.92
12.91
12.91
12.91
12.91
12.89
12.88
12.88
12.90
12.93
12.92
12.92
12.93
12.93
12.93
12.92
12.94
12.94
12.93
12.93
12.93
12.94
12.95
12.95
12.96
12.94
12.93
12.92
12.92
12.93
12.93
12.92
12.92
12.92
12.94
12.93
12.93
12.93
12.93
12.93
12.92
12.92
12.92
12.92
12.91
12.91
12.91
12.92
12.91
12.91
12.91
12.91
12.91
12.91
12.90
12.89
12.87
12.87
12.87
12.88
12.89
12.90
12.90
12.90
12.89
12.90
12.89
12.88
12.88
12.89
12.89
12.89
12.88
12.88
12.87
12.87
12.87
12.87
12.87
12.87
12.89
12.90
12.90
12.90
12.89
12.90
12.91
12.90
12.92
12.91
12.90
12.91
12.91
12.91
12.90
12.91
12.91
12.91
12.91
12.91
12.89
12.90
12.90
12.88
12.88
12.88
12.88
12.89
12.88
12.89
12.87
12.86
12.87
12.88
12.87
12.86
12.87
12.87
12.87
12.87
12.87
12.87
12.87
12.88
12.88
12.88
12.88
12.87
12.87
12.89
12.89
12.88
12.88
12.88
12.88
12.87
12.87
12.87
12.87
12.90
12.90
12.90
12.90
12.89
12.89
12.89
12.89
12.88
12.89
12.90
12.89
12.89
12.89
12.88
12.88
12.89
12.89
12.90
12.90
12.90
12.90
12.90
12.89
12.89
12.90
12.89
12.91
12.89
12.90
12.91
12.90
12.90
12.90
12.91
12.90
12.90
12.90
12.90
12.90
12.90
12.90
12.90
12.89
12.89
12.88
12.89
12.89
12.89
12.90
12.90
12.90
12.91
12.92
12.92
12.91
12.91
12.91
12.90
12.92
12.92
12.91
12.92
12.92
12.92
12.94
12.94
12.93
12.94
12.93
12.93
12.93
12.94
12.95
12.94
12.94
12.94
12.94
12.95
12.95
12.95
12.94
12.94
12.94
12.94
12.94
12.94
12.93
12.94
12.95
12.95
12.95
12.94
12.94
12.94
12.94
12.93
12.93
12.92
12.93
12.93
12.93
12.94
12.94
12.95
12.94
12.95
12.95
12.95
12.94
12.95
12.96
12.96
12.95
12.95
12.95
12.94
12.95
12.95
12.96
12.97
12.97
12.97
12.97
12.97
12.97
12.97
12.97
12.98
12.97
12.97
12.97
12.98
12.98
12.98
12.98
12.99
12.98
12.97
12.97
12.97
12.96
12.96
12.96
12.97
12.98
12.98
12.98
12.98
12.97
12.97
12.97
12.97
12.96
12.97
12.96
12.95
12.94
