4.69
5.47
4.17
5.47
5.31
4.43
4.02
4.30
4.51
4.22
3.98
4.04
4.09
4.24
4.27
4.30
4.14
4.17
4.19
4.30
4.39
4.76
4.69
4.88
4.69
4.75
4.86
5.13
5.17
5.31
5.24
5.37
5.45
5.42
5.45
5.47
5.49
5.47
5.33
5.35
5.30
5.36
5.45
5.36
5.28
5.33
5.42
5.37
5.39
5.34
5.27
5.23
5.28
5.30
5.28
5.22
5.21
5.20
5.14
5.21
5.15
5.17
5.21
5.27
5.24
5.33
5.32
5.28
5.32
5.38
5.35
5.36
5.37
5.34
5.35
5.32
5.32
5.29
5.34
5.37
5.38
5.37
5.40
5.38
5.37
5.34
5.35
5.34
5.34
5.35
5.41
5.37
5.39
5.37
5.31
5.27
5.28
5.23
5.22
5.20
5.20
5.19
5.22
5.17
5.12
5.11
5.11
5.15
5.19
5.20
5.17
5.15
5.14
5.14
5.16
5.16
5.11
5.11
5.13
5.17
5.17
5.19
5.20
5.23
5.21
5.21
5.23
5.19
5.17
5.22
5.20
5.20
5.22
5.20
5.21
5.20
5.22
5.22
5.19
5.20
5.23
5.23
5.23
5.23
5.23
5.20
5.18
5.18
5.16
5.16
5.17
5.19
5.19
5.15
5.15
5.15
5.13
5.12
5.14
5.13
5.13
5.14
5.13
5.12
5.10
5.11
5.14
5.12
5.09
5.08
5.08
5.08
5.07
5.06
5.09
5.10
5.09
5.07
5.06
5.07
5.08
5.08
5.08
5.09
5.08
5.07
5.06
5.08
5.09
5.09
5.06
5.05
5.04
5.03
5.03
5.02
5.04
5.01
4.99
5.01
5.00
4.99
5.00
4.99
4.98
4.99
5.00
5.00
4.99
5.00
5.01
5.00
5.03
5.03
5.04
5.04
5.05
5.03
5.02
5.04
5.03
5.05
5.02
5.01
5.01
4.99
4.99
5.03
5.02
5.02
5.02
5.02
5.01
5.01
4.99
5.01
5.03
5.05
5.05
5.06
5.04
5.04
5.03
5.03
5.04
5.03
5.03
5.03
5.03
5.03
5.04
5.03
5.03
5.01
5.01
4.99
4.99
5.00
5.01
5.02
5.02
5.01
5.00
4.99
4.99
4.99
5.00
4.99
4.98
4.97
4.98
4.99
5.00
5.00
4.99
5.00
5.00
4.99
4.98
4.98
4.98
4.96
4.99
4.98
4.99
4.98
4.98
4.99
4.97
4.97
4.97
4.96
4.96
4.96
4.95
4.94
4.95
4.95
4.95
4.94
4.93
4.93
4.94
4.93
4.93
4.93
4.94
4.94
4.93
4.92
4.93
4.93
4.93
4.95
4.95
4.95
4.96
4.98
4.97
4.97
4.96
4.95
4.96
4.96
4.97
4.97
4.96
4.96
4.95
4.94
4.94
4.94
4.94
4.93
4.93
4.92
4.93
4.92
4.93
4.93
4.93
4.96
4.97
4.97
4.97
4.97
4.96
4.96
4.96
4.96
4.97
4.95
4.95
4.95
4.95
4.94
4.93
4.95
4.95
4.95
4.94
4.95
4.94
4.93
4.92
4.93
4.92
4.92
4.91
4.91
4.91
4.91
4.91
4.90
4.90
4.92
4.91
4.90
4.90
4.89
4.89
4.89
4.89
4.88
4.89
4.88
4.88
4.89
4.89
4.89
4.88
4.87
4.87
4.88
4.87
4.87
4.86
4.86
4.86
4.86
4.87
4.88
4.88
4.89
4.89
4.89
4.89
4.89
4.88
4.88
4.88
4.89
4.90
4.90
4.89
4.88
4.88
4.88
4.89
4.88
4.87
4.87
4.87
4.87
4.88
4.88
4.89
4.88
4.88
4.88
4.88
4.89
4.89
4.89
4.90
4.90
4.90
4.90
4.90
4.91
4.91
4.91
4.92
4.92
4.92
4.92
4.93
4.92
4.91
4.91
4.91
4.91
4.90
4.92
4.92
4.92
4.92
4.93
4.92
4.92
4.93
4.92
4.93
4.93
4.94
4.95
4.94
4.94
4.94
4.94
4.94
4.95
4.94
4.94
4.93
4.93
4.93
4.94
4.94
4.93
4.92
4.92
4.92
4.92
4.93
4.92
4.92
4.92
4.92
4.93
4.93
4.93
4.94
4.93
4.93
4.93
4.93
4.93
4.92
4.93
4.93
4.93
4.93
4.92
4.93
4.92
4.92
4.92
4.91
4.92
4.91
4.92
4.92
4.91
4.91
4.90
4.90
4.90
4.90
4.92
4.91
4.91
4.91
4.91
4.91
4.92
4.91
4.91
4.90
4.90
4.90
4.90
4.91
4.91
4.91
4.90
4.90
4.90
4.90
4.91
4.91
4.92
4.93
4.94
4.94
4.94
4.94
4.94
4.94
4.94
4.94
4.95
4.94
4.95
4.94
4.94
4.95
4.95
4.95
4.95
4.94
4.94
4.94
4.93
4.93
4.92
4.93
