29.69
28.91
26.04
26.56
26.25
26.56
25.89
26.56
26.74
26.88
26.14
26.04
25.48
25.45
25.52
25.49
25.92
25.52
25.33
24.92
24.78
24.57
24.32
24.28
24.81
24.82
24.77
24.78
24.73
24.58
24.60
24.71
24.67
24.72
24.60
24.87
24.96
24.96
24.88
25.12
25.08
24.96
24.85
25.00
25.14
25.20
25.50
25.65
25.73
25.62
25.77
25.66
25.74
25.72
25.65
25.56
25.49
25.40
25.37
25.39
25.36
25.30
25.45
25.39
25.31
25.24
25.16
25.07
25.09
25.07
25.00
25.04
25.06
24.96
24.92
24.98
25.02
25.08
25.06
25.12
25.19
25.23
25.11
25.06
25.06
25.05
25.07
25.00
24.95
24.97
24.88
24.97
25.05
25.02
25.07
25.05
25.02
25.00
24.98
24.89
24.80
24.80
24.77
24.86
24.90
24.82
24.80
24.83
24.77
24.83
24.82
24.76
24.78
24.75
24.70
24.77
24.79
24.76
24.78
24.80
24.78
24.76
24.75
24.79
24.70
24.70
24.67
24.68
24.71
24.77
24.76
24.79
24.79
24.86
24.85
24.95
24.93
24.93
24.90
24.89
24.93
24.93
24.96
24.92
24.97
24.97
24.97
25.03
24.99
25.01
24.98
24.97
24.95
24.95
24.97
25.00
25.04
25.10
25.09
25.07
25.12
25.11
25.08
25.02
25.05
25.03
25.03
24.97
24.95
24.98
25.00
25.08
25.08
25.09
25.18
25.19
25.20
25.13
25.15
25.13
25.15
25.12
25.12
25.14
25.11
25.08
25.07
25.09
25.10
25.12
25.15
25.19
25.18
25.15
25.13
25.13
25.12
25.12
25.09
25.12
25.21
25.18
25.18
25.13
25.12
25.11
25.12
25.16
25.13
25.10
25.16
25.19
25.23
25.22
25.21
25.20
25.19
25.24
25.23
25.22
25.23
25.22
25.20
25.18
25.18
25.17
25.14
25.12
25.12
25.10
25.08
25.07
25.03
25.03
25.02
25.00
24.99
25.03
25.01
25.03
25.06
25.06
25.06
25.06
25.06
25.07
25.05
25.04
25.02
24.99
24.96
24.93
24.93
24.91
24.93
24.95
24.93
24.92
24.91
24.91
24.88
24.87
24.88
24.89
24.88
24.91
24.92
24.92
24.92
24.91
24.91
24.88
24.86
24.86
24.86
24.85
24.84
24.83
24.83
24.80
24.81
24.82
24.82
24.79
24.73
24.74
24.76
24.77
24.76
24.76
24.77
24.79
24.78
24.77
24.76
24.76
24.78
24.79
24.81
24.82
24.83
24.81
24.82
24.83
24.85
24.83
24.82
24.80
24.80
24.79
24.78
24.77
24.79
24.80
24.77
24.77
24.78
24.78
24.79
24.79
24.82
24.79
24.80
24.80
24.82
24.82
24.80
24.79
24.81
24.82
24.82
24.80
24.81
24.82
24.84
24.86
24.86
24.88
24.91
24.91
24.89
24.89
24.88
24.92
24.92
24.94
24.92
24.91
24.90
24.91
24.90
24.92
24.94
24.95
24.94
24.96
24.95
24.97
24.97
24.98
24.99
24.96
24.96
24.96
24.95
24.94
24.93
24.90
24.89
24.87
24.89
24.88
24.88
24.88
24.88
24.88
24.90
24.88
24.90
24.88
24.89
24.89
24.88
24.88
24.89
24.87
24.87
24.85
24.84
24.84
24.84
24.82
24.81
24.80
24.79
24.80
24.80
24.81
24.82
24.82
24.81
24.82
24.84
24.81
24.80
24.79
24.80
24.80
24.81
24.79
24.79
24.80
24.82
24.80
24.76
24.77
24.80
24.79
24.80
24.80
24.81
24.81
24.83
24.82
24.82
24.82
24.81
24.80
24.79
24.77
24.78
24.76
24.75
24.74
24.73
24.73
24.72
24.72
24.71
24.71
24.69
24.68
24.68
24.67
24.65
24.64
24.65
24.63
24.64
24.68
24.67
24.69
24.70
24.70
24.70
24.68
24.67
24.67
24.68
24.68
24.68
24.68
24.67
24.65
24.68
24.70
24.70
24.70
24.70
24.69
24.71
24.72
24.73
24.73
24.73
24.73
24.73
24.72
24.72
24.72
24.74
24.74
24.75
24.74
24.75
24.74
24.74
24.72
24.75
24.74
24.75
24.76
24.76
24.77
24.77
24.75
24.75
24.75
24.77
24.76
24.76
24.77
24.76
24.76
24.77
24.79
24.78
24.76
24.76
24.77
24.79
24.77
24.75
24.74
24.75
24.75
24.75
24.74
24.75
24.74
24.75
24.75
24.75
24.75
24.75
24.75
24.75
24.75
24.75
24.75
24.74
24.77
24.78
24.77
24.78
24.79
24.79
24.78
24.77
24.76
24.75
24.75
24.76
24.75
24.75
24.74
24.74
24.75
24.74
24.74
24.73
24.73
24.73
24.72
24.72
24.71
24.70
24.70
24.69
24.69
24.69
24.69
24.69
24.69
24.70
24.70
24.71
24.69
24.70
24.68
24.69
24.67
24.67
24.66
24.67
24.70
24.72
24.73
24.72
24.72
24.72
24.72
24.71
24.73
24.72
24.71
24.70
24.71
24.71
24.72
24.73
24.73
24.74
24.74
24.74
24.75
24.76
24.75
24.75
24.74
24.73
24.75
24.74
24.74
24.74
24.72
24.73
24.72
24.72
24.72
24.72
24.72
24.71
24.71
24.73
24.72
24.73
24.74
24.73
24.72
24.73
24.72
24.72
24.71
24.73
24.72
24.72
24.73
24.74
24.73
24.74
24.72
24.72
24.71
24.72
24.72
24.72
24.71
24.71
24.72
24.72
24.72
24.72
24.71
24.71
24.71
24.72
24.72
24.72
24.73
24.72
24.72
24.71
24.71
24.71
24.72
24.72
24.72
24.72
24.72
24.71
24.71
24.71
24.70
24.70
24.69
24.70
24.69
24.68
24.68
24.68
24.67
24.68
24.69
24.67
24.66
24.67
24.68
24.68
24.67
24.66
24.67
24.67
24.66
24.66
24.66
24.67
24.67
24.66
24.65
24.67
24.66
24.67
24.66
24.64
24.64
24.65
24.65
24.65
24.66
24.66
24.66
24.67
24.68
24.68
24.68
24.69
24.70
24.70
24.71
24.71
24.71
24.70
24.70
24.69
24.69
24.70
24.73
24.72
24.72
24.72
24.71
24.71
24.71
24.71
24.73
24.75
24.76
24.75
24.75
24.75
24.75
24.74
24.74
24.74
24.75
24.75
24.75
24.76
24.75
24.76
24.75
24.76
24.76
24.77
24.79
24.79
24.78
24.79
24.79
24.78
24.78
24.78
24.79
24.78
24.78
24.78
24.78
24.78
24.78
24.78
24.79
24.80
24.80
24.81
24.80
24.79
24.79
24.78
24.79
24.79
24.79
24.78
24.78
24.78
24.77
24.76
24.76
24.76
24.76
24.75
24.73
