0.00
0.78
0.52
0.39
0.31
0.26
0.22
0.20
0.17
0.16
0.28
0.39
0.48
0.56
0.52
0.49
0.55
0.52
0.49
0.55
0.52
0.64
0.82
0.78
0.75
0.72
0.69
0.78
0.75
0.73
0.71
0.73
0.71
0.74
0.71
0.78
0.76
0.78
0.76
0.74
0.76
0.74
0.80
0.82
0.80
0.78
0.83
0.81
0.86
0.88
0.89
0.87
0.85
0.90
0.99
0.98
0.96
1.00
0.98
0.96
0.97
1.01
1.02
1.03
1.08
1.09
1.12
1.10
1.13
1.12
1.10
1.11
1.11
1.10
1.08
1.07
1.08
1.06
1.07
1.05
1.04
1.05
1.05
1.06
1.05
1.05
1.04
1.07
1.07
1.06
1.06
1.07
1.06
1.05
1.07
1.06
1.05
1.07
1.06
1.06
1.05
1.07
1.06
1.05
1.06
1.06
1.07
1.07
1.06
1.07
1.06
1.06
1.06
1.07
1.06
1.05
1.06
1.05
1.04
1.03
1.02
1.01
1.00
1.00
0.99
0.99
0.98
0.98
0.97
0.96
0.97
0.96
0.95
0.96
0.95
0.94
0.94
0.93
0.92
0.92
0.91
0.90
0.90
0.89
0.88
0.90
0.89
0.90
0.90
0.91
0.93
0.94
0.93
0.95
0.96
0.96
0.97
0.96
0.95
0.95
0.96
0.95
0.97
0.96
0.97
0.96
0.95
0.98
0.97
0.97
0.98
0.98
0.98
0.97
0.97
0.97
0.96
0.97
0.99
0.98
0.99
0.99
0.98
0.98
0.98
0.97
0.99
0.98
0.98
0.98
0.99
1.00
1.01
1.01
1.01
1.00
1.01
1.00
1.00
1.00
1.00
0.99
0.99
1.00
0.99
0.99
0.98
0.98
0.97
0.97
0.98
0.98
0.98
0.98
0.98
0.98
0.97
0.97
0.98
0.98
0.98
0.99
0.98
0.98
0.97
0.97
0.97
0.97
0.96
0.96
0.97
0.96
0.97
0.97
0.98
0.97
0.97
0.97
0.97
0.97
0.97
0.97
0.97
0.97
0.98
0.97
0.97
0.96
0.96
0.96
0.95
0.95
0.95
0.95
0.94
0.95
0.94
0.94
0.94
0.95
0.96
0.96
0.96
0.96
0.96
0.96
0.96
0.96
0.95
0.95
0.95
0.95
0.94
0.95
0.95
0.95
0.95
0.95
0.95
0.94
0.94
0.94
0.94
0.94
0.94
0.94
0.94
0.94
0.95
0.95
0.95
0.95
0.94
0.94
0.94
0.94
0.94
0.94
0.94
0.94
0.93
0.93
0.93
0.93
0.93
0.92
0.93
0.92
0.92
0.92
0.91
0.92
0.92
0.93
0.92
0.92
0.92
0.92
0.92
0.92
0.92
0.92
0.92
0.92
0.92
0.92
0.93
0.93
0.94
0.93
0.93
0.93
0.93
0.93
0.93
0.93
0.93
0.92
0.93
0.92
0.92
0.92
0.92
0.92
0.91
0.92
0.91
0.92
0.92
0.92
0.92
0.93
0.94
0.94
0.94
0.94
0.94
0.94
0.94
0.93
0.93
0.93
0.93
0.93
0.93
0.93
0.94
0.93
0.93
0.93
0.94
0.94
0.94
0.94
0.94
0.94
0.94
0.95
0.95
0.95
0.96
0.95
0.95
0.96
0.96
0.96
0.95
0.95
0.95
0.95
0.95
0.95
0.95
0.95
0.95
0.95
0.94
0.94
0.94
0.94
0.94
0.94
0.94
0.94
0.95
0.95
0.94
0.95
0.95
0.95
0.95
0.94
0.95
0.94
0.95
0.95
0.94
0.95
0.95
0.94
0.94
0.94
0.94
0.94
0.94
0.94
0.94
0.93
0.93
0.93
0.93
0.93
0.92
0.92
0.92
0.92
0.92
0.92
0.92
0.92
0.92
0.92
0.93
0.93
0.93
0.93
0.93
0.93
0.93
0.93
0.93
0.93
0.93
0.93
0.93
0.93
0.93
0.93
0.94
0.93
0.94
0.93
0.93
0.93
0.93
0.93
0.93
0.93
0.93
0.92
0.93
0.93
0.93
0.93
0.93
0.94
0.93
0.93
0.93
0.93
0.93
0.93
0.93
0.93
0.93
0.93
0.93
0.93
0.93
0.93
0.93
0.93
0.93
0.93
0.93
0.93
0.93
0.93
0.93
0.92
0.93
0.92
0.92
0.93
0.93
0.92
0.93
0.93
0.93
0.93
0.93
0.93
0.93
0.93
0.93
0.93
0.93
0.93
0.93
0.94
0.95
0.95
0.95
0.95
0.95
0.95
0.95
0.95
0.95
0.95
0.95
0.95
0.94
0.95
0.95
0.95
0.95
0.94
0.95
0.94
0.94
0.94
0.95
0.94
0.94
0.94
0.94
0.94
0.94
0.94
0.94
0.95
0.94
0.94
0.94
0.94
0.94
0.94
0.94
0.94
0.94
0.94
0.94
0.93
0.93
0.94
0.93
0.93
0.93
0.93
0.93
0.93
0.94
0.94
0.94
0.94
0.93
0.93
0.93
0.93
0.93
0.93
0.93
0.93
0.93
0.93
0.93
0.94
0.93
0.93
0.93
0.93
0.93
0.93
0.93
0.93
0.93
0.93
0.93
0.93
0.93
0.93
0.93
0.93
0.93
0.93
0.93
0.93
0.93
0.93
0.93
0.93
0.93
0.93
0.93
0.93
0.93
0.93
0.93
0.93
0.93
0.93
0.93
0.92
0.92
0.92
0.92
0.92
0.92
0.92
0.92
0.92
0.92
0.92
0.92
0.92
0.93
0.93
0.93
0.93
0.93
0.93
0.93
0.92
0.92
0.92
0.92
0.92
0.92
0.93
0.93
0.93
0.93
0.93
0.93
0.92
0.92
0.92
0.92
0.92
0.92
0.92
0.92
0.93
0.93
0.93
0.93
0.93
0.93
0.93
0.93
0.93
0.93
0.93
0.93
0.93
0.93
0.93
0.93
0.93
0.93
0.93
0.93
0.93
0.92
0.92
0.92
0.92
0.92
0.92
0.92
0.92
0.92
0.92
0.92
0.92
0.92
0.92
0.92
0.92
0.92
0.92
0.92
0.92
0.92
0.91
0.91
0.92
0.91
0.92
0.91
0.92
0.91
0.91
0.91
0.91
0.91
0.91
0.91
0.91
0.91
0.91
0.91
0.90
0.90
0.90
0.90
0.90
0.90
0.90
0.90
0.90
0.90
0.89
0.89
0.89
0.89
0.89
0.89
0.89
0.89
0.89
0.89
0.89
0.89
0.89
0.89
0.89
0.89
0.89
0.88
0.89
0.89
0.89
0.89
0.89
0.89
0.89
0.89
0.89
0.89
0.89
0.89
0.89
0.89
0.89
0.89
0.89
0.89
0.89
0.89
0.89
0.89
0.89
0.89
0.89
0.88
0.89
0.89
0.89
0.88
0.88
