6.25
5.47
6.25
6.25
5.62
6.51
6.03
5.66
5.56
5.47
5.40
4.95
4.69
4.46
4.27
4.49
4.41
4.51
4.36
4.45
4.61
4.69
4.62
4.56
4.44
4.33
4.22
4.19
4.26
4.17
4.13
4.10
4.02
4.00
4.06
3.99
4.14
4.15
4.21
4.10
4.00
4.06
4.03
4.01
4.06
4.04
4.09
4.07
4.08
4.06
4.01
3.97
3.98
3.94
3.89
3.93
3.89
3.88
3.92
3.85
3.82
3.83
3.77
3.74
3.77
3.79
3.75
3.75
3.69
3.73
3.76
3.73
3.70
3.67
3.73
3.72
3.71
3.69
3.66
3.65
3.65
3.62
3.63
3.65
3.66
3.65
3.66
3.62
3.63
3.66
3.67
3.65
3.70
3.67
3.67
3.65
3.66
3.65
3.65
3.70
3.73
3.71
3.67
3.68
3.66
3.64
3.64
3.66
3.63
3.61
3.59
3.60
3.60
3.60
3.59
3.56
3.55
3.55
3.58
3.58
3.58
3.57
3.60
3.60
3.60
3.63
3.68
3.66
3.67
3.68
3.71
3.72
3.70
3.74
3.77
3.77
3.75
3.73
3.74
3.74
3.77
3.75
3.76
3.80
3.78
3.78
3.76
3.76
3.75
3.73
3.71
3.72
3.70
3.72
3.74
3.74
3.72
3.73
3.71
3.70
3.72
3.69
3.70
3.70
3.67
3.67
3.65
3.66
3.65
3.64
3.65
3.65
3.64
3.64
3.64
3.63
3.65
3.67
3.67
3.67
3.65
3.64
3.64
3.63
3.64
3.64
3.65
3.63
3.63
3.63
3.63
3.65
3.64
3.65
3.65
3.64
3.63
3.61
3.60
3.60
3.60
3.59
3.59
3.59
3.59
3.58
3.57
3.58
3.59
3.58
3.56
3.56
3.55
3.55
3.53
3.54
3.53
3.53
3.53
3.54
3.53
3.52
3.53
3.53
3.52
3.51
3.51
3.50
3.49
3.48
3.48
3.47
3.47
3.47
3.47
3.48
3.47
3.49
3.50
3.50
3.53
3.54
3.56
3.55
3.55
3.54
3.52
3.55
3.55
3.57
3.56
3.55
3.54
3.55
3.55
3.56
3.56
3.57
3.57
3.56
3.55
3.55
3.55
3.54
3.53
3.54
3.54
3.53
3.53
3.54
3.53
3.53
3.51
3.51
3.51
3.50
3.50
3.49
3.49
3.49
3.50
3.50
3.50
3.49
3.50
3.50
3.50
3.49
3.49
3.50
3.51
3.51
3.50
3.51
3.50
3.51
3.49
3.49
3.48
3.49
3.48
3.48
3.49
3.50
3.49
3.50
3.50
3.49
3.49
3.50
3.50
3.51
3.51
3.52
3.54
3.54
3.55
3.56
3.55
3.54
3.53
3.52
3.51
3.51
3.51
3.52
3.53
3.52
3.51
3.51
3.50
3.52
3.51
3.51
3.50
3.51
3.51
3.51
3.51
3.51
3.50
3.49
3.49
3.49
3.50
3.49
3.49
3.50
3.50
3.50
3.51
3.50
3.50
3.49
3.50
3.49
3.49
3.50
3.50
3.50
3.49
3.50
3.51
3.50
3.49
3.50
3.50
3.52
3.52
3.52
3.51
3.52
3.52
3.52
3.52
3.52
3.52
3.52
3.53
3.54
3.53
3.53
3.55
3.55
3.55
3.54
3.54
3.54
3.53
3.53
3.52
3.52
3.52
3.52
3.52
3.51
3.51
3.51
3.52
3.53
3.53
3.53
3.52
3.53
3.52
3.53
3.53
3.53
3.53
3.54
3.53
3.52
3.53
3.53
3.53
3.53
3.53
3.52
3.52
3.52
3.52
3.53
3.52
3.53
3.53
3.52
3.53
3.53
3.53
3.52
3.52
3.51
3.52
3.51
3.52
3.52
3.51
3.50
3.50
3.49
3.49
3.48
3.48
3.48
3.48
3.48
3.47
3.47
3.47
3.47
3.47
3.47
3.48
3.47
3.48
3.47
3.47
3.48
3.48
3.47
3.48
3.47
3.47
3.46
3.46
3.47
3.48
3.48
3.49
3.49
3.48
3.48
3.48
3.47
3.48
3.48
3.47
3.47
3.46
3.46
3.46
3.46
3.47
3.46
3.46
3.46
3.46
3.47
3.48
3.48
3.49
3.49
3.49
3.49
3.49
3.48
3.48
3.48
3.48
3.49
3.49
3.49
3.49
3.50
3.50
3.50
3.50
3.50
3.50
3.50
3.49
3.49
3.50
3.50
3.50
3.50
3.50
3.49
3.50
3.49
3.48
3.48
3.49
3.50
3.50
3.51
3.50
3.50
3.49
3.49
3.49
3.49
3.48
3.48
3.48
3.48
3.48
3.48
3.48
3.48
3.49
3.49
3.48
3.49
3.48
3.48
3.48
3.48
3.47
3.47
3.47
3.46
3.46
3.47
3.47
3.47
3.47
3.47
3.47
3.47
3.46
3.46
3.45
3.45
3.45
3.44
3.44
3.44
3.44
3.44
3.44
3.44
3.43
3.43
3.43
3.43
3.43
3.43
3.43
3.42
3.42
3.42
3.41
3.41
3.41
3.42
3.41
3.41
3.41
3.41
3.41
3.41
3.41
3.41
3.41
3.41
3.41
3.40
3.40
3.39
3.40
3.39
3.39
3.39
3.39
3.39
3.38
3.38
3.38
3.38
3.38
3.39
3.39
3.39
3.38
3.38
3.38
3.38
3.37
3.37
3.37
3.37
3.38
3.38
3.38
3.37
3.37
3.38
3.37
3.37
3.38
3.38
3.38
3.37
3.38
3.39
3.38
3.38
3.38
3.38
3.38
3.38
3.38
3.37
3.37
3.37
3.37
3.37
3.37
3.37
3.37
3.37
3.37
3.37
3.37
3.37
3.37
3.37
3.37
3.37
3.36
3.36
3.36
3.36
3.36
3.36
3.36
3.36
3.35
3.35
3.35
3.35
3.35
3.35
3.35
3.35
3.34
3.35
3.35
3.35
3.35
3.35
3.35
3.36
3.36
3.36
3.36
3.36
3.36
3.36
3.36
3.36
3.36
3.37
3.36
3.36
3.36
3.36
3.36
3.36
3.36
3.36
3.36
3.36
3.36
3.36
3.36
3.36
3.37
3.37
3.37
3.36
3.36
3.37
3.36
3.36
3.36
3.36
3.36
3.36
3.36
3.35
3.36
3.36
3.35
3.36
3.36
3.35
3.35
3.35
3.35
3.36
3.36
3.36
3.36
3.36
3.36
3.36
3.37
3.36
3.36
3.37
3.36
3.37
3.37
3.37
3.37
3.37
3.37
3.38
3.37
3.37
3.37
3.37
3.37
3.36
3.36
3.36
3.36
3.36
3.37
3.36
3.37
3.37
3.38
3.38
3.38
3.38
3.38
3.38
3.38
3.38
3.38
3.37
3.37
3.38
3.38
3.38
3.38
3.38
3.38
3.38
