15.62
17.19
17.19
14.84
13.75
13.54
12.95
12.70
11.28
11.09
11.36
11.20
10.94
10.83
10.73
10.64
10.85
10.94
11.02
11.09
11.01
11.01
10.73
10.68
10.69
10.70
10.59
10.44
10.24
10.16
10.13
10.06
10.13
10.02
10.13
10.07
10.22
10.32
10.22
10.12
10.06
10.08
10.14
10.12
10.14
10.22
10.17
10.12
10.20
10.12
10.11
10.07
9.96
9.98
9.97
9.93
9.92
9.91
9.80
9.71
9.68
9.73
9.72
9.64
9.52
9.52
9.51
9.44
9.44
9.40
9.33
9.31
9.27
9.21
9.25
9.19
9.17
9.19
9.16
9.16
9.12
9.17
9.22
9.24
9.26
9.25
9.23
9.20
9.18
9.15
9.15
9.15
9.21
9.21
9.19
9.16
9.15
9.10
9.14
9.17
9.19
9.15
9.16
9.13
9.11
9.12
9.20
9.19
9.25
9.22
9.22
9.19
9.26
9.24
9.20
9.24
9.21
9.19
9.23
9.22
9.26
9.21
9.22
9.22
9.21
9.25
9.28
9.29
9.28
9.28
9.26
9.24
9.21
9.18
9.16
9.17
9.17
9.22
9.18
9.16
9.18
9.20
9.18
9.19
9.17
9.17
9.16
9.16
9.17
9.15
9.13
9.15
9.19
9.18
9.19
9.19
9.21
9.21
9.21
9.25
9.24
9.25
9.26
9.28
9.27
9.27
9.28
9.26
9.25
9.24
9.23
9.26
9.25
9.26
9.26
9.28
9.30
9.31
9.30
9.27
9.29
9.28
9.29
9.29
9.27
9.26
9.25
9.27
9.28
9.24
9.24
9.25
9.25
9.25
9.26
9.27
9.26
9.25
9.26
9.30
9.29
9.27
9.27
9.26
9.26
9.27
9.27
9.30
9.29
9.31
9.31
9.29
9.31
9.31
9.31
9.28
9.31
9.30
9.30
9.29
9.28
9.28
9.31
9.31
9.29
9.26
9.26
9.24
9.25
9.24
9.23
9.23
9.26
9.28
9.28
9.26
9.25
9.25
9.25
9.28
9.29
9.30
9.29
9.30
9.29
9.29
9.27
9.29
9.31
9.29
9.29
9.29
9.28
9.26
9.28
9.31
9.30
9.28
9.26
9.25
9.25
9.23
9.23
9.22
9.20
9.19
9.19
9.20
9.19
9.21
9.21
9.20
9.20
9.20
9.22
9.22
9.22
9.23
9.23
9.24
9.24
9.23
9.24
9.23
9.22
9.21
9.21
9.21
9.22
9.21
9.20
9.18
9.18
9.18
9.18
9.21
9.21
9.21
9.21
9.21
9.21
9.20
9.20
9.22
9.23
9.24
9.25
9.25
9.23
9.25
9.23
9.24
9.24
9.25
9.25
9.26
9.26
9.27
9.27
9.26
9.28
9.26
9.25
9.25
9.24
9.24
9.27
9.26
9.25
9.27
9.26
9.29
9.29
9.29
9.28
9.26
9.27
9.28
9.29
9.29
9.31
9.31
9.32
9.30
9.30
9.30
9.29
9.29
9.30
9.31
9.29
9.31
9.31
9.33
9.32
9.30
9.32
9.32
9.31
9.30
9.28
9.27
9.27
9.27
9.26
9.27
9.27
9.27
9.27
9.27
9.28
9.27
9.29
9.28
9.28
9.30
9.29
9.29
9.29
9.31
9.29
9.29
9.29
9.28
9.29
9.30
9.31
9.31
9.31
9.30
9.29
9.28
9.27
9.27
9.28
9.28
9.28
9.28
9.28
9.30
9.31
9.32
9.32
9.34
9.33
9.33
9.33
9.33
9.33
9.33
9.34
9.35
9.36
9.36
9.37
9.38
9.40
9.40
9.41
9.40
9.39
9.39
9.39
9.40
9.41
9.40
9.41
9.42
9.41
9.41
9.40
9.41
9.41
9.42
9.42
9.43
9.43
9.42
9.44
9.42
9.42
9.43
9.43
9.42
9.42
9.43
9.44
9.44
9.44
9.43
9.43
9.42
9.41
9.41
9.41
9.41
9.42
9.41
9.41
9.42
9.42
9.42
9.42
9.42
9.42
9.42
9.41
9.41
9.42
9.42
9.42
9.43
9.42
9.42
9.41
9.40
9.40
9.39
9.40
9.40
9.39
9.40
9.41
9.41
9.41
9.41
9.39
9.39
9.38
9.39
9.40
9.39
9.39
9.38
9.38
9.39
9.38
9.39
9.40
9.41
9.42
9.42
9.42
9.42
9.42
9.42
9.41
9.41
9.41
9.40
9.40
9.41
9.41
9.41
9.41
9.40
9.40
9.41
9.40
9.40
9.40
9.40
9.40
9.41
9.42
9.42
9.41
9.41
9.41
9.41
9.41
9.41
9.40
9.40
9.39
9.40
9.40
9.41
9.41
9.41
9.40
9.41
9.41
9.42
9.43
9.43
9.43
9.43
9.43
9.43
9.43
9.44
9.44
9.45
9.45
9.45
9.44
9.43
9.44
9.43
9.45
9.45
9.44
9.45
9.44
9.44
9.45
9.45
9.45
9.45
9.46
9.46
9.46
9.46
9.46
9.47
9.46
9.46
9.46
9.47
9.47
9.46
9.48
9.47
9.47
9.47
9.46
9.46
9.46
9.47
9.46
9.46
9.46
9.45
9.44
9.45
9.45
9.45
9.46
9.46
9.46
9.46
9.47
9.47
9.48
9.47
9.46
9.45
9.45
9.45
9.45
9.45
9.45
9.45
9.45
9.44
9.44
9.44
9.44
9.43
9.43
9.43
9.42
9.43
9.43
9.43
9.43
9.42
9.42
9.42
9.43
9.44
9.44
9.42
9.43
9.43
9.42
9.43
9.43
9.44
9.43
9.43
9.43
9.43
9.42
9.43
9.43
9.44
9.44
9.43
9.44
9.44
9.44
9.43
9.44
9.43
9.44
9.44
9.44
9.44
9.44
9.44
9.44
9.43
9.43
9.42
9.42
9.42
9.42
9.42
9.42
9.42
9.42
9.42
9.42
9.42
9.42
9.42
9.42
9.43
9.42
9.41
9.41
9.41
9.41
9.41
9.40
9.40
9.39
9.39
9.39
9.40
9.40
9.41
9.41
9.41
9.41
9.41
9.42
9.42
9.42
9.42
9.42
9.41
9.41
9.41
9.41
9.40
9.40
9.40
9.40
9.39
9.39
9.39
9.40
9.41
9.41
9.42
9.43
9.42
9.43
9.42
9.41
9.42
9.42
9.42
9.41
9.42
9.42
9.42
9.42
9.42
9.42
9.42
9.41
9.41
9.41
9.41
9.40
9.40
9.40
9.40
9.40
9.40
9.40
9.40
9.39
9.39
9.40
9.40
9.39
9.39
9.38
9.37
9.38
9.38
9.38
9.38
9.38
9.38
9.38
9.37
9.37
9.37
9.36
9.36
9.36
9.35
9.36
9.36
9.35
9.36
9.36
9.36
9.36
9.36
9.35
9.35
9.35
9.34
9.33
9.33
