48.44
53.12
54.17
53.12
53.44
52.34
51.34
51.37
51.04
50.78
50.99
50.65
50.00
49.89
49.90
50.10
50.37
50.17
49.92
50.31
50.52
50.78
50.07
50.13
50.25
50.48
50.17
50.17
49.78
49.95
50.00
49.61
49.62
49.36
49.38
49.26
49.03
48.68
48.48
48.36
48.44
48.21
48.18
48.44
48.51
48.61
48.70
48.60
48.47
48.56
48.56
48.56
48.53
48.44
48.38
48.47
48.44
48.41
48.36
48.44
48.59
48.69
48.64
48.73
48.85
48.89
48.95
48.85
48.85
48.82
48.75
48.81
48.80
48.75
48.85
48.75
48.66
48.58
48.56
48.55
48.46
48.51
48.51
48.47
48.40
48.22
48.10
48.21
48.24
48.18
48.16
48.11
48.20
48.15
48.03
48.10
48.23
48.26
48.33
48.25
48.19
48.21
48.19
48.30
48.32
48.26
48.23
48.22
48.28
48.28
48.31
48.28
48.22
48.23
48.37
48.32
48.30
48.34
48.38
48.40
48.39
48.48
48.56
48.63
48.59
48.64
48.68
48.61
48.57
48.55
48.57
48.59
48.67
48.62
48.61
48.69
48.62
48.66
48.65
48.65
48.71
48.69
48.68
48.62
48.61
48.59
48.52
48.51
48.50
48.50
48.50
48.47
48.50
48.48
48.48
48.46
48.43
48.39
48.43
48.42
48.41
48.48
48.46
48.46
48.50
48.57
48.58
48.56
48.61
48.59
48.55
48.54
48.50
48.54
48.55
48.55
48.51
48.54
48.52
48.53
48.56
48.53
48.52
48.44
48.45
48.45
48.45
48.48
48.41
48.39
48.35
48.35
48.37
48.42
48.41
48.36
48.33
48.39
48.41
48.41
48.41
48.43
48.46
48.47
48.49
48.43
48.40
48.39
48.38
48.39
48.35
48.35
48.33
48.29
48.27
48.26
48.26
48.27
48.27
48.25
48.23
48.23
48.22
48.22
48.24
48.28
48.28
48.27
48.23
48.21
48.19
48.13
48.14
48.14
48.14
48.08
48.06
48.07
48.05
48.03
48.02
48.06
48.05
47.97
47.95
47.99
47.98
47.96
47.95
47.96
47.97
47.94
47.94
47.93
47.94
48.00
48.02
47.99
48.02
48.03
48.11
48.09
48.06
48.06
48.10
48.13
48.12
48.10
48.12
48.11
48.07
48.10
48.10
48.06
48.03
48.05
48.08
48.04
48.03
48.02
48.01
47.97
47.97
47.95
47.96
47.93
47.96
47.97
47.93
47.95
47.94
47.95
47.96
47.92
47.90
47.89
47.91
47.88
47.85
47.85
47.85
47.86
47.85
47.85
47.86
47.87
47.86
47.86
47.85
47.84
47.83
47.85
47.87
47.87
47.86
47.88
47.89
47.88
47.86
47.88
47.87
47.90
47.88
47.87
47.85
47.87
47.88
47.89
47.87
47.84
47.84
47.83
47.84
47.84
47.82
47.81
47.80
47.79
47.80
47.79
47.77
47.78
47.76
47.77
47.79
47.78
47.80
47.81
47.79
47.79
47.78
47.81
47.81
47.81
47.83
47.86
47.85
47.85
47.83
47.83
47.81
47.82
47.82
47.86
47.84
47.84
47.81
47.84
47.84
47.82
47.81
47.80
47.80
47.79
47.80
47.79
47.75
47.78
47.77
47.82
47.86
47.86
47.88
47.88
47.85
47.85
47.85
47.85
47.84
47.85
47.86
47.86
47.87
47.87
47.86
47.84
47.86
47.85
47.83
47.85
47.87
47.85
47.87
47.88
47.87
47.87
47.87
47.88
47.89
47.88
47.86
47.88
47.88
47.87
47.87
47.85
47.88
47.89
47.90
47.94
47.95
47.95
47.93
47.94
47.95
47.98
47.96
47.98
47.96
47.94
47.94
47.95
47.96
47.97
47.96
47.98
47.96
47.96
47.98
47.98
47.98
47.96
47.98
47.99
48.00
48.00
47.99
48.01
48.00
48.00
47.99
48.02
48.01
48.03
48.02
47.99
48.00
48.01
47.99
48.01
47.99
48.00
48.01
47.98
47.99
47.99
47.99
47.97
47.98
47.96
47.98
47.96
47.97
47.98
47.98
47.95
47.96
47.97
47.97
47.97
47.97
47.98
47.97
47.96
47.97
47.97
47.97
47.99
47.99
47.99
48.00
48.01
48.00
48.01
48.02
48.01
48.03
48.04
48.04
48.02
48.00
48.01
48.00
48.00
48.02
48.02
48.02
48.01
47.99
47.98
47.98
47.99
47.99
47.97
47.97
47.98
47.98
47.99
47.99
47.99
47.98
48.00
48.04
48.01
48.01
48.03
48.02
47.99
47.98
48.00
48.02
48.04
48.04
48.03
48.05
48.04
48.04
48.05
48.05
48.03
48.04
48.05
48.04
48.04
48.03
48.03
48.03
48.05
48.06
48.05
48.06
48.05
48.04
48.06
48.07
48.06
48.06
48.06
48.08
48.07
48.06
48.06
48.05
48.04
48.06
48.06
48.08
48.09
48.09
48.09
48.10
48.08
48.10
48.10
48.09
48.10
48.10
48.11
48.10
48.11
48.10
48.10
48.11
48.11
48.12
48.11
48.08
48.08
48.08
48.07
48.07
48.08
48.08
48.07
48.07
48.08
48.06
48.07
48.06
48.06
48.06
48.06
48.06
48.05
48.04
48.04
48.03
48.03
48.04
48.07
48.06
48.05
48.06
48.05
48.07
48.06
48.06
48.07
48.07
48.08
48.07
48.07
48.06
48.06
48.05
48.06
48.04
48.05
48.05
48.04
48.04
48.05
48.05
48.05
48.04
48.04
48.03
48.02
48.03
48.05
48.05
48.05
48.05
48.04
48.04
48.04
48.06
48.06
48.05
48.05
48.05
48.04
48.04
48.03
48.03
48.01
48.02
48.02
48.03
48.02
48.02
48.03
48.02
48.02
48.02
48.03
48.03
48.03
48.05
48.07
48.05
48.06
48.07
48.06
48.06
48.08
48.08
48.08
48.09
48.10
48.08
48.08
48.08
48.08
48.08
48.08
48.09
48.08
48.08
48.09
48.08
48.09
48.09
48.09
48.09
48.11
48.10
48.11
48.12
48.12
48.12
48.12
48.12
48.12
48.12
48.12
48.12
48.13
48.12
48.11
48.10
48.11
48.12
48.11
48.12
48.10
48.11
48.10
48.09
48.10
48.09
48.09
48.09
48.11
48.10
48.08
48.08
48.07
48.08
48.07
48.06
48.05
48.03
48.05
48.05
48.05
48.06
48.08
48.09
48.10
48.11
48.10
48.11
48.12
48.11
48.11
48.12
48.13
48.12
48.12
48.12
48.12
48.12
48.11
48.12
48.12
48.12
48.12
48.10
48.09
48.09
48.10
48.09
48.09
48.09
48.08
48.08
48.07
48.07
48.06
48.06
48.07
48.08
48.07
48.08
48.09
48.09
48.09
48.09
48.08
48.07
48.02
