3.12
5.47
4.17
3.52
3.75
3.91
4.02
4.69
4.51
4.22
4.26
3.91
3.85
3.68
3.75
3.71
3.58
3.56
3.62
3.75
3.87
3.84
3.80
3.84
3.81
3.79
3.88
3.91
3.93
4.11
4.03
3.96
3.98
4.04
4.11
4.04
3.97
3.95
3.93
3.95
4.12
4.13
4.14
4.15
4.13
4.08
4.09
4.10
4.08
4.06
4.07
4.06
4.07
4.02
4.03
3.99
3.97
4.07
4.10
4.14
4.23
4.21
4.14
4.15
4.18
4.21
4.31
4.27
4.30
4.33
4.27
4.28
4.28
4.31
4.29
4.38
4.36
4.33
4.29
4.30
4.32
4.31
4.29
4.33
4.32
4.32
4.29
4.26
4.27
4.24
4.19
4.16
4.18
4.24
4.23
4.18
4.19
4.19
4.25
4.27
4.25
4.26
4.26
4.24
4.20
4.20
4.19
4.20
4.20
4.16
4.19
4.20
4.20
4.19
4.17
4.16
4.15
4.14
4.12
4.13
4.13
4.15
4.13
4.12
4.10
4.09
4.07
4.08
4.11
4.07
4.09
4.08
4.06
4.08
4.10
4.08
4.07
4.08
4.06
4.06
4.07
4.04
4.02
4.03
4.02
4.03
4.02
4.02
4.03
4.02
4.03
4.07
4.06
4.09
4.08
4.08
4.06
4.05
4.04
4.06
4.06
4.05
4.08
4.12
4.12
4.11
4.10
4.09
4.08
4.08
4.09
4.09
4.07
4.08
4.06
4.05
4.08
4.07
4.09
4.11
4.10
4.10
4.10
4.10
4.10
4.11
4.10
4.11
4.11
4.10
4.09
4.08
4.08
4.08
4.08
4.08
4.07
4.06
4.06
4.06
4.06
4.05
4.05
4.04
4.05
4.05
4.06
4.06
4.06
4.04
4.03
4.03
4.03
4.02
4.02
4.02
4.01
4.01
4.01
4.01
3.99
3.98
3.97
3.98
3.98
3.97
3.98
3.97
3.98
3.97
3.96
3.94
3.94
3.93
3.93
3.95
3.96
3.95
3.97
3.97
3.96
3.98
3.97
3.96
3.96
3.96
3.99
4.00
4.00
4.01
4.02
4.01
4.00
4.00
4.00
4.00
4.00
4.01
4.02
4.03
4.03
4.03
4.03
4.02
4.01
4.01
3.99
3.99
3.98
3.99
3.98
3.98
3.98
3.99
3.98
3.97
3.98
3.98
3.98
3.97
3.96
3.97
3.98
3.98
3.98
3.98
3.98
4.00
3.99
3.98
3.98
3.99
4.00
4.03
4.02
4.01
4.01
4.01
4.00
4.00
4.00
3.99
3.99
3.98
3.98
3.97
3.96
3.96
3.95
3.94
3.94
3.93
3.92
3.92
3.93
3.94
3.95
3.96
3.95
3.95
3.94
3.97
3.98
3.97
3.96
3.95
3.95
3.95
3.96
3.94
3.95
3.95
3.94
3.95
3.96
3.94
3.93
3.93
3.93
3.94
3.93
3.92
3.93
3.93
3.92
3.92
3.93
3.92
3.94
3.93
3.93
3.92
3.93
3.93
3.92
3.92
3.91
3.91
3.91
3.91
3.91
3.90
3.89
3.90
3.90
3.90
3.90
3.90
3.89
3.88
3.87
3.87
3.88
3.88
3.89
3.89
3.89
3.88
3.88
3.88
3.87
3.88
3.87
3.87
3.86
3.86
3.86
3.86
3.86
3.86
3.87
3.86
3.87
3.87
3.86
3.86
3.86
3.86
3.85
3.84
3.83
3.83
3.83
3.83
3.82
3.81
3.82
3.82
3.82
3.81
3.82
3.83
3.82
3.82
3.82
3.82
3.82
3.82
3.82
3.83
3.84
3.84
3.84
3.86
3.86
3.86
3.86
3.86
3.85
3.84
3.84
3.84
3.85
3.85
3.84
3.83
3.84
3.84
3.83
3.83
3.84
3.84
3.84
3.84
3.84
3.84
3.83
3.83
3.83
3.83
3.83
3.82
3.82
3.82
3.82
3.82
3.82
3.82
3.82
3.82
3.82
3.83
3.82
3.82
3.82
3.82
3.81
3.81
3.82
3.82
3.82
3.84
3.84
3.84
3.84
3.84
3.84
3.84
3.84
3.85
3.85
3.84
3.84
3.84
3.84
3.84
3.84
3.84
3.84
3.84
3.84
