14.06
15.62
17.19
14.45
15.31
15.62
16.29
16.21
16.15
16.72
17.33
17.45
17.43
17.75
18.02
18.55
18.11
18.23
18.17
18.20
18.68
18.32
18.21
17.71
17.81
17.91
17.65
17.63
17.67
17.60
17.54
17.33
17.52
17.42
17.50
17.49
17.65
17.80
17.55
17.54
17.57
17.60
17.77
17.76
17.88
17.66
17.72
17.51
17.57
17.56
17.43
17.40
17.36
17.45
17.39
17.35
17.30
17.30
17.32
17.32
17.32
17.39
17.49
17.36
17.24
17.28
17.21
17.21
17.19
17.21
17.25
17.38
17.34
17.27
17.31
17.31
17.41
17.39
17.37
17.34
17.42
17.36
17.30
17.26
17.22
17.13
17.13
17.17
17.10
17.08
17.08
17.14
17.20
17.20
17.22
17.25
17.25
17.24
17.23
17.31
17.26
17.25
17.29
17.31
17.28
17.31
17.35
17.36
17.33
17.29
17.33
17.31
17.34
17.30
17.32
17.35
17.29
17.27
17.32
17.29
17.30
17.32
17.26
17.33
17.29
17.32
17.31
17.35
17.30
17.28
17.27
17.32
17.34
17.29
17.28
17.31
17.31
17.28
17.25
17.30
17.36
17.34
17.33
17.34
17.28
17.27
17.30
17.29
17.26
17.24
17.21
17.21
17.21
17.22
17.19
17.18
17.17
17.20
17.25
17.26
17.27
17.23
17.24
17.27
17.24
17.24
17.23
17.26
17.29
17.25
17.25
17.20
17.24
17.26
17.28
17.32
17.28
17.30
17.28
17.30
17.30
17.28
17.26
17.24
17.24
17.23
17.27
17.24
17.25
17.21
17.16
17.24
17.24
17.24
17.25
17.24
17.24
17.26
17.26
17.28
17.27
17.27
17.27
17.29
17.31
17.32
17.35
17.32
17.34
17.32
17.32
17.30
17.28
17.25
17.26
17.29
17.29
17.27
17.27
17.27
17.26
17.26
17.24
17.21
17.22
17.23
17.27
17.26
17.27
17.32
17.32
17.32
17.31
17.31
17.28
17.27
17.27
17.28
17.24
17.27
17.27
17.25
17.25
17.28
17.27
17.26
17.25
17.24
17.23
17.21
17.22
17.24
17.24
17.26
17.24
17.27
17.27
17.25
17.24
17.23
17.22
17.22
17.21
17.22
17.20
17.21
17.21
17.23
17.24
17.25
17.27
17.29
17.29
17.29
17.32
17.31
17.30
17.29
17.32
17.32
17.32
17.34
17.35
17.36
17.37
17.35
17.34
17.36
17.36
17.39
17.39
17.40
17.43
17.40
17.41
17.40
17.43
17.42
17.40
17.42
17.41
17.44
17.46
17.46
17.47
17.48
17.46
17.48
17.48
17.47
17.44
17.43
17.43
17.43
17.45
17.42
17.42
17.41
17.40
17.41
17.42
17.43
17.43
17.43
17.42
17.44
17.42
17.40
17.41
17.37
17.40
17.39
17.41
17.39
17.41
17.41
17.41
17.43
17.42
17.41
17.41
17.41
17.40
17.42
17.42
17.44
17.43
17.45
17.44
17.43
17.42
17.43
17.44
17.46
17.45
17.43
17.43
17.44
17.47
17.48
17.48
17.48
17.49
17.48
17.47
17.46
17.44
17.43
17.42
17.43
17.44
17.45
17.44
17.45
17.46
17.46
17.46
17.43
17.45
17.44
17.44
17.43
17.46
17.46
17.45
17.43
17.42
17.43
17.43
17.42
17.44
17.45
17.46
17.46
17.44
17.45
17.43
17.42
17.41
17.40
17.38
17.37
17.37
17.39
17.40
17.40
17.39
17.41
17.42
17.41
17.42
17.40
17.40
17.42
17.42
17.42
17.42
17.43
17.42
17.42
17.43
17.45
17.45
17.44
17.44
17.44
17.45
17.46
17.46
17.44
17.42
17.43
17.43
17.44
17.44
17.43
17.42
17.40
17.40
17.39
17.38
17.39
17.39
17.40
17.39
17.38
17.39
17.40
17.41
17.42
17.43
17.43
17.43
17.41
17.42
17.41
17.43
17.42
17.42
17.42
17.41
17.42
17.41
17.41
17.41
17.42
17.41
17.41
17.41
17.40
17.39
17.36
17.34
17.35
17.35
17.35
17.35
17.35
17.33
17.33
17.33
17.36
17.37
17.37
17.38
17.41
17.40
17.38
17.38
17.38
17.38
17.39
17.38
17.39
17.38
17.37
17.38
17.38
17.38
17.39
17.37
17.37
17.35
17.35
17.34
17.34
17.36
17.38
17.38
17.39
17.39
17.37
17.38
17.38
17.37
17.38
17.39
17.40
17.41
17.42
17.42
17.41
17.41
17.39
17.39
17.39
17.38
17.39
17.39
17.39
17.37
17.36
17.37
17.37
17.36
17.37
17.37
17.37
17.38
17.38
17.37
17.37
17.37
17.35
17.34
17.33
17.34
17.33
17.33
17.33
17.33
17.32
17.33
17.33
17.33
17.31
17.31
17.32
17.32
17.34
17.34
17.36
17.35
17.35
17.34
17.34
17.35
17.34
17.36
17.36
17.37
17.37
17.37
17.36
17.37
17.36
17.37
17.37
17.37
17.37
17.39
17.39
17.38
17.37
17.37
17.36
17.38
17.38
17.38
17.39
17.39
17.39
17.42
17.40
17.39
17.38
17.37
17.37
17.37
17.36
17.37
17.37
17.36
17.39
17.38
17.38
17.39
17.37
17.37
17.37
17.37
17.38
17.39
17.38
17.37
17.35
17.35
17.34
17.34
17.35
17.36
17.37
17.37
17.37
17.36
17.37
17.38
17.39
17.38
17.38
17.39
17.38
17.37
17.38
17.38
17.37
17.37
17.36
17.37
17.36
17.36
17.36
17.36
17.36
17.37
17.37
17.36
17.37
17.37
17.37
17.37
17.37
17.36
17.36
17.35
17.36
17.36
17.35
17.36
17.37
17.36
17.37
17.37
17.39
17.38
17.38
17.37
17.37
17.37
17.37
17.38
17.38
17.38
17.39
17.39
17.39
17.38
17.38
17.38
17.38
17.37
17.38
17.38
17.38
17.38
17.38
17.38
17.38
17.38
17.38
17.38
17.38
17.38
17.37
17.37
17.37
17.37
17.36
17.35
17.36
17.36
17.35
17.35
17.33
17.33
17.33
17.33
17.33
17.34
17.33
17.33
17.33
17.34
17.33
17.32
17.32
17.32
17.32
17.32
17.32
17.31
17.31
17.31
17.31
17.31
17.31
17.31
17.32
17.32
17.32
17.32
17.32
17.34
17.34
17.34
17.35
17.34
17.35
17.35
17.36
17.35
17.35
17.35
17.34
17.34
17.35
17.36
17.37
17.36
17.38
17.39
17.40
17.40
17.40
17.40
17.42
17.42
17.42
17.42
17.43
17.41
17.41
17.42
17.42
17.42
17.42
17.41
17.41
17.42
17.41
17.41
17.42
17.42
17.41
17.39
17.40
17.41
17.40
17.39
17.39
17.39
17.38
