1.56
0.78
0.52
0.39
0.62
1.04
0.89
0.78
0.69
0.78
0.71
0.65
0.60
0.56
0.52
0.59
0.64
0.61
0.82
0.86
0.82
0.78
0.82
0.78
0.75
0.78
0.87
0.84
0.81
0.78
0.81
0.78
0.76
0.78
0.80
0.78
0.80
0.82
0.88
0.86
0.84
0.89
0.94
0.99
1.01
0.99
1.00
1.01
1.02
1.06
1.04
1.02
1.03
1.07
1.05
1.03
1.01
1.00
0.98
0.99
1.00
1.01
0.99
0.98
0.96
0.95
0.93
0.92
0.93
0.94
0.92
0.91
0.94
0.95
0.94
0.93
0.91
0.92
0.91
0.92
0.91
0.90
0.88
0.89
0.90
0.91
0.90
0.91
0.90
0.90
0.91
0.90
0.91
0.90
0.89
0.88
0.87
0.88
0.87
0.86
0.85
0.86
0.86
0.86
0.86
0.85
0.88
0.88
0.87
0.87
0.86
0.89
0.90
0.90
0.90
0.90
0.91
0.95
0.95
0.94
0.94
0.95
0.94
0.93
0.93
0.92
0.92
0.92
0.91
0.91
0.91
0.90
0.89
0.89
0.89
0.88
0.89
0.88
0.88
0.88
0.88
0.87
0.86
0.87
0.86
0.86
0.85
0.84
0.84
0.84
0.86
0.85
0.85
0.85
0.86
0.85
0.85
0.85
0.85
0.85
0.84
0.85
0.84
0.84
0.85
0.85
0.84
0.84
0.84
0.84
0.83
0.84
0.84
0.84
0.84
0.83
0.84
0.83
0.84
0.83
0.83
0.82
0.82
0.82
0.81
0.81
0.81
0.81
0.82
0.81
0.81
0.81
0.81
0.81
0.80
0.80
0.79
0.79
0.79
0.78
0.79
0.79
0.79
0.79
0.79
0.78
0.79
0.80
0.80
0.80
0.79
0.79
0.79
0.79
0.78
0.78
0.78
0.78
0.78
0.77
0.77
0.77
0.78
0.77
0.77
0.77
0.77
0.77
0.76
0.77
0.76
0.76
0.76
0.77
0.76
0.77
0.76
0.76
0.76
0.76
0.75
0.76
0.77
0.76
0.78
0.77
0.78
0.79
0.78
0.78
0.78
0.78
0.78
0.78
0.78
0.79
0.80
0.80
0.80
0.80
0.80
0.79
0.79
0.79
0.78
0.78
0.78
0.78
0.77
0.77
0.77
0.76
0.76
0.76
0.77
0.77
0.77
0.77
0.77
0.77
0.77
0.77
0.77
0.77
0.77
0.78
0.78
0.78
0.78
0.78
0.78
0.78
0.78
0.78
0.77
0.78
0.77
0.77
0.77
0.77
0.77
0.77
0.77
0.77
0.77
0.77
0.77
0.77
0.78
0.78
0.78
0.78
0.77
0.77
0.77
0.78
0.77
0.77
0.77
0.78
0.77
0.79
0.79
0.79
0.79
0.79
0.78
0.79
0.79
0.79
0.78
0.79
0.79
0.79
0.78
0.79
0.79
0.80
0.79
0.79
0.79
0.79
0.79
0.79
0.79
0.79
0.79
0.79
0.79
0.79
0.79
0.79
0.79
0.79
0.79
0.79
0.79
0.79
0.79
0.79
0.78
0.79
0.79
0.79
0.79
0.79
0.80
0.80
0.80
0.79
0.79
0.79
0.79
0.79
0.79
0.79
0.79
0.79
0.79
0.79
0.78
0.78
0.78
0.78
0.78
0.79
0.79
0.79
0.79
0.79
0.80
0.80
0.80
0.80
0.80
0.80
0.80
0.80
0.80
0.80
0.79
0.79
0.79
0.79
0.79
0.79
0.78
0.79
0.78
0.78
0.78
0.79
0.79
0.79
0.79
0.79
0.79
0.78
0.78
0.78
0.78
0.78
0.78
0.77
0.77
0.77
0.77
0.77
0.77
0.77
0.77
0.77
0.77
0.77
0.77
0.77
0.77
0.77
0.77
0.77
0.77
0.77
0.78
0.78
0.78
0.78
0.78
0.78
0.78
0.78
0.78
0.78
0.78
0.78
0.78
0.78
0.78
0.77
0.77
0.78
0.78
0.78
0.78
0.77
0.77
0.77
0.77
0.77
0.77
0.76
0.76
0.76
0.76
0.76
0.76
0.76
0.76
0.76
0.76
0.76
0.75
0.76
0.76
0.76
0.76
0.76
0.76
0.76
0.76
0.76
0.76
0.76
0.76
0.76
0.76
0.76
0.76
0.77
0.77
0.77
0.77
0.77
0.76
0.77
0.76
0.77
0.77
0.77
0.77
0.77
0.76
0.77
0.77
0.77
0.77
0.77
0.77
0.77
0.76
0.77
0.76
0.76
0.76
0.76
0.77
0.77
0.76
0.76
0.76
0.76
0.76
0.76
0.76
0.75
0.75
0.75
0.75
0.75
0.75
0.75
0.75
0.75
0.75
0.75
0.75
0.75
0.75
0.76
0.75
0.75
0.75
0.75
0.75
0.75
0.75
0.75
0.75
0.75
0.75
0.75
0.75
0.75
0.74
0.74
0.74
0.74
0.74
0.74
0.74
0.74
0.74
0.74
0.74
0.74
0.74
0.74
0.73
0.73
0.73
0.73
0.73
0.73
0.73
0.73
0.73
0.73
0.73
0.73
0.73
0.73
0.73
0.73
0.73
0.73
0.73
0.73
0.72
0.73
0.73
0.73
0.73
0.73
0.73
0.73
0.73
0.73
0.73
0.73
0.73
0.73
0.73
0.73
0.73
0.73
0.73
0.73
0.73
0.73
0.73
0.74
0.74
0.74
0.74
0.74
0.74
0.73
0.73
0.73
0.73
0.73
0.73
0.73
0.73
0.73
0.73
0.73
0.73
0.73
0.73
0.73
0.73
0.73
0.73
0.73
0.73
0.73
0.72
0.72
0.72
0.72
0.72
0.72
0.72
0.72
0.72
0.72
0.72
0.72
0.72
0.72
0.72
0.72
0.72
0.72
0.72
0.72
0.72
0.72
0.72
0.72
0.72
0.72
0.72
0.72
0.72
0.72
0.72
0.72
0.72
0.72
0.72
0.72
0.72
0.72
0.73
0.72
0.73
0.73
0.73
0.72
0.73
0.73
0.73
0.72
0.72
0.72
0.72
0.72
0.72
0.72
0.72
0.72
0.72
0.72
0.72
0.72
0.72
0.72
0.72
0.72
0.72
0.72
0.72
0.72
0.72
0.72
0.72
0.72
0.72
0.72
0.72
0.72
0.72
0.72
0.72
0.72
0.72
0.72
0.72
0.72
0.72
0.72
0.72
0.72
0.72
0.72
0.72
0.72
0.72
0.72
0.72
0.72
0.72
0.72
0.72
0.72
0.72
0.72
0.72
0.72
0.72
0.73
0.72
0.72
0.72
0.72
0.72
0.72
0.72
0.72
0.72
0.72
0.72
0.72
0.72
0.72
0.72
0.72
0.72
0.72
0.72
0.72
0.72
0.72
0.72
0.72
0.72
0.72
0.72
0.72
0.72
0.72
