12.50
17.19
17.19
16.02
14.69
14.06
13.17
13.67
13.37
13.44
12.64
12.50
12.38
13.17
12.92
13.28
13.05
13.19
13.24
13.20
13.17
12.93
13.04
13.15
12.81
12.92
12.91
13.11
12.98
13.07
12.90
12.65
12.55
12.59
12.59
12.46
12.54
12.66
12.70
12.77
12.92
12.83
12.83
12.86
12.95
12.84
12.83
12.63
12.50
12.50
12.53
12.59
12.62
12.62
12.59
12.50
12.50
12.37
12.37
12.47
12.45
12.40
12.30
12.30
12.36
12.36
12.31
12.34
12.39
12.41
12.41
12.46
12.50
12.56
12.52
12.48
12.50
12.52
12.50
12.42
12.56
12.60
12.56
12.61
12.61
12.63
12.55
12.54
12.54
12.60
12.60
12.62
12.62
12.60
12.55
12.52
12.52
12.45
12.44
12.41
12.36
12.39
12.36
12.35
12.28
12.28
12.28
12.28
12.34
12.34
12.30
12.35
12.38
12.35
12.32
12.42
12.46
12.47
12.39
12.34
12.36
12.31
12.28
12.25
12.34
12.30
12.29
12.28
12.31
12.28
12.25
12.28
12.28
12.29
12.29
12.28
12.28
12.22
12.26
12.31
12.27
12.21
12.24
12.26
12.31
12.33
12.30
12.31
12.31
12.33
12.30
12.36
12.35
12.36
12.37
12.37
12.33
12.35
12.38
12.37
12.35
12.36
12.36
12.33
12.38
12.40
12.40
12.36
12.33
12.33
12.33
12.34
12.36
12.37
12.34
12.38
12.36
12.39
12.37
12.34
12.33
12.32
12.34
12.34
12.31
12.32
12.32
12.35
12.34
12.32
12.30
12.31
12.27
12.27
12.24
12.24
12.27
12.29
12.29
12.30
12.31
12.33
12.35
12.35
12.36
12.36
12.32
12.29
12.31
12.29
12.31
12.30
12.33
12.34
12.30
12.29
12.26
12.25
12.24
12.22
12.20
12.16
12.14
12.14
12.15
12.15
12.14
12.14
12.12
12.13
12.11
12.10
12.12
12.09
12.11
12.12
12.11
12.09
12.08
12.07
12.07
12.08
12.08
12.11
12.09
12.11
12.09
12.08
12.05
12.03
12.01
12.01
11.99
12.02
12.02
11.99
12.00
12.01
12.02
12.02
12.00
11.99
11.97
11.99
11.96
11.94
11.96
11.97
11.97
11.97
11.98
11.97
11.96
11.99
11.97
11.95
11.95
11.94
11.93
11.93
11.92
11.93
11.91
11.90
11.89
11.88
11.91
11.92
11.93
11.92
11.93
11.92
11.91
11.91
11.91
11.90
11.91
11.92
11.94
11.97
11.99
11.99
11.99
11.99
11.99
11.96
11.97
11.98
11.98
11.98
12.01
12.00
12.01
11.99
11.99
11.99
12.03
12.02
12.01
12.00
11.99
12.01
12.01
12.03
12.02
12.00
11.99
12.00
11.99
11.98
11.96
11.94
11.93
11.93
11.94
11.93
11.95
11.96
11.96
11.95
11.95
11.96
11.96
11.97
11.96
11.98
11.97
11.97
11.98
12.00
11.99
12.01
12.01
12.00
12.02
12.02
12.04
12.02
12.03
12.03
12.01
11.99
11.99
11.97
11.97
11.96
11.97
11.97
11.98
11.99
12.02
12.01
12.01
12.01
12.01
12.01
11.99
12.00
12.01
12.00
12.01
12.00
11.99
11.98
11.97
11.96
11.97
11.96
11.96
11.95
11.94
11.94
11.94
11.92
11.94
11.95
11.96
11.96
11.96
11.95
11.95
11.95
11.95
11.94
11.93
11.93
11.93
11.91
11.92
11.91
11.89
11.87
11.85
11.85
11.85
11.85
11.84
11.85
11.84
11.85
11.84
11.84
11.83
11.82
11.81
11.81
11.80
11.78
11.78
11.80
11.79
11.80
11.78
11.77
11.79
11.79
11.78
11.79
11.80
11.78
11.78
11.78
11.77
11.77
11.77
11.76
11.77
11.77
11.77
11.77
11.76
11.76
11.77
11.76
11.77
11.75
11.76
11.76
11.75
11.75
11.75
11.74
11.74
11.75
11.75
11.75
11.74
11.73
11.74
11.73
11.71
11.71
11.70
11.70
11.71
11.72
11.72
11.72
11.72
11.71
11.71
11.71
11.70
11.71
11.71
11.71
11.71
11.71
11.71
11.71
11.71
11.71
11.70
11.70
11.70
11.72
11.72
11.72
11.72
11.72
11.72
11.71
11.71
11.73
11.73
11.72
11.71
11.72
11.72
11.72
11.71
11.71
11.71
11.72
11.72
11.74
11.75
11.75
11.76
11.76
11.79
11.79
11.79
11.78
11.77
11.77
11.78
11.77
11.77
11.77
11.78
11.77
11.76
11.77
11.76
11.76
11.77
11.78
11.77
11.78
11.78
11.77
11.77
11.77
11.76
11.76
11.76
11.75
11.74
11.74
11.75
11.75
11.75
11.75
11.74
11.74
11.73
11.72
11.72
11.71
11.72
11.72
11.71
11.70
11.71
11.70
11.72
11.72
11.73
11.73
11.73
11.74
11.75
11.75
11.75
11.75
11.74
11.74
11.73
11.72
11.72
11.72
11.72
11.72
11.71
11.72
11.71
11.72
11.73
11.73
11.72
11.73
11.75
11.75
11.74
11.74
11.73
11.73
11.74
11.74
11.74
11.73
11.73
11.73
11.73
11.72
11.72
11.72
11.72
11.73
11.73
11.72
11.73
11.73
11.73
11.73
11.74
11.75
11.75
11.76
11.76
11.76
11.77
11.77
11.76
11.77
11.77
11.77
11.77
11.77
11.77
11.77
11.76
11.77
11.77
11.77
11.78
11.77
11.77
11.76
11.75
11.75
11.75
11.75
11.76
11.77
11.76
11.76
11.76
11.76
11.77
11.77
11.77
11.77
11.77
11.77
11.78
11.78
11.78
11.78
11.79
11.78
11.77
11.77
11.77
11.77
11.77
11.77
11.77
11.77
11.76
11.76
11.76
11.77
11.77
11.76
11.76
11.75
11.75
11.75
11.75
11.76
11.77
11.76
11.77
11.77
11.77
11.78
11.78
11.79
11.79
11.79
11.78
11.78
11.78
11.78
11.78
11.79
11.78
11.77
11.78
11.78
11.79
11.79
11.79
11.79
11.79
11.79
11.79
11.78
11.78
11.77
11.77
11.77
11.77
11.76
11.76
11.76
11.77
11.77
11.77
11.78
11.78
11.78
11.78
11.78
11.78
11.78
11.79
11.79
11.79
11.79
11.79
11.79
11.79
11.79
11.78
11.78
11.79
11.79
11.80
11.79
11.80
11.80
11.79
11.80
11.80
11.80
11.79
11.79
11.78
11.77
11.78
11.79
11.79
11.78
11.78
11.79
11.78
11.78
11.78
11.79
11.79
11.79
11.79
11.79
11.80
11.79
11.78
11.79
11.78
11.78
11.78
11.78
11.78
11.78
11.78
11.78
11.78
11.78
11.78
11.77
