0.00
0.78
0.52
0.39
0.94
0.78
1.34
1.37
1.39
1.25
1.28
1.30
1.20
1.12
1.04
1.07
1.01
0.95
0.90
0.86
0.82
0.78
0.75
0.72
0.69
0.72
0.75
0.73
0.70
0.78
0.76
0.73
0.71
0.74
0.71
0.69
0.72
0.70
0.68
0.66
0.69
0.67
0.65
0.64
0.66
0.68
0.66
0.65
0.77
0.75
0.77
0.75
0.80
0.78
0.80
0.81
0.79
0.78
0.77
0.81
0.82
0.81
0.82
0.81
0.79
0.78
0.77
0.76
0.79
0.78
0.79
0.80
0.79
0.78
0.79
0.78
0.79
0.80
0.81
0.80
0.81
0.80
0.81
0.82
0.88
0.87
0.86
0.85
0.84
0.85
0.84
0.83
0.82
0.81
0.81
0.80
0.79
0.78
0.77
0.77
0.76
0.75
0.74
0.77
0.79
0.78
0.77
0.78
0.80
0.81
0.82
0.82
0.82
0.81
0.80
0.82
0.83
0.82
0.81
0.81
0.81
0.81
0.81
0.82
0.83
0.82
0.81
0.81
0.81
0.83
0.82
0.84
0.83
0.83
0.83
0.83
0.82
0.82
0.81
0.80
0.81
0.81
0.82
0.81
0.83
0.82
0.82
0.82
0.82
0.81
0.81
0.81
0.81
0.82
0.82
0.82
0.83
0.83
0.83
0.82
0.82
0.82
0.81
0.81
0.80
0.80
0.80
0.80
0.80
0.80
0.79
0.80
0.80
0.80
0.80
0.80
0.79
0.79
0.79
0.79
0.79
0.80
0.79
0.79
0.79
0.78
0.78
0.77
0.78
0.79
0.79
0.80
0.79
0.80
0.79
0.80
0.80
0.80
0.79
0.80
0.79
0.80
0.80
0.80
0.79
0.79
0.79
0.78
0.78
0.78
0.78
0.77
0.79
0.79
0.78
0.80
0.80
0.80
0.80
0.80
0.79
0.80
0.80
0.80
0.80
0.80
0.81
0.80
0.81
0.80
0.80
0.79
0.79
0.79
0.79
0.79
0.80
0.80
0.81
0.81
0.80
0.81
0.80
0.80
0.80
0.80
0.80
0.80
0.80
0.79
0.79
0.79
0.79
0.79
0.79
0.81
0.80
0.80
0.80
0.80
0.80
0.81
0.80
0.80
0.80
0.81
0.81
0.82
0.82
0.82
0.82
0.82
0.81
0.82
0.82
0.82
0.82
0.81
0.82
0.81
0.81
0.81
0.81
0.80
0.80
0.80
0.79
0.79
0.79
0.79
0.78
0.79
0.79
0.79
0.79
0.79
0.79
0.79
0.79
0.80
0.80
0.80
0.79
0.80
0.79
0.79
0.79
0.79
0.79
0.79
0.78
0.78
0.79
0.79
0.79
0.79
0.78
0.78
0.78
0.79
0.79
0.80
0.80
0.80
0.79
0.79
0.79
0.79
0.79
0.79
0.79
0.79
0.78
0.78
0.78
0.78
0.78
0.78
0.78
0.78
0.78
0.78
0.78
0.78
0.79
0.79
0.79
0.79
0.80
0.79
0.79
0.79
0.79
0.79
0.79
0.79
0.80
0.79
0.80
0.79
0.79
0.79
0.80
0.80
0.80
0.80
0.80
0.80
0.80
0.80
0.80
0.80
0.80
0.80
0.80
0.80
0.80
0.80
0.80
0.81
0.80
0.80
0.80
0.80
0.80
0.80
0.80
0.79
0.80
0.79
0.80
0.79
0.79
0.79
0.79
0.79
0.79
0.79
0.79
0.79
0.79
0.79
0.79
0.79
0.79
0.79
0.79
0.79
0.78
0.78
0.78
0.78
0.78
0.78
0.78
0.79
0.78
0.78
0.79
0.79
0.79
0.79
0.79
0.79
0.80
0.80
0.79
0.79
0.79
0.79
0.79
0.80
0.79
0.80
0.80
0.80
0.80
0.80
0.80
0.80
0.80
0.80
0.80
0.80
0.80
0.81
0.80
0.80
0.80
0.80
0.80
0.80
0.79
0.79
0.79
0.79
0.79
0.79
0.79
0.79
0.79
0.78
0.79
0.79
0.79
0.79
0.79
0.80
0.80
0.79
0.80
0.80
0.81
0.81
0.81
0.80
0.80
0.80
0.81
0.80
0.80
0.80
0.81
0.80
0.81
0.80
0.80
0.80
0.80
0.80
0.80
0.79
0.79
0.79
0.80
0.80
0.80
0.80
0.80
0.80
0.80
0.79
0.79
0.79
0.79
0.79
0.79
0.79
0.79
0.79
0.79
0.79
0.79
0.79
0.79
0.79
0.79
0.79
0.79
0.79
0.79
0.79
0.79
0.79
0.79
0.79
0.79
0.79
0.79
0.79
0.79
0.79
0.79
0.79
0.79
0.79
0.79
0.79
0.79
0.79
0.79
0.79
0.79
0.79
0.79
0.79
0.79
0.79
0.79
0.79
0.79
0.79
0.79
0.79
0.79
0.78
0.79
0.78
0.78
0.78
0.79
0.79
0.79
0.80
0.79
0.80
0.79
0.79
0.79
0.79
0.79
0.79
0.79
0.79
0.79
0.79
0.79
0.79
0.79
0.79
0.79
0.79
0.79
0.79
0.80
0.80
0.80
0.80
0.81
0.81
0.80
0.80
0.80
0.80
0.80
0.80
0.80
0.80
0.80
0.80
0.80
0.80
0.80
0.80
0.80
0.80
0.80
0.80
0.81
0.81
0.81
0.81
0.81
0.81
0.81
0.81
0.81
0.81
0.81
0.81
0.81
0.81
0.81
0.81
0.81
0.81
0.81
0.81
0.81
0.81
0.81
0.81
0.82
0.82
0.82
0.82
0.82
0.82
0.82
0.82
0.82
0.82
0.82
0.82
0.83
0.83
0.83
0.82
0.83
0.83
0.83
0.83
0.83
0.83
0.83
0.83
0.83
0.83
0.83
0.83
0.84
0.84
0.84
0.84
0.84
0.84
0.85
0.85
0.85
0.85
0.85
0.85
0.85
0.85
0.85
0.85
0.85
0.85
0.84
0.84
0.84
0.84
0.84
0.85
0.85
0.85
0.85
0.85
0.85
0.85
0.85
0.84
0.84
0.84
0.85
0.85
0.85
0.85
0.85
0.85
0.84
0.85
0.85
0.85
0.85
0.85
0.84
0.84
0.84
0.84
0.84
0.85
0.85
0.84
0.84
0.85
0.85
0.84
0.84
0.84
0.84
0.84
0.84
0.84
0.84
0.84
0.84
0.83
0.83
0.83
0.83
0.83
0.84
0.83
0.83
0.83
0.83
0.83
0.83
0.83
0.83
0.83
0.83
0.83
0.83
0.83
0.83
0.83
0.83
0.84
0.84
0.84
0.83
0.83
0.83
0.83
0.83
0.83
0.83
0.83
0.83
0.83
0.83
0.83
0.83
0.83
0.83
0.83
0.83
0.83
0.83
0.83
0.83
0.83
0.83
0.83
0.83
0.83
0.83
0.83
0.83
0.83
