81.25
82.81
81.77
80.08
81.25
82.55
82.59
83.01
82.64
82.66
82.53
82.29
81.97
81.81
81.46
81.64
81.71
81.51
81.66
82.03
81.92
81.89
81.79
81.84
82.00
81.97
81.94
81.92
81.90
81.77
81.70
81.79
81.91
81.89
81.92
81.99
82.05
81.99
82.05
82.03
81.97
82.03
82.01
81.96
81.94
81.76
81.78
81.87
81.70
81.69
81.77
81.82
81.87
81.89
81.93
82.06
82.18
82.19
82.18
82.08
82.22
82.18
82.22
82.20
82.14
82.20
82.07
82.10
82.11
82.17
82.13
82.18
82.15
82.09
82.08
82.09
82.14
82.21
82.12
82.05
82.14
82.22
82.23
82.31
82.37
82.38
82.40
82.42
82.37
82.43
82.45
82.37
82.39
82.46
82.55
82.49
82.51
82.49
82.47
82.44
82.41
82.37
82.39
82.41
82.43
82.41
82.40
82.44
82.50
82.40
82.39
82.34
82.34
82.28
82.34
82.34
82.31
82.31
82.27
82.27
82.33
82.38
82.25
82.26
82.24
82.30
82.30
82.34
82.38
82.39
82.48
82.49
82.45
82.40
82.45
82.40
82.42
82.40
82.43
82.42
82.40
82.41
82.43
82.49
82.52
82.51
82.47
82.47
82.49
82.48
82.45
82.44
82.43
82.43
82.38
82.37
82.36
82.37
82.38
82.35
82.39
82.41
82.41
82.43
82.43
82.36
82.34
82.31
82.31
82.34
82.34
82.29
82.24
82.25
82.25
82.27
82.28
82.29
82.29
82.28
82.35
82.31
82.30
82.32
82.30
82.32
82.34
82.37
82.38
82.41
82.41
82.41
82.39
82.35
82.36
82.37
82.35
82.36
82.32
82.33
82.31
82.36
82.36
82.35
82.32
82.35
82.38
82.34
82.36
82.34
82.35
82.36
82.37
82.38
82.40
82.39
82.43
82.40
82.40
82.36
82.36
82.37
82.35
82.35
82.32
82.32
82.30
82.32
82.34
82.32
82.37
82.35
82.34
82.36
82.37
82.35
82.34
82.32
82.29
82.29
82.27
82.26
82.29
82.31
82.29
82.29
82.30
82.30
82.23
82.22
82.20
82.18
82.16
82.15
82.12
82.11
82.08
82.09
82.08
82.09
82.09
82.08
82.09
82.10
82.07
82.08
82.08
82.08
82.05
82.01
81.99
81.97
81.99
82.00
81.99
82.00
81.98
81.97
81.96
81.98
81.98
81.99
81.97
81.98
81.98
81.98
81.98
82.00
82.00
82.00
82.01
82.00
82.02
82.00
82.00
82.03
82.02
82.02
82.02
82.02
82.02
82.04
82.02
82.04
82.01
82.01
82.01
82.02
82.03
82.04
82.04
82.04
82.05
82.05
82.06
82.06
82.04
82.05
82.04
82.04
82.05
82.07
82.07
82.08
82.07
82.05
82.03
82.04
82.04
82.03
82.05
82.03
82.01
82.02
82.02
82.04
82.01
82.01
82.01
82.03
82.03
82.01
82.02
82.00
82.00
81.98
81.97
81.95
81.96
81.98
81.96
81.98
81.98
81.97
81.99
82.00
81.98
81.98
81.98
81.98
81.96
81.94
81.92
81.91
81.93
81.93
81.94
81.93
81.94
81.94
81.95
81.94
81.95
81.95
81.93
81.93
81.93
81.93
81.93
81.94
81.92
81.95
81.92
81.94
81.92
81.92
81.94
81.93
81.92
81.93
81.93
81.93
81.92
81.91
81.93
81.94
81.95
81.95
81.94
81.92
81.93
81.92
81.95
81.95
81.96
81.97
81.97
81.96
81.96
81.96
81.97
81.96
81.98
81.98
82.00
82.02
82.01
82.01
81.99
81.99
81.98
81.98
81.97
81.99
82.00
82.01
82.00
82.01
82.02
82.03
82.04
82.03
82.03
82.02
82.01
82.01
82.02
82.00
82.00
82.00
82.01
82.01
82.00
82.00
81.99
82.00
81.98
81.98
82.00
81.99
81.98
81.98
81.98
81.98
81.98
82.00
82.01
82.02
82.01
82.02
82.03
82.03
82.01
82.02
82.02
82.03
82.02
82.00
82.00
82.01
82.02
82.02
82.04
82.04
82.05
82.04
82.05
82.06
82.07
82.06
82.06
82.05
82.04
82.04
82.01
82.01
82.02
82.01
82.01
82.02
82.02
82.01
82.01
82.02
82.03
82.03
82.04
82.03
82.05
82.04
82.05
82.07
82.06
82.06
82.06
82.05
82.05
82.05
82.05
82.04
82.03
82.03
82.02
82.03
82.04
82.05
82.05
82.06
82.06
82.04
82.03
82.00
82.01
82.02
82.03
82.03
82.03
82.04
82.04
82.02
82.03
82.03
82.01
82.00
82.01
82.01
81.99
82.00
81.99
81.99
81.98
81.97
81.97
81.97
81.98
81.97
81.98
81.99
81.99
81.99
81.98
81.98
81.97
81.98
81.98
81.97
81.96
81.95
81.93
81.93
81.94
81.95
81.94
81.94
81.95
81.96
81.96
81.95
81.96
81.98
81.99
81.99
81.99
82.01
82.00
81.99
81.99
81.98
81.97
81.98
81.99
81.99
82.00
82.00
81.99
81.99
81.97
81.97
81.98
81.97
81.98
81.97
81.97
81.97
81.97
81.97
81.97
81.98
81.96
81.97
81.96
81.95
81.94
81.95
81.95
81.94
81.95
81.95
81.95
81.94
81.94
81.93
81.93
81.93
81.93
81.94
81.94
81.95
81.95
81.96
81.96
81.96
81.96
81.95
81.96
81.97
81.98
81.98
81.97
81.96
81.97
81.98
81.97
81.98
81.98
81.98
81.98
81.98
81.98
81.97
81.97
81.96
81.96
81.96
81.96
81.96
81.97
81.98
81.98
81.97
81.96
81.97
81.98
81.96
81.95
81.96
81.95
81.94
81.95
81.95
81.95
81.96
81.95
81.94
81.94
81.94
81.95
81.94
81.93
81.95
81.95
81.95
81.96
81.95
81.95
81.95
81.95
81.96
81.97
81.97
81.97
81.97
81.97
81.97
81.97
81.97
81.98
82.00
82.00
82.00
82.01
82.01
82.01
82.00
82.01
82.00
82.01
82.01
81.99
81.99
81.98
81.99
82.00
82.01
82.02
82.02
82.02
82.00
81.99
81.99
82.00
82.00
82.00
82.00
82.01
82.02
82.01
82.01
82.00
81.99
81.98
81.97
81.98
81.99
81.98
81.99
81.99
82.00
81.99
82.00
81.99
82.01
82.01
82.01
81.99
82.00
81.99
82.00
82.00
82.00
81.99
81.99
81.99
81.99
81.99
81.99
81.99
81.99
82.00
82.00
82.00
82.01
82.01
82.01
82.01
82.02
82.01
82.02
82.02
82.03
82.03
82.04
82.03
82.04
82.03
82.02
82.02
82.01
82.02
82.03
82.02
82.03
82.03
82.02
82.02
82.03
82.02
82.02
82.02
82.03
82.02
81.94
