82.81
83.59
78.65
80.86
81.25
81.25
80.80
81.25
81.08
80.94
80.82
81.25
81.25
81.14
81.25
80.96
81.34
81.42
80.84
80.78
80.95
80.89
81.05
81.25
81.00
81.25
81.02
80.92
81.25
81.30
81.35
81.10
81.25
81.30
81.21
81.34
81.25
81.29
81.29
81.37
81.40
81.40
81.21
81.04
81.15
81.11
81.15
81.28
81.19
81.16
81.25
81.34
81.46
81.54
81.65
81.61
81.66
81.47
81.51
81.59
81.74
81.68
81.65
81.62
81.75
81.72
81.79
81.87
81.88
81.94
81.98
81.90
81.93
81.97
81.85
81.89
81.74
81.75
81.76
81.76
81.73
81.63
81.65
81.62
81.53
81.61
81.57
81.52
81.53
81.60
81.56
81.56
81.62
81.58
81.60
81.66
81.67
81.76
81.76
81.75
81.81
81.77
81.81
81.76
81.74
81.78
81.76
81.81
81.88
81.96
81.97
81.99
81.97
81.85
81.85
81.84
81.86
81.91
81.93
81.88
81.82
81.83
81.92
81.94
82.00
81.99
82.03
82.01
81.98
81.95
81.93
81.92
81.94
81.98
81.96
81.95
81.97
81.94
81.96
81.91
81.86
81.80
81.82
81.83
81.83
81.80
81.83
81.87
81.88
81.95
81.97
81.94
81.92
81.87
81.90
81.86
81.85
81.87
81.92
81.92
81.94
81.94
81.96
81.93
81.91
81.93
81.93
81.93
81.91
81.92
81.90
81.88
81.86
81.84
81.82
81.84
81.83
81.75
81.75
81.79
81.79
81.83
81.80
81.86
81.87
81.85
81.86
81.85
81.88
81.87
81.90
81.90
81.91
81.89
81.88
81.91
81.91
81.93
81.91
81.92
81.93
81.92
81.86
81.86
81.89
81.90
81.94
81.90
81.91
81.90
81.93
81.90
81.89
81.91
81.93
81.95
81.96
81.96
81.94
81.91
81.94
81.93
81.96
81.97
81.94
81.98
81.98
81.97
81.96
81.98
81.92
81.94
81.94
81.91
81.91
81.93
81.90
81.91
81.88
81.89
81.93
81.95
81.97
81.98
81.97
81.96
81.93
81.92
81.94
81.93
81.95
81.92
81.94
81.93
81.93
81.96
81.96
81.95
81.93
81.91
81.92
81.94
81.92
81.91
81.91
81.90
81.91
81.90
81.88
81.89
81.88
81.90
81.89
81.87
81.87
81.89
81.92
81.92
81.94
81.96
81.93
81.96
82.00
81.98
81.96
81.95
81.96
81.98
81.97
81.98
82.01
82.00
81.99
81.99
81.99
81.98
81.98
81.95
81.95
81.94
81.97
81.98
82.01
81.99
81.99
81.98
81.97
81.98
81.94
81.94
81.93
81.87
81.88
81.89
81.89
81.90
81.91
81.86
81.81
81.81
81.82
81.81
81.81
81.81
81.81
81.81
81.80
81.80
81.80
81.80
81.77
81.79
81.78
81.80
81.81
81.83
81.84
81.83
81.83
81.83
81.85
81.85
81.85
81.84
81.85
81.84
81.83
81.82
81.83
81.80
81.78
81.77
81.79
81.77
81.78
81.79
81.80
81.80
81.80
81.79
81.80
81.81
81.81
81.82
81.81
81.82
81.81
81.81
81.83
81.82
81.84
81.87
81.86
81.84
81.87
81.87
81.87
81.87
81.88
81.88
81.90
81.88
81.90
81.90
81.92
81.91
81.92
81.91
81.92
81.90
81.90
81.90
81.89
81.88
81.86
81.85
81.87
81.87
81.87
81.87
81.88
81.85
81.84
81.82
81.84
81.85
81.86
81.86
81.85
81.84
81.85
81.85
81.84
81.84
81.86
81.88
81.86
81.88
81.89
81.90
81.90
81.90
81.89
81.88
81.88
81.88
81.88
81.86
81.89
81.89
81.89
81.90
81.92
81.92
81.91
81.92
81.93
81.93
81.93
81.93
81.94
81.94
81.93
81.94
81.93
81.94
81.94
81.96
81.98
81.98
81.97
81.96
81.96
81.96
81.95
81.96
81.95
81.95
81.95
81.96
81.95
81.96
81.94
81.91
81.91
81.89
81.90
81.90
81.89
81.89
81.88
81.88
81.88
81.87
81.86
81.85
81.88
81.88
81.89
81.88
81.88
81.88
81.87
81.87
81.87
81.87
81.88
81.87
81.88
81.88
81.88
81.89
81.87
81.87
81.86
81.86
81.88
81.88
81.89
81.86
81.86
81.86
81.86
81.86
81.87
81.87
81.86
81.86
81.85
81.86
81.87
81.86
81.84
81.84
81.84
81.84
81.83
81.83
81.83
81.83
81.82
81.83
81.82
81.82
81.81
81.82
81.82
81.82
81.83
81.82
81.83
81.84
81.83
81.83
81.85
81.87
81.86
81.86
81.85
81.85
81.84
81.86
81.86
81.86
81.86
81.88
81.87
81.87
81.88
81.89
81.89
81.89
81.88
81.88
81.88
81.88
81.88
81.87
81.88
81.88
81.87
81.87
81.86
81.87
81.87
81.88
81.89
81.90
81.90
81.91
81.90
81.92
81.91
81.91
81.90
81.91
81.92
81.93
81.94
81.95
81.96
81.95
81.94
81.95
81.97
81.97
81.97
81.99
81.97
81.97
81.96
81.96
81.95
81.95
81.96
81.98
81.99
81.99
81.99
81.99
81.99
81.98
81.98
81.97
81.97
81.97
81.97
81.96
81.97
81.96
81.96
81.97
81.99
81.97
81.98
81.99
81.99
81.99
81.99
81.99
82.01
82.01
82.01
82.01
82.01
82.01
82.02
82.01
82.02
82.01
82.00
82.00
82.00
82.00
82.00
82.00
82.01
82.01
82.02
82.02
82.03
82.02
82.03
82.03
82.04
82.04
82.02
82.02
82.03
82.04
82.05
82.04
82.04
82.03
82.02
82.02
82.02
82.01
82.01
82.00
82.00
82.00
82.00
82.01
82.01
82.01
82.02
82.01
82.02
82.01
82.01
82.01
82.01
82.02
82.03
82.03
82.02
82.02
82.02
82.01
82.00
82.00
82.00
82.00
82.00
82.00
81.99
81.97
81.97
81.98
81.98
81.98
81.96
81.95
81.95
81.94
81.94
81.96
81.95
81.97
81.97
81.97
81.97
81.98
81.99
81.98
81.97
81.98
81.99
81.99
81.99
82.00
82.01
82.01
82.01
82.01
82.01
82.02
82.01
82.01
82.02
82.02
82.02
82.02
82.01
82.01
82.01
82.00
81.98
81.98
81.99
81.98
81.98
81.97
81.97
81.98
81.98
81.98
81.98
81.97
81.96
81.97
81.97
81.97
81.98
81.97
81.97
81.97
81.97
81.97
81.98
81.98
81.98
81.98
81.98
81.98
81.98
81.97
81.97
81.96
81.96
81.97
81.96
81.97
81.96
81.96
81.96
81.97
81.97
81.97
81.98
81.97
81.97
81.97
81.97
81.97
81.97
81.98
81.97
81.97
81.98
81.90
