4.69
6.25
6.25
5.08
5.62
5.47
5.58
5.27
5.38
5.16
5.26
5.47
6.01
5.92
6.04
6.05
5.97
5.90
5.84
5.78
5.80
5.89
5.91
5.92
5.88
5.83
5.79
5.75
5.82
5.68
5.54
5.52
5.59
5.51
5.36
5.34
5.32
5.35
5.25
5.20
5.11
5.10
5.09
5.15
5.24
5.26
5.29
5.27
5.23
5.38
5.36
5.47
5.60
5.70
5.68
5.69
5.67
5.68
5.67
5.70
5.81
5.85
5.80
5.81
5.87
5.82
5.83
5.74
5.73
5.69
5.68
5.64
5.63
5.60
5.54
5.49
5.48
5.45
5.40
5.35
5.38
5.43
5.44
5.45
5.42
5.38
5.44
5.50
5.51
5.45
5.48
5.47
5.48
5.45
5.46
5.49
5.44
5.50
5.49
5.52
5.57
5.56
5.61
5.60
5.62
5.65
5.65
5.70
5.69
5.67
5.67
5.68
5.71
5.74
5.73
5.77
5.74
5.73
5.75
5.73
5.69
5.70
5.70
5.71
5.79
5.80
5.84
5.88
5.87
5.87
5.84
5.84
5.89
5.89
5.90
5.91
5.90
5.88
5.88
5.89
5.90
5.90
5.90
5.89
5.87
5.89
5.89
5.88
5.87
5.88
5.89
5.89
5.87
5.86
5.87
5.86
5.86
5.85
5.90
5.88
5.86
5.86
5.85
5.89
5.92
5.90
5.90
5.92
5.95
5.94
5.92
5.90
5.90
5.90
5.90
5.90
5.89
5.89
5.88
5.87
5.85
5.88
5.87
5.84
5.84
5.86
5.87
5.87
5.87
5.86
5.85
5.85
5.83
5.81
5.81
5.81
5.81
5.82
5.80
5.79
5.78
5.81
5.80
5.80
5.79
5.79
5.80
5.81
5.83
5.86
5.84
5.82
5.81
5.80
5.81
5.82
5.81
5.80
5.80
5.81
5.80
5.82
5.83
5.86
5.84
5.85
5.88
5.87
5.86
5.86
5.87
5.88
5.86
5.86
5.86
5.87
5.85
5.83
5.83
5.83
5.82
5.82
5.84
5.84
5.84
5.83
5.85
5.84
5.84
5.84
5.85
5.87
5.87
5.91
5.90
5.88
5.89
5.87
5.88
5.88
5.87
5.87
5.87
5.88
5.89
5.90
5.89
5.89
5.88
5.87
5.90
5.88
5.90
5.88
5.88
5.88
5.88
5.88
5.89
5.89
5.92
5.91
5.90
5.89
5.91
5.91
5.89
5.88
5.87
5.86
5.86
5.86
5.86
5.85
5.84
5.85
5.83
5.84
5.84
5.84
5.84
5.83
5.84
5.84
5.83
5.82
5.81
5.80
5.82
5.82
5.83
5.85
5.85
5.85
5.85
5.84
5.85
5.85
5.84
5.83
5.82
5.81
5.80
5.81
5.80
5.80
5.82
5.82
5.84
5.84
5.84
5.84
5.83
5.81
5.83
5.83
5.82
5.82
5.82
5.81
5.81
5.80
5.82
5.82
5.82
5.82
5.82
5.80
5.80
5.79
5.79
5.79
5.81
5.80
5.80
5.79
5.79
5.78
5.77
5.78
5.77
5.77
5.76
5.77
5.77
5.77
5.76
5.77
5.77
5.76
5.76
5.77
5.77
5.76
5.75
5.75
5.74
5.74
5.73
5.73
5.72
5.72
5.72
5.73
5.74
5.74
5.75
5.74
5.74
5.74
5.76
5.75
5.76
5.77
5.75
5.75
5.75
5.75
5.75
5.75
5.74
5.74
5.73
5.74
5.74
5.74
5.74
5.76
5.77
5.76
5.77
5.77
5.77
5.77
5.76
5.76
5.76
5.77
5.77
5.77
5.78
5.80
5.79
5.79
5.79
5.78
5.78
5.78
5.79
5.79
5.81
5.81
5.81
5.82
5.82
5.83
5.84
5.84
5.83
5.83
5.85
5.84
5.85
5.85
5.84
5.84
5.84
5.83
5.84
5.84
5.84
5.84
5.84
5.83
5.83
5.83
5.83
5.84
5.84
5.84
5.84
5.83
5.83
5.83
5.82
5.82
5.83
5.84
5.84
5.84
5.85
5.85
5.85
5.85
5.86
5.85
5.85
5.85
5.86
5.86
5.86
5.87
5.87
5.87
5.88
5.87
5.88
5.88
5.88
5.88
5.87
5.88
5.88
5.88
5.89
5.89
5.89
5.88
5.89
5.89
5.89
5.89
5.89
5.89
5.89
5.89
5.88
5.87
5.87
5.87
5.86
5.86
5.86
5.87
5.87
5.87
5.87
5.86
5.86
5.88
5.87
5.87
5.87
5.87
5.87
5.86
5.85
5.85
5.84
5.83
5.83
5.83
5.84
5.84
5.84
5.84
5.85
5.84
5.84
5.83
5.83
5.83
5.83
5.84
5.83
5.82
5.83
5.82
5.81
5.81
5.80
5.81
5.82
5.82
5.82
5.82
5.82
5.82
5.83
5.84
5.85
5.84
5.84
5.85
5.85
5.84
5.84
5.85
5.85
5.84
5.85
5.85
5.84
5.84
5.84
5.83
5.83
5.83
5.83
5.83
5.83
5.83
5.84
5.85
5.84
5.83
5.83
5.83
5.82
5.82
5.81
5.81
5.81
5.81
5.81
5.81
5.81
5.81
5.80
5.80
5.80
5.79
5.79
5.78
5.78
5.78
5.77
5.76
5.77
5.78
5.77
5.77
5.77
5.77
5.77
5.77
5.78
5.77
5.78
5.77
5.77
5.77
5.77
5.77
5.77
5.77
5.76
5.76
5.77
5.76
5.76
5.76
5.77
5.77
5.77
5.76
5.77
5.77
5.76
5.75
5.75
5.76
5.75
5.75
5.74
5.74
5.74
5.74
5.74
5.74
5.74
5.74
5.73
5.73
5.73
5.73
5.72
5.72
5.71
5.71
5.71
5.71
5.71
5.71
5.71
5.71
5.71
5.70
5.71
5.70
5.70
5.71
5.71
5.72
5.72
5.72
5.72
5.72
5.73
5.73
5.72
5.73
5.73
5.73
5.73
5.75
5.74
5.74
5.74
5.74
5.74
5.74
5.75
5.75
5.75
5.75
5.75
5.75
5.74
5.75
5.75
5.75
5.75
5.75
5.75
5.75
5.75
5.75
5.75
5.75
5.74
5.74
5.75
5.75
5.75
5.75
5.75
5.75
5.76
5.75
5.76
5.77
5.76
5.77
5.77
5.77
5.77
5.77
5.77
5.77
5.77
5.77
5.77
5.78
5.78
5.77
5.78
5.78
5.78
5.78
5.78
5.79
5.79
5.79
5.79
5.79
5.79
5.79
5.80
5.80
5.80
5.80
5.80
5.80
5.80
5.80
5.80
5.81
5.81
5.80
5.80
5.80
5.81
5.81
5.81
5.82
5.81
5.81
5.81
5.81
5.80
5.80
5.80
5.80
5.80
5.81
5.81
5.81
5.81
5.81
5.81
5.80
