82.81
81.25
82.29
82.81
84.38
86.20
85.49
84.38
83.85
83.28
83.66
83.72
83.29
83.82
83.02
83.40
83.46
83.51
83.31
83.20
83.26
83.38
83.42
83.46
83.81
83.95
84.03
83.98
84.00
83.80
83.77
83.64
83.90
83.87
83.79
83.72
83.83
84.00
83.81
83.40
83.46
83.56
83.43
83.38
83.33
83.36
83.21
83.14
83.13
83.28
83.18
83.17
83.23
83.10
83.01
83.09
83.09
83.14
83.21
83.23
83.22
83.11
82.94
83.03
83.10
83.07
82.95
82.81
82.74
82.75
82.79
82.83
82.81
82.73
82.69
82.77
82.73
82.71
82.71
82.68
82.70
82.60
82.70
82.70
82.72
82.67
82.65
82.71
82.64
82.55
82.59
82.57
82.56
82.50
82.52
82.55
82.57
82.59
82.53
82.45
82.33
82.38
82.34
82.32
82.43
82.41
82.49
82.48
82.51
82.46
82.42
82.38
82.37
82.35
82.38
82.34
82.26
82.30
82.31
82.36
82.30
82.24
82.19
82.21
82.16
82.06
82.09
82.07
82.05
82.04
82.01
81.95
81.97
81.95
81.93
81.89
81.92
81.94
81.92
81.93
81.94
81.99
81.95
81.97
81.93
81.91
81.91
81.90
81.94
81.95
81.96
82.07
82.03
82.06
82.12
82.15
82.11
82.12
82.14
82.18
82.14
82.15
82.13
82.16
82.13
82.14
82.10
82.11
82.08
82.09
82.10
82.15
82.14
82.15
82.13
82.12
82.12
82.09
82.12
82.17
82.17
82.18
82.18
82.18
82.18
82.15
82.18
82.15
82.09
82.11
82.10
82.13
82.14
82.17
82.20
82.21
82.18
82.16
82.18
82.18
82.18
82.19
82.20
82.22
82.23
82.25
82.24
82.26
82.27
82.23
82.22
82.19
82.18
82.21
82.21
82.20
82.15
82.16
82.18
82.19
82.17
82.19
82.19
82.21
82.23
82.23
82.26
82.27
82.26
82.28
82.25
82.25
82.26
82.24
82.28
82.28
82.30
82.29
82.30
82.32
82.30
82.29
82.31
82.29
82.28
82.28
82.27
82.25
82.25
82.22
82.23
82.23
82.19
82.21
82.21
82.20
82.22
82.16
82.15
82.15
82.12
82.15
82.14
82.13
82.18
82.15
82.17
82.18
82.16
82.16
82.20
82.22
82.21
82.19
82.18
82.17
82.15
82.14
82.14
82.13
82.15
82.12
82.11
82.13
82.09
82.09
82.10
82.10
82.07
82.05
82.07
82.06
82.05
82.05
82.04
82.06
82.04
82.04
82.02
82.01
82.00
82.00
81.98
81.96
81.97
81.95
81.98
82.00
82.02
82.04
82.03
82.04
82.04
82.07
82.09
82.11
82.12
82.12
82.12
82.12
82.13
82.12
82.12
82.11
82.11
82.11
82.12
82.10
82.12
82.14
82.15
82.13
82.14
82.12
82.13
82.13
82.12
82.13
82.12
82.12
82.11
82.09
82.08
82.09
82.10
82.09
82.08
82.07
82.08
82.08
82.05
82.04
82.03
82.04
82.06
82.04
82.05
82.07
82.06
82.07
82.08
82.06
82.07
82.06
82.05
82.05
82.05
82.04
82.03
82.01
82.02
82.02
82.00
81.99
81.97
81.98
81.96
81.94
81.95
81.92
81.90
81.88
81.89
81.88
81.88
81.87
81.88
81.87
81.87
81.86
81.87
81.89
81.89
81.89
81.89
81.90
81.92
81.92
81.91
81.90
81.90
81.91
81.91
81.92
81.93
81.94
81.96
81.95
81.93
81.94
81.94
81.95
81.95
81.97
81.94
81.95
81.95
81.95
81.93
81.93
81.94
81.92
81.93
81.92
81.93
81.93
81.94
81.95
81.94
81.98
81.97
81.97
81.99
81.99
81.98
81.98
81.98
81.99
81.99
81.99
81.99
81.98
81.98
81.97
81.98
81.98
81.97
82.00
81.99
82.00
81.98
81.99
81.98
81.97
81.98
81.98
81.98
81.99
81.98
81.98
82.00
82.00
81.99
82.00
82.02
82.03
82.05
82.06
82.07
82.08
82.07
82.08
82.08
82.08
82.08
82.09
82.07
82.06
82.07
82.05
82.06
82.06
82.07
82.06
82.04
82.05
82.06
82.04
82.03
82.02
82.01
82.02
82.03
82.02
82.03
82.03
82.04
82.04
82.05
82.04
82.05
82.05
82.05
82.04
82.04
82.03
82.05
82.06
82.05
82.03
82.01
82.01
82.00
82.00
81.99
81.96
81.95
81.96
81.96
81.98
81.97
81.98
81.98
81.97
81.98
81.97
81.97
81.98
81.96
81.98
81.99
82.00
82.00
82.00
82.00
82.01
82.01
82.00
82.00
82.00
82.00
82.00
82.01
82.01
82.02
82.01
82.01
82.01
82.02
82.02
82.02
82.02
82.02
82.01
82.01
82.01
82.01
82.00
82.01
82.01
82.01
81.99
81.99
81.98
81.97
81.96
81.96
81.95
81.95
81.95
81.96
81.96
81.97
81.98
81.99
81.99
81.98
81.98
81.99
81.98
81.98
81.98
81.98
81.99
81.98
81.98
81.98
81.98
81.97
81.97
81.98
81.99
82.00
81.99
81.99
81.99
82.00
82.01
82.01
82.00
81.98
81.99
81.98
81.99
81.99
81.98
81.98
81.97
81.98
81.97
81.96
81.96
81.95
81.95
81.96
81.94
81.94
81.95
81.96
81.97
81.98
81.97
81.97
81.97
81.96
81.96
81.96
81.96
81.94
81.94
81.94
81.94
81.94
81.94
81.95
81.94
81.93
81.95
81.95
81.95
81.95
81.94
81.94
81.96
81.94
81.94
81.93
81.93
81.92
81.93
81.92
81.92
81.91
81.91
81.91
81.90
81.90
81.90
81.89
81.90
81.89
81.90
81.90
81.90
81.90
81.90
81.90
81.91
81.92
81.91
81.90
81.89
81.90
81.90
81.90
81.90
81.88
81.88
81.87
81.87
81.87
81.87
81.87
81.86
81.87
81.87
81.89
81.88
81.88
81.88
81.88
81.87
81.86
81.86
81.86
81.87
81.86
81.86
81.86
81.86
81.86
81.86
81.87
81.88
81.87
81.86
81.86
81.86
81.86
81.85
81.85
81.85
81.84
81.84
81.83
81.83
81.81
81.82
81.82
81.82
81.83
81.84
81.84
81.82
81.82
81.82
81.83
81.84
81.84
81.83
81.83
81.82
81.80
81.80
81.81
81.81
81.82
81.81
81.81
81.81
81.81
81.82
81.82
81.82
81.82
81.82
81.81
81.81
81.82
81.82
81.82
81.83
81.82
81.82
81.81
81.82
81.83
81.83
81.82
81.83
81.84
81.84
81.84
81.83
81.81
81.81
81.81
81.82
81.83
81.84
81.84
81.84
81.84
81.84
81.85
81.85
81.86
81.85
81.85
81.85
81.84
81.77
