51.56
54.69
54.69
56.64
54.69
53.65
54.91
55.08
55.38
56.25
56.25
56.25
55.17
55.25
54.90
54.69
54.78
54.69
55.18
55.31
55.21
55.40
55.43
55.27
55.44
55.53
55.73
55.75
56.03
56.15
55.95
56.05
56.16
56.34
56.52
56.51
56.76
56.74
56.77
56.91
56.82
56.81
56.76
56.82
56.77
56.73
56.82
56.67
57.05
57.19
57.26
57.39
57.40
57.38
57.50
57.59
57.59
57.89
57.81
57.84
57.81
57.71
57.64
57.69
57.52
57.58
57.81
57.95
57.90
57.95
57.99
57.99
58.09
58.07
58.19
58.08
58.20
58.29
58.37
58.42
58.35
58.38
58.40
58.26
58.18
58.14
58.17
58.24
58.16
58.04
58.00
58.12
58.10
58.10
58.03
58.07
58.05
58.08
58.02
58.09
58.11
58.03
58.04
57.96
57.92
57.83
57.80
57.74
57.86
57.76
57.76
57.67
57.74
57.73
57.72
57.70
57.67
57.67
57.73
57.72
57.74
57.80
57.83
57.74
57.80
57.80
57.76
57.78
57.76
57.85
57.86
57.91
57.82
57.79
57.73
57.71
57.71
57.69
57.66
57.73
57.80
57.79
57.83
57.75
57.76
57.75
57.79
57.77
57.79
57.79
57.74
57.73
57.70
57.74
57.74
57.73
57.66
57.65
57.60
57.60
57.62
57.63
57.63
57.63
57.66
57.69
57.71
57.74
57.75
57.72
57.69
57.76
57.70
57.67
57.65
57.68
57.64
57.61
57.63
57.65
57.67
57.63
57.68
57.68
57.73
57.69
57.70
57.70
57.77
57.81
57.83
57.92
57.94
57.95
57.92
57.95
57.92
57.92
57.92
57.94
57.94
57.97
57.98
58.03
58.01
58.05
58.08
58.01
57.96
57.96
58.03
58.02
57.99
57.97
57.94
57.88
57.89
57.93
57.91
57.93
57.95
57.99
58.01
58.04
58.04
58.08
58.12
58.10
58.09
58.08
58.06
58.08
58.05
58.03
57.99
57.99
57.98
57.96
57.94
57.98
57.96
57.95
57.94
57.90
57.93
57.96
57.94
57.94
57.95
57.91
57.91
57.91
57.89
57.87
57.87
57.81
57.85
57.81
57.79
57.79
57.79
57.80
57.79
57.81
57.77
57.79
57.75
57.72
57.73
57.75
57.77
57.73
57.78
57.80
57.78
57.77
57.80
57.81
57.78
57.75
57.75
57.76
57.75
57.76
57.74
57.71
57.72
57.75
57.77
57.76
57.76
57.76
57.78
57.74
57.75
57.75
57.72
57.71
57.69
57.68
57.68
57.70
57.69
57.72
57.69
57.69
57.69
57.69
57.66
57.65
57.64
57.63
57.63
57.63
57.64
57.64
57.64
57.63
57.60
57.59
57.59
57.58
57.58
57.57
57.52
57.52
57.52
57.55
57.49
57.51
57.52
57.52
57.50
57.50
57.50
57.49
57.48
57.44
57.43
57.45
57.44
57.45
57.45
57.43
57.42
57.43
57.44
57.47
57.46
57.49
57.49
57.51
57.54
57.54
57.54
57.54
57.54
57.54
57.53
57.52
57.51
57.50
57.49
57.49
57.52
57.52
57.51
57.48
57.47
57.46
57.44
57.46
57.44
57.41
57.41
57.40
57.39
57.37
57.39
57.40
57.38
57.37
57.37
57.40
57.39
57.40
57.39
57.38
57.38
57.40
57.41
57.40
57.40
57.42
57.42
57.43
57.43
57.44
57.44
57.43
57.40
57.41
57.40
57.39
57.40
57.41
57.42
57.42
57.43
57.41
57.41
57.40
57.39
57.37
57.36
57.33
57.35
57.35
57.35
57.37
57.35
57.36
57.37
57.37
57.36
57.37
57.37
57.36
57.34
57.30
57.32
57.33
57.31
57.27
57.27
57.27
57.27
57.28
57.27
57.27
57.27
57.26
57.24
57.24
57.22
57.22
57.24
57.23
57.23
57.22
57.21
57.21
57.24
57.25
57.24
57.20
57.20
57.21
57.18
57.17
57.21
57.20
57.21
57.20
57.22
57.23
57.25
57.26
57.27
57.25
57.26
57.26
57.26
57.26
57.27
57.25
57.23
57.22
57.21
57.21
57.19
57.19
57.16
57.16
57.15
57.14
57.16
57.18
57.17
57.18
57.21
57.22
57.23
57.22
57.21
57.21
57.21
57.19
57.18
57.19
57.20
57.23
57.23
57.23
57.22
57.23
57.23
57.23
57.26
57.27
57.28
57.28
57.29
57.30
57.31
57.30
57.30
57.32
57.32
57.32
57.32
57.34
57.35
57.36
57.36
57.35
57.34
57.35
57.36
57.37
57.35
57.37
57.37
57.36
57.35
57.35
57.33
57.31
57.32
57.31
57.30
57.30
57.30
57.30
57.29
57.30
57.30
57.27
57.27
57.28
57.28
57.28
57.30
57.30
57.30
57.29
57.28
57.30
57.32
57.33
57.34
57.35
57.34
57.34
57.33
57.32
57.32
57.32
57.31
57.31
57.30
57.30
57.31
57.30
57.29
57.31
57.31
57.31
57.29
57.32
57.32
57.32
57.32
57.33
57.33
57.32
57.32
57.32
57.35
57.35
57.36
57.36
57.37
57.37
57.37
57.37
57.38
57.36
57.36
57.38
57.38
57.37
57.36
57.37
57.38
57.40
57.41
57.40
57.40
57.39
57.39
57.38
57.37
57.37
57.37
57.37
57.39
57.39
57.38
57.39
57.40
57.40
57.41
57.41
57.40
57.40
57.40
57.41
57.41
57.40
57.40
57.39
57.38
57.37
57.36
57.36
57.36
57.36
57.35
57.37
57.38
57.37
57.38
57.38
57.39
57.37
57.37
57.36
57.36
57.37
57.37
57.37
57.37
57.38
57.37
57.38
57.39
57.40
57.39
57.38
57.38
57.38
57.37
57.37
57.37
57.37
57.38
57.40
57.40
57.41
57.41
57.41
57.41
57.40
57.40
57.41
57.39
57.39
57.41
57.41
57.41
57.41
57.39
57.37
57.37
57.37
57.39
57.39
57.39
57.39
57.39
57.39
57.38
57.38
57.38
57.40
57.39
57.38
57.39
57.38
57.38
57.39
57.39
57.38
57.39
57.40
57.39
57.40
57.41
57.41
57.41
57.40
57.40
57.39
57.38
57.38
57.38
57.37
57.38
57.37
57.39
57.38
57.38
57.37
57.37
57.39
57.40
57.41
57.41
57.42
57.41
57.42
57.41
57.41
57.40
57.40
57.39
57.39
57.39
57.38
57.38
57.39
57.38
57.39
57.40
57.40
57.39
57.41
57.40
57.40
57.39
57.40
57.40
57.41
57.40
57.41
57.42
57.42
57.41
57.42
57.43
57.42
57.43
57.42
57.40
57.40
57.40
57.41
57.42
57.41
57.41
57.41
57.40
57.39
57.38
57.39
57.40
57.39
57.39
57.40
57.38
57.33
