9.38
11.72
14.58
14.84
14.06
14.32
12.95
13.48
14.06
13.28
12.93
13.41
13.22
13.39
13.12
12.89
12.59
12.67
12.66
12.73
12.95
12.64
12.77
12.83
12.81
12.68
12.91
12.78
12.61
12.34
12.20
12.16
12.17
12.32
12.50
12.54
12.63
12.34
12.30
12.38
12.31
12.35
12.65
12.61
12.57
12.60
12.43
12.37
12.34
12.38
12.29
12.35
12.23
12.33
12.27
12.28
12.23
12.23
12.18
12.11
12.12
12.10
12.05
12.01
12.04
12.03
12.01
12.06
12.05
11.99
12.02
12.09
12.09
12.06
12.04
12.07
12.07
12.04
12.06
11.99
11.98
11.95
11.92
11.89
11.89
11.88
11.93
11.84
11.80
11.77
11.74
11.77
11.71
11.70
11.78
11.80
11.82
11.83
11.90
11.94
11.93
11.90
11.88
11.88
11.86
11.84
11.86
11.98
12.01
12.02
11.98
12.01
11.96
11.98
11.96
11.92
11.93
11.96
11.96
11.94
11.92
11.87
11.85
11.88
11.91
11.89
11.90
11.89
11.85
11.86
11.87
11.83
11.84
11.84
11.82
11.85
11.91
11.96
11.94
11.95
11.95
11.95
11.91
11.87
11.91
11.93
11.98
12.04
12.06
12.03
11.98
11.98
11.95
11.96
11.95
11.99
11.98
11.99
11.98
11.97
11.97
11.97
12.04
12.01
12.01
12.04
12.03
11.99
11.97
11.99
11.98
11.98
11.95
11.94
11.96
11.99
11.98
11.98
11.96
11.94
11.90
11.91
11.90
11.92
11.97
11.95
11.98
11.99
11.99
11.97
11.93
11.93
11.95
11.95
11.94
11.94
11.96
11.96
11.97
11.98
11.99
11.99
12.00
12.00
12.00
11.98
12.00
12.03
12.07
12.05
12.03
12.04
12.04
12.06
12.13
12.15
12.16
12.15
12.18
12.17
12.17
12.16
12.20
12.24
12.24
12.24
12.28
12.30
12.32
12.34
12.34
12.32
12.35
12.33
12.32
12.29
12.30
12.31
12.29
12.32
12.32
12.33
12.34
12.32
12.33
12.32
12.32
12.29
12.32
12.31
12.29
12.28
12.27
12.28
12.29
12.29
12.33
12.32
12.33
12.35
12.34
12.34
12.35
12.36
12.36
12.33
12.34
12.34
12.35
12.35
12.35
12.34
12.33
12.35
12.35
12.35
12.34
12.34
12.35
12.33
12.34
12.33
12.32
12.35
12.37
12.34
12.33
12.35
12.39
12.38
12.37
12.37
12.39
12.40
12.40
12.42
12.41
12.41
12.44
12.45
12.46
12.45
12.47
12.47
12.45
12.45
12.46
12.47
12.48
12.47
12.49
12.47
12.50
12.49
12.51
12.52
12.53
12.53
12.55
12.57
12.55
12.56
12.55
12.53
12.52
12.53
12.53
12.55
12.56
12.56
12.55
12.58
12.56
12.57
12.57
12.57
12.56
12.55
12.56
12.55
12.56
12.57
12.57
12.56
12.56
12.56
12.57
12.57
12.58
12.59
12.58
12.59
12.58
12.57
12.56
12.56
12.56
12.56
12.57
12.60
12.60
12.59
12.60
12.61
12.61
12.62
12.61
12.61
12.63
12.62
12.63
12.61
12.63
12.63
12.64
12.65
12.65
12.67
12.67
12.67
12.68
12.66
12.66
12.66
12.66
12.66
12.67
12.67
12.68
12.69
12.70
12.70
12.70
12.69
12.68
12.68
12.69
12.70
12.69
12.69
12.69
12.69
12.69
12.67
12.67
12.67
12.68
12.69
12.69
12.69
12.70
12.70
12.70
12.70
12.68
12.68
12.69
12.67
12.67
12.67
12.67
12.70
12.70
12.70
12.70
12.70
12.70
12.72
12.72
12.73
12.74
12.73
12.73
12.72
12.73
12.73
12.74
12.73
12.72
12.73
12.71
12.72
12.70
12.72
12.73
12.72
12.72
12.74
12.73
12.74
12.75
12.75
12.74
12.73
12.74
12.74
12.73
12.71
12.73
12.73
12.75
12.75
12.74
12.73
12.74
12.74
12.74
12.74
12.74
12.74
12.76
12.77
12.77
12.78
12.77
12.75
12.76
12.76
12.76
12.76
12.75
12.74
12.74
12.74
12.73
12.72
12.72
12.72
12.71
12.73
12.73
12.72
12.72
12.72
12.74
12.74
12.74
12.73
12.72
12.71
12.71
12.71
12.70
12.70
12.71
12.71
12.73
12.73
12.71
12.71
12.70
12.70
12.71
12.72
12.72
12.72
12.72
12.71
12.71
12.71
12.71
12.71
12.71
12.71
12.71
12.71
12.70
12.70
12.69
12.69
12.69
12.69
12.70
12.70
12.72
12.71
12.71
12.71
12.70
12.70
12.70
12.69
12.68
12.69
12.69
12.70
12.71
12.71
12.71
12.71
12.71
12.70
12.70
12.69
12.69
12.70
12.70
12.69
12.69
12.68
12.67
12.67
12.67
12.67
12.67
12.67
12.67
12.67
12.66
12.66
12.65
12.65
12.66
12.65
12.65
12.64
12.65
12.66
12.65
12.65
12.65
12.64
12.66
12.65
12.65
12.66
12.65
12.65
12.64
12.63
12.62
12.62
12.63
12.63
12.64
12.64
12.65
12.66
12.66
12.66
12.66
12.66
12.67
12.67
12.68
12.69
12.69
12.69
12.69
12.68
12.69
12.68
12.68
12.68
12.68
12.68
12.68
12.68
12.69
12.70
12.70
12.70
12.71
12.72
12.71
12.71
12.72
12.72
12.73
12.73
12.73
12.72
12.72
12.72
12.73
12.74
12.75
12.75
12.75
12.75
12.76
12.76
12.75
12.75
12.76
12.77
12.76
12.76
12.76
12.76
12.76
12.76
12.77
12.76
12.76
12.76
12.77
12.77
12.77
12.78
12.76
12.76
12.76
12.76
12.76
12.75
12.74
12.75
12.74
12.75
12.75
12.75
12.75
12.75
12.75
12.75
12.74
12.74
12.72
12.71
12.72
12.72
12.72
12.72
12.71
12.71
12.70
12.70
12.70
12.70
12.71
12.71
12.71
12.70
12.71
12.72
12.72
12.71
12.72
12.71
12.71
12.70
12.69
12.70
12.70
12.70
12.72
12.70
12.70
12.71
12.71
12.70
12.70
12.69
12.69
12.69
12.70
12.70
12.71
12.70
12.69
12.69
12.69
12.69
12.69
12.68
12.68
12.68
12.68
12.68
12.68
12.68
12.67
12.67
12.67
12.66
12.66
12.66
12.67
12.67
12.67
12.67
12.67
12.68
12.68
12.68
12.68
12.69
12.69
12.69
12.69
12.70
12.70
12.70
12.70
12.71
12.71
12.71
12.71
12.72
12.72
12.72
12.71
12.71
12.72
12.73
12.74
12.74
12.74
12.75
12.75
12.74
12.75
12.75
12.75
12.76
12.77
12.77
12.76
12.74
12.74
12.72
