7.81
7.81
7.81
7.42
5.94
5.99
6.03
6.05
5.90
5.78
5.54
5.34
5.29
5.36
5.10
4.88
4.87
4.77
4.69
4.69
4.76
4.62
4.62
4.56
4.62
4.81
4.98
4.91
5.01
5.10
5.04
5.03
4.92
4.87
4.87
4.86
4.81
4.81
4.81
4.84
4.88
4.91
4.94
4.97
5.00
5.06
4.95
4.95
5.01
5.00
4.99
4.93
4.95
4.92
4.86
4.91
4.93
4.98
4.95
4.97
4.89
4.86
4.84
4.81
4.86
4.78
4.76
4.85
4.85
4.80
4.75
4.71
4.71
4.75
4.75
4.79
4.75
4.71
4.69
4.73
4.69
4.65
4.65
4.61
4.61
4.65
4.67
4.69
4.67
4.70
4.70
4.67
4.69
4.74
4.74
4.74
4.69
4.69
4.67
4.69
4.70
4.69
4.67
4.72
4.73
4.72
4.73
4.75
4.76
4.74
4.74
4.73
4.73
4.76
4.77
4.78
4.77
4.75
4.77
4.77
4.75
4.76
4.76
4.76
4.79
4.79
4.79
4.77
4.76
4.82
4.84
4.84
4.82
4.80
4.84
4.87
4.87
4.88
4.84
4.87
4.84
4.85
4.84
4.84
4.83
4.83
4.82
4.79
4.82
4.83
4.83
4.83
4.81
4.81
4.81
4.84
4.87
4.87
4.87
4.86
4.88
4.87
4.86
4.89
4.91
4.91
4.90
4.91
4.90
4.94
4.97
4.98
5.01
5.00
4.99
4.98
4.97
5.00
4.99
5.02
5.04
5.03
5.01
5.02
5.02
5.02
5.01
5.01
5.00
4.99
5.01
5.00
5.02
5.02
5.00
4.98
4.98
4.99
4.99
4.98
4.98
4.99
4.99
4.97
4.96
4.98
4.97
4.97
4.96
4.97
4.98
4.97
4.95
4.99
4.98
4.96
4.96
4.95
4.95
4.94
4.93
4.93
4.93
4.92
4.90
4.89
4.87
4.87
4.87
4.90
4.90
4.90
4.90
4.89
4.90
4.89
4.89
4.88
4.89
4.90
4.91
4.89
4.87
4.87
4.86
4.86
4.86
4.89
4.89
4.88
4.89
4.91
4.90
4.91
4.90
4.91
4.90
4.91
4.90
4.89
4.89
4.92
4.93
4.92
4.92
4.93
4.92
4.94
4.95
4.95
4.96
4.97
4.97
4.98
4.99
4.99
5.01
5.00
5.00
5.01
5.00
5.00
4.99
5.00
5.01
5.01
5.00
5.02
5.02
5.04
5.05
5.05
5.06
5.06
5.04
5.04
5.03
5.03
5.02
5.02
5.02
5.01
5.02
5.01
4.99
4.99
5.00
5.00
5.01
5.03
5.02
5.03
5.03
5.04
5.03
5.03
5.02
5.02
5.02
5.02
5.02
5.01
5.02
5.03
5.02
5.01
5.02
5.03
5.01
5.02
5.04
5.04
5.04
5.04
5.03
5.02
5.02
5.03
5.02
5.02
5.01
5.02
5.02
5.00
5.00
5.00
5.00
4.99
4.98
4.97
4.97
4.96
4.95
4.95
4.95
4.95
4.95
4.97
4.96
4.99
4.99
4.99
4.98
4.98
4.98
4.97
4.98
4.98
4.97
4.96
4.96
4.96
4.96
4.96
4.97
4.97
4.96
4.96
4.96
4.97
4.97
4.97
4.97
4.96
4.96
4.95
4.95
4.94
4.96
4.98
4.99
4.98
4.98
4.98
4.99
5.00
5.00
4.99
4.99
4.98
4.98
4.98
4.97
4.97
4.97
4.95
4.96
4.97
4.96
4.97
4.96
4.97
4.98
4.97
4.98
4.98
4.98
4.98
4.99
5.00
5.01
5.02
5.01
5.00
5.00
5.00
4.99
4.99
5.00
5.00
5.00
4.99
4.99
4.98
4.97
4.98
4.98
4.98
4.97
4.98
4.98
4.97
4.96
4.97
4.96
4.95
4.95
4.94
4.94
4.93
4.93
4.92
4.93
4.92
4.93
4.92
4.93
4.94
4.95
4.95
4.94
4.93
4.94
4.95
4.95
4.95
4.95
4.95
4.97
4.96
4.96
4.95
4.95
4.96
4.96
4.96
4.96
4.96
4.95
4.95
4.96
4.97
4.96
4.96
4.95
4.95
4.95
4.96
4.95
4.95
4.95
4.95
4.96
4.95
4.95
4.96
4.95
4.95
4.95
4.95
4.94
4.94
4.94
4.94
4.94
4.96
4.96
4.95
4.94
4.94
4.94
4.94
4.94
4.94
4.93
4.94
4.94
4.93
4.93
4.93
4.94
4.94
4.94
4.94
4.94
4.94
4.94
4.93
4.93
4.92
4.92
4.91
4.91
4.91
4.91
4.91
4.92
4.92
4.92
4.92
4.92
4.92
4.92
4.93
4.92
4.92
4.92
4.92
4.92
4.93
4.93
4.93
4.92
4.93
4.93
4.93
4.93
4.93
4.93
4.92
4.92
4.92
4.91
4.91
4.91
4.91
4.91
4.91
4.91
4.91
4.91
4.91
4.91
4.92
4.93
4.93
4.93
4.93
4.93
4.93
4.93
4.93
4.94
4.94
4.94
4.94
4.93
4.93
4.93
4.93
4.93
4.93
4.93
4.93
4.94
4.93
4.93
4.92
4.93
4.92
4.91
4.91
4.91
4.91
4.91
4.91
4.91
4.91
4.91
4.91
4.91
4.91
4.91
4.91
4.91
4.92
4.92
4.93
4.92
4.91
4.92
4.92
4.92
4.92
4.92
4.92
4.92
4.92
4.92
4.91
4.92
4.92
4.92
4.91
4.91
4.91
4.92
4.92
4.92
4.91
4.91
4.91
4.92
4.93
4.92
4.92
4.92
4.92
4.91
4.92
4.92
4.92
4.92
4.91
4.91
4.91
4.92
4.92
4.92
4.93
4.94
4.93
4.94
4.94
4.93
4.93
4.92
4.92
4.92
4.91
4.91
4.91
4.90
4.91
4.91
4.90
4.90
4.89
4.89
4.89
4.88
4.88
4.89
4.89
4.89
4.88
4.89
4.89
4.88
4.89
4.89
4.90
4.89
4.90
4.90
4.90
4.90
4.90
4.90
4.90
4.89
4.89
4.89
4.89
4.89
4.88
4.89
4.89
4.89
4.89
4.88
4.88
4.88
4.88
4.88
4.88
4.89
4.89
4.89
4.89
4.89
4.89
4.89
4.89
4.88
4.89
4.88
4.88
4.88
4.88
4.88
4.88
4.88
4.87
4.87
4.86
4.87
4.87
4.87
4.87
4.87
4.86
4.86
4.86
4.87
4.87
4.87
4.87
4.88
4.87
4.87
4.87
4.86
4.87
4.86
4.87
4.87
4.87
4.88
4.88
4.88
4.89
4.89
4.90
4.90
4.90
4.90
4.89
4.89
4.90
4.89
4.89
4.89
4.89
4.88
4.88
4.88
4.88
4.88
4.88
4.87
4.87
