4.69
4.69
4.17
4.30
4.38
4.43
4.24
4.30
4.69
4.69
4.83
4.69
4.81
4.58
4.48
5.27
5.06
5.73
5.67
5.86
5.88
5.82
5.71
5.86
5.62
5.59
5.56
5.41
5.39
5.31
5.34
5.37
5.30
5.47
5.40
5.34
5.28
5.47
5.45
5.35
5.26
5.36
5.34
5.33
5.42
5.47
5.35
5.44
5.42
5.41
5.42
5.35
5.34
5.38
5.34
5.39
5.32
5.31
5.30
5.31
5.25
5.24
5.18
5.18
5.14
5.07
5.08
5.08
5.03
5.02
5.04
5.03
4.97
4.96
5.10
5.10
5.11
5.17
5.14
5.16
5.11
5.11
5.14
5.15
5.11
5.07
5.08
5.11
5.07
5.09
5.12
5.08
5.09
5.15
5.16
5.21
5.19
5.20
5.24
5.23
5.21
5.18
5.13
5.12
5.09
5.11
5.10
5.06
5.06
5.09
5.11
5.12
5.09
5.06
5.07
5.06
5.02
5.06
5.12
5.10
5.10
5.14
5.13
5.18
5.18
5.17
5.14
5.11
5.09
5.07
5.07
5.08
5.06
5.04
5.03
5.00
4.97
4.96
4.92
4.92
4.90
4.90
4.91
4.89
4.92
4.92
4.92
4.92
4.91
4.91
4.90
4.92
4.95
4.95
4.95
4.98
4.98
4.95
4.96
4.94
4.95
4.95
4.97
4.99
5.00
4.99
4.98
4.96
4.97
4.97
4.97
4.95
4.96
4.96
4.93
4.94
4.93
4.93
4.91
4.90
4.89
4.90
4.92
4.92
4.94
4.96
4.95
4.97
4.97
4.98
5.00
5.00
5.00
5.02
5.02
5.01
4.99
5.00
4.97
4.96
4.95
4.95
4.94
4.92
4.94
4.95
4.96
4.97
4.97
4.96
4.95
4.97
4.97
4.99
4.98
4.97
4.98
4.98
4.99
5.00
5.01
5.01
5.02
5.01
4.99
4.98
4.98
5.01
5.02
5.00
5.01
5.02
5.03
5.02
5.05
5.03
5.01
5.00
5.01
5.03
5.02
5.02
5.03
5.03
5.03
5.01
5.03
5.03
5.02
5.04
5.05
5.06
5.06
5.04
5.06
5.05
5.06
5.06
5.06
5.05
5.04
5.06
5.06
5.05
5.05
5.05
5.03
5.06
5.06
5.06
5.06
5.06
5.05
5.04
5.03
5.04
5.05
5.07
5.09
5.08
5.10
5.10
5.09
5.08
5.08
5.08
5.07
5.08
5.09
5.09
5.10
5.08
5.08
5.08
5.12
5.12
5.12
5.13
5.12
5.11
5.10
5.10
5.08
5.07
5.06
5.06
5.05
5.05
5.05
5.05
5.04
5.04
5.03
5.01
5.00
5.00
5.01
5.01
5.02
5.01
5.01
5.01
5.00
5.01
5.02
5.02
5.03
5.03
5.03
5.03
5.05
5.04
5.04
5.03
5.04
5.04
5.04
5.04
5.03
5.04
5.04
5.04
5.04
5.03
5.04
5.04
5.03
5.02
5.02
5.03
5.03
5.04
5.04
5.05
5.04
5.04
5.03
5.03
5.04
5.03
5.04
5.04
5.03
5.02
5.02
5.02
5.02
5.01
5.01
5.01
5.00
5.01
5.01
5.01
5.01
5.02
5.02
5.03
5.03
5.02
5.02
5.03
5.04
5.03
5.03
5.03
5.02
5.02
5.02
5.02
5.02
5.01
5.01
5.02
5.02
5.01
5.01
5.01
5.02
5.01
5.00
5.00
5.00
4.99
5.00
5.01
5.00
4.99
5.00
5.00
5.00
5.01
5.01
5.02
5.01
5.01
5.00
5.01
5.01
5.01
5.01
5.02
5.01
5.01
5.02
5.02
5.02
5.02
5.03
5.02
5.03
5.03
5.04
5.04
5.04
5.06
5.06
5.06
5.06
5.06
5.08
5.07
5.07
5.07
5.07
5.07
5.07
5.07
5.06
5.06
5.07
5.07
5.07
5.07
5.07
5.07
5.08
5.08
5.08
5.08
5.07
5.07
5.07
5.09
5.09
5.09
5.08
5.08
5.08
5.09
5.09
5.08
5.09
5.09
5.10
5.10
5.09
5.10
5.10
5.10
5.10
5.11
5.11
5.11
5.12
5.11
5.11
5.11
5.10
5.10
5.09
5.09
5.10
5.10
5.10
5.11
5.11
5.11
5.10
5.10
5.10
5.09
5.09
5.09
5.09
5.10
5.10
5.11
5.10
5.10
5.10
5.10
5.10
5.09
5.09
5.10
5.10
5.09
5.09
5.10
5.10
5.10
5.11
5.11
5.11
5.11
5.11
5.11
5.11
5.10
5.11
5.10
5.10
5.10
5.11
5.10
5.09
5.09
5.09
5.08
5.08
5.08
5.08
5.08
5.07
5.07
5.07
5.07
5.06
5.06
5.07
5.06
5.06
5.07
5.06
5.06
5.06
5.05
5.05
5.06
5.06
5.06
5.06
5.06
5.06
5.06
5.07
5.06
5.06
5.06
5.06
5.06
5.07
5.07
5.06
5.06
5.06
5.07
5.06
5.06
5.06
5.06
5.06
5.06
5.06
5.07
5.06
5.05
5.05
5.05
5.06
5.06
5.07
5.07
5.07
5.07
5.07
5.07
5.06
5.05
5.06
5.05
5.05
5.05
5.05
5.06
5.06
5.06
5.06
5.06
5.06
5.05
5.06
5.05
5.05
5.05
5.04
5.04
5.04
5.04
5.03
5.03
5.04
5.03
5.03
5.04
5.04
5.04
5.04
5.04
5.04
5.04
5.04
5.05
5.05
5.05
5.06
5.05
5.05
5.05
5.06
5.05
5.06
5.07
5.07
5.06
5.06
5.06
5.07
5.06
5.07
5.07
5.08
5.08
5.08
5.08
5.07
5.07
5.07
5.07
5.06
5.07
5.07
5.07
5.07
5.07
5.06
5.07
5.07
5.06
5.06
5.06
5.06
5.06
5.06
5.06
5.07
5.07
5.07
5.08
5.08
5.08
5.08
5.08
5.08
5.08
5.08
5.08
5.07
5.07
5.07
5.07
5.07
5.07
5.07
5.07
5.07
5.07
5.08
5.09
5.09
5.09
5.09
5.10
5.11
5.11
5.10
5.11
5.11
5.11
5.11
5.11
5.11
5.11
5.12
5.13
5.13
5.13
5.14
5.13
5.14
5.14
5.13
5.12
5.12
5.12
5.12
5.11
5.11
5.11
5.11
5.11
5.11
5.11
5.11
5.10
5.10
5.10
5.10
5.10
5.10
5.09
5.09
5.09
5.09
5.08
5.08
5.09
5.09
5.09
5.08
5.08
5.08
5.08
5.08
5.08
5.08
5.08
5.08
5.08
5.07
5.07
5.07
5.07
5.07
5.08
5.08
5.08
5.08
5.08
5.08
5.09
5.08
5.09
5.10
5.09
5.09
5.09
5.09
5.08
5.08
5.08
