6.25
10.16
11.98
12.89
13.44
13.02
13.62
13.48
13.37
14.22
14.35
14.71
15.02
14.84
14.69
14.55
15.07
15.28
15.21
15.23
15.18
14.99
14.95
14.65
14.44
14.18
14.41
14.51
14.44
14.37
14.36
14.50
14.58
14.89
14.82
14.89
14.61
14.35
14.42
14.57
14.75
14.99
14.90
14.74
14.69
14.81
14.73
14.78
14.86
14.81
14.74
14.75
14.92
14.87
14.91
14.82
14.83
14.92
14.86
14.77
14.78
14.79
14.91
14.82
14.81
14.65
14.58
14.68
14.74
14.67
14.70
14.82
14.81
14.80
14.83
14.76
14.67
14.58
14.70
14.65
14.58
14.60
14.53
14.56
14.56
14.48
14.42
14.47
14.40
14.44
14.41
14.40
14.35
14.31
14.41
14.39
14.42
14.38
14.38
14.34
14.31
14.38
14.41
14.38
14.36
14.37
14.30
14.28
14.33
14.33
14.36
14.33
14.33
14.35
14.35
14.33
14.36
14.30
14.23
14.19
14.17
14.22
14.19
14.21
14.21
14.12
14.20
14.20
14.22
14.23
14.21
14.20
14.22
14.20
14.19
14.20
14.27
14.29
14.30
14.35
14.31
14.26
14.28
14.31
14.39
14.43
14.40
14.40
14.40
14.40
14.44
14.44
14.40
14.45
14.40
14.39
14.42
14.43
14.39
14.41
14.46
14.46
14.49
14.49
14.56
14.56
14.56
14.56
14.55
14.53
14.58
14.59
14.59
14.55
14.54
14.57
14.58
14.58
14.53
14.54
14.49
14.47
14.49
14.45
14.46
14.47
14.46
14.51
14.52
14.51
14.54
14.53
14.54
14.50
14.50
14.47
14.44
14.43
14.42
14.41
14.42
14.49
14.49
14.47
14.47
14.49
14.50
14.50
14.53
14.52
14.51
14.52
14.51
14.47
14.48
14.46
14.45
14.43
14.40
14.40
14.41
14.39
14.38
14.39
14.39
14.36
14.39
14.38
14.36
14.35
14.38
14.39
14.38
14.38
14.38
14.37
14.38
14.35
14.38
14.39
14.40
14.39
14.39
14.37
14.37
14.37
14.40
14.38
14.37
14.37
14.40
14.39
14.43
14.43
14.42
14.39
14.42
14.41
14.43
14.45
14.46
14.44
14.42
14.40
14.41
14.39
14.42
14.42
14.41
14.41
14.41
14.41
14.38
14.37
14.35
14.37
14.38
14.38
14.38
14.39
14.39
14.39
14.38
14.37
14.38
14.36
14.35
14.34
14.34
14.36
14.37
14.39
14.38
14.36
14.36
14.33
14.35
14.37
14.36
14.34
14.34
14.33
14.34
14.35
14.32
14.31
14.32
14.31
14.31
14.30
14.32
14.31
14.30
14.31
14.31
14.33
14.31
14.32
14.33
14.32
14.31
14.31
14.30
14.33
14.33
14.35
14.32
14.32
14.30
14.30
14.29
14.29
14.30
14.30
14.31
14.30
14.28
14.27
14.28
14.26
14.26
14.28
14.28
14.29
14.32
14.32
14.31
14.33
14.32
14.31
14.30
14.30
14.31
14.29
14.29
14.29
14.27
14.27
14.27
14.28
14.28
14.30
14.30
14.34
14.33
14.34
14.31
14.29
14.29
14.29
14.29
14.31
14.32
14.33
14.33
14.32
14.32
14.31
14.32
14.33
14.34
14.33
14.32
14.31
14.29
14.30
14.32
14.33
14.34
14.33
14.35
14.35
14.35
14.35
14.36
14.36
14.38
14.37
14.37
14.37
14.39
14.40
14.40
14.38
14.39
14.37
14.36
14.36
14.36
14.35
14.36
14.35
14.37
14.35
14.37
14.35
14.36
14.37
14.39
14.39
14.40
14.39
14.39
14.38
14.38
14.38
14.37
14.38
14.39
14.41
14.41
14.41
14.41
14.40
14.40
14.39
14.39
14.40
14.40
14.41
14.41
14.40
14.39
14.40
14.41
14.42
14.44
14.45
14.46
14.47
14.47
14.47
14.48
14.46
14.46
14.45
14.46
14.45
14.43
14.43
14.41
14.44
14.45
14.44
14.43
14.43
14.44
14.46
14.46
14.47
14.47
14.47
14.47
14.45
14.47
14.46
14.48
14.48
14.49
14.49
14.48
14.48
14.49
14.49
14.48
14.47
14.48
14.49
14.49
14.48
14.49
14.49
14.50
14.50
14.51
14.50
14.51
14.52
14.55
14.54
14.56
14.55
14.55
14.57
14.56
14.56
14.55
14.55
14.58
14.58
14.58
14.59
14.58
14.59
14.59
14.60
14.60
14.61
14.60
14.60
14.59
14.60
14.60
14.60
14.61
14.60
14.62
14.63
14.64
14.64
14.64
14.65
14.66
14.66
14.65
14.65
14.66
14.66
14.67
14.66
14.67
14.68
14.67
14.66
14.66
14.67
14.67
14.67
14.66
14.66
14.66
14.65
14.64
14.65
14.65
14.65
14.65
14.64
14.65
14.64
14.65
14.64
14.63
14.63
14.63
14.63
14.64
14.65
14.64
14.65
14.65
14.65
14.66
14.66
14.66
14.65
14.64
14.65
14.66
14.66
14.66
14.65
14.66
14.66
14.67
14.67
14.66
14.64
14.65
14.65
14.65
14.66
14.67
14.67
14.67
14.67
14.68
14.68
14.68
14.67
14.68
14.68
14.67
14.67
14.65
14.65
14.65
14.65
14.64
14.64
14.64
14.64
14.65
14.66
14.65
14.64
14.63
14.63
14.62
14.61
14.61
14.60
14.61
14.61
14.61
14.61
14.62
14.62
14.61
14.62
14.62
14.62
14.62
14.61
14.61
14.62
14.60
14.60
14.60
14.59
14.60
14.59
14.59
14.59
14.59
14.58
14.57
14.58
14.57
14.57
14.57
14.57
14.57
14.57
14.57
14.59
14.58
14.57
14.57
14.57
14.58
14.57
14.56
14.55
14.54
14.53
14.52
14.52
14.52
14.51
14.53
14.54
14.54
14.54
14.54
14.54
14.53
14.53
14.53
14.52
14.52
14.52
14.51
14.51
14.52
14.54
14.55
14.55
14.55
14.54
14.54
14.53
14.54
14.53
14.53
14.54
14.55
14.55
14.54
14.55
14.56
14.55
14.55
14.55
14.56
14.55
14.56
14.56
14.56
14.55
14.56
14.56
14.56
14.56
14.57
14.58
14.57
14.57
14.57
14.57
14.57
14.57
14.56
14.57
14.57
14.57
14.58
14.58
14.59
14.58
14.59
14.58
14.58
14.58
14.58
14.57
14.58
14.57
14.57
14.59
14.58
14.58
14.58
14.58
14.59
14.59
14.58
14.59
14.58
14.59
14.58
14.58
14.58
14.58
14.58
14.56
14.56
14.56
14.56
14.57
14.57
14.58
14.59
14.58
14.58
14.58
14.59
14.59
14.58
14.59
14.58
14.57
14.58
14.58
14.58
14.58
14.57
14.56
14.56
14.56
14.55
14.54
