7.81
14.84
11.46
12.11
12.19
11.98
13.62
12.89
13.89
13.59
13.64
13.28
13.58
13.62
13.33
13.48
13.60
13.45
13.57
13.75
13.69
13.64
13.38
13.28
13.25
13.22
13.08
13.23
13.20
12.97
13.00
12.94
12.93
12.91
13.12
13.06
12.84
12.87
12.94
13.01
12.84
12.87
13.08
13.14
13.12
13.11
13.13
13.18
13.14
13.25
13.30
13.52
13.56
13.51
13.44
13.42
13.43
13.39
13.48
13.41
13.35
13.26
13.19
13.13
13.17
13.35
13.43
13.30
13.27
13.26
13.18
13.11
13.08
12.96
13.10
13.12
13.13
13.12
13.05
13.05
13.02
13.07
13.12
13.04
13.00
12.97
13.04
13.05
13.06
13.02
12.98
13.01
13.05
13.07
13.04
13.02
13.02
13.03
13.01
13.02
13.03
13.04
13.02
12.97
12.92
12.85
12.82
12.85
12.84
12.90
12.91
12.92
12.97
12.95
12.98
13.01
13.05
12.99
13.01
13.05
13.09
13.06
13.08
13.05
13.04
13.05
13.07
13.06
13.02
13.04
13.07
13.04
13.02
13.04
13.06
13.03
13.04
13.07
13.12
13.10
13.14
13.15
13.14
13.19
13.16
13.16
13.14
13.09
13.08
13.03
13.03
13.00
12.97
12.99
12.97
12.98
12.98
13.01
13.00
12.95
12.93
12.91
12.88
12.86
12.83
12.82
12.78
12.78
12.80
12.79
12.80
12.78
12.78
12.78
12.79
12.87
12.84
12.88
12.94
12.93
12.90
12.92
12.92
12.92
12.96
12.96
12.96
12.97
12.99
13.03
13.03
13.07
13.05
13.06
13.04
13.04
13.05
13.07
13.10
13.09
13.08
13.06
13.03
13.02
13.01
13.02
13.01
12.99
13.01
13.01
13.03
13.04
13.03
13.00
13.03
13.05
13.07
13.06
13.06
13.03
13.07
13.08
13.09
13.09
13.08
13.09
13.06
13.07
13.10
13.09
13.07
13.09
13.09
13.07
13.05
13.06
13.05
13.06
13.08
13.09
13.08
13.07
13.06
13.05
13.05
13.03
13.06
13.04
13.01
13.07
13.05
13.06
13.06
13.05
13.05
13.05
13.04
13.01
13.02
13.03
13.02
12.99
12.98
12.99
13.00
13.02
13.01
13.00
12.97
13.00
12.98
13.01
12.99
12.97
12.95
12.94
12.93
12.96
12.98
12.98
12.98
12.97
12.96
12.96
12.94
12.96
12.95
12.98
12.99
12.99
12.99
12.98
12.97
12.98
13.01
13.02
13.01
13.02
13.03
13.05
13.03
13.03
13.04
13.03
13.05
13.08
13.08
13.09
13.08
13.08
13.10
13.11
13.12
13.12
13.11
13.12
13.13
13.15
13.18
13.18
13.17
13.18
13.17
13.17
13.16
13.17
13.19
13.19
13.18
13.21
13.22
13.21
13.23
13.23
13.21
13.19
13.18
13.16
13.18
13.18
13.20
13.19
13.20
13.18
13.18
13.20
13.20
13.19
13.19
13.21
13.20
13.20
13.18
13.19
13.20
13.19
13.19
13.22
13.22
13.22
13.22
13.22
13.22
13.22
13.24
13.21
13.23
13.23
13.23
13.23
13.23
13.21
13.20
13.19
13.18
13.17
13.18
13.17
13.17
13.16
13.16
13.15
13.14
13.12
13.11
13.10
13.10
13.11
13.11
13.11
13.11
13.11
13.11
13.11
13.12
13.11
13.12
13.12
13.12
13.12
13.12
13.13
13.14
13.16
13.14
13.14
13.15
13.15
13.17
13.15
13.13
13.13
13.13
13.12
13.12
13.15
13.17
13.15
13.15
13.16
13.15
13.12
13.14
13.13
13.14
13.14
13.14
13.15
13.16
13.15
13.17
13.18
13.18
13.21
13.20
13.20
13.20
13.21
13.24
13.24
13.23
13.22
13.22
13.21
13.22
13.21
13.20
13.20
13.20
13.19
13.19
13.19
13.19
13.19
13.20
13.20
13.21
13.21
13.19
13.19
13.20
13.20
13.20
13.20
13.20
13.20
13.20
13.19
13.20
13.18
13.17
13.17
13.17
13.17
13.15
13.15
13.16
13.16
13.16
13.15
13.15
13.17
13.17
13.18
13.19
13.20
13.19
13.19
13.18
13.17
13.17
13.17
13.17
13.16
13.16
13.18
13.16
13.16
13.16
13.15
13.15
13.13
13.14
13.13
13.14
13.14
13.15
13.15
13.17
13.18
13.19
13.19
13.19
13.18
13.20
13.20
13.19
13.18
13.18
13.18
13.18
13.17
13.17
13.16
13.17
13.17
13.16
13.17
13.17
13.17
13.17
13.17
13.18
13.19
13.20
13.19
13.18
13.18
13.19
13.20
13.20
13.20
13.21
