81.25
82.03
81.25
82.81
81.56
82.03
83.04
83.01
82.64
82.19
82.24
82.81
82.21
82.37
82.08
81.64
81.89
82.20
82.07
81.72
81.77
81.75
81.86
81.64
81.88
82.15
82.29
82.48
82.33
82.24
82.21
82.37
82.15
82.08
82.28
82.34
82.35
82.44
82.49
82.54
82.58
82.51
82.63
82.49
82.43
82.20
82.28
82.16
82.14
82.12
82.05
81.94
82.08
82.12
82.07
82.14
82.07
82.14
81.89
81.93
82.07
82.06
82.09
82.15
82.31
82.39
82.32
82.26
82.20
82.14
82.09
82.18
82.19
82.12
82.08
82.11
82.04
82.07
82.20
82.29
82.33
82.26
82.25
82.22
82.19
82.14
82.11
82.10
82.04
82.14
82.07
82.13
82.11
82.11
82.06
82.08
82.06
82.10
82.15
82.11
82.13
82.18
82.24
82.24
82.25
82.16
82.17
82.16
82.15
82.13
82.11
82.13
82.16
82.13
82.05
82.02
82.00
81.99
82.04
82.07
82.06
82.08
82.06
81.98
82.04
82.08
82.09
82.08
82.09
82.08
82.13
82.15
82.17
82.10
82.16
82.12
82.16
82.14
82.16
82.21
82.20
82.24
82.24
82.20
82.18
82.13
82.16
82.08
82.13
82.11
82.18
82.16
82.16
82.19
82.22
82.25
82.23
82.17
82.16
82.14
82.09
82.06
82.06
82.09
82.13
82.11
82.17
82.15
82.19
82.22
82.24
82.25
82.26
82.20
82.25
82.25
82.25
82.21
82.14
82.16
82.18
82.20
82.21
82.19
82.17
82.20
82.22
82.18
82.19
82.21
82.23
82.24
82.25
82.27
82.29
82.25
82.23
82.26
82.24
82.24
82.23
82.24
82.27
82.26
82.21
82.23
82.27
82.26
82.26
82.25
82.26
82.25
82.26
82.27
82.30
82.27
82.22
82.22
82.22
82.19
82.23
82.22
82.24
82.23
82.23
82.25
82.23
82.23
82.24
82.24
82.22
82.23
82.24
82.22
82.20
82.18
82.18
82.12
82.09
82.05
82.03
82.03
82.04
82.05
82.03
82.04
81.98
82.01
82.03
82.04
82.03
82.02
82.05
82.06
82.00
82.02
82.03
82.05
82.04
82.04
82.04
82.01
82.02
82.03
82.02
82.01
82.02
82.01
82.03
82.02
82.00
82.00
82.02
82.00
81.98
82.00
82.01
82.01
81.99
81.98
81.95
81.95
81.96
81.95
81.98
82.00
82.00
82.01
82.04
82.08
82.07
82.05
82.01
82.00
82.00
82.03
82.02
82.03
82.01
82.03
82.05
82.06
82.06
82.05
82.07
82.07
82.07
82.06
82.03
82.00
82.02
82.04
82.04
82.05
82.05
82.07
82.09
82.10
82.10
82.10
82.11
82.11
82.10
82.07
82.08
82.08
82.10
82.10
82.09
82.09
82.10
82.08
82.08
82.09
82.09
82.10
82.10
82.10
82.13
82.13
82.13
82.12
82.12
82.13
82.15
82.16
82.17
82.17
82.17
82.17
82.18
82.16
82.17
82.16
82.17
82.17
82.16
82.17
82.18
82.16
82.17
82.17
82.17
82.18
82.18
82.20
82.19
82.19
82.19
82.20
82.21
82.20
82.21
82.19
82.20
82.21
82.23
82.25
82.24
82.23
82.24
82.24
82.24
82.25
82.24
82.23
82.24
82.24
82.25
82.25
82.23
82.21
82.20
82.20
82.20
82.16
82.17
82.20
82.19
82.16
82.15
82.15
82.16
82.15
82.13
82.14
82.14
82.12
82.10
82.10
82.12
82.11
82.13
82.14
82.16
82.16
82.16
82.16
82.16
82.17
82.16
82.17
82.15
82.15
82.15
82.16
82.16
82.17
82.18
82.18
82.20
82.19
82.20
82.21
82.21
82.22
82.23
82.23
82.22
82.21
82.22
82.21
82.21
82.21
82.22
82.21
82.20
82.22
82.23
82.23
82.22
82.21
82.22
82.22
82.22
82.21
82.21
82.21
82.19
82.18
82.17
82.17
82.16
82.16
82.17
82.17
82.15
82.16
82.17
82.19
82.19
82.19
82.19
82.20
82.19
82.20
82.20
82.20
82.20
82.21
82.22
82.21
82.19
82.19
82.20
82.20
82.19
82.18
82.19
82.18
82.17
82.16
82.15
82.14
82.13
82.12
82.14
82.16
82.16
82.15
82.15
82.14
82.14
82.14
82.15
82.15
82.14
82.15
82.16
82.15
82.14
82.14
82.15
82.15
82.15
82.14
82.14
82.14
82.14
82.14
82.14
82.16
82.16
82.17
82.17
82.17
82.18
82.19
82.20
82.20
82.20
82.20
82.19
82.20
82.18
82.18
82.17
82.17
82.16
82.17
82.17
82.18
82.19
82.18
82.18
82.18
82.18
82.18
82.18
82.17
82.17
82.18
82.17
82.18
82.18
82.16
82.16
82.14
82.15
82.14
82.16
82.15
82.13
82.14
82.13
82.13
82.12
82.15
82.15
82.16
82.16
82.17
82.17
82.17
82.16
82.15
82.14
82.13
82.13
82.12
82.12
82.11
82.12
82.12
82.13
82.13
82.14
82.15
82.14
82.13
82.14
82.14
82.13
82.13
82.13
82.13
82.13
82.12
82.13
82.14
82.15
82.16
82.16
82.15
82.15
82.15
82.15
82.13
82.14
82.14
82.13
82.13
82.13
82.12
82.11
82.12
82.11
82.12
82.12
82.12
82.11
82.12
82.10
82.09
82.08
82.08
82.08
82.09
82.07
82.06
82.06
82.05
82.05
82.04
82.03
82.04
82.03
82.04
82.04
82.04
82.05
82.04
82.04
82.04
82.05
82.06
82.05
82.05
82.05
82.04
82.02
82.03
82.03
82.02
82.02
82.01
82.01
82.00
82.00
82.00
82.02
82.01
82.03
82.03
82.04
82.03
82.03
82.03
82.03
82.03
82.03
82.03
82.03
82.02
82.01
82.02
82.02
82.01
82.02
82.02
82.03
82.03
82.03
82.03
82.03
82.03
82.03
82.01
81.98
81.97
81.98
81.98
81.98
81.98
81.99
81.98
81.97
81.98
81.97
81.97
81.97
81.97
81.97
81.96
81.97
81.97
81.96
81.97
81.98
81.97
81.98
81.98
81.98
81.98
81.98
81.98
81.98
81.98
81.99
81.99
82.00
82.01
82.01
82.01
82.03
82.02
82.02
82.02
82.02
82.03
82.03
82.04
82.02
82.02
82.02
82.02
82.03
82.02
82.02
82.02
82.03
82.04
82.04
82.05
82.04
82.04
82.04
82.04
82.04
82.04
82.04
82.04
82.04
82.03
82.03
82.03
82.03
82.03
82.03
82.03
82.04
82.03
82.04
82.04
82.04
82.03
82.03
82.03
82.03
82.04
82.04
82.03
82.03
82.03
82.03
82.03
82.03
82.02
82.02
82.03
82.02
81.95
