10.94
15.62
14.06
14.84
17.19
19.01
17.86
17.77
17.19
17.34
17.61
17.58
17.43
17.52
16.88
17.29
17.00
17.36
17.35
17.42
16.96
16.76
16.64
16.47
16.38
16.23
16.32
16.29
16.27
16.30
16.23
16.11
16.10
16.18
16.47
16.58
16.72
16.65
16.71
16.60
16.58
16.59
16.64
16.58
16.74
16.68
16.66
16.70
16.84
16.94
16.79
16.83
16.72
16.64
16.59
16.60
16.50
16.46
16.31
16.38
16.52
16.56
16.49
16.48
16.37
16.38
16.30
16.27
16.19
16.21
16.33
16.41
16.37
16.36
16.42
16.47
16.52
16.41
16.48
16.43
16.42
16.50
16.43
16.41
16.43
16.42
16.47
16.50
16.45
16.46
16.47
16.42
16.36
16.37
16.41
16.39
16.41
16.37
16.38
16.47
16.52
16.56
16.57
16.60
16.52
16.48
16.50
16.57
16.51
16.49
16.53
16.53
16.55
16.57
16.55
16.46
16.44
16.43
16.52
16.55
16.52
16.48
16.50
16.41
16.40
16.37
16.29
16.27
16.27
16.29
16.26
16.23
16.14
16.17
16.11
16.13
16.15
16.18
16.19
16.17
16.19
16.19
16.17
16.20
16.19
16.17
16.17
16.13
16.11
16.12
16.15
16.10
16.12
16.12
16.10
16.18
16.15
16.08
16.06
16.05
16.03
16.04
16.04
16.05
16.03
16.01
16.00
15.96
15.98
15.98
15.99
16.02
16.03
16.06
16.05
16.03
16.04
16.04
16.03
16.03
16.00
16.05
16.11
16.09
16.08
16.13
16.16
16.15
16.12
16.14
16.12
16.09
16.07
16.09
16.07
16.04
16.05
16.08
16.10
16.09
16.10
16.10
16.13
16.14
16.15
16.18
16.15
16.14
16.12
16.14
16.16
16.16
16.16
16.14
16.16
16.14
16.14
16.14
16.16
16.17
16.17
16.17
16.15
16.11
16.12
16.11
16.13
16.14
16.12
16.09
16.08
16.12
16.12
16.17
16.18
16.18
16.17
16.16
16.13
16.11
16.06
16.07
16.04
16.05
16.05
16.06
16.08
16.08
16.10
16.10
16.09
16.09
16.08
16.10
16.10
16.06
16.06
16.05
16.02
16.02
16.04
16.07
16.06
16.05
16.06
16.02
16.01
15.99
16.00
15.99
16.01
16.00
15.97
15.96
15.93
15.93
15.95
15.96
15.98
15.99
16.00
16.02
16.00
16.02
16.05
16.05
16.05
16.05
16.07
16.07
16.08
16.07
16.05
16.02
16.02
15.99
15.99
16.01
16.00
15.99
15.98
15.99
16.00
15.97
15.97
15.98
16.00
15.98
15.96
15.98
15.99
16.00
15.99
16.01
16.01
16.01
15.99
15.96
15.96
15.96
15.94
15.92
15.93
15.93
15.94
15.94
15.94
15.93
15.92
15.91
15.90
15.93
15.91
15.91
15.92
15.91
15.91
15.93
15.93
15.91
15.90
15.90
15.88
15.89
15.87
15.86
15.86
15.89
15.89
15.90
15.88
15.87
15.87
15.88
15.88
15.88
15.89
15.90
15.89
15.88
15.88
15.91
15.90
15.90
15.89
15.91
15.91
15.93
15.93
15.95
15.93
15.94
15.94
15.93
15.92
15.92
15.91
15.91
15.91
15.91
15.92
15.92
15.91
15.89
15.91
15.92
15.92
15.92
15.91
15.91
15.90
15.91
15.92
15.91
15.89
15.90
15.91
15.89
15.87
15.88
15.87
15.87
15.87
15.86
15.85
15.88
15.86
15.85
15.83
15.83
15.84
15.84
15.82
15.81
15.81
15.79
15.79
15.80
15.81
15.83
15.83
15.82
15.86
15.87
15.88
15.89
15.91
15.90
15.91
15.92
15.92
15.91
15.94
15.95
15.95
15.94
15.94
15.93
15.93
15.94
15.96
15.97
15.99
15.99
16.00
16.00
16.02
16.02
16.01
16.03
16.04
16.03
16.03
16.04
16.05
16.06
16.08
16.08
16.08
16.09
16.08
16.08
16.08
16.07
16.07
16.07
16.07
16.06
16.07
16.06
16.06
16.05
16.05
16.05
16.03
16.04
16.05
16.05
16.06
16.05
16.04
16.03
16.03
16.02
16.04
16.06
16.05
16.05
16.04
16.05
16.04
16.03
16.04
16.05
16.04
16.04
16.02
16.03
16.03
16.03
16.03
16.01
16.01
16.02
16.00
16.00
15.99
15.99
16.01
16.00
16.00
16.01
16.00
15.99
15.98
16.00
16.01
16.00
16.00
16.00
16.00
16.00
16.01
16.00
16.02
16.03
16.03
16.04
16.02
16.02
16.02
16.01
16.00
16.01
16.00
15.99
16.00
15.99
15.99
16.00
15.99
15.99
15.99
15.98
15.97
15.95
15.97
15.98
15.99
15.99
15.99
15.98
15.98
15.99
15.99
16.00
16.00
16.01
16.01
16.00
16.01
16.01
16.02
16.02
16.04
16.04
16.04
16.05
16.05
16.04
16.05
16.04
16.03
16.04
16.04
16.04
16.05
16.05
16.05
16.05
16.05
16.05
16.04
16.05
16.05
16.06
16.05
16.04
16.03
16.03
16.03
16.03
16.03
16.04
16.05
16.03
16.05
16.05
16.06
16.07
16.06
16.06
16.06
16.06
16.05
16.05
16.04
16.05
16.06
16.06
16.06
16.06
16.06
16.06
16.05
16.03
16.03
16.03
16.04
16.04
16.03
16.03
16.03
16.03
16.03
16.03
16.02
16.02
16.01
16.01
16.01
16.01
16.01
16.01
16.01
16.00
16.01
16.00
16.02
16.02
16.03
16.02
16.03
16.03
16.04
16.04
16.04
16.04
16.03
16.03
16.02
16.04
16.03
16.03
16.04
16.04
16.04
16.05
16.04
16.03
16.03
16.03
16.04
16.04
16.04
16.03
16.03
16.03
16.03
16.03
16.03
16.03
16.03
16.03
16.05
16.05
16.04
16.04
16.03
16.04
16.04
16.03
16.04
16.03
16.03
16.04
16.03
16.03
16.03
16.03
16.03
16.04
16.04
16.03
16.04
16.03
16.03
16.03
16.03
16.02
16.02
16.02
16.02
16.01
16.01
16.01
16.01
16.01
16.00
16.00
15.99
16.00
16.01
16.01
16.01
16.01
16.01
16.00
16.01
16.00
16.00
16.00
16.00
16.00
16.00
16.00
16.00
16.01
16.01
16.02
16.02
16.02
16.02
16.01
16.01
16.01
16.02
16.03
16.02
16.02
16.02
16.01
16.01
16.02
16.03
16.03
16.03
16.03
16.03
16.02
16.02
16.03
16.02
16.02
16.03
16.02
16.02
16.01
16.02
16.01
16.01
16.02
16.01
16.01
16.02
16.02
16.02
16.02
16.02
16.02
16.02
16.01
16.01
16.02
16.03
16.02
16.02
16.01
16.01
16.01
16.01
15.99
