20.31
22.66
22.40
21.09
20.62
21.09
20.54
19.92
18.92
19.06
19.60
19.27
18.87
18.64
18.65
18.55
18.47
18.49
18.75
18.52
18.38
18.61
18.82
18.75
18.44
18.27
18.23
18.25
18.21
17.92
17.84
17.72
17.90
18.01
17.77
17.80
17.82
17.85
17.63
17.58
17.42
17.22
17.15
17.26
17.19
17.22
17.02
16.83
16.80
16.97
16.94
17.04
17.01
17.10
17.10
17.05
17.13
17.19
17.19
17.16
17.09
17.14
17.16
17.24
17.16
17.16
17.12
17.03
17.03
16.92
16.86
16.69
16.72
16.77
16.90
16.84
16.84
16.83
16.81
16.68
16.72
16.73
16.74
16.74
16.75
16.66
16.59
16.58
16.56
16.48
16.40
16.36
16.33
16.26
16.25
16.18
16.20
16.12
16.07
16.09
16.06
16.01
16.08
16.12
16.19
16.17
16.19
16.20
16.20
16.16
16.16
16.10
16.14
16.16
16.17
16.22
16.17
16.19
16.20
16.20
16.22
16.16
16.15
16.12
16.10
16.10
16.12
16.11
16.11
16.20
16.20
16.21
16.25
16.27
16.25
16.27
16.24
16.24
16.25
16.25
16.20
16.23
16.23
16.22
16.16
16.16
16.16
16.18
16.17
16.15
16.13
16.14
16.17
16.20
16.26
16.24
16.26
16.31
16.28
16.27
16.29
16.28
16.27
16.26
16.28
16.25
16.31
16.30
16.27
16.28
16.29
16.27
16.28
16.29
16.34
16.30
16.32
16.33
16.30
16.30
16.31
16.28
16.27
16.25
16.27
16.31
16.31
16.35
16.34
16.36
16.41
16.42
16.40
16.37
16.35
16.32
16.28
16.27
16.24
16.24
16.24
16.26
16.27
16.29
16.27
16.25
16.22
16.21
16.22
16.21
16.20
16.20
16.23
16.26
16.26
16.26
16.27
16.26
16.28
16.29
16.26
16.27
16.26
16.29
16.26
16.25
16.24
16.26
16.28
16.29
16.23
16.23
16.22
16.23
16.20
16.19
16.20
16.21
16.23
16.22
16.25
16.21
16.23
16.25
16.26
16.25
16.24
16.20
16.20
16.21
16.23
16.24
16.22
16.19
16.22
16.25
16.27
16.26
16.27
16.28
16.27
16.28
16.27
16.26
16.26
16.25
16.25
16.25
16.27
16.26
16.25
16.23
16.23
16.22
16.24
16.20
16.19
16.18
16.19
16.18
16.16
16.16
16.15
16.14
16.14
16.15
16.17
16.16
16.16
16.16
16.16
16.13
16.10
16.11
16.09
16.09
16.10
16.10
16.09
16.09
16.09
16.08
16.07
16.08
16.05
16.05
16.06
16.05
16.04
16.06
16.06
16.06
16.06
16.03
16.04
16.04
16.02
16.00
15.98
15.98
16.01
16.00
16.02
16.01
15.99
16.00
15.99
15.98
15.98
15.97
15.96
15.98
15.98
16.00
15.97
15.99
16.01
15.99
15.98
15.97
15.98
16.00
16.00
16.01
15.99
15.97
15.97
15.94
15.96
15.95
15.94
15.93
15.94
15.94
15.96
15.95
15.94
15.95
15.96
15.97
15.96
15.95
15.96
15.96
15.96
15.94
15.92
15.91
15.91
15.92
15.94
15.92
15.91
15.89
15.88
15.89
15.89
15.89
15.88
15.89
15.90
15.89
15.89
15.87
15.86
15.86
15.87
15.86
15.87
15.85
15.86
15.86
15.87
15.87
15.87
15.85
15.85
15.88
15.88
15.88
15.90
15.90
15.91
15.91
15.91
15.91
15.92
15.91
15.94
15.95
15.97
15.96
15.95
15.93
15.93
15.93
15.94
15.91
15.91
15.93
15.92
15.90
15.90
15.91
15.91
15.91
15.90
15.90
15.90
15.89
15.90
15.89
15.90
15.90
15.90
15.92
15.91
15.92
15.93
15.93
15.95
15.96
15.98
15.97
15.98
16.00
16.00
15.99
16.00
16.01
16.01
16.03
16.03
16.01
16.00
16.01
16.01
16.02
16.02
16.02
16.04
16.02
16.00
16.02
16.03
16.05
16.06
16.06
16.06
16.07
16.08
16.07
16.07
16.08
16.09
16.10
16.10
16.11
16.10
16.11
16.13
16.14
16.13
16.14
16.14
16.14
16.16
16.17
16.17
16.18
16.18
16.19
16.17
16.17
16.19
16.18
16.17
16.19
16.20
16.22
16.24
16.24
16.23
16.22
16.23
16.21
16.22
16.23
16.25
16.23
16.24
16.24
16.23
16.24
16.24
16.27
16.27
16.29
16.28
16.29
16.29
16.30
16.29
16.29
16.30
16.31
16.30
16.30
16.30
16.30
16.30
16.29
16.30
16.30
16.30
16.32
16.31
16.30
16.29
16.28
16.27
16.26
16.25
16.25
16.25
16.25
16.25
16.26
16.26
16.27
16.27
16.27
16.26
16.26
16.26
16.25
16.27
16.26
16.25
16.24
16.25
16.26
16.25
16.23
16.23
16.23
16.25
16.25
16.25
16.24
16.23
16.22
16.23
16.24
16.23
16.22
16.20
16.20
16.20
16.20
16.20
16.20
16.22
16.22
16.22
16.22
16.23
16.23
16.23
16.22
16.21
16.21
16.22
16.23
16.24
16.24
16.23
16.24
16.23
16.23
16.24
16.24
16.24
16.24
16.23
16.21
16.21
16.21
16.19
16.19
16.20
16.22
16.22
16.22
16.20
16.21
16.20
16.19
16.18
16.18
16.19
16.19
16.20
16.19
16.20
16.20
16.20
16.19
16.20
16.20
16.20
16.20
16.18
16.18
16.19
16.18
16.19
16.18
16.19
16.18
16.19
16.19
16.19
16.18
16.18
16.18
16.17
16.18
16.20
16.19
16.21
16.21
16.22
16.23
16.23
16.23
16.23
16.23
16.23
16.24
16.23
16.22
16.23
16.23
16.22
16.23
16.24
16.23
16.23
16.25
16.26
16.25
16.25
16.26
16.25
16.25
16.26
16.26
16.26
16.25
16.25
16.24
16.23
16.23
16.22
16.22
16.23
16.22
16.21
16.23
16.23
16.23
16.23
16.23
16.24
16.24
16.25
16.24
16.22
16.23
16.23
16.24
16.26
16.25
16.25
16.24
16.25
16.24
16.23
16.23
16.23
16.24
16.23
16.22
16.22
16.23
16.23
16.23
16.23
16.24
16.23
16.23
16.23
16.23
16.24
16.23
16.24
16.25
16.25
16.25
16.27
16.26
16.26
16.26
16.26
16.26
16.25
16.26
16.26
16.26
16.26
16.25
16.25
16.26
16.26
16.26
16.26
16.26
16.26
16.25
16.25
16.25
16.25
16.26
16.27
16.27
16.27
16.27
16.27
16.28
16.28
16.29
16.28
16.28
16.28
16.28
16.28
16.27
16.27
16.27
16.26
16.26
16.26
16.26
16.26
16.26
16.26
16.26
16.26
16.25
16.25
16.23
