0.00
1.56
1.56
1.56
2.19
2.34
2.68
2.54
2.60
2.34
2.56
2.47
2.52
2.46
2.29
2.15
2.11
2.00
2.06
1.95
1.86
1.92
1.97
1.89
1.81
1.80
1.79
1.73
1.83
1.88
1.81
1.81
1.85
1.79
1.74
1.74
1.73
1.69
1.64
1.64
1.64
1.67
1.67
1.74
1.70
1.66
1.70
1.69
1.69
1.69
1.78
1.74
1.74
1.74
1.73
1.70
1.67
1.64
1.69
1.74
1.79
1.84
1.81
1.81
1.78
1.78
1.77
1.75
1.72
1.72
1.69
1.67
1.65
1.63
1.62
1.60
1.62
1.60
1.66
1.66
1.66
1.66
1.68
1.71
1.71
1.74
1.76
1.74
1.72
1.70
1.72
1.73
1.75
1.75
1.73
1.76
1.76
1.75
1.74
1.73
1.72
1.72
1.70
1.70
1.68
1.71
1.74
1.72
1.73
1.72
1.72
1.74
1.74
1.77
1.75
1.74
1.75
1.75
1.75
1.74
1.73
1.73
1.73
1.75
1.75
1.75
1.75
1.76
1.74
1.74
1.75
1.76
1.77
1.77
1.77
1.77
1.78
1.77
1.78
1.76
1.76
1.76
1.76
1.76
1.75
1.73
1.74
1.74
1.74
1.74
1.74
1.73
1.72
1.70
1.70
1.69
1.71
1.70
1.69
1.72
1.72
1.72
1.71
1.70
1.70
1.68
1.68
1.68
1.67
1.68
1.68
1.68
1.67
1.67
1.67
1.66
1.66
1.65
1.66
1.66
1.68
1.68
1.69
1.70
1.69
1.69
1.69
1.68
1.67
1.66
1.67
1.67
1.67
1.68
1.67
1.67
1.66
1.65
1.65
1.64
1.64
1.63
1.62
1.63
1.63
1.62
1.62
1.61
1.61
1.63
1.64
1.64
1.64
1.63
1.63
1.63
1.63
1.62
1.62
1.63
1.62
1.62
1.61
1.61
1.60
1.60
1.60
1.60
1.59
1.59
1.59
1.58
1.60
1.59
1.58
1.58
1.58
1.57
1.57
1.59
1.58
1.58
1.58
1.57
1.57
1.56
1.56
1.55
1.56
1.56
1.56
1.56
1.56
1.56
1.56
1.55
1.56
1.55
1.54
1.54
1.55
1.55
1.54
1.55
1.55
1.54
1.54
1.56
1.55
1.55
1.56
1.55
1.55
1.55
1.55
1.55
1.54
1.53
1.54
1.53
1.53
1.53
1.52
1.53
1.53
1.52
1.52
1.52
1.52
1.51
1.51
1.50
1.50
1.50
1.50
1.49
1.49
1.49
1.50
1.50
1.50
1.50
1.50
1.50
1.51
1.51
1.51
1.51
1.51
1.50
1.50
1.49
1.49
1.49
1.48
1.48
1.48
1.48
1.47
1.47
1.47
1.47
1.47
1.47
1.47
1.47
1.46
1.46
1.47
1.48
1.48
1.48
1.48
1.49
1.49
1.49
1.49
1.49
1.49
1.49
1.49
1.49
1.50
1.50
1.49
1.49
1.49
1.49
1.49
1.49
1.48
1.49
1.49
1.48
1.48
1.48
1.48
1.48
1.48
1.48
1.48
1.49
1.49
1.49
1.49
1.49
1.50
1.49
1.49
1.49
1.50
1.50
1.50
1.50
1.50
1.50
1.49
1.49
1.49
1.48
1.49
1.49
1.49
1.49
1.49
1.48
1.49
1.49
1.49
1.49
1.49
1.49
1.49
1.49
1.49
1.49
1.49
1.50
1.50
1.50
1.50
1.50
1.50
1.49
1.49
1.49
1.48
1.48
1.49
1.49
1.49
1.48
1.48
1.48
1.48
1.48
1.48
1.48
1.48
1.48
1.47
1.47
1.47
1.47
1.47
1.46
1.46
1.46
1.46
1.46
1.46
1.46
1.46
1.46
1.45
1.45
1.46
1.46
1.46
1.46
1.45
1.46
1.46
1.46
1.46
1.46
1.46
1.46
1.47
1.47
1.48
1.48
1.47
1.48
1.48
1.48
1.47
1.47
1.48
1.47
1.47
1.47
1.46
1.46
1.47
1.46
1.47
1.47
1.47
1.46
1.47
1.47
1.47
1.47
1.47
1.47
1.47
1.47
1.47
1.46
1.46
1.46
1.46
1.46
1.47
1.47
1.46
1.46
1.47
1.47
1.47
1.46
1.46
1.46
1.46
1.46
1.47
1.47
1.46
1.46
1.46
1.46
1.46
1.46
1.46
1.46
1.46
1.45
1.46
1.46
1.46
1.46
1.47
1.47
1.47
1.47
1.47
1.47
1.48
1.48
1.48
1.48
1.48
1.48
1.47
1.48
1.48
1.49
1.48
1.49
1.49
1.49
1.49
1.49
1.49
1.48
1.48
1.48
1.48
1.48
1.48
1.48
1.48
1.48
1.49
1.49
1.49
1.49
1.49
1.49
1.49
1.49
1.49
1.49
1.49
1.50
1.50
1.50
1.50
1.50
1.50
1.50
1.50
1.50
1.49
1.49
1.49
1.49
1.49
1.49
1.49
1.49
1.49
1.49
1.49
1.49
1.49
1.49
1.49
1.50
1.50
1.49
1.49
1.49
1.49
1.49
1.50
1.49
1.49
1.49
1.49
1.50
1.50
1.49
1.49
1.49
1.49
1.49
1.49
1.49
1.49
1.49
1.49
1.49
1.49
1.49
1.49
1.49
1.49
1.49
1.51
1.50
1.50
1.50
1.50
1.50
1.50
1.50
1.50
1.51
1.50
1.50
1.50
1.50
1.50
1.50
1.50
1.50
1.50
1.50
1.49
1.49
1.49
1.49
1.49
1.49
1.49
1.49
1.49
1.49
1.49
1.48
1.49
1.48
1.49
1.49
1.49
1.49
1.49
1.49
1.49
1.49
1.48
1.48
1.48
1.48
1.48
1.48
1.48
1.48
1.48
1.48
1.48
1.48
1.48
1.48
1.48
1.47
1.47
1.47
1.47
1.47
1.47
1.47
1.46
1.46
1.46
1.46
1.46
1.46
1.46
1.45
1.45
1.45
1.45
1.45
1.45
1.45
1.45
1.45
1.45
1.45
1.45
1.45
1.45
1.45
1.45
1.46
1.46
1.46
1.46
1.46
1.46
1.46
1.45
1.45
1.45
1.46
1.46
1.46
1.45
1.45
1.46
1.46
1.46
1.46
1.46
1.46
1.46
1.46
1.47
1.47
1.47
1.47
1.47
1.47
1.47
1.47
1.47
1.47
1.47
1.47
1.47
1.47
1.47
1.47
1.47
1.47
1.47
1.47
1.47
1.47
1.47
1.46
1.47
1.47
1.46
1.46
1.47
1.47
1.47
1.47
1.47
1.47
1.47
1.47
1.47
1.47
1.47
1.47
1.48
1.48
1.48
1.48
1.48
1.48
1.48
1.48
1.48
1.48
1.47
1.47
1.47
1.47
1.47
1.47
1.47
1.47
1.47
1.47
1.47
1.47
