37.50
46.09
51.56
50.00
50.31
50.78
49.11
49.80
50.35
50.94
51.85
51.43
51.80
52.34
51.46
51.95
52.21
52.26
51.56
51.64
51.64
52.06
52.04
51.82
51.62
51.56
51.62
51.62
51.45
51.72
51.66
51.76
51.28
51.33
51.34
51.52
51.44
51.44
51.32
51.37
51.33
51.49
51.64
51.63
51.63
51.70
51.99
51.99
52.10
52.06
52.08
51.86
51.83
51.77
51.59
51.53
51.43
51.67
51.67
51.74
51.74
51.86
51.88
51.83
51.80
51.68
51.70
51.75
51.79
51.83
51.61
51.63
51.65
51.52
51.35
51.27
51.12
51.04
50.97
50.94
50.95
51.07
51.11
51.10
51.10
51.13
51.17
51.24
51.28
51.30
51.32
51.31
51.19
51.25
51.33
51.33
51.26
51.18
51.22
51.19
51.28
51.27
51.30
51.32
51.32
51.21
51.18
51.17
51.15
51.09
51.03
51.03
51.02
51.01
51.02
51.04
51.01
51.05
51.00
51.00
50.94
50.95
50.88
50.95
50.92
50.97
50.94
50.98
50.97
50.91
50.82
50.86
50.88
50.84
50.84
50.85
50.90
50.89
50.84
50.86
50.86
50.84
50.86
50.80
50.85
50.83
50.82
50.81
50.72
50.75
50.72
50.77
50.77
50.81
50.83
50.81
50.85
50.79
50.77
50.71
50.77
50.79
50.77
50.71
50.75
50.72
50.75
50.73
50.81
50.84
50.80
50.83
50.80
50.80
50.83
50.89
50.87
50.90
50.93
50.96
51.07
51.05
50.98
51.01
51.04
51.00
50.96
50.96
50.94
50.92
50.91
50.90
50.83
50.84
50.87
50.84
50.80
50.86
50.90
50.88
50.86
50.88
50.86
50.80
50.84
50.83
50.82
50.85
50.81
50.81
50.79
50.82
50.84
50.80
50.87
50.88
50.89
50.87
50.86
50.81
50.81
50.84
50.87
50.84
50.82
50.84
50.88
50.86
50.88
50.87
50.88
50.90
50.89
50.87
50.88
50.88
50.89
50.88
50.84
50.83
50.86
50.88
50.89
50.89
50.91
50.93
50.94
50.95
50.93
50.96
50.93
50.95
50.95
51.00
51.02
50.99
51.05
51.07
51.08
51.06
51.05
51.07
51.08
51.06
51.07
51.12
51.13
51.08
51.06
51.09
51.10
51.13
51.12
51.12
51.14
51.14
51.13
51.08
51.08
51.07
51.08
51.04
51.06
51.03
51.04
51.04
51.01
50.99
50.98
50.97
50.98
50.98
51.01
51.00
51.03
51.04
51.00
50.99
50.97
50.92
50.92
50.90
50.90
50.90
50.87
50.89
50.89
50.86
50.85
50.83
50.86
50.87
50.89
50.87
50.85
50.88
50.89
50.87
50.88
50.87
50.87
50.89
50.91
50.91
50.89
50.88
50.83
50.84
50.86
50.89
50.86
50.89
50.87
50.89
50.92
50.91
50.90
50.92
50.94
50.91
50.94
50.95
50.96
50.93
50.94
50.94
50.97
50.99
50.98
50.96
50.94
50.96
50.96
50.98
50.96
50.95
50.92
50.91
50.90
50.93
50.97
51.00
50.99
50.99
51.01
51.02
51.06
51.04
51.00
51.01
51.00
51.00
51.00
51.02
51.02
51.03
51.03
51.02
51.04
51.05
51.06
51.04
51.06
51.06
51.07
51.08
51.10
51.10
51.10
51.11
51.09
51.10
51.10
51.08
51.10
51.08
51.08
51.06
51.06
51.07
51.09
51.09
51.06
51.09
51.10
51.08
51.06
51.06
51.07
51.05
51.05
51.02
51.02
51.03
51.03
51.04
51.03
51.05
51.03
51.05
51.04
51.04
51.04
51.04
51.03
51.02
51.00
51.00
51.02
51.01
51.03
51.03
51.05
51.07
51.04
51.02
51.04
51.03
51.03
51.02
51.03
51.02
51.02
51.00
50.99
51.00
51.00
50.99
50.98
50.97
50.96
50.95
50.93
50.92
50.91
50.91
50.90
50.88
50.89
50.88
50.89
50.89
50.90
50.88
50.88
50.87
50.89
50.92
50.93
50.94
50.93
50.91
50.92
50.92
50.90
50.90
50.90
50.91
50.90
50.91
50.90
50.91
50.90
50.89
50.90
50.87
50.87
50.89
50.89
50.90
50.90
50.93
50.94
50.94
50.93
50.93
50.93
50.91
50.91
50.92
50.92
50.92
50.92
50.93
50.94
50.94
50.94
50.94
50.93
50.89
50.89
50.89
50.90
50.90
50.89
50.90
50.89
50.89
50.87
50.88
50.88
50.86
50.87
50.87
50.87
50.87
50.87
50.86
50.87
50.87
50.88
50.90
50.91
50.91
50.89
50.87
50.87
50.88
50.90
50.89
50.88
50.86
50.85
50.81
50.81
50.82
50.81
50.80
50.81
50.82
50.82
50.83
50.84
50.84
50.84
50.84
50.85
50.86
50.86
50.87
50.88
50.87
50.89
50.91
50.90
50.91
50.91
50.92
50.93
50.93
50.93
50.93
50.91
50.91
50.93
50.94
50.95
50.94
50.94
50.92
50.94
50.93
50.94
50.94
50.93
50.93
50.93
50.92
50.93
50.93
50.94
50.93
50.92
50.90
50.89
50.88
50.88
50.87
50.88
50.89
50.86
50.88
50.88
50.88
50.87
50.87
50.89
50.89
50.89
50.90
50.88
50.90
50.93
50.94
50.93
50.94
50.95
50.95
50.95
50.95
50.94
50.94
50.93
50.92
50.93
50.94
50.93
50.93
50.94
50.93
50.94
50.94
50.94
50.96
50.97
50.99
50.97
50.97
50.98
50.97
50.98
50.98
50.97
50.98
50.99
51.00
51.00
51.01
51.01
51.01
51.01
51.00
51.00
50.98
51.00
51.00
51.00
50.99
50.99
51.00
50.98
50.99
50.99
51.00
50.99
50.99
51.00
50.99
50.98
50.99
51.01
51.00
50.99
51.00
51.01
50.98
51.00
50.99
50.99
50.99
50.99
50.98
50.97
50.98
50.98
50.96
50.96
50.96
50.97
50.98
50.98
50.98
50.98
51.00
51.01
50.99
50.99
50.99
50.99
50.99
51.01
51.00
50.99
51.01
51.02
51.03
51.04
51.04
51.04
51.04
51.03
51.02
51.01
51.01
51.01
51.01
51.01
51.00
51.01
51.00
51.00
51.00
51.00
51.00
51.00
51.01
51.02
51.03
51.04
51.04
51.05
51.04
51.04
51.04
51.05
51.06
51.07
51.06
51.06
51.04
51.04
51.04
51.05
51.04
51.05
51.03
51.04
51.03
51.03
51.04
51.04
51.04
51.04
51.03
51.03
51.03
51.02
51.03
51.04
51.04
51.04
51.05
51.04
51.04
51.04
51.03
51.04
51.04
51.04
51.04
51.05
51.04
51.04
51.05
51.05
51.05
51.05
51.05
51.05
51.04
51.03
50.98
