81.25
81.25
83.85
82.03
83.44
83.33
83.93
82.81
83.51
83.59
83.52
83.33
83.05
82.92
82.40
82.52
82.54
82.55
82.57
82.58
82.51
82.60
82.95
82.88
82.81
82.75
82.75
82.87
82.54
82.40
82.21
82.13
82.15
81.99
82.14
82.29
82.43
82.57
82.53
82.70
82.58
82.59
82.59
82.67
82.60
82.74
82.85
82.81
82.78
82.81
82.78
82.63
82.58
82.52
82.47
82.45
82.37
82.41
82.52
82.53
82.58
82.56
82.59
82.62
82.57
82.58
82.60
82.42
82.47
82.50
82.59
82.62
82.43
82.43
82.42
82.42
82.39
82.33
82.32
82.30
82.20
82.13
82.08
82.07
82.06
82.05
81.99
82.01
82.02
81.96
81.89
81.83
81.77
81.70
81.78
81.74
81.68
81.73
81.79
81.75
81.67
81.59
81.66
81.58
81.62
81.66
81.67
81.61
81.64
81.62
81.60
81.56
81.62
81.62
81.66
81.63
81.70
81.77
81.79
81.78
81.81
81.80
81.81
81.73
81.70
81.75
81.75
81.80
81.87
81.85
81.92
81.92
81.87
81.79
81.82
81.85
81.89
81.85
81.83
81.85
81.94
81.97
81.94
81.99
81.98
81.99
81.99
81.98
81.94
81.96
81.95
81.94
81.92
81.91
81.88
81.89
81.92
81.93
81.91
81.88
81.88
81.89
81.88
81.85
81.84
81.80
81.80
81.80
81.80
81.78
81.81
81.78
81.80
81.82
81.80
81.79
81.79
81.78
81.78
81.74
81.73
81.75
81.77
81.75
81.75
81.75
81.75
81.77
81.70
81.64
81.66
81.67
81.66
81.68
81.71
81.65
81.66
81.68
81.65
81.67
81.65
81.65
81.67
81.67
81.65
81.65
81.64
81.63
81.64
81.64
81.61
81.60
81.59
81.57
81.58
81.58
81.62
81.59
81.59
81.57
81.58
81.59
81.55
81.54
81.55
81.55
81.56
81.51
81.49
81.47
81.47
81.49
81.46
81.47
81.47
81.48
81.50
81.49
81.49
81.51
81.50
81.50
81.52
81.53
81.52
81.52
81.52
81.49
81.52
81.51
81.51
81.53
81.55
81.53
81.53
81.56
81.54
81.55
81.53
81.54
81.56
81.55
81.54
81.55
81.55
81.57
81.57
81.58
81.56
81.57
81.58
81.60
81.62
81.63
81.62
81.63
81.64
81.64
81.61
81.60
81.58
81.59
81.59
81.57
81.60
81.62
81.61
81.60
81.60
81.60
81.62
81.61
81.62
81.64
81.66
81.64
81.64
81.62
81.63
81.63
81.62
81.63
81.61
81.62
81.62
81.65
81.67
81.66
81.62
81.61
81.61
81.61
81.60
81.62
81.63
81.64
81.64
81.64
81.67
81.67
81.68
81.68
81.69
81.69
81.68
81.69
81.68
81.69
81.70
81.68
81.68
81.69
81.68
81.70
81.70
81.68
81.69
81.70
81.67
81.66
81.68
81.68
81.69
81.68
81.67
81.69
81.70
81.69
81.68
81.70
81.70
81.72
81.72
81.72
81.71
81.73
81.73
81.70
81.69
81.71
81.72
81.71
81.68
81.67
81.66
81.67
81.68
81.70
81.68
81.67
81.65
81.63
81.64
81.63
81.63
81.62
81.61
81.61
81.62
81.63
81.62
81.63
81.62
81.61
81.61
81.61
81.61
81.62
81.64
81.64
81.67
81.66
81.68
81.66
81.68
81.68
81.68
81.67
81.66
81.66
81.66
81.67
81.66
81.67
81.65
81.64
81.64
81.63
81.64
81.63
81.63
81.64
81.61
81.60
81.60
81.61
81.62
81.61
81.62
81.58
81.58
81.59
81.59
81.58
81.58
81.58
81.58
81.58
81.59
81.60
81.61
81.59
81.59
81.57
81.58
81.58
81.58
81.59
81.58
81.57
81.55
81.55
81.56
81.57
81.57
81.58
81.58
81.59
81.60
81.58
81.55
81.54
81.56
81.56
81.56
81.57
81.56
81.58
81.57
81.57
81.56
81.55
81.56
81.59
81.59
81.60
81.61
81.62
81.62
81.63
81.64
81.65
81.67
81.68
81.68
81.68
81.69
81.67
81.66
81.67
81.67
81.66
81.64
81.67
81.67
81.68
81.67
81.68
81.70
81.71
81.71
81.71
81.71
81.72
81.73
81.74
81.77
81.77
81.78
81.78
81.78
81.78
81.77
81.77
81.76
81.76
81.76
81.77
81.77
81.77
81.77
81.76
81.77
81.77
81.77
81.78
81.78
81.78
81.80
81.80
81.82
81.81
81.82
81.83
81.83
81.84
81.83
81.82
81.84
81.85
81.86
81.87
81.86
81.87
81.88
81.89
81.91
81.92
81.92
81.93
81.92
81.93
81.94
81.94
81.94
81.95
81.95
81.96
81.96
81.96
81.96
81.95
81.95
81.94
81.92
81.91
81.91
81.89
81.90
81.88
81.89
81.89
81.90
81.88
81.89
81.88
81.87
81.87
81.88
81.88
81.88
81.88
81.87
81.86
81.87
81.87
81.89
81.89
81.89
81.90
81.90
81.89
81.89
81.89
81.90
81.90
81.91
81.91
81.91
81.93
81.93
81.93
81.93
81.92
81.91
81.93
81.94
81.93
81.93
81.93
81.93
81.93
81.93
81.94
81.94
81.95
81.94
81.94
81.94
81.94
81.95
81.95
81.96
81.95
81.96
81.97
81.96
81.97
81.97
81.96
81.96
81.95
81.95
81.96
81.94
81.96
81.96
81.95
81.97
81.98
81.99
81.99
82.00
81.99
82.00
82.00
82.01
82.02
82.02
82.02
82.03
82.03
82.04
82.03
82.04
82.05
82.04
82.06
82.06
82.06
82.06
82.06
82.05
82.05
82.04
82.03
82.04
82.04
82.04
82.05
82.05
82.05
82.03
82.01
82.03
82.03
82.01
82.01
82.01
82.01
82.02
82.02
82.03
82.03
82.04
82.03
82.03
82.03
82.03
82.03
82.02
82.02
82.01
82.01
82.00
82.00
82.01
82.01
82.02
82.03
82.02
82.03
82.03
82.03
82.04
82.04
82.05
82.05
82.05
82.05
82.06
82.07
82.08
82.08
82.07
82.08
82.07
82.08
82.07
82.08
82.07
82.08
82.07
82.07
82.06
82.06
82.05
82.05
82.05
82.04
82.03
82.03
82.03
82.03
82.03
82.04
82.04
82.04
82.03
82.03
82.03
82.03
82.03
82.03
82.02
82.03
82.03
82.03
82.03
82.02
82.02
82.02
82.02
82.01
82.01
82.01
82.01
82.01
82.01
82.01
82.01
82.01
82.03
82.02
82.02
82.00
82.00
82.00
82.00
82.00
81.99
81.98
81.97
81.97
81.97
81.96
81.97
81.97
81.98
81.98
81.98
81.98
81.97
81.97
81.96
81.95
81.95
81.96
81.96
81.95
81.96
81.88
