65.62
62.50
59.90
60.55
59.06
58.59
58.04
57.81
58.51
57.97
57.39
57.29
56.37
56.14
55.94
55.08
54.96
55.47
55.43
54.92
54.76
54.47
54.48
54.23
54.62
54.69
54.92
54.58
54.63
54.37
54.64
54.20
54.36
54.46
54.51
54.21
53.97
54.07
53.97
54.06
53.85
53.79
53.89
53.91
53.78
53.91
54.12
54.17
54.30
54.38
54.38
54.15
54.10
54.11
54.03
54.02
54.08
54.07
54.03
54.01
54.05
54.03
54.12
54.10
54.21
54.21
54.20
54.32
54.26
54.17
54.20
54.28
54.22
54.14
54.17
54.19
54.26
54.23
54.23
54.24
54.22
54.19
54.16
54.17
54.15
54.23
54.26
54.19
54.02
54.03
54.17
54.23
54.13
54.04
54.11
54.15
54.30
54.32
54.32
54.30
54.33
54.34
54.28
54.28
54.24
54.14
54.13
54.05
53.94
53.91
53.94
53.89
53.84
53.84
53.79
53.83
53.82
53.75
53.74
53.67
53.67
53.61
53.65
53.63
53.57
53.62
53.63
53.63
53.67
53.73
53.69
53.67
53.67
53.61
53.63
53.68
53.72
53.74
53.75
53.74
53.72
53.73
53.70
53.66
53.62
53.66
53.66
53.71
53.67
53.66
53.62
53.67
53.63
53.57
53.62
53.56
53.56
53.55
53.52
53.57
53.51
53.49
53.47
53.41
53.41
53.41
53.34
53.31
53.34
53.31
53.29
53.27
53.30
53.31
53.29
53.31
53.29
53.28
53.33
53.32
53.31
53.34
53.32
53.32
53.24
53.23
53.20
53.19
53.12
53.08
53.08
53.08
53.16
53.17
53.21
53.20
53.13
53.16
53.14
53.16
53.17
53.20
53.19
53.17
53.16
53.16
53.15
53.15
53.16
53.14
53.15
53.16
53.12
53.09
53.08
53.04
53.04
53.08
53.10
53.14
53.10
53.05
53.03
53.03
53.06
53.02
52.99
52.99
52.93
52.97
52.91
52.94
52.95
52.94
52.86
52.86
52.89
52.94
52.90
52.90
52.92
52.92
52.94
52.96
52.99
53.04
53.02
53.00
53.01
52.99
53.00
53.04
53.05
53.05
53.05
53.05
53.05
53.05
53.06
53.08
53.03
53.05
53.08
53.06
53.05
53.09
53.12
53.11
53.11
53.12
53.12
53.11
53.09
53.07
53.06
53.07
53.07
53.06
53.06
53.04
53.04
53.00
53.01
53.05
53.03
53.05
53.02
53.00
53.01
52.97
52.95
52.99
52.98
52.94
52.95
52.95
52.93
52.95
52.94
52.93
52.90
52.92
52.94
52.92
52.91
52.89
52.88
52.89
52.95
52.97
52.97
52.93
52.95
52.94
52.95
52.96
52.95
52.97
52.97
52.97
52.96
52.94
52.94
52.96
52.95
52.95
52.98
52.98
52.97
52.96
52.96
52.96
52.98
53.01
53.00
53.02
53.01
53.00
53.01
52.98
53.01
53.00
53.02
53.02
53.06
53.06
53.05
53.03
53.03
53.00
53.02
53.05
53.06
53.09
53.08
53.07
53.06
53.06
53.03
52.99
53.01
53.03
53.03
53.04
53.05
53.09
53.08
53.07
53.10
53.10
53.12
53.10
53.07
53.08
53.06
53.07
53.05
53.06
53.08
53.07
53.07
53.06
53.07
53.06
53.06
53.06
53.04
53.05
53.04
53.04
53.01
53.01
52.99
53.01
53.02
53.02
53.03
53.05
53.07
53.06
53.04
53.06
53.04
53.03
53.01
52.98
52.99
52.99
53.00
52.96
52.96
52.97
52.97
52.98
52.99
52.97
52.96
52.97
52.97
52.99
53.02
53.03
53.03
53.03
53.03
53.03
53.05
53.08
53.08
53.10
53.10
53.09
53.09
53.08
53.08
53.09
53.09
53.09
53.08
53.07
53.06
53.02
53.04
53.04
53.02
53.01
53.01
53.01
52.99
53.01
53.00
52.99
52.96
52.98
52.97
52.96
52.96
52.94
52.95
52.95
52.96
52.95
52.96
52.96
52.96
52.94
52.95
52.94
52.95
52.96
52.96
52.98
52.95
52.94
52.94
52.93
52.94
52.93
52.90
52.88
52.85
52.84
52.84
52.83
52.84
52.86
52.85
52.84
52.85
52.85
52.84
52.81
52.79
52.80
52.79
52.79
52.80
52.80
52.81
52.82
52.82
52.82
52.82
52.84
52.83
52.83
52.80
52.81
52.82
52.82
52.86
52.84
52.85
52.85
52.86
52.86
52.87
52.87
52.86
52.85
52.86
52.85
52.83
52.84
52.84
52.83
52.82
52.81
52.82
52.82
52.82
52.81
52.81
52.81
52.80
52.81
52.81
52.81
52.80
52.80
52.81
52.82
52.83
52.82
52.80
52.81
52.83
52.81
52.81
52.81
52.81
52.80
52.80
52.82
52.82
52.82
52.84
52.83
52.83
52.83
52.83
52.86
52.87
52.87
52.88
52.87
52.89
52.88
52.88
52.88
52.88
52.87
52.87
52.87
52.85
52.85
52.85
52.85
52.86
52.85
52.85
52.86
52.85
52.84
52.84
52.86
52.87
52.88
52.88
52.90
52.91
52.90
52.90
52.92
52.92
52.92
52.92
52.91
52.91
52.90
52.89
52.88
52.89
52.89
52.89
52.89
52.87
52.86
52.85
52.87
52.86
52.86
52.87
52.88
52.88
52.87
52.85
52.84
52.85
52.84
52.85
52.85
52.85
52.83
52.83
52.85
52.84
52.82
52.82
52.82
52.82
52.82
52.84
52.84
52.82
52.82
52.83
52.82
52.80
52.81
52.81
52.79
52.81
52.82
52.82
52.82
52.82
52.81
52.81
52.82
52.81
52.79
52.78
52.78
52.79
52.79
52.80
52.81
52.80
52.79
52.78
52.79
52.80
52.80
52.78
52.79
52.80
52.80
52.80
52.79
52.79
52.79
52.79
52.79
52.77
52.77
52.79
52.77
52.78
52.78
52.79
52.79
52.79
52.78
52.78
52.77
52.78
52.77
52.77
52.79
52.79
52.79
52.80
52.80
52.81
52.81
52.81
52.82
52.80
52.80
52.78
52.79
52.80
52.79
52.77
52.79
52.80
52.81
52.81
52.80
52.80
52.80
52.80
52.78
52.78
52.78
52.77
52.77
52.79
52.79
52.81
52.80
52.82
52.83
52.83
52.84
52.84
52.84
52.81
52.80
52.80
52.81
52.81
52.82
52.81
52.82
52.81
52.80
52.81
52.81
52.82
52.81
52.81
52.82
52.83
52.83
52.83
52.85
52.85
52.85
52.86
52.84
52.84
52.85
52.85
52.85
52.85
52.86
52.85
52.86
52.86
52.87
52.87
52.86
52.87
52.87
52.89
52.89
52.87
52.87
52.87
52.88
52.88
52.88
52.88
52.88
52.88
52.88
52.88
52.88
52.87
52.82
