43.75
45.31
46.35
47.66
48.12
46.88
47.10
47.27
47.57
48.28
48.30
48.44
47.84
47.99
47.29
47.17
46.78
46.96
46.71
47.11
46.95
47.30
47.35
47.20
47.00
46.88
46.82
46.88
46.93
47.19
47.48
47.46
47.40
47.56
47.81
47.70
47.59
47.57
47.56
47.50
47.18
47.40
47.53
47.55
47.81
47.79
47.87
48.05
48.09
48.06
47.95
47.84
47.94
48.15
47.90
47.71
47.51
47.39
47.30
47.34
47.44
47.35
47.35
47.44
47.60
47.68
47.62
47.68
47.83
47.86
47.84
47.85
47.73
47.66
47.67
47.68
47.67
47.70
47.63
47.75
47.72
47.88
47.89
47.88
48.00
47.89
47.88
47.73
47.72
47.59
47.61
47.55
47.50
47.42
47.52
47.48
47.42
47.43
47.38
47.38
47.42
47.43
47.45
47.42
47.46
47.57
47.62
47.67
47.78
47.76
47.76
47.73
47.79
47.81
47.80
47.79
47.89
47.91
47.94
47.98
47.96
47.90
47.84
47.85
47.74
47.81
47.83
47.85
47.80
47.78
47.76
47.86
47.84
47.80
47.73
47.76
47.74
47.76
47.75
47.73
47.65
47.69
47.71
47.73
47.68
47.74
47.75
47.75
47.71
47.70
47.62
47.64
47.59
47.60
47.58
47.59
47.58
47.64
47.63
47.69
47.71
47.75
47.71
47.69
47.69
47.72
47.75
47.78
47.82
47.84
47.82
47.79
47.74
47.68
47.69
47.70
47.78
47.79
47.77
47.78
47.79
47.79
47.78
47.77
47.78
47.81
47.81
47.80
47.78
47.80
47.79
47.79
47.80
47.79
47.77
47.72
47.74
47.72
47.68
47.66
47.65
47.64
47.64
47.66
47.69
47.66
47.64
47.63
47.62
47.56
47.58
47.58
47.56
47.57
47.61
47.62
47.59
47.59
47.60
47.63
47.66
47.68
47.67
47.66
47.62
47.61
47.58
47.56
47.59
47.62
47.61
47.62
47.63
47.62
47.59
47.60
47.59
47.60
47.61
47.63
47.65
47.64
47.67
47.71
47.70
47.71
47.73
47.72
47.70
47.64
47.65
47.59
47.62
47.61
47.55
47.54
47.54
47.49
47.44
47.43
47.41
47.38
47.34
47.33
47.33
47.30
47.30
47.31
47.31
47.29
47.28
47.27
47.28
47.29
47.25
47.25
47.27
47.20
47.17
47.18
47.18
47.19
47.20
47.17
47.16
47.16
47.16
47.17
47.12
47.12
47.14
47.15
47.13
47.14
47.16
47.15
47.18
47.14
47.15
47.14
47.13
47.17
47.16
47.15
47.14
47.11
47.08
47.10
47.08
47.07
47.07
47.03
47.01
47.03
47.02
47.01
47.00
46.98
47.00
46.99
46.98
47.00
47.00
46.99
47.01
46.98
46.98
46.98
47.02
47.01
46.99
47.00
46.99
47.01
47.04
47.01
47.01
46.99
46.99
47.02
47.02
46.98
46.94
46.94
46.92
46.92
46.96
46.96
46.98
46.98
46.98
46.95
46.95
46.94
46.95
46.96
46.98
46.96
47.00
46.97
46.97
46.98
46.96
46.94
46.96
46.96
46.99
47.04
47.05
47.06
47.04
47.03
47.06
47.05
47.06
47.07
47.08
47.07
47.07
47.07
47.09
47.08
47.08
47.09
47.09
47.06
47.04
47.06
47.06
47.06
47.06
47.05
47.05
47.07
47.06
47.04
47.05
47.04
47.06
47.06
47.07
47.08
47.10
47.10
47.09
47.07
47.07
47.07
47.08
47.07
47.07
47.05
47.05
47.06
47.06
47.08
47.07
47.08
47.08
47.09
47.10
47.10
47.11
47.13
47.11
47.11
47.09
47.10
47.10
47.10
47.08
47.07
47.05
47.04
47.04
47.04
47.03
47.04
47.04
47.07
47.09
47.10
47.10
47.14
47.13
47.15
47.16
47.14
47.15
47.19
47.18
47.19
47.22
47.22
47.23
47.21
47.20
47.19
47.18
47.18
47.18
47.18
47.18
47.17
47.18
47.19
47.18
47.19
47.19
47.18
47.20
47.21
47.21
47.21
47.21
47.21
47.22
47.22
47.19
47.19
47.20
47.23
47.22
47.22
47.26
47.26
47.28
47.26
47.26
47.25
47.26
47.28
47.26
47.27
47.27
47.27
47.28
47.28
47.30
47.30
47.30
47.31
47.30
47.32
47.31
47.30
47.32
47.34
47.34
47.35
47.35
47.35
47.34
47.33
47.31
47.33
47.34
47.35
47.36
47.37
47.37
47.37
47.37
47.38
47.37
47.36
47.37
47.37
47.37
47.36
47.38
47.39
47.40
47.40
47.40
47.39
47.40
47.40
47.41
47.42
47.39
47.39
47.39
47.40
47.41
47.42
47.42
47.41
47.40
47.39
47.38
47.39
47.39
47.41
47.39
47.40
47.39
47.38
47.34
47.35
47.34
47.34
47.33
47.32
47.35
47.36
47.35
47.36
47.37
47.36
47.36
47.37
47.37
47.37
47.37
47.36
47.37
47.36
47.36
47.37
47.37
47.39
47.39
47.38
47.39
47.39
47.39
47.40
47.39
47.38
47.37
47.38
47.39
47.38
47.37
47.39
47.40
47.39
47.39
47.39
47.39
47.41
47.41
47.40
47.43
47.46
47.45
47.44
47.45
47.45
47.44
47.44
47.46
47.45
47.45
47.45
47.43
47.45
47.46
47.47
47.48
47.47
47.47
47.47
47.46
47.46
47.47
47.48
47.48
47.48
47.48
47.47
47.47
47.46
47.46
47.46
47.47
47.48
47.48
47.48
47.49
47.49
47.49
47.49
47.49
47.48
47.48
47.48
47.49
47.49
47.50
47.49
47.49
47.50
47.51
47.50
47.52
47.52
47.52
47.50
47.48
47.50
47.50
47.51
47.50
47.49
47.48
47.49
47.49
47.48
47.47
47.46
47.46
47.45
47.45
47.45
47.45
47.45
47.45
47.46
47.45
47.44
47.44
47.43
47.42
47.42
47.43
47.43
47.43
47.42
47.42
47.42
47.42
47.44
47.43
47.42
47.42
47.40
47.41
47.42
47.43
47.43
47.42
47.41
47.42
47.43
47.43
47.42
47.43
47.41
47.40
47.40
47.40
47.40
47.40
47.40
47.39
47.39
47.39
47.40
47.41
47.40
47.40
47.40
47.41
47.41
47.40
47.39
47.41
47.41
47.42
47.40
47.41
47.41
47.42
47.43
47.42
47.43
47.44
47.45
47.43
47.44
47.45
47.45
47.45
47.46
47.46
47.47
47.45
47.45
47.45
47.45
47.45
47.45
47.43
47.44
47.44
47.43
47.44
47.44
47.44
47.45
47.44
47.45
47.46
47.46
47.47
47.47
47.47
47.47
47.46
47.46
47.48
47.46
47.45
47.43
47.42
47.43
47.44
47.45
47.45
47.40
