85.94
85.16
82.81
83.20
83.75
82.29
81.92
82.23
82.99
82.19
82.67
82.81
82.69
83.15
83.65
83.20
83.09
82.99
82.98
83.20
83.04
83.31
82.54
82.62
82.44
81.97
82.12
82.53
82.54
82.50
82.36
82.32
82.24
82.31
82.01
82.07
82.09
81.95
82.01
81.99
82.09
82.14
82.12
82.17
82.36
82.37
82.38
82.23
82.33
82.41
82.41
82.36
82.28
82.29
82.10
82.20
82.24
82.25
82.31
82.21
82.04
82.06
82.12
82.01
82.14
82.08
82.04
82.17
82.27
82.30
82.35
82.34
82.28
82.28
82.21
82.18
82.08
81.89
81.96
81.97
81.89
81.82
81.87
81.88
81.93
81.89
81.93
81.98
81.97
81.96
81.87
81.86
81.84
81.85
81.83
81.84
81.80
81.73
81.77
81.77
81.71
81.66
81.72
81.73
81.80
81.78
81.85
81.93
81.88
81.90
81.86
81.78
81.78
81.73
81.74
81.72
81.68
81.70
81.71
81.76
81.74
81.67
81.68
81.67
81.71
81.71
81.73
81.69
81.71
81.71
81.73
81.70
81.71
81.69
81.74
81.71
81.67
81.69
81.64
81.64
81.66
81.67
81.68
81.68
81.67
81.69
81.68
81.69
81.73
81.71
81.68
81.67
81.71
81.73
81.75
81.81
81.82
81.81
81.81
81.83
81.79
81.80
81.80
81.79
81.77
81.80
81.83
81.83
81.78
81.76
81.77
81.77
81.77
81.76
81.75
81.77
81.79
81.80
81.83
81.87
81.87
81.84
81.83
81.84
81.85
81.85
81.83
81.87
81.85
81.85
81.84
81.86
81.82
81.84
81.83
81.81
81.85
81.82
81.87
81.84
81.82
81.84
81.87
81.89
81.89
81.93
81.94
81.95
81.90
81.88
81.89
81.88
81.85
81.83
81.85
81.84
81.85
81.88
81.88
81.90
81.88
81.88
81.89
81.86
81.88
81.89
81.90
81.90
81.90
81.90
81.89
81.90
81.92
81.88
81.86
81.85
81.84
81.86
81.88
81.89
81.90
81.92
81.89
81.89
81.89
81.90
81.91
81.89
81.87
81.86
81.84
81.83
81.81
81.81
81.80
81.81
81.80
81.79
81.77
81.78
81.79
81.78
81.78
81.79
81.80
81.83
81.85
81.85
81.81
81.79
81.79
81.81
81.81
81.78
81.78
81.78
81.79
81.79
81.80
81.80
81.79
81.77
81.76
81.78
81.79
81.77
81.76
81.75
81.71
81.73
81.72
81.71
81.72
81.72
81.69
81.72
81.73
81.75
81.76
81.75
81.71
81.71
81.72
81.72
81.73
81.75
81.73
81.76
81.75
81.76
81.76
81.75
81.74
81.74
81.75
81.77
81.74
81.74
81.75
81.75
81.74
81.75
81.77
81.79
81.79
81.79
81.78
81.80
81.82
81.80
81.78
81.80
81.79
81.81
81.79
81.75
81.75
81.75
81.76
81.77
81.78
81.77
81.77
81.78
81.79
81.76
81.75
81.75
81.75
81.75
81.72
81.70
81.71
81.70
81.73
81.72
81.72
81.71
81.69
81.68
81.67
81.68
81.68
81.70
81.70
81.72
81.74
81.74
81.73
81.71
81.72
81.71
81.73
81.72
81.68
81.68
81.69
81.67
81.69
81.70
81.69
81.68
81.68
81.67
81.68
81.70
81.71
81.70
81.71
81.71
81.70
81.69
81.68
81.69
81.69
81.68
81.70
81.71
81.72
81.72
81.72
81.72
81.74
81.76
81.76
81.76
81.76
81.75
81.75
81.74
81.75
81.75
81.74
81.73
81.74
81.73
81.73
81.74
81.74
81.73
81.73
81.72
81.72
81.74
81.72
81.73
81.73
81.74
81.72
81.72
81.73
81.73
81.70
81.70
81.70
81.69
81.69
81.70
81.70
81.70
81.71
81.73
81.73
81.74
81.74
81.74
81.75
81.76
81.77
81.77
81.79
81.76
81.77
81.76
81.76
81.74
81.73
81.73
81.72
81.72
81.73
81.74
81.74
81.72
81.73
81.74
81.74
81.72
81.68
81.68
81.67
81.68
81.67
81.68
81.68
81.67
81.68
81.67
81.67
81.67
81.67
81.66
81.66
81.66
81.67
81.66
81.65
81.66
81.67
81.67
81.68
81.67
81.67
81.67
81.67
81.65
81.66
81.66
81.64
81.65
81.65
81.65
81.67
81.67
81.66
81.65
81.68
81.68
81.68
81.68
81.68
81.69
81.70
81.70
81.71
81.70
81.70
81.71
81.72
81.72
81.74
81.74
81.73
81.74
81.74
81.75
81.75
81.75
81.77
81.77
81.77
81.77
81.78
81.78
81.76
81.76
81.76
81.74
81.74
81.74
81.72
81.72
81.72
81.72
81.73
81.72
81.71
81.70
81.70
81.69
81.68
81.69
81.69
81.69
81.70
81.71
81.72
81.72
81.73
81.74
81.75
81.75
81.75
81.75
81.76
81.76
81.75
81.74
81.75
81.76
81.76
81.76
81.74
81.73
81.74
81.75
81.73
81.73
81.72
81.70
81.70
81.70
81.69
81.69
81.70
81.69
81.68
81.68
81.67
81.66
81.67
81.66
81.68
81.68
81.69
81.68
81.68
81.68
81.66
81.66
81.65
81.65
81.66
81.67
81.67
81.67
81.67
81.68
81.68
81.68
81.67
81.68
81.68
81.67
81.68
81.69
81.68
81.68
81.69
81.69
81.69
81.67
81.66
81.66
81.66
81.65
81.65
81.66
81.66
81.67
81.66
81.67
81.67
81.67
81.68
81.68
81.69
81.70
81.70
81.70
81.71
81.70
81.70
81.70
81.70
81.70
81.68
81.68
81.68
81.68
81.68
81.69
81.68
81.68
81.68
81.69
81.69
81.70
81.71
81.71
81.70
81.71
81.71
81.73
81.72
81.72
81.72
81.72
81.72
81.73
81.73
81.74
81.74
81.74
81.74
81.75
81.74
81.75
81.75
81.75
81.75
81.76
81.76
81.76
81.75
81.75
81.75
81.76
81.77
81.76
81.77
81.76
81.77
81.77
81.76
81.77
81.78
81.78
81.79
81.79
81.79
81.80
81.78
81.79
81.79
81.78
81.78
81.77
81.76
81.76
81.77
81.75
81.76
81.76
81.76
81.76
81.76
81.77
81.76
81.76
81.77
81.78
81.77
81.77
81.77
81.79
81.79
81.79
81.80
81.81
81.80
81.79
81.80
81.79
81.79
81.79
81.78
81.78
81.78
81.78
81.79
81.79
81.79
81.80
81.81
81.81
81.82
81.82
81.82
81.82
81.82
81.83
81.84
81.84
81.85
81.85
81.85
81.86
81.86
81.85
81.86
81.85
81.85
81.85
81.85
81.86
81.87
81.88
81.88
81.89
