89.06
85.16
80.73
78.12
76.88
76.04
76.12
76.17
76.04
75.62
75.99
75.65
76.08
76.12
75.73
75.59
75.92
76.22
76.48
76.48
76.71
76.85
76.77
76.69
76.38
76.62
76.50
76.73
77.26
77.24
77.27
77.49
77.51
77.25
77.37
77.30
77.20
77.26
77.20
77.23
77.36
77.12
77.22
77.41
77.33
77.31
77.46
77.47
77.52
77.38
77.39
77.46
77.51
77.58
77.41
77.48
77.52
77.59
77.60
77.71
77.66
77.70
77.63
77.66
77.76
77.84
77.75
77.76
77.74
77.66
77.64
77.65
77.61
77.64
77.65
77.67
77.66
77.56
77.61
77.50
77.51
77.48
77.33
77.31
77.21
77.23
77.26
77.29
77.23
77.22
77.21
77.21
77.12
77.19
77.11
77.16
77.16
77.09
77.11
77.16
77.12
77.05
77.08
77.10
77.11
77.18
77.15
77.11
77.16
77.20
77.18
77.19
77.23
77.26
77.35
77.33
77.31
77.32
77.30
77.27
77.23
77.23
77.21
77.28
77.29
77.33
77.34
77.37
77.27
77.36
77.36
77.34
77.30
77.30
77.33
77.27
77.35
77.37
77.36
77.35
77.40
77.38
77.37
77.31
77.31
77.29
77.32
77.35
77.36
77.41
77.49
77.47
77.42
77.41
77.42
77.42
77.40
77.44
77.46
77.40
77.37
77.35
77.36
77.40
77.35
77.32
77.35
77.30
77.30
77.32
77.34
77.35
77.38
77.36
77.35
77.27
77.30
77.28
77.28
77.23
77.26
77.28
77.26
77.22
77.26
77.23
77.25
77.28
77.29
77.28
77.32
77.35
77.38
77.35
77.34
77.37
77.40
77.38
77.37
77.34
77.35
77.37
77.37
77.37
77.42
77.41
77.42
77.46
77.43
77.44
77.47
77.43
77.44
77.39
77.36
77.34
77.36
77.36
77.34
77.33
77.34
77.34
77.35
77.36
77.38
77.41
77.37
77.38
77.40
77.36
77.31
77.30
77.32
77.30
77.31
77.31
77.33
77.33
77.29
77.27
77.27
77.26
77.30
77.30
77.31
77.31
77.27
77.27
77.24
77.24
77.24
77.26
77.25
77.27
77.29
77.29
77.30
77.31
77.33
77.30
77.31
77.34
77.35
77.33
77.35
77.36
77.38
77.37
77.38
77.36
77.37
77.37
77.35
77.36
77.35
77.35
77.36
77.38
77.37
77.38
77.42
77.40
77.39
77.37
77.36
77.33
77.36
77.34
77.36
77.35
77.32
77.33
77.31
77.34
77.33
77.32
77.32
77.33
77.34
77.32
77.30
77.31
77.28
77.29
77.31
77.32
77.32
77.35
77.37
77.38
77.39
77.37
77.36
77.34
77.33
77.33
77.30
77.29
77.32
77.31
77.31
77.31
77.32
77.30
77.30
77.28
77.25
77.24
77.24
77.22
77.21
77.21
77.21
77.21
77.20
77.22
77.23
77.24
77.23
77.22
77.26
77.24
77.23
77.22
77.22
77.25
77.26
77.27
77.29
77.32
77.32
77.32
77.33
77.30
77.29
77.30
77.30
77.31
77.31
77.29
77.30
77.30
77.31
77.28
77.26
77.26
77.28
77.26
77.27
77.24
77.25
77.22
77.22
77.21
77.21
77.22
77.24
77.25
77.26
77.24
77.25
77.24
77.26
77.24
77.24
77.24
77.23
77.24
77.25
77.26
77.25
77.24
77.23
77.25
77.25
77.28
77.26
77.25
77.22
77.20
77.21
77.20
77.23
77.24
77.27
77.25
77.27
77.25
77.27
77.28
77.27
77.29
77.30
77.30
77.31
77.31
77.29
77.29
77.28
77.28
77.30
77.30
77.29
77.30
77.31
77.30
77.31
77.32
77.33
77.33
77.32
77.30
77.31
77.32
77.32
77.32
77.32
77.32
77.31
77.32
77.31
77.33
77.34
77.33
77.33
77.33
77.32
77.33
77.31
77.32
77.32
77.33
77.35
77.35
77.34
77.35
77.35
77.36
77.38
77.38
77.39
77.37
77.37
77.36
77.35
77.34
77.34
77.36
77.36
77.35
77.34
77.35
77.35
77.35
77.35
77.36
77.37
77.38
77.38
77.36
77.36
77.35
77.34
77.34
77.34
77.34
77.35
77.34
77.32
77.31
77.31
77.32
77.33
77.32
77.33
77.33
77.35
77.35
77.35
77.35
77.35
77.36
77.35
77.33
77.33
77.33
77.34
77.36
77.34
77.35
77.36
77.35
77.35
77.37
77.37
77.38
77.38
77.37
77.38
77.38
77.38
77.39
77.38
77.39
77.38
77.38
77.39
77.39
77.39
77.38
77.37
77.38
77.39
77.39
77.38
77.38
77.38
77.38
77.38
77.36
77.34
77.35
77.35
77.35
77.34
77.34
77.35
77.35
77.35
77.35
77.35
77.33
77.34
77.33
77.34
77.34
77.34
77.34
77.33
77.32
77.32
77.32
77.32
77.31
77.32
77.32
77.32
77.31
77.31
77.32
77.32
77.32
77.32
77.31
77.30
77.29
77.28
77.28
77.29
77.30
77.30
77.32
77.33
77.33
77.35
77.36
77.37
77.38
77.39
77.40
77.41
77.41
77.42
77.43
77.43
77.44
77.45
77.47
77.46
77.47
77.47
77.48
77.48
77.49
77.48
77.48
77.49
77.50
77.49
77.50
77.49
77.49
77.50
77.51
77.51
77.53
77.54
77.54
77.55
77.56
77.54
77.55
77.55
77.55
77.56
77.56
77.54
77.55
77.52
77.52
77.51
77.49
77.47
77.47
77.47
77.46
77.46
77.46
77.47
77.47
77.49
77.49
77.51
77.51
77.50
77.51
77.51
77.52
77.53
77.52
77.53
77.52
77.52
77.51
77.50
77.50
77.50
77.47
77.48
77.48
77.48
77.48
77.48
77.49
77.50
77.49
77.49
77.47
77.46
77.46
77.46
77.47
77.47
77.46
77.46
77.46
77.45
77.45
77.46
77.46
77.45
77.44
77.45
77.45
77.44
77.45
77.44
77.44
77.44
77.44
77.44
77.45
77.45
77.43
77.42
77.43
77.42
77.42
77.41
77.42
77.43
77.43
77.43
77.43
77.44
77.43
77.43
77.43
77.42
77.42
77.41
77.40
77.42
77.40
77.41
77.42
77.40
77.39
77.39
77.38
77.37
77.36
77.36
77.35
77.35
77.36
77.35
77.36
77.37
77.38
77.37
77.37
77.37
77.37
77.37
77.37
77.37
77.37
77.37
77.36
77.36
77.34
77.33
77.34
77.34
77.35
77.35
77.35
77.34
77.34
77.34
77.35
77.34
77.34
77.34
77.33
77.31
77.31
77.31
77.32
77.31
77.29
77.29
77.29
77.30
77.31
77.30
77.31
77.30
77.29
77.28
77.28
77.29
77.29
77.27
77.27
77.26
77.25
77.25
77.26
77.25
77.18
