35.94
37.50
38.02
40.62
40.00
39.06
37.72
37.70
36.28
35.62
34.52
34.77
33.77
34.04
34.06
34.57
34.56
34.46
34.38
34.06
34.08
34.30
34.31
33.92
34.12
33.95
34.09
33.98
33.84
33.65
33.67
33.15
33.14
33.04
33.08
32.77
32.73
32.89
32.89
32.85
33.00
33.07
33.03
33.03
32.95
32.91
33.14
33.33
33.16
33.31
33.46
33.50
33.46
33.45
33.32
33.37
33.53
33.73
33.69
33.65
33.91
33.87
34.00
34.13
34.25
34.28
34.33
34.19
34.22
34.24
34.18
34.24
34.23
34.10
34.21
34.23
34.27
34.13
34.12
34.12
34.03
33.92
33.87
33.89
33.97
34.01
34.12
34.07
34.01
34.06
34.12
34.22
34.12
34.21
34.24
34.26
34.15
34.06
33.98
34.02
33.99
33.93
33.90
34.01
33.93
33.98
33.94
33.91
33.84
33.81
33.83
33.80
33.75
33.69
33.72
33.76
33.72
33.81
33.88
33.91
33.92
33.82
33.85
33.85
33.79
33.79
33.87
33.95
33.99
34.00
33.99
34.03
34.02
34.03
34.09
34.12
34.08
34.11
34.16
34.14
34.06
34.07
34.03
34.01
34.02
33.98
33.96
33.91
33.88
33.93
33.95
33.93
34.02
34.03
34.01
34.01
33.99
33.95
33.96
33.96
34.01
34.00
34.01
34.00
33.94
33.89
33.87
33.88
33.90
33.94
33.95
33.93
33.85
33.79
33.82
33.81
33.82
33.85
33.79
33.77
33.76
33.74
33.71
33.72
33.69
33.68
33.71
33.72
33.68
33.67
33.70
33.72
33.74
33.70
33.69
33.67
33.77
33.80
33.81
33.83
33.80
33.79
33.81
33.79
33.80
33.81
33.81
33.79
33.84
33.82
33.82
33.87
33.86
33.84
33.84
33.88
33.83
33.84
33.83
33.84
33.82
33.86
33.81
33.82
33.85
33.86
33.88
33.92
33.90
33.89
33.88
33.88
33.86
33.81
33.78
33.81
33.79
33.80
33.79
33.81
33.82
33.85
33.85
33.87
33.89
33.89
33.89
33.90
33.90
33.86
33.86
33.86
33.87
33.88
33.85
33.88
33.88
33.91
33.92
33.94
33.96
33.96
33.97
33.93
33.91
33.89
33.91
33.95
33.95
33.95
33.92
33.98
33.99
33.97
33.94
33.91
33.92
33.93
33.92
33.93
33.93
33.95
33.93
33.90
33.88
33.85
33.87
33.87
33.92
33.94
33.98
33.97
33.96
33.94
33.93
33.95
33.95
33.96
33.96
33.97
34.02
34.01
34.00
34.02
34.04
34.02
34.00
34.02
34.00
34.01
34.02
34.03
34.03
34.02
34.04
34.03
34.04
34.06
34.06
34.05
34.04
34.04
34.01
34.01
34.07
34.07
34.10
34.13
34.13
34.14
34.13
34.13
34.11
34.14
34.12
34.13
34.13
34.14
34.13
34.15
34.16
34.18
34.20
34.19
34.21
34.21
34.18
34.19
34.20
34.20
34.21
34.21
34.19
34.22
34.23
34.23
34.21
34.19
34.17
34.17
34.15
34.15
34.15
34.17
34.17
34.20
34.20
34.21
34.21
34.21
34.21
34.22
34.22
34.24
34.22
34.22
34.21
34.21
34.21
34.19
34.21
34.21
34.22
34.22
34.25
34.27
34.28
34.25
34.25
34.24
34.24
34.23
34.23
34.21
34.20
34.23
34.22
34.23
34.25
34.23
34.24
34.22
34.24
34.24
34.22
34.24
34.22
34.20
34.19
34.19
34.17
34.19
34.21
34.20
34.19
34.18
34.15
34.16
34.16
34.14
34.13
34.15
34.13
34.11
34.10
34.10
34.09
34.09
34.10
34.08
34.06
34.07
34.06
34.07
34.08
34.11
34.09
34.08
34.11
34.13
34.16
34.14
34.15
34.17
34.16
34.14
34.13
34.12
34.13
34.14
34.11
34.11
34.13
34.12
34.11
34.11
34.09
34.10
34.09
34.09
34.07
34.08
34.09
34.09
34.10
34.10
34.10
34.08
34.08
34.07
34.05
34.05
34.06
34.04
34.04
34.03
34.05
34.05
34.04
34.05
34.04
34.07
34.05
34.06
34.03
34.05
34.05
34.05
34.06
34.07
34.07
34.08
34.07
34.08
34.11
34.12
34.13
34.13
34.14
34.13
34.16
34.16
34.16
34.15
34.15
34.14
34.17
34.18
34.16
34.16
34.16
34.16
34.17
34.17
34.17
34.16
34.17
34.16
34.16
34.16
34.18
34.18
34.19
34.17
34.15
34.16
34.18
34.19
34.19
34.19
34.19
34.19
34.19
34.19
34.18
34.19
34.19
34.18
34.18
34.17
34.16
34.15
34.15
34.16
34.19
34.21
34.21
34.19
34.20
34.20
34.20
34.20
34.19
34.17
34.18
34.18
34.20
34.20
34.18
34.18
34.18
34.18
34.19
34.19
34.20
34.20
34.18
34.19
34.18
34.17
34.19
34.19
34.19
34.18
34.19
34.20
34.22
34.21
34.21
34.21
34.22
34.22
34.25
34.25
34.25
34.26
34.27
34.28
34.27
34.29
34.30
34.32
34.30
34.30
34.29
34.30
34.31
34.31
34.31
34.33
34.32
34.32
34.32
34.32
34.33
34.33
34.33
34.34
34.34
34.33
34.35
34.36
34.36
34.38
34.39
34.37
34.36
34.35
34.37
34.37
34.35
34.35
34.35
34.35
34.33
34.34
34.34
34.35
34.34
34.33
34.33
34.34
34.34
34.32
34.33
34.32
34.33
34.32
34.33
34.33
34.31
34.32
34.32
34.32
34.34
34.35
34.36
34.37
34.37
34.37
34.37
34.38
34.38
34.41
34.39
34.39
34.39
34.39
34.39
34.39
34.38
34.37
34.37
34.36
34.37
34.38
34.38
34.38
34.37
34.38
34.38
34.36
34.36
34.35
34.35
34.36
34.36
34.37
34.40
34.38
34.39
34.38
34.37
34.39
34.40
34.39
34.39
34.39
34.41
34.42
34.43
34.43
34.42
34.43
34.43
34.42
34.42
34.44
34.44
34.44
34.44
34.44
34.45
34.45
34.45
34.45
34.45
34.44
34.45
34.45
34.46
34.46
34.46
34.45
34.43
34.44
34.44
34.44
34.44
34.44
34.44
34.45
34.46
34.46
34.46
34.45
34.46
34.46
34.46
34.47
34.48
34.48
34.49
34.50
34.50
34.52
34.53
34.53
34.53
34.53
34.51
34.51
34.51
34.50
34.51
34.50
34.51
34.51
34.50
34.50
34.50
34.50
34.50
34.49
34.49
34.50
34.50
34.50
34.50
34.50
34.50
34.52
34.52
34.52
34.53
34.53
34.54
34.53
34.54
34.54
34.53
34.52
34.54
34.54
34.55
34.56
34.57
34.57
34.58
34.59
34.59
34.55
