35.94
38.28
42.19
41.02
40.94
41.15
40.85
38.87
38.54
38.59
38.92
38.93
38.70
39.17
38.75
38.77
38.69
38.89
38.82
38.36
38.47
38.71
38.25
38.22
38.00
37.86
38.08
38.34
38.74
39.17
39.11
39.06
39.30
39.52
39.33
39.28
39.36
39.31
39.22
39.26
39.14
39.06
38.99
38.85
38.92
38.79
38.83
38.90
38.93
39.06
39.15
39.33
39.39
39.12
39.15
39.20
39.23
39.52
39.51
39.48
39.52
39.44
39.34
39.26
39.13
39.18
39.39
39.36
39.29
39.33
39.44
39.50
39.49
39.48
39.54
39.58
39.55
39.40
39.34
39.30
39.22
39.23
39.25
39.27
39.23
39.26
39.22
39.20
39.17
39.24
39.20
39.22
39.23
39.21
39.28
39.39
39.29
39.25
39.27
39.30
39.34
39.28
39.29
39.29
39.21
39.17
39.21
39.24
39.29
39.25
39.26
39.17
39.16
39.19
39.14
39.17
39.22
39.17
39.19
39.18
39.14
39.14
39.08
39.10
39.14
39.14
39.19
39.20
39.27
39.21
39.18
39.22
39.22
39.23
39.27
39.27
39.24
39.14
39.19
39.27
39.24
39.22
39.19
39.15
39.09
39.16
39.11
39.08
39.07
39.08
39.09
39.12
39.17
39.22
39.21
39.25
39.26
39.29
39.23
39.20
39.12
39.06
39.09
39.08
39.10
39.12
39.17
39.16
39.15
39.15
39.12
39.12
39.10
39.12
39.07
39.07
39.05
39.04
39.03
39.03
39.09
39.09
39.11
39.13
39.11
39.10
39.10
39.03
38.96
38.92
38.90
38.92
38.92
38.93
38.93
38.88
38.91
38.92
38.92
38.90
38.88
38.88
38.91
38.92
38.99
38.97
38.96
38.93
38.96
38.97
38.95
38.92
38.92
38.93
38.95
38.98
38.99
39.02
39.01
39.01
38.96
38.95
38.93
38.96
38.96
38.95
38.95
38.97
39.05
39.08
39.11
39.10
39.13
39.17
39.16
39.18
39.17
39.15
39.16
39.13
39.14
39.08
39.07
39.09
39.11
39.12
39.08
39.07
39.04
39.05
39.07
39.06
39.01
38.97
39.01
39.01
39.01
39.00
39.04
39.08
39.08
39.06
39.05
39.07
39.05
39.06
39.03
39.01
39.03
39.02
39.03
39.02
39.01
39.05
39.04
39.02
39.03
39.07
39.08
39.11
39.09
39.07
39.05
39.03
39.03
39.01
39.00
39.02
39.04
39.02
39.00
39.02
39.00
39.01
39.04
39.04
39.04
39.04
39.05
39.07
39.08
39.07
39.06
39.08
39.06
39.04
39.05
39.05
39.08
39.07
39.05
39.06
39.08
39.05
39.04
39.05
39.06
39.04
39.06
39.03
39.01
39.00
39.02
39.07
39.09
39.12
39.10
39.14
39.15
39.17
39.18
39.17
39.15
39.17
39.17
39.16
39.16
39.19
39.17
39.17
39.16
39.15
39.18
39.17
39.18
39.17
39.18
39.16
39.14
39.15
39.12
39.13
39.13
39.16
39.15
39.15
39.15
39.17
39.18
39.18
39.22
39.23
39.20
39.18
39.19
39.20
39.19
39.22
39.21
39.18
39.18
39.18
39.18
39.19
39.20
39.17
39.16
39.15
39.14
39.16
39.15
39.15
39.16
39.18
39.18
39.19
39.18
39.18
39.21
39.21
39.19
39.19
39.18
39.18
39.18
39.17
39.18
39.16
39.20
39.19
39.18
39.17
39.19
39.19
39.21
39.17
39.19
39.17
39.17
39.17
39.17
39.17
39.15
39.16
39.17
39.16
39.11
39.14
39.12
39.12
39.11
39.10
39.11
39.13
39.15
39.15
39.16
39.18
39.18
39.19
39.21
39.20
39.21
39.24
39.22
39.21
39.20
39.20
39.21
39.19
39.20
39.20
39.19
39.20
39.23
39.20
39.21
39.20
39.21
39.21
39.21
39.20
39.20
39.21
39.21
39.20
39.22
39.22
39.22
39.23
39.23
39.20
39.21
39.23
39.23
39.23
39.25
39.25
39.26
39.29
39.30
39.28
39.27
39.27
39.29
39.26
39.28
39.28
39.28
39.26
39.26
39.24
39.24
39.26
39.26
39.24
39.23
39.22
39.23
39.24
39.22
39.24
39.24
39.24
39.26
39.26
39.24
39.25
39.22
39.23
39.23
39.20
39.19
39.19
39.18
39.18
39.18
39.18
39.18
39.16
39.14
39.14
39.14
39.12
39.12
39.12
39.14
39.15
39.14
39.12
39.12
39.12
39.09
39.10
39.09
39.10
39.10
39.13
39.12
39.13
39.13
39.12
39.11
39.11
39.09
39.10
39.09
39.10
39.11
39.10
39.08
39.08
39.06
39.07
39.09
39.11
39.10
39.09
39.10
39.13
39.12
39.12
39.12
39.12
39.14
39.14
39.14
39.15
39.16
39.15
39.15
39.12
39.11
39.11
39.10
39.10
39.09
39.09
39.07
39.08
39.08
39.07
39.07
39.07
39.08
39.08
39.10
39.11
39.10
39.10
39.11
39.10
39.11
39.12
39.12
39.11
39.11
39.11
39.11
39.12
39.13
39.12
39.12
39.12
39.12
39.13
39.11
39.10
39.08
39.09
39.08
39.08
39.09
39.10
39.09
39.11
39.12
39.11
39.10
39.09
39.09
39.10
39.12
39.14
39.13
39.12
39.11
39.10
39.10
39.10
39.08
39.09
39.08
39.07
39.07
39.06
39.06
39.06
39.06
39.06
39.05
39.06
39.07
39.07
39.07
39.06
39.06
39.06
39.06
39.07
39.08
39.09
39.08
39.08
39.08
39.08
39.07
39.06
39.06
39.06
39.06
39.06
39.05
39.04
39.02
39.02
39.01
39.01
39.02
39.00
39.00
39.01
39.00
38.98
38.99
38.98
38.98
38.99
38.98
38.97
38.97
38.96
38.96
38.96
38.95
38.96
38.95
38.95
38.97
38.96
38.94
38.95
38.96
38.96
38.96
38.98
38.96
38.97
38.99
38.98
38.98
38.98
38.99
39.00
38.99
39.00
39.00
39.01
39.01
39.00
39.01
39.02
39.01
39.02
39.02
39.01
39.02
39.02
39.02
39.02
39.01
39.02
39.02
39.02
39.01
39.02
39.02
39.02
39.03
39.04
39.03
39.02
39.02
39.02
39.00
38.99
38.98
38.97
38.97
38.95
38.94
38.94
38.95
38.95
38.95
38.93
38.95
38.94
38.94
38.92
38.92
38.92
38.93
38.93
38.93
38.93
38.94
38.94
38.93
38.92
38.92
38.93
38.93
38.93
38.93
38.93
38.93
38.93
38.92
38.93
38.96
38.97
38.98
38.98
38.97
38.98
39.00
39.00
38.98
38.96
38.96
38.95
38.95
38.93
38.94
38.94
38.94
38.93
38.95
38.95
38.95
38.91
