53.12
50.00
48.96
47.27
46.88
46.88
47.32
46.29
46.01
45.94
45.60
45.44
45.55
45.42
45.21
45.80
44.94
44.10
44.24
44.53
44.49
44.46
44.63
44.47
44.44
44.17
44.39
44.59
44.23
44.53
44.51
44.34
44.37
44.53
44.38
44.40
44.51
44.24
44.27
44.45
44.51
44.49
44.44
44.39
44.34
44.26
44.25
44.30
44.13
44.31
44.21
44.38
44.52
44.62
44.57
44.67
44.54
44.56
44.54
44.58
44.42
44.41
44.49
44.43
44.35
44.48
44.45
44.37
44.36
44.35
44.30
44.47
44.41
44.45
44.44
44.45
44.52
44.53
44.56
44.57
44.58
44.80
44.75
44.62
44.63
44.55
44.65
44.62
44.58
44.51
44.56
44.60
44.61
44.56
44.54
44.61
44.70
44.79
44.87
44.91
44.86
44.94
44.80
44.80
44.85
45.02
44.96
44.97
44.97
45.04
45.20
45.19
45.23
45.13
45.08
45.08
45.06
45.01
44.98
45.01
45.00
44.99
44.99
45.06
45.11
45.16
45.12
45.15
45.13
45.11
45.16
45.05
45.08
45.01
44.98
45.05
44.99
45.02
45.10
45.09
45.02
44.97
45.00
44.97
44.98
44.99
44.92
44.89
44.95
44.94
44.90
44.96
45.02
45.06
45.12
45.11
45.20
45.09
45.11
45.13
45.19
45.17
45.16
45.16
45.21
45.22
45.17
45.22
45.27
45.23
45.30
45.28
45.25
45.28
45.32
45.29
45.34
45.35
45.37
45.36
45.40
45.38
45.43
45.34
45.33
45.38
45.37
45.33
45.30
45.26
45.25
45.22
45.26
45.26
45.25
45.18
45.25
45.20
45.16
45.18
45.20
45.20
45.20
45.24
45.25
45.28
45.28
45.27
45.25
45.27
45.28
45.24
45.20
45.20
45.18
45.18
45.17
45.18
45.16
45.17
45.21
45.21
45.17
45.17
45.14
45.13
45.11
45.08
45.07
45.06
45.08
45.10
45.05
45.08
45.05
45.07
45.06
45.04
45.07
45.08
45.09
45.06
45.08
45.07
45.08
45.04
45.03
44.99
44.94
44.97
44.98
44.97
44.97
44.90
44.90
44.92
44.92
44.92
44.93
44.93
44.95
44.98
44.94
44.92
44.96
44.95
44.96
44.95
44.96
44.96
44.95
44.93
44.91
44.89
44.89
44.89
44.93
44.89
44.89
44.90
44.88
44.84
44.83
44.87
44.87
44.87
44.86
44.86
44.87
44.85
44.81
44.86
44.88
44.88
44.88
44.87
44.88
44.90
44.91
44.94
44.92
44.91
44.92
44.92
44.95
44.97
44.95
44.98
45.00
44.99
44.97
44.98
45.00
45.00
45.00
45.02
45.04
45.02
45.03
45.04
44.99
44.95
44.94
44.96
44.97
44.95
44.94
44.95
44.93
44.94
44.94
44.93
44.95
44.93
44.95
45.00
45.02
44.99
45.01
45.03
45.01
45.02
44.99
45.00
45.00
45.00
45.01
45.01
45.03
45.01
45.01
45.00
44.96
44.95
44.97
44.97
44.97
44.95
44.96
44.99
44.96
44.95
44.95
44.96
44.93
44.94
44.94
44.94
44.95
44.99
45.00
44.98
44.95
44.97
44.99
44.99
45.02
45.02
45.02
44.98
44.97
44.99
45.02
45.00
45.00
44.98
44.99
45.01
45.01
45.00
44.98
44.99
44.99
44.99
44.99
45.01
45.03
45.03
45.02
44.99
44.98
45.00
44.96
44.97
44.95
44.94
44.95
44.95
44.95
44.95
44.95
44.95
44.95
44.95
44.97
45.00
44.99
44.99
44.99
44.98
44.97
44.97
44.97
44.98
44.99
45.01
44.99
45.00
45.01
45.05
45.04
45.05
45.06
45.06
45.06
45.07
45.07
45.06
45.05
45.05
45.03
45.06
45.07
45.06
45.05
45.03
45.05
45.03
45.01
45.02
45.00
44.99
44.97
44.98
44.98
44.99
44.99
45.01
45.03
45.04
45.03
45.03
45.04
45.04
45.02
44.99
44.98
45.01
45.02
45.02
45.01
45.02
45.03
45.03
45.00
45.00
45.00
44.99
44.98
44.99
44.97
44.97
44.98
44.97
45.00
45.02
45.00
45.01
45.01
44.99
44.97
44.97
44.96
44.97
44.97
44.97
45.01
45.00
45.01
45.00
44.99
44.99
45.01
45.02
45.04
45.03
45.04
45.04
45.05
45.02
45.00
45.01
45.01
44.99
45.01
44.98
44.99
44.99
44.98
44.97
44.97
44.95
44.95
44.97
44.96
44.97
44.99
45.00
45.01
44.99
44.99
44.98
44.98
44.97
44.98
44.99
44.99
44.99
45.01
45.01
45.02
45.03
45.02
45.04
45.04
45.05
45.06
45.08
45.09
45.07
45.09
45.09
45.09
45.07
45.11
45.10
45.10
45.11
45.10
45.12
45.12
45.12
45.12
45.12
45.12
45.13
45.10
45.13
45.13
45.13
45.13
45.12
45.11
45.12
45.12
45.12
45.12
45.13
45.12
45.13
45.14
45.13
45.14
45.13
45.14
45.14
45.12
45.12
45.10
45.12
45.10
45.09
45.08
45.07
45.08
45.06
45.05
45.05
45.04
45.04
45.05
45.05
45.05
45.04
45.03
45.03
45.03
45.02
45.02
45.01
45.01
45.00
45.02
45.01
45.02
45.01
45.01
45.02
45.00
45.01
45.01
45.01
45.00
44.99
44.98
44.99
44.99
44.98
44.97
44.98
44.99
44.98
44.99
44.99
45.00
45.01
45.01
45.01
45.01
45.03
45.03
45.02
45.02
45.03
45.03
45.04
45.06
45.06
45.07
45.06
45.05
45.04
45.06
45.06
45.07
45.06
45.07
45.07
45.07
45.07
45.07
45.07
45.06
45.06
45.07
45.07
45.08
45.08
45.08
45.07
45.08
45.09
45.09
45.11
45.11
45.10
45.07
45.07
45.06
45.06
45.05
45.05
45.06
45.07
45.07
45.06
45.06
45.06
45.05
45.07
45.08
45.07
45.06
45.08
45.09
45.09
45.09
45.10
45.09
45.11
45.11
45.11
45.11
45.10
45.11
45.12
45.13
45.12
45.13
45.12
45.11
45.11
45.11
45.12
45.12
45.11
45.13
45.13
45.14
45.13
45.12
45.13
45.12
45.11
45.10
45.10
45.10
45.10
45.09
45.08
45.08
45.08
45.08
45.08
45.09
45.09
45.10
45.11
45.11
45.11
45.10
45.09
45.10
45.09
45.10
45.09
45.09
45.09
45.10
45.09
45.10
45.09
45.09
45.10
45.10
45.09
45.11
45.10
45.11
45.10
45.11
45.12
45.10
45.11
45.10
45.10
45.10
45.10
45.10
45.08
45.09
45.10
45.10
45.10
45.10
45.12
45.10
45.08
45.08
45.08
45.07
45.03
