79.69
72.66
73.44
72.27
72.50
73.18
73.66
73.24
72.22
72.19
72.44
72.79
72.84
72.21
72.40
72.75
72.61
72.74
72.62
72.97
73.14
72.87
72.55
72.46
72.69
72.96
73.21
73.16
73.28
73.23
73.49
73.34
73.30
73.07
73.21
72.96
72.93
72.74
72.72
72.54
72.14
72.21
72.46
72.23
72.08
72.08
71.97
72.17
71.97
71.72
71.66
71.69
71.64
71.79
71.79
71.87
71.85
71.87
71.87
71.69
71.75
71.70
71.83
71.80
71.80
71.76
71.74
71.74
71.85
71.85
71.79
71.77
71.70
71.64
71.65
71.57
71.61
71.59
71.60
71.66
71.59
71.44
71.37
71.41
71.45
71.51
71.53
71.61
71.56
71.48
71.58
71.69
71.57
71.51
71.55
71.53
71.55
71.60
71.58
71.66
71.63
71.69
71.69
71.71
71.71
71.65
71.63
71.64
71.66
71.68
71.72
71.68
71.64
71.63
71.64
71.63
71.67
71.73
71.73
71.81
71.85
71.82
71.81
71.82
71.91
71.85
71.90
71.84
71.87
71.85
71.87
71.76
71.72
71.62
71.62
71.60
71.59
71.56
71.57
71.57
71.52
71.56
71.60
71.60
71.59
71.56
71.53
71.53
71.55
71.58
71.56
71.54
71.55
71.56
71.66
71.57
71.61
71.60
71.66
71.60
71.58
71.53
71.48
71.48
71.51
71.49
71.52
71.56
71.53
71.49
71.49
71.49
71.54
71.53
71.48
71.48
71.46
71.51
71.55
71.50
71.47
71.42
71.44
71.46
71.41
71.45
71.45
71.48
71.48
71.46
71.47
71.48
71.47
71.47
71.42
71.39
71.41
71.40
71.44
71.44
71.47
71.47
71.44
71.42
71.48
71.50
71.51
71.47
71.49
71.50
71.53
71.52
71.57
71.54
71.52
71.57
71.61
71.65
71.68
71.68
71.67
71.70
71.73
71.74
71.72
71.68
71.68
71.68
71.70
71.68
71.70
71.69
71.66
71.69
71.68
71.71
71.66
71.63
71.65
71.70
71.72
71.74
71.76
71.77
71.77
71.75
71.74
71.69
71.69
71.74
71.76
71.76
71.78
71.80
71.81
71.81
71.86
71.84
71.84
71.84
71.80
71.82
71.84
71.87
71.89
71.87
71.89
71.89
71.87
71.86
71.83
71.85
71.86
71.86
71.84
71.85
71.85
71.84
71.85
71.86
71.86
71.92
71.94
71.95
71.95
71.96
71.97
71.99
72.03
72.04
72.06
72.09
72.08
72.08
72.08
72.12
72.14
72.16
72.16
72.18
72.17
72.15
72.17
72.19
72.21
72.22
72.22
72.20
72.21
72.20
72.20
72.20
72.21
72.21
72.20
72.22
72.23
72.27
72.30
72.31
72.29
72.27
72.29
72.31
72.29
72.25
72.24
72.23
72.25
72.27
72.26
72.27
72.28
72.28
72.27
72.30
72.32
72.30
72.30
72.31
72.31
72.28
72.27
72.26
72.24
72.26
72.28
72.27
72.27
72.26
72.27
72.30
72.30
72.31
72.32
72.32
72.31
72.32
72.31
72.25
72.27
72.26
72.28
72.27
72.29
72.31
72.30
72.29
72.28
72.28
72.28
72.29
72.28
72.23
72.22
72.23
72.24
72.26
72.25
72.25
72.26
72.27
72.27
72.27
72.25
72.26
72.26
72.26
72.26
72.25
72.26
72.25
72.24
72.23
72.23
72.23
72.22
72.23
72.24
72.23
72.24
72.24
72.24
72.26
72.25
72.26
72.27
72.28
72.28
72.27
72.26
72.27
72.24
72.24
72.25
72.26
72.28
72.27
72.25
72.24
72.25
72.23
72.21
72.21
72.19
72.19
72.19
72.18
72.19
72.20
72.18
72.20
72.19
72.20
72.22
72.22
72.22
72.22
72.22
72.21
72.21
72.19
72.17
72.16
72.15
72.13
72.12
72.15
72.17
72.17
72.19
72.18
72.18
72.16
72.18
72.17
72.17
72.17
72.18
72.18
72.18
72.18
72.20
72.20
72.19
72.18
72.16
72.16
72.15
72.16
72.16
72.16
72.16
72.15
72.16
72.19
72.17
72.17
72.16
72.19
72.18
72.18
72.18
72.17
72.17
72.17
72.17
72.16
72.16
72.14
72.16
72.16
72.15
72.15
72.16
72.14
72.13
72.13
72.13
72.12
72.13
72.15
72.15
72.17
72.17
72.17
72.18
72.19
72.18
72.20
72.19
72.21
72.20
72.20
72.18
72.21
72.22
72.20
72.20
72.21
72.19
72.20
72.21
72.21
72.21
72.22
72.21
72.21
72.21
72.21
72.23
72.22
72.22
72.22
72.20
72.22
72.23
72.23
72.23
72.20
72.19
72.21
72.20
72.21
72.21
72.20
72.19
72.17
72.16
72.15
72.16
72.16
72.15
72.15
72.15
72.14
72.14
72.14
72.15
72.13
72.15
72.17
72.17
72.19
72.18
72.19
72.19
72.18
72.17
72.17
72.17
72.18
72.19
72.18
72.19
72.19
72.19
72.18
72.19
72.19
72.17
72.16
72.16
72.16
72.16
72.18
72.18
72.16
72.15
72.14
72.14
72.15
72.15
72.14
72.15
72.13
72.15
72.13
72.14
72.13
72.13
72.13
72.12
72.13
72.12
72.12
72.12
72.10
72.09
72.08
72.10
72.09
72.09
72.07
72.09
72.08
72.08
72.08
72.09
72.08
72.06
72.06
72.05
72.06
72.05
72.05
72.04
72.04
72.03
72.04
72.04
72.05
72.05
72.06
72.05
72.05
72.05
72.04
72.02
72.00
72.00
72.02
72.01
72.01
71.98
71.98
71.96
71.96
71.97
71.95
71.95
71.95
71.95
71.95
71.94
71.96
71.95
71.94
71.93
71.94
71.94
71.95
71.96
71.98
71.99
71.98
71.98
71.98
71.98
71.99
72.00
71.99
72.00
72.01
71.99
71.99
71.98
71.99
71.99
71.99
72.00
72.00
71.99
72.02
72.02
72.02
72.02
72.02
72.02
72.02
72.02
72.02
72.02
72.01
72.01
72.02
72.02
72.02
72.02
72.02
72.02
72.03
72.03
72.03
72.03
72.04
72.04
72.04
72.04
72.04
72.05
72.05
72.04
72.03
72.03
72.03
72.03
72.03
72.02
72.01
72.01
72.01
72.00
72.00
72.00
72.00
72.01
72.01
72.02
72.01
72.00
72.01
72.01
72.01
72.01
72.01
72.01
72.00
72.01
72.01
72.01
72.01
71.99
72.00
72.00
72.01
72.01
72.00
72.01
72.00
72.00
72.00
72.00
71.98
71.98
71.97
71.99
72.00
72.00
72.01
71.99
71.99
72.00
72.00
71.99
71.98
71.97
71.96
71.95
71.94
71.95
71.95
71.94
71.95
71.94
71.94
71.93
71.94
71.94
71.95
71.95
71.89
