76.56
74.22
77.60
79.30
78.12
78.12
77.23
77.15
77.08
76.72
76.42
76.30
76.20
76.56
76.67
76.46
76.65
77.17
77.30
77.19
77.08
77.06
77.31
77.15
77.31
77.40
77.37
77.34
77.59
77.60
77.82
77.69
77.51
77.67
78.04
78.26
78.29
78.45
78.29
78.24
78.16
78.13
78.09
77.98
78.06
78.13
78.22
78.39
78.44
78.59
78.71
78.58
78.51
78.39
78.27
78.18
78.21
78.29
78.42
78.49
78.59
78.58
78.60
78.74
78.65
78.62
78.59
78.65
78.56
78.50
78.59
78.49
78.40
78.32
78.40
78.41
78.31
78.31
78.20
78.16
78.28
78.22
78.28
78.29
78.33
78.31
78.39
78.41
78.39
78.35
78.40
78.45
78.38
78.36
78.32
78.24
78.17
78.24
78.25
78.33
78.34
78.29
78.23
78.19
78.20
78.24
78.27
78.23
78.21
78.18
78.18
78.17
78.04
77.99
78.02
78.02
78.07
78.07
78.10
78.14
78.14
78.05
78.04
78.06
78.10
78.05
78.01
78.00
78.03
77.97
77.98
78.01
77.93
77.94
77.92
77.92
77.92
77.92
77.87
77.87
77.81
77.83
77.90
77.93
77.92
77.90
77.89
77.93
77.94
77.99
78.00
77.98
78.01
78.03
78.06
78.08
78.11
78.12
78.12
78.12
78.10
78.05
78.04
78.02
77.99
77.99
77.97
77.95
77.95
77.96
77.96
77.91
77.92
77.87
77.86
77.84
77.84
77.85
77.86
77.85
77.84
77.89
77.87
77.86
77.82
77.81
77.82
77.85
77.82
77.84
77.84
77.86
77.85
77.84
77.80
77.78
77.78
77.77
77.77
77.80
77.83
77.83
77.82
77.83
77.80
77.80
77.80
77.79
77.78
77.81
77.80
77.84
77.85
77.91
77.90
77.97
77.96
77.94
77.93
77.93
77.91
77.88
77.84
77.83
77.81
77.81
77.77
77.78
77.76
77.78
77.78
77.76
77.74
77.76
77.75
77.73
77.71
77.74
77.72
77.75
77.77
77.81
77.82
77.81
77.84
77.79
77.76
77.80
77.77
77.76
77.71
77.70
77.68
77.68
77.67
77.67
77.66
77.67
77.69
77.69
77.71
77.71
77.72
77.72
77.71
77.75
77.76
77.74
77.78
77.80
77.81
77.80
77.80
77.79
77.79
77.80
77.76
77.77
77.77
77.80
77.79
77.76
77.74
77.73
77.71
77.73
77.73
77.75
77.75
77.76
77.78
77.78
77.81
77.82
77.80
77.80
77.78
77.80
77.81
77.80
77.79
77.77
77.80
77.79
77.78
77.79
77.83
77.83
77.82
77.85
77.86
77.86
77.88
77.87
77.84
77.84
77.83
77.84
77.82
77.84
77.83
77.84
77.83
77.86
77.89
77.89
77.88
77.88
77.87
77.86
77.82
77.81
77.79
77.77
77.80
77.82
77.81
77.80
77.79
77.79
77.77
77.78
77.81
77.83
77.84
77.81
77.84
77.85
77.87
77.88
77.85
77.85
77.86
77.86
77.87
77.87
77.88
77.89
77.89
77.92
77.90
77.89
77.89
77.90
77.89
77.90
77.91
77.91
77.89
77.88
77.85
77.84
77.84
77.84
77.83
77.83
77.81
77.83
77.80
77.80
77.79
77.78
77.78
77.80
77.83
77.83
77.84
77.82
77.85
77.86
77.86
77.87
77.87
77.89
77.88
77.88
77.85
77.84
77.85
77.87
77.86
77.87
77.88
77.86
77.85
77.84
77.86
77.86
77.87
77.88
77.88
77.86
77.88
77.90
77.89
77.87
77.86
77.87
77.87
77.86
77.87
77.86
77.84
77.83
77.84
77.85
77.85
77.85
77.85
77.84
77.84
77.83
77.82
77.81
77.81
77.81
77.79
77.77
77.75
77.76
77.79
77.80
77.80
77.82
77.83
77.83
77.84
77.81
77.78
77.79
77.79
77.79
77.80
77.82
77.82
77.81
77.82
77.83
77.83
77.83
77.82
77.81
77.82
77.81
77.82
77.82
77.81
77.81
77.80
77.77
77.76
77.77
77.79
77.79
77.77
77.78
77.79
77.78
77.78
77.80
77.80
77.80
77.80
77.78
77.80
77.79
77.79
77.78
77.77
77.76
77.75
77.76
77.76
77.75
77.74
77.74
77.77
77.77
77.78
77.78
77.79
77.79
77.79
77.80
77.82
77.82
77.84
77.82
77.82
77.82
77.83
77.82
77.81
77.81
77.81
77.79
77.78
77.79
77.79
77.79
77.80
77.81
77.80
77.80
77.80
77.81
77.79
77.80
77.80
77.79
77.77
77.78
77.78
77.79
77.79
77.79
77.79
77.79
77.79
77.78
77.78
77.77
77.79
77.80
77.80
77.80
77.81
77.79
77.79
77.78
77.78
77.79
77.78
77.79
77.80
77.78
77.78
77.78
77.78
77.76
77.74
77.74
77.74
77.74
77.73
77.71
77.72
77.71
77.72
77.72
77.72
77.72
77.71
77.72
77.72
77.71
77.71
77.71
77.70
77.69
77.70
77.70
77.70
77.71
77.72
77.71
77.71
77.71
77.72
77.71
77.71
77.70
77.71
77.71
77.70
77.69
77.70
77.71
77.71
77.71
77.72
77.71
77.72
77.71
77.69
77.68
77.68
77.69
77.69
77.70
77.71
77.71
77.71
77.73
77.71
77.72
77.71
77.72
77.73
77.73
77.73
77.73
77.71
77.71
77.72
77.73
77.74
77.74
77.73
77.72
77.71
77.71
77.70
77.69
77.69
77.69
77.69
77.69
77.70
77.69
77.68
77.68
77.66
77.68
77.67
77.69
77.69
77.70
77.69
77.70
77.70
77.69
77.67
77.67
77.67
77.68
77.69
77.69
77.68
77.68
77.66
77.67
77.67
77.67
77.67
77.69
77.68
77.67
77.68
77.68
77.67
77.67
77.66
77.67
77.67
77.66
77.67
77.67
77.68
77.68
77.67
77.67
77.68
77.67
77.67
77.67
77.66
77.66
77.66
77.65
77.63
77.64
77.64
77.63
77.62
77.62
77.63
77.63
77.62
77.63
77.64
77.64
77.64
77.64
77.64
77.64
77.64
77.64
77.65
77.65
77.65
77.65
77.63
77.63
77.63
77.64
77.65
77.64
77.64
77.63
77.62
77.61
77.62
77.62
77.62
77.62
77.61
77.61
77.61
77.61
77.62
77.63
77.64
77.65
77.65
77.65
77.64
77.64
77.65
77.65
77.65
77.66
77.65
77.66
77.67
77.67
77.68
77.68
77.68
77.68
77.69
77.68
77.69
77.71
77.71
77.70
77.71
77.72
77.73
77.72
77.72
77.72
77.73
77.73
77.73
77.74
77.73
77.74
77.73
77.73
77.72
77.71
77.71
77.70
77.70
77.69
77.69
77.69
77.69
77.70
77.71
77.63
