46.88
48.44
43.23
42.19
43.44
45.31
45.98
44.92
44.62
45.00
45.45
45.57
46.39
45.65
45.83
45.80
45.59
46.01
46.30
46.17
46.28
46.31
46.81
46.16
46.00
46.45
46.64
46.60
46.17
46.46
46.82
47.02
46.88
46.92
46.79
46.88
46.92
46.75
46.67
46.84
46.95
46.99
47.09
47.05
46.98
47.38
47.31
47.43
47.26
46.97
46.91
46.94
46.85
46.73
46.73
46.65
46.38
46.44
46.37
46.25
46.34
46.37
46.48
46.36
46.35
46.35
46.36
46.46
46.26
46.34
46.35
46.38
46.36
46.35
46.35
46.44
46.39
46.45
46.38
46.39
46.37
46.36
46.27
46.32
46.21
46.11
46.23
46.32
46.30
46.34
46.21
46.18
46.09
46.18
46.18
46.32
46.36
46.40
46.48
46.42
46.41
46.35
46.33
46.35
46.41
46.40
46.45
46.56
46.52
46.51
46.47
46.43
46.39
46.40
46.41
46.39
46.50
46.41
46.51
46.46
46.42
46.50
46.39
46.42
46.44
46.45
46.46
46.42
46.52
46.47
46.47
46.45
46.39
46.41
46.45
46.46
46.42
46.46
46.53
46.54
46.58
46.56
46.58
46.53
46.65
46.60
46.56
46.49
46.51
46.49
46.53
46.49
46.47
46.43
46.48
46.43
46.45
46.44
46.40
46.43
46.49
46.55
46.47
46.47
46.49
46.52
46.48
46.47
46.44
46.46
46.54
46.53
46.51
46.51
46.54
46.49
46.53
46.44
46.46
46.39
46.35
46.32
46.36
46.41
46.39
46.39
46.40
46.36
46.33
46.31
46.27
46.20
46.20
46.18
46.14
46.10
46.14
46.18
46.14
46.18
46.17
46.22
46.21
46.16
46.17
46.14
46.14
46.18
46.17
46.18
46.18
46.18
46.17
46.21
46.16
46.18
46.20
46.22
46.19
46.17
46.15
46.14
46.19
46.20
46.21
46.19
46.22
46.26
46.27
46.26
46.26
46.27
46.29
46.29
46.31
46.29
46.26
46.24
46.21
46.22
46.22
46.20
46.19
46.18
46.19
46.19
46.15
46.09
46.10
46.06
46.02
46.02
46.05
46.08
46.08
46.06
46.07
46.10
46.11
46.06
46.05
46.03
46.05
46.04
46.04
46.04
46.05
46.07
46.06
46.07
46.03
46.05
46.05
46.07
46.06
46.09
46.09
46.06
46.05
46.08
46.08
46.07
46.09
46.08
46.06
46.06
46.07
46.06
46.06
46.09
46.09
46.11
46.13
46.14
46.09
46.11
46.14
46.13
46.15
46.15
46.17
46.17
46.17
46.21
46.18
46.20
46.22
46.21
46.19
46.20
46.19
46.19
46.18
46.18
46.18
46.14
46.15
46.12
46.10
46.09
46.08
46.08
46.07
46.08
46.09
46.11
46.11
46.09
46.11
46.10
46.12
46.15
46.16
46.15
46.16
46.14
46.11
46.15
46.17
46.15
46.16
46.19
46.17
46.15
46.14
46.11
46.06
46.06
46.07
46.08
46.11
46.11
46.12
46.13
46.12
46.11
46.10
46.13
46.10
46.12
46.11
46.12
46.11
46.11
46.13
46.13
46.11
46.11
46.13
46.13
46.13
46.12
46.11
46.08
46.07
46.05
46.04
46.04
46.03
46.03
46.03
46.04
46.03
46.04
46.05
46.05
46.04
46.06
46.03
46.04
46.04
46.02
46.04
46.04
46.06
46.06
46.05
46.07
46.08
46.05
46.06
46.05
46.05
46.04
46.05
46.06
46.06
46.04
46.04
46.02
46.00
45.99
45.98
45.98
45.98
46.00
45.99
45.97
45.97
45.96
45.97
45.96
45.97
45.96
45.99
45.98
45.97
46.00
46.00
45.98
45.97
45.97
45.97
45.98
45.97
46.01
46.02
46.00
45.99
46.00
45.96
45.94
45.95
45.96
45.97
45.98
45.98
45.98
45.97
46.00
45.98
46.00
45.99
46.00
46.01
46.00
46.02
46.02
46.00
45.99
45.97
45.98
45.96
45.96
45.96
45.95
45.92
45.91
45.90
45.90
45.90
45.92
45.93
45.92
45.92
45.89
45.89
45.89
45.89
45.87
45.86
45.86
45.86
45.86
45.87
45.86
45.87
45.86
45.85
45.84
45.85
45.83
45.83
45.82
45.82
45.83
45.84
45.86
45.84
45.82
45.82
45.83
45.83
45.84
45.83
45.82
45.81
45.82
45.83
45.83
45.81
45.80
45.80
45.80
45.79
45.80
45.78
45.77
45.77
45.76
45.76
45.77
45.77
45.76
45.77
45.76
45.78
45.77
45.77
45.76
45.78
45.78
45.78
45.77
45.79
45.80
45.80
45.81
45.81
45.80
45.81
45.83
45.81
45.83
45.82
45.80
45.80
45.82
45.82
45.82
45.81
45.82
45.83
45.82
45.84
45.84
45.83
45.85
45.85
45.86
45.84
45.84
45.83
45.83
45.83
45.84
45.85
45.88
45.88
45.87
45.89
45.90
45.92
45.92
45.91
45.88
45.88
45.88
45.86
45.86
45.86
45.87
45.86
45.87
45.89
45.88
45.88
45.88
45.87
45.86
45.85
45.86
45.86
45.85
45.83
45.84
45.81
45.81
45.81
45.82
45.83
45.82
45.82
45.84
45.86
45.86
45.86
45.85
45.85
45.84
45.85
45.85
45.86
45.85
45.84
45.85
45.86
45.87
45.89
45.89
45.89
45.89
45.91
45.91
45.90
45.89
45.89
45.89
45.90
45.92
45.92
45.94
45.95
45.96
45.96
45.98
45.99
46.00
45.98
45.99
45.98
45.98
45.97
45.97
45.98
45.97
45.97
45.97
45.98
45.96
45.95
45.95
45.95
45.95
45.95
45.95
45.95
45.95
45.94
45.97
45.97
45.98
45.98
45.99
46.00
45.98
45.98
45.99
45.99
46.00
45.99
45.97
45.97
45.97
45.97
45.99
45.99
45.99
46.00
45.99
46.00
46.01
46.00
46.00
46.02
46.02
46.03
46.03
46.02
46.03
46.04
46.04
46.03
46.02
46.02
46.02
46.01
46.02
46.02
46.02
46.03
46.04
46.05
46.06
46.06
46.06
46.06
46.06
46.08
46.07
46.06
46.06
46.06
46.06
46.06
46.06
46.05
46.05
46.04
46.04
46.04
46.03
46.03
46.02
46.01
46.00
46.00
45.99
45.99
46.02
46.01
46.02
46.01
46.01
46.00
46.00
46.00
45.99
45.99
45.97
45.98
45.97
45.97
45.97
45.95
45.95
45.95
45.95
45.94
45.95
45.95
45.95
45.96
45.95
45.94
45.95
45.94
45.95
45.95
45.96
45.96
45.96
45.96
45.98
45.97
45.97
45.97
45.97
45.98
45.97
45.96
45.96
45.97
45.97
45.97
45.95
45.95
45.95
45.94
45.94
45.94
45.89
