82.81
87.50
84.90
83.98
81.88
82.29
82.14
81.45
81.25
80.94
80.54
80.73
79.57
79.80
79.27
79.49
79.14
78.99
79.03
78.98
79.32
79.26
79.21
79.49
79.31
79.27
79.46
79.24
79.26
79.22
79.39
79.64
79.31
79.00
79.02
78.99
79.05
78.87
78.97
78.95
78.89
78.91
78.89
78.94
79.13
79.14
79.09
79.30
79.30
79.25
79.32
79.33
79.25
79.40
79.32
79.27
79.28
79.15
79.16
79.27
79.20
79.26
79.22
79.25
79.18
79.24
79.22
79.25
79.26
79.26
79.09
79.17
79.24
79.20
79.19
79.26
79.34
79.41
79.41
79.32
79.30
79.29
79.33
79.35
79.21
79.11
79.01
79.03
79.09
79.15
79.17
79.16
79.18
79.14
79.05
79.00
78.93
78.95
78.90
78.98
78.99
79.03
79.07
79.07
79.08
79.08
79.03
79.02
79.03
78.99
79.00
79.02
79.00
78.92
78.79
78.77
78.77
78.80
78.74
78.74
78.74
78.75
78.76
78.73
78.79
78.77
78.75
78.77
78.75
78.74
78.73
78.71
78.74
78.73
78.63
78.65
78.60
78.60
78.64
78.59
78.58
78.58
78.59
78.61
78.62
78.57
78.59
78.66
78.62
78.61
78.61
78.64
78.65
78.65
78.65
78.66
78.69
78.69
78.66
78.61
78.60
78.59
78.58
78.56
78.56
78.57
78.56
78.61
78.62
78.58
78.59
78.62
78.63
78.66
78.68
78.60
78.61
78.61
78.61
78.59
78.57
78.53
78.53
78.52
78.56
78.58
78.58
78.55
78.55
78.56
78.53
78.52
78.51
78.49
78.49
78.48
78.51
78.51
78.45
78.45
78.46
78.46
78.46
78.47
78.49
78.49
78.53
78.58
78.55
78.53
78.53
78.55
78.59
78.58
78.58
78.58
78.61
78.59
78.55
78.54
78.54
78.52
78.54
78.49
78.49
78.51
78.52
78.55
78.55
78.57
78.53
78.52
78.46
78.48
78.45
78.47
78.49
78.51
78.54
78.55
78.57
78.56
78.56
78.61
78.64
78.63
78.64
78.61
78.59
78.57
78.57
78.53
78.55
78.55
78.58
78.55
78.57
78.57
78.55
78.54
78.56
78.56
78.54
78.55
78.54
78.54
78.53
78.54
78.56
78.57
78.58
78.58
78.57
78.56
78.55
78.57
78.56
78.60
78.61
78.61
78.60
78.62
78.62
78.63
78.63
78.66
78.65
78.61
78.61
78.62
78.64
78.60
78.59
78.61
78.63
78.62
78.63
78.65
78.64
78.63
78.63
78.63
78.59
78.59
78.60
78.59
78.58
78.59
78.59
78.58
78.61
78.58
78.55
78.56
78.57
78.56
78.55
78.55
78.54
78.56
78.58
78.58
78.58
78.60
78.59
78.55
78.54
78.53
78.54
78.56
78.55
78.55
78.54
78.53
78.53
78.53
78.54
78.55
78.57
78.57
78.57
78.58
78.58
78.57
78.58
78.60
78.62
78.63
78.63
78.65
78.65
78.65
78.65
78.64
78.65
78.66
78.65
78.66
78.66
78.66
78.65
78.66
78.67
78.65
78.65
78.65
78.65
78.67
78.70
78.70
78.71
78.72
78.71
78.68
78.69
78.70
78.69
78.70
78.68
78.70
78.70
78.70
78.68
78.71
78.71
78.68
78.69
78.70
78.71
78.71
78.72
78.74
78.73
78.76
78.77
78.77
78.78
78.78
78.79
78.77
78.77
78.76
78.76
78.75
78.75
78.73
78.72
78.72
78.73
78.73
78.70
78.70
78.72
78.72
78.73
78.73
78.74
78.72
78.74
78.73
78.73
78.74
78.74
78.73
78.73
78.74
78.74
78.75
78.74
78.74
78.73
78.76
78.75
78.75
78.75
78.76
78.74
78.74
78.73
78.73
78.73
78.70
78.71
78.73
78.72
78.71
78.69
78.70
78.70
78.69
78.69
78.70
78.69
78.69
78.70
78.68
78.70
78.70
78.68
78.68
78.69
78.71
78.71
78.71
78.71
78.70
78.69
78.70
78.70
78.69
78.70
78.67
78.67
78.67
78.66
78.66
78.67
78.68
78.70
78.71
78.71
78.72
78.72
78.72
78.72
78.74
78.72
78.71
78.72
78.72
78.72
78.71
78.72
78.72
78.71
78.70
78.69
78.71
78.69
78.68
78.67
78.66
78.65
78.65
78.66
78.66
78.65
78.65
78.64
78.66
78.67
78.66
78.66
78.66
78.66
78.67
78.67
78.65
78.64
78.65
78.64
78.61
78.59
78.59
78.59
78.57
78.57
78.58
78.57
78.57
78.56
78.56
78.56
78.54
78.55
78.55
78.57
78.58
78.58
78.58
78.58
78.58
78.59
78.58
78.60
78.60
78.60
78.61
78.62
78.63
78.62
78.63
78.62
78.62
78.61
78.61
78.61
78.61
78.60
78.61
78.59
78.60
78.60
78.58
78.57
78.56
78.57
78.58
78.58
78.57
78.55
78.56
78.56
78.57
78.57
78.57
78.57
78.56
78.55
78.56
78.57
78.56
78.57
78.57
78.56
78.56
78.58
78.60
78.61
78.60
78.61
78.62
78.62
78.62
78.63
78.63
78.64
78.64
78.64
78.65
78.65
78.64
78.65
78.64
78.64
78.64
78.64
78.65
78.64
78.63
78.62
78.63
78.63
78.63
78.63
78.63
78.63
78.63
78.64
78.65
78.64
78.65
78.64
78.65
78.66
78.66
78.67
78.67
78.67
78.66
78.66
78.65
78.66
78.67
78.66
78.65
78.65
78.66
78.66
78.68
78.68
78.68
78.69
78.70
78.71
78.71
78.69
78.69
78.70
78.71
78.72
78.72
78.74
78.73
78.72
78.74
78.74
78.74
78.73
78.72
78.72
78.72
78.72
78.73
78.72
78.72
78.72
78.73
78.74
78.74
78.74
78.74
78.74
78.75
78.74
78.74
78.75
78.75
78.75
78.74
78.76
78.77
78.78
78.77
78.77
78.76
78.77
78.76
78.76
78.74
78.72
78.74
78.74
78.75
78.76
78.75
78.76
78.75
78.76
78.77
78.78
78.78
78.77
78.78
78.77
78.76
78.76
78.76
78.76
78.77
78.76
78.77
78.78
78.78
78.79
78.79
78.79
78.79
78.80
78.80
78.80
78.80
78.81
78.81
78.81
78.82
78.80
78.80
78.79
78.80
78.80
78.80
78.81
78.80
78.80
78.81
78.80
78.79
78.79
78.79
78.80
78.81
78.82
78.82
78.82
78.83
78.82
78.83
78.83
78.83
78.83
78.82
78.82
78.83
78.81
78.82
78.83
78.84
78.82
78.83
78.82
78.82
78.81
78.82
78.82
78.81
78.81
78.81
78.81
78.81
78.80
78.81
78.81
78.82
78.81
78.80
78.80
78.80
78.79
78.81
78.80
78.73
