34.38
41.41
43.23
43.75
44.06
44.27
45.54
44.73
43.40
43.12
42.76
42.71
42.19
41.85
41.67
40.92
40.90
40.62
40.05
40.55
40.55
40.77
40.42
40.49
40.56
40.50
41.09
40.79
40.57
40.94
41.03
41.11
41.10
41.04
40.94
41.02
41.34
41.57
41.27
41.21
41.27
41.22
41.21
41.23
41.22
41.34
41.46
41.44
41.39
41.81
42.00
41.98
41.98
42.01
42.36
42.44
42.49
42.40
42.56
42.55
42.62
42.62
42.71
42.65
42.60
42.54
42.51
42.65
42.64
42.63
42.56
42.60
42.72
42.76
42.69
42.70
42.65
42.67
42.64
42.56
42.53
42.44
42.51
42.54
42.59
42.55
42.62
42.54
42.57
42.60
42.67
42.61
42.64
42.60
42.70
42.72
42.67
42.63
42.66
42.72
42.67
42.65
42.60
42.65
42.65
42.66
42.65
42.62
42.56
42.50
42.50
42.47
42.45
42.46
42.35
42.34
42.29
42.28
42.23
42.27
42.20
42.28
42.23
42.17
42.20
42.19
42.25
42.24
42.28
42.25
42.27
42.33
42.28
42.28
42.38
42.35
42.29
42.24
42.22
42.18
42.13
42.11
42.11
42.09
42.03
41.99
41.99
41.98
42.01
42.01
42.03
42.02
42.04
42.04
42.08
42.09
42.05
42.14
42.14
42.16
42.15
42.15
42.18
42.22
42.25
42.24
42.32
42.37
42.39
42.39
42.48
42.51
42.57
42.60
42.60
42.59
42.66
42.61
42.56
42.59
42.62
42.61
42.70
42.72
42.75
42.78
42.81
42.75
42.68
42.68
42.71
42.67
42.70
42.73
42.70
42.72
42.63
42.62
42.57
42.57
42.56
42.56
42.56
42.55
42.57
42.60
42.62
42.61
42.65
42.63
42.63
42.65
42.61
42.58
42.58
42.57
42.56
42.60
42.58
42.57
42.60
42.56
42.58
42.56
42.57
42.60
42.61
42.63
42.60
42.66
42.65
42.64
42.70
42.71
42.69
42.72
42.73
42.74
42.78
42.82
42.84
42.85
42.88
42.90
42.91
42.92
42.93
42.96
42.95
42.95
42.96
42.97
42.96
42.96
42.95
42.95
42.98
42.99
42.98
43.00
43.01
43.04
43.04
43.05
43.03
43.06
43.08
43.06
43.08
43.11
43.10
43.12
43.14
43.15
43.12
43.13
43.18
43.20
43.20
43.21
43.22
43.22
43.20
43.21
43.23
43.26
43.24
43.22
43.23
43.25
43.27
43.27
43.24
43.25
43.20
43.18
43.20
43.20
43.22
43.21
43.17
43.20
43.19
43.23
43.23
43.21
43.20
43.21
43.19
43.18
43.17
43.16
43.16
43.16
43.18
43.20
43.20
43.20
43.22
43.19
43.19
43.19
43.17
43.19
43.19
43.17
43.18
43.18
43.18
43.16
43.17
43.19
43.20
43.15
43.14
43.16
43.18
43.17
43.19
43.19
43.19
43.16
43.16
43.15
43.12
43.12
43.12
43.13
43.11
43.14
43.12
43.10
43.10
43.08
43.12
43.13
43.14
43.14
43.12
43.12
43.08
43.08
43.08
43.09
43.12
43.11
43.11
43.08
43.06
43.07
43.06
43.07
43.06
43.09
43.10
43.11
43.12
43.14
43.16
43.19
43.21
43.25
43.28
43.27
43.26
43.26
43.26
43.25
43.26
43.27
43.25
43.25
43.25
43.25
43.24
43.23
43.25
43.23
43.22
43.23
43.22
43.22
43.21
43.20
43.20
43.20
43.17
43.19
43.19
43.20
43.21
43.22
43.21
43.19
43.19
43.21
43.20
43.19
43.21
43.22
43.21
43.20
43.21
43.20
43.21
43.22
43.21
43.20
43.19
43.18
43.21
43.22
43.22
43.21
43.20
43.18
43.20
43.19
43.18
43.17
43.16
43.13
43.14
43.13
43.12
43.13
43.11
43.09
43.09
43.09
43.10
43.10
43.09
43.09
43.08
43.11
43.09
43.11
43.11
43.10
43.10
43.11
43.12
43.11
43.12
43.10
43.09
43.10
43.10
43.09
43.07
43.06
43.03
43.02
43.03
43.04
43.03
43.03
43.01
43.01
42.99
43.00
43.00
43.01
43.02
43.00
43.00
42.98
42.98
42.99
43.01
43.00
42.98
42.95
42.93
42.92
42.91
42.89
42.91
42.92
42.93
42.93
42.93
42.92
42.89
42.91
42.89
42.89
42.89
42.90
42.88
42.86
42.88
42.88
42.87
42.87
42.86
42.84
42.84
42.85
42.86
42.85
42.87
42.89
42.90
42.90
42.91
42.92
42.92
42.93
42.92
42.92
42.92
42.90
42.91
42.90
42.91
42.91
42.92
42.92
42.91
42.91
42.91
42.91
42.91
42.93
42.94
42.93
42.93
42.91
42.90
42.90
42.89
42.89
42.91
42.91
42.91
42.91
42.92
42.91
42.91
42.91
42.92
42.91
42.91
42.91
42.92
42.92
42.93
42.92
42.91
42.92
42.93
42.90
42.92
42.93
42.92
42.94
42.95
42.96
42.94
42.93
42.93
42.93
42.92
42.94
42.93
42.92
42.93
42.92
42.93
42.93
42.92
42.93
42.94
42.93
42.93
42.93
42.92
42.92
42.93
42.92
42.93
42.93
42.91
42.91
42.91
42.92
42.92
42.92
42.91
42.89
42.88
42.90
42.89
42.89
42.89
42.88
42.88
42.89
42.88
42.88
42.88
42.87
42.86
42.88
42.90
42.90
42.91
42.91
42.91
42.90
42.90
42.91
42.90
42.90
42.89
42.88
42.87
42.88
42.88
42.88
42.87
42.85
42.84
42.84
42.84
42.84
42.83
42.83
42.83
42.84
42.84
42.85
42.86
42.86
42.84
42.85
42.84
42.84
42.82
42.83
42.82
42.82
42.81
42.81
42.81
42.82
42.83
42.84
42.85
42.86
42.86
42.86
42.85
42.86
42.87
42.88
42.87
42.88
42.88
42.88
42.88
42.87
42.88
42.88
42.87
42.87
42.86
42.86
42.85
42.86
42.85
42.85
42.84
42.83
42.83
42.81
42.81
42.81
42.82
42.83
42.83
42.82
42.82
42.82
42.81
42.81
42.80
42.80
42.80
42.79
42.78
42.76
42.76
42.75
42.74
42.72
42.71
42.71
42.72
42.72
42.72
42.72
42.72
42.72
42.72
42.72
42.73
42.71
42.72
42.71
42.69
42.69
42.69
42.68
42.67
42.67
42.67
42.65
42.64
42.63
42.63
42.64
42.63
42.62
42.63
42.63
42.64
42.64
42.64
42.64
42.65
42.64
42.65
42.65
42.65
42.65
42.64
42.64
42.63
42.63
42.64
42.63
42.63
42.64
42.63
42.62
42.63
42.63
42.63
42.63
42.64
42.63
42.63
42.62
42.63
42.62
42.61
42.62
42.61
42.57
