45.31
40.62
42.19
41.80
42.19
42.71
43.08
44.14
43.58
44.53
44.03
44.40
45.19
44.98
45.62
46.09
46.05
46.01
45.97
45.78
45.83
45.74
45.86
45.90
45.75
46.03
45.78
45.76
45.64
45.47
45.41
45.70
45.98
45.82
45.85
45.88
45.82
45.93
46.11
46.09
46.15
46.28
46.37
46.24
46.18
46.23
46.44
46.58
46.56
46.56
46.75
46.54
46.34
46.35
46.31
46.21
46.41
46.52
46.56
46.35
46.29
46.14
46.18
46.17
46.27
46.24
46.22
46.16
46.11
45.94
45.75
45.72
45.48
45.54
45.60
45.64
45.58
45.65
45.63
45.62
45.70
45.69
45.67
45.74
45.77
45.82
45.83
45.93
45.79
45.85
45.86
45.96
46.03
46.08
46.17
46.14
46.21
46.16
46.12
46.20
46.29
46.28
46.25
46.29
46.32
46.27
46.28
46.21
46.30
46.38
46.34
46.29
46.34
46.48
46.47
46.58
46.61
46.57
46.61
46.52
46.58
46.59
46.56
46.55
46.55
46.56
46.54
46.57
46.58
46.56
46.52
46.48
46.55
46.50
46.53
46.52
46.51
46.46
46.45
46.40
46.38
46.37
46.45
46.56
46.57
46.66
46.66
46.70
46.71
46.71
46.64
46.65
46.67
46.69
46.70
46.73
46.74
46.74
46.73
46.68
46.55
46.55
46.56
46.57
46.60
46.59
46.63
46.63
46.64
46.65
46.64
46.65
46.68
46.72
46.71
46.73
46.73
46.70
46.67
46.70
46.65
46.63
46.57
46.59
46.58
46.57
46.57
46.50
46.50
46.53
46.54
46.53
46.55
46.55
46.55
46.53
46.50
46.53
46.45
46.43
46.42
46.49
46.53
46.45
46.46
46.48
46.45
46.43
46.45
46.47
46.47
46.51
46.49
46.45
46.53
46.46
46.46
46.47
46.49
46.44
46.43
46.43
46.41
46.42
46.39
46.38
46.41
46.38
46.40
46.38
46.44
46.42
46.35
46.33
46.31
46.27
46.27
46.26
46.27
46.23
46.20
46.21
46.28
46.31
46.33
46.34
46.32
46.39
46.40
46.40
46.38
46.38
46.39
46.31
46.33
46.32
46.31
46.31
46.28
46.31
46.25
46.23
46.22
46.24
46.25
46.22
46.28
46.29
46.31
46.29
46.25
46.21
46.19
46.21
46.19
46.17
46.19
46.19
46.21
46.23
46.24
46.23
46.21
46.22
46.22
46.22
46.22
46.17
46.20
46.20
46.23
46.24
46.24
46.23
46.19
46.18
46.20
46.22
46.19
46.18
46.23
46.22
46.22
46.21
46.20
46.21
46.20
46.19
46.20
46.16
46.17
46.17
46.19
46.19
46.20
46.21
46.24
46.24
46.23
46.26
46.25
46.24
46.24
46.26
46.24
46.24
46.20
46.18
46.19
46.20
46.19
46.20
46.19
46.18
46.16
46.16
46.18
46.17
46.18
46.18
46.18
46.19
46.19
46.19
46.17
46.19
46.17
46.17
46.14
46.14
46.12
46.13
46.14
46.15
46.14
46.15
46.15
46.14
46.13
46.12
46.13
46.11
46.11
46.10
46.09
46.10
46.12
46.13
46.14
46.13
46.13
46.12
46.13
46.11
46.10
46.12
46.12
46.09
46.05
46.05
46.05
46.06
46.07
46.06
46.08
46.09
46.09
46.08
46.08
46.09
46.09
46.10
46.12
46.12
46.12
46.12
46.10
46.11
46.10
46.12
46.12
46.12
46.15
46.15
46.12
46.12
46.10
46.10
46.10
46.11
46.11
46.13
46.13
46.15
46.16
46.13
46.12
46.08
46.09
46.07
46.09
46.10
46.09
46.08
46.06
46.06
46.04
46.05
46.06
46.07
46.08
46.06
46.08
46.08
46.07
46.06
46.05
46.05
46.06
46.05
46.08
46.08
46.08
46.08
46.08
46.10
46.12
46.11
46.10
46.09
46.07
46.05
46.04
46.04
46.03
46.04
46.03
46.02
46.05
46.04
46.01
45.99
45.99
45.99
45.99
45.99
45.98
45.98
45.96
45.95
45.94
45.94
45.95
45.96
45.95
45.97
45.96
45.98
45.96
45.97
45.96
45.97
45.97
45.98
45.97
45.96
45.97
45.94
45.95
45.95
45.97
45.98
45.96
45.95
45.94
45.96
45.96
45.97
45.96
45.95
45.95
45.94
45.95
45.96
45.96
45.98
45.98
45.99
45.98
46.00
46.00
45.99
45.99
45.97
45.99
45.98
45.98
45.99
45.99
46.00
46.01
46.02
46.04
46.05
46.06
46.06
46.07
46.06
46.06
46.09
46.09
46.08
46.08
46.08
46.07
46.06
46.06
46.06
46.05
46.04
46.04
46.03
46.03
46.03
46.03
46.03
46.02
46.01
46.01
45.99
46.00
46.01
46.01
46.01
46.00
45.98
45.97
45.98
45.97
45.98
45.99
45.98
45.97
45.97
45.98
45.96
45.97
45.96
45.97
45.98
45.98
45.99
46.02
46.02
46.02
46.04
46.02
46.02
46.00
45.99
45.98
45.98
45.97
45.96
45.94
45.93
45.94
45.93
45.94
45.96
45.97
45.95
45.96
45.95
45.96
45.96
45.95
45.95
45.94
45.96
45.97
45.96
45.97
45.97
45.99
45.99
46.00
46.00
46.03
46.02
46.01
46.00
46.01
46.01
46.02
46.02
46.01
46.02
46.01
46.01
45.99
45.99
45.99
45.99
45.98
45.96
45.96
45.96
45.96
45.96
45.97
45.98
45.96
45.96
45.96
45.97
45.98
45.97
45.96
45.96
45.95
45.94
45.92
45.91
45.91
45.89
45.89
45.88
45.88
45.89
45.89
45.89
45.89
45.90
45.90
45.89
45.90
45.89
45.90
45.91
45.92
45.93
45.94
45.93
45.94
45.94
45.94
45.95
45.97
45.96
45.97
45.98
46.00
46.00
45.99
46.00
45.99
45.99
46.00
45.98
45.99
46.00
45.99
45.97
45.95
45.95
45.96
45.97
45.98
45.97
45.97
45.96
45.96
45.96
45.98
45.98
45.98
45.96
45.95
45.93
45.92
45.92
45.93
45.92
45.91
45.90
45.90
45.90
45.91
45.91
45.91
45.91
45.91
45.91
45.90
45.90
45.90
45.92
45.93
45.92
45.92
45.92
45.93
45.94
45.94
45.94
45.94
45.92
45.93
45.92
45.93
45.92
45.92
45.91
45.91
45.92
45.91
45.93
45.93
45.92
45.92
45.93
45.93
45.92
45.92
45.91
45.90
45.90
45.91
45.91
45.91
45.93
45.92
45.92
45.92
45.92
45.91
45.90
45.91
45.90
45.90
45.89
45.89
45.87
45.87
45.86
45.86
45.87
45.88
45.86
45.86
45.85
45.85
45.85
45.85
45.85
45.85
45.84
45.83
45.82
45.81
45.78
