51.56
53.12
53.65
52.34
54.06
53.91
52.90
52.93
54.17
53.75
54.69
54.17
54.09
54.02
54.90
54.69
54.41
54.86
55.43
56.09
56.10
56.53
56.11
56.25
56.06
56.07
56.13
56.19
56.36
56.30
56.60
56.64
56.53
56.71
56.38
56.47
56.17
56.21
56.09
56.02
55.79
56.03
56.07
56.07
56.01
56.22
56.02
56.02
55.90
55.84
55.94
56.13
56.16
56.22
56.28
56.42
56.30
56.36
56.44
56.43
56.35
56.33
56.20
56.27
56.25
56.25
56.34
56.55
56.61
56.52
56.54
56.58
56.46
56.33
56.31
56.31
56.39
56.33
56.21
56.21
56.17
56.25
56.23
56.16
56.08
56.14
56.14
56.18
56.06
56.18
56.20
56.27
56.23
56.12
56.23
56.12
56.19
56.06
55.97
55.92
55.82
55.84
55.84
55.83
55.76
55.78
55.87
55.82
55.86
55.89
55.94
55.93
55.92
55.92
55.84
55.98
55.93
55.99
56.01
56.00
56.02
56.12
56.14
56.07
56.17
56.18
56.16
56.19
56.18
56.23
56.13
56.07
56.10
56.16
56.16
56.16
56.17
56.20
56.23
56.23
56.19
56.13
56.08
56.09
55.99
55.94
55.97
56.02
56.09
56.14
56.13
56.13
56.10
56.15
56.10
56.13
56.09
56.12
56.08
56.10
56.10
56.13
56.10
56.15
56.18
56.17
56.16
56.17
56.12
56.09
56.16
56.12
56.09
56.09
56.08
56.11
56.12
56.15
56.21
56.22
56.15
56.21
56.20
56.19
56.22
56.28
56.27
56.24
56.26
56.28
56.30
56.33
56.36
56.31
56.35
56.35
56.34
56.32
56.31
56.34
56.33
56.32
56.32
56.34
56.36
56.38
56.35
56.39
56.37
56.44
56.44
56.45
56.45
56.44
56.47
56.47
56.48
56.51
56.52
56.49
56.45
56.45
56.47
56.49
56.49
56.51
56.53
56.57
56.59
56.61
56.59
56.59
56.58
56.57
56.58
56.60
56.64
56.65
56.62
56.64
56.64
56.69
56.71
56.71
56.73
56.75
56.75
56.70
56.71
56.74
56.76
56.74
56.71
56.75
56.75
56.74
56.70
56.72
56.74
56.72
56.72
56.70
56.73
56.76
56.78
56.76
56.74
56.78
56.76
56.72
56.69
56.68
56.63
56.63
56.57
56.58
56.61
56.61
56.59
56.57
56.54
56.54
56.57
56.55
56.54
56.52
56.52
56.51
56.49
56.52
56.50
56.50
56.52
56.49
56.48
56.50
56.50
56.54
56.52
56.57
56.57
56.59
56.56
56.58
56.54
56.51
56.52
56.53
56.52
56.48
56.51
56.47
56.45
56.46
56.46
56.48
56.50
56.52
56.49
56.49
56.51
56.49
56.49
56.47
56.48
56.47
56.46
56.48
56.47
56.47
56.50
56.51
56.51
56.52
56.49
56.47
56.45
56.45
56.44
56.45
56.47
56.44
56.45
56.45
56.44
56.41
56.42
56.40
56.42
56.41
56.42
56.40
56.38
56.38
56.36
56.35
56.36
56.35
56.35
56.35
56.36
56.37
56.33
56.33
56.34
56.32
56.33
56.33
56.35
56.36
56.35
56.36
56.35
56.39
56.38
56.36
56.33
56.32
56.32
56.35
56.39
56.38
56.37
56.35
56.34
56.36
56.38
56.39
56.38
56.36
56.37
56.37
56.36
56.37
56.41
56.38
56.40
56.41
56.43
56.41
56.41
56.40
56.40
56.39
56.40
56.43
56.42
56.43
56.42
56.40
56.40
56.39
56.40
56.40
56.43
56.38
56.32
56.33
56.35
56.34
56.34
56.35
56.35
56.36
56.38
56.38
56.39
56.39
56.40
56.39
56.40
56.39
56.39
56.38
56.37
56.38
56.38
56.37
56.36
56.36
56.37
56.37
56.37
56.37
56.37
56.39
56.37
56.36
56.36
56.34
56.35
56.35
56.36
56.33
56.32
56.32
56.31
56.29
56.30
56.31
56.30
56.27
56.28
56.27
56.28
56.27
56.25
56.25
56.27
56.29
56.28
56.28
56.27
56.25
56.25
56.25
56.27
56.29
56.30
56.30
56.30
56.27
56.28
56.30
56.31
56.28
56.30
56.29
56.29
56.33
56.33
56.32
56.34
56.34
56.35
56.35
56.38
56.38
56.39
56.41
56.43
56.42
56.43
56.42
56.43
56.43
56.44
56.43
56.44
56.43
56.43
56.43
56.43
56.44
56.43
56.44
56.43
56.44
56.44
56.46
56.45
56.47
56.46
56.47
56.46
56.46
56.47
56.49
56.49
56.51
56.49
56.48
56.47
56.48
56.47
56.47
56.48
56.49
56.49
56.47
56.47
56.46
56.49
56.50
56.50
56.50
56.48
56.48
56.48
56.49
56.47
56.48
56.49
56.48
56.49
56.50
56.50
56.50
56.52
56.53
56.53
56.54
56.54
56.54
56.55
56.55
56.56
56.57
56.55
56.56
56.55
56.55
56.55
56.56
56.56
56.54
56.56
56.56
56.56
56.58
56.58
56.56
56.58
56.58
56.57
56.55
56.56
56.55
56.53
56.53
56.55
56.54
56.54
56.53
56.54
56.53
56.52
56.53
56.53
56.53
56.52
56.52
56.52
56.53
56.53
56.52
56.51
56.52
56.53
56.54
56.55
56.54
56.55
56.56
56.55
56.54
56.55
56.55
56.55
56.55
56.53
56.53
56.53
56.52
56.53
56.49
56.49
56.49
56.50
56.50
56.51
56.51
56.52
56.55
56.54
56.54
56.54
56.55
56.53
56.53
56.54
56.53
56.54
56.55
56.56
56.56
56.56
56.56
56.55
56.56
56.55
56.54
56.53
56.53
56.53
56.53
56.53
56.52
56.53
56.52
56.53
56.52
56.52
56.51
56.50
56.51
56.53
56.53
56.53
56.51
56.52
56.52
56.51
56.52
56.51
56.52
56.52
56.53
56.54
56.56
56.57
56.56
56.56
56.58
56.59
56.59
56.59
56.59
56.59
56.58
56.58
56.58
56.58
56.60
56.62
56.63
56.61
56.61
56.61
56.62
56.61
56.60
56.61
56.62
56.60
56.60
56.61
56.61
56.60
56.59
56.59
56.57
56.57
56.57
56.56
56.56
56.56
56.57
56.57
56.58
56.59
56.59
56.60
56.60
56.61
56.61
56.60
56.61
56.61
56.62
56.62
56.61
56.61
56.61
56.60
56.61
56.61
56.61
56.59
56.60
56.60
56.60
56.61
56.60
56.59
56.59
56.59
56.59
56.59
56.58
56.58
56.59
56.59
56.60
56.61
56.61
56.60
56.60
56.59
56.59
56.59
56.58
56.60
56.61
56.61
56.60
56.59
56.58
56.58
56.57
56.57
56.58
56.59
56.60
56.60
56.61
56.62
56.62
56.62
56.63
56.64
56.58
