43.75
47.66
43.75
43.75
45.62
46.35
45.98
46.68
47.40
47.81
48.15
48.05
47.84
47.43
46.56
46.19
45.50
46.01
46.13
46.33
46.35
47.23
47.15
47.14
47.12
47.60
47.51
47.38
47.52
47.24
47.28
47.07
47.21
46.88
46.88
46.61
46.54
46.67
46.67
46.56
46.57
46.69
46.73
46.73
46.84
46.71
46.71
46.61
46.81
46.72
46.60
46.72
46.82
46.82
46.99
47.04
46.98
46.85
46.69
46.77
46.90
46.82
46.85
46.73
46.73
46.69
46.57
46.58
46.38
46.27
46.21
46.27
46.28
46.37
46.17
46.20
46.06
45.93
45.95
45.84
45.91
45.96
45.86
46.04
46.01
45.89
45.78
45.83
45.77
45.73
45.76
45.75
45.82
45.74
45.74
45.91
45.91
45.82
45.90
45.95
45.93
46.00
46.04
46.09
46.03
46.08
45.94
45.98
46.00
46.01
45.97
45.93
45.96
45.85
45.87
45.93
45.87
45.86
45.85
45.91
45.96
45.89
45.87
45.92
45.90
45.90
45.77
45.65
45.66
45.64
45.73
45.79
45.83
45.93
46.02
46.00
45.91
45.92
45.91
45.89
45.84
45.86
45.89
45.94
45.91
45.94
45.96
45.88
45.94
45.91
45.93
45.95
45.98
45.97
45.97
45.92
45.98
45.99
45.92
45.93
45.93
46.01
45.97
45.95
45.98
46.00
46.04
46.05
46.07
46.07
46.10
46.10
46.07
46.11
46.12
46.08
46.08
46.08
46.15
46.19
46.25
46.29
46.26
46.31
46.32
46.31
46.30
46.28
46.29
46.27
46.26
46.25
46.23
46.26
46.23
46.24
46.21
46.18
46.18
46.17
46.14
46.13
46.13
46.09
46.11
46.12
46.14
46.15
46.16
46.17
46.19
46.20
46.21
46.17
46.16
46.12
46.10
46.09
46.03
46.07
46.02
45.97
45.97
46.00
46.01
46.00
46.00
46.03
46.01
45.99
45.98
45.97
46.01
46.01
45.98
45.93
45.98
46.00
45.97
45.97
45.96
45.95
45.98
45.99
45.96
45.91
45.89
45.90
45.93
45.96
45.95
46.02
46.05
46.01
46.07
46.04
46.05
46.06
46.07
46.06
46.07
46.08
46.06
46.06
46.12
46.11
46.14
46.15
46.14
46.10
46.13
46.12
46.14
46.16
46.11
46.11
46.07
46.09
46.06
46.04
46.05
46.08
46.10
46.12
46.15
46.17
46.17
46.14
46.12
46.14
46.09
46.07
46.05
46.08
46.03
46.06
46.09
46.08
46.09
46.06
46.05
46.08
46.07
46.03
45.98
46.01
45.99
45.97
45.96
45.95
45.97
45.97
46.00
45.99
45.99
46.00
45.99
46.01
46.00
45.99
45.96
45.97
45.98
45.99
45.99
45.98
45.97
45.94
45.92
45.95
45.96
45.96
45.96
45.95
45.91
45.91
45.90
45.90
45.93
45.91
45.89
45.88
45.86
45.85
45.83
45.83
45.82
45.81
45.78
45.77
45.76
45.76
45.71
45.71
45.70
45.74
45.74
45.74
45.74
45.75
45.75
45.77
45.76
45.75
45.77
45.77
45.76
45.78
45.80
45.82
45.82
45.81
45.82
45.81
45.82
45.82
45.86
45.84
45.83
45.82
45.80
45.83
45.80
45.80
45.80
45.81
45.83
45.83
45.84
45.87
45.88
45.87
45.87
45.90
45.91
45.93
45.94
45.95
45.95
45.92
45.92
45.91
45.90
45.89
45.89
45.89
45.89
45.86
45.88
45.91
45.91
45.88
45.89
45.89
45.88
45.89
45.88
45.89
45.88
45.89
45.88
45.90
45.87
45.89
45.90
45.91
45.93
45.90
45.91
45.90
45.88
45.91
45.92
45.93
45.92
45.94
45.93
45.94
45.94
45.94
45.95
45.93
45.92
45.90
45.92
45.94
45.93
45.95
45.98
45.99
45.98
46.00
45.97
45.97
45.95
45.97
45.97
45.98
45.98
46.00
45.99
45.98
45.98
45.98
46.01
46.00
46.01
46.00
45.98
45.97
45.99
45.99
46.02
46.02
46.03
46.03
46.02
46.04
46.04
46.04
46.04
46.04
46.03
46.03
46.02
46.04
46.04
46.02
46.02
46.04
46.02
46.04
46.05
46.09
46.09
46.08
46.06
46.07
46.10
46.11
46.12
46.12
46.14
46.10
46.13
46.12
46.12
46.12
46.09
46.06
46.07
46.09
46.11
46.10
46.10
46.09
46.09
46.10
46.11
46.10
46.10
46.08
46.06
46.08
46.09
46.08
46.11
46.10
46.09
46.08
46.08
46.08
46.09
46.10
46.12
46.11
46.10
46.09
46.10
46.08
46.07
46.08
46.08
46.09
46.09
46.10
46.09
46.09
46.09
46.10
46.08
46.08
46.08
46.06
46.06
46.05
46.04
46.02
46.03
46.04
46.04
46.04
46.03
46.02
46.01
46.01
46.01
46.02
46.02
46.02
46.03
46.03
46.02
46.03
46.04
46.03
46.05
46.05
46.05
46.04
46.04
46.03
46.01
46.02
46.03
46.03
46.04
46.05
46.06
46.08
46.06
46.07
46.07
46.08
46.07
46.08
46.09
46.10
46.11
46.09
46.09
46.09
46.09
46.11
46.10
46.10
46.11
46.13
46.13
46.13
46.12
46.11
46.10
46.10
46.10
46.08
46.06
46.07
46.07
46.09
46.08
46.09
46.07
46.07
46.07
46.07
46.07
46.06
46.06
46.06
46.04
46.04
46.04
46.02
46.04
46.04
46.04
46.04
46.05
46.04
46.04
46.04
46.05
46.05
46.04
46.04
46.04
46.03
46.02
46.02
46.03
46.03
46.03
46.03
46.04
46.03
46.03
46.03
46.04
46.03
46.04
46.03
46.02
46.02
46.03
46.03
46.02
46.01
46.01
46.01
46.03
46.02
46.02
46.01
46.01
46.01
46.00
46.01
46.00
45.99
45.99
45.98
45.99
45.98
45.97
45.99
45.99
45.99
45.96
45.96
45.97
45.97
45.98
45.96
45.97
45.98
45.99
45.98
45.99
45.98
45.98
46.01
46.00
46.00
45.99
45.99
45.99
46.00
45.99
45.98
45.99
45.98
45.98
45.99
45.99
45.98
45.97
45.96
45.97
45.97
45.96
45.96
45.97
45.98
45.98
45.99
45.99
45.99
46.00
46.00
45.99
46.00
46.00
46.00
45.99
46.00
46.01
46.00
46.01
46.03
46.05
46.05
46.05
46.05
46.04
46.04
46.03
46.02
46.03
46.03
46.03
46.04
46.03
46.05
46.06
46.07
46.08
46.08
46.08
46.09
46.10
46.11
46.11
46.12
46.12
46.11
46.11
46.11
46.10
46.10
46.11
46.12
46.15
46.14
46.15
46.15
46.14
46.14
46.15
46.14
46.12
46.08
