73.44
78.12
77.60
80.86
80.31
80.99
80.36
80.66
80.56
80.47
80.54
81.38
81.37
81.14
81.56
81.84
81.99
81.86
81.41
81.25
81.40
81.53
81.45
81.32
81.06
80.89
81.13
80.92
80.87
81.09
81.25
81.10
81.20
81.16
81.12
80.77
80.83
80.92
80.89
80.70
80.56
80.54
80.52
80.65
80.52
80.40
80.39
80.50
80.45
80.38
80.39
80.29
80.34
80.35
80.31
80.33
80.29
80.28
80.19
80.16
80.23
80.24
80.11
80.13
80.05
80.00
80.04
79.94
80.00
79.93
79.89
79.88
79.97
80.05
80.04
80.00
80.03
79.89
79.73
79.75
79.76
79.74
79.69
79.74
79.71
79.76
79.71
79.67
79.74
79.67
79.77
79.79
79.84
79.74
79.75
79.75
79.80
79.85
79.77
79.72
79.80
79.90
79.92
79.99
79.94
80.03
80.10
80.12
80.13
80.13
80.18
80.08
80.07
80.02
80.03
80.02
80.10
80.15
80.16
80.08
80.10
80.07
80.14
80.14
80.16
80.17
80.17
80.25
80.23
80.17
80.16
80.21
80.22
80.25
80.23
80.20
80.22
80.19
80.18
80.15
80.12
80.22
80.19
80.23
80.22
80.22
80.24
80.28
80.31
80.28
80.29
80.31
80.36
80.45
80.47
80.50
80.41
80.39
80.43
80.38
80.36
80.37
80.36
80.37
80.32
80.34
80.31
80.33
80.36
80.37
80.36
80.39
80.38
80.41
80.42
80.42
80.45
80.46
80.45
80.46
80.46
80.44
80.43
80.44
80.49
80.47
80.50
80.49
80.49
80.45
80.43
80.44
80.42
80.44
80.43
80.44
80.43
80.44
80.43
80.44
80.43
80.41
80.46
80.45
80.50
80.49
80.49
80.47
80.48
80.48
80.47
80.49
80.48
80.48
80.46
80.43
80.41
80.41
80.41
80.43
80.47
80.45
80.40
80.42
80.41
80.42
80.45
80.46
80.47
80.47
80.46
80.46
80.44
80.40
80.42
80.43
80.38
80.39
80.39
80.39
80.40
80.42
80.39
80.38
80.41
80.36
80.34
80.31
80.32
80.34
80.32
80.34
80.32
80.31
80.32
80.31
80.30
80.31
80.28
80.29
80.29
80.27
80.25
80.26
80.27
80.29
80.30
80.26
80.27
80.28
80.29
80.28
80.28
80.26
80.24
80.23
80.23
80.24
80.24
80.26
80.25
80.24
80.22
80.24
80.26
80.26
80.25
80.27
80.28
80.27
80.27
80.23
80.23
80.21
80.20
80.19
80.17
80.16
80.18
80.18
80.17
80.16
80.15
80.17
80.16
80.13
80.12
80.11
80.11
80.10
80.09
80.07
80.06
80.06
80.06
80.06
80.11
80.09
80.10
80.11
80.12
80.12
80.11
80.12
80.11
80.09
80.11
80.10
80.09
80.08
80.07
80.08
80.10
80.08
80.09
80.12
80.13
80.11
80.11
80.11
80.11
80.11
80.10
80.11
80.11
80.10
80.10
80.09
80.10
80.10
80.11
80.10
80.08
80.07
80.06
80.07
80.09
80.08
