82.81
82.81
82.81
80.86
82.19
82.29
81.03
79.69
79.17
80.16
80.82
81.38
81.61
81.92
81.46
81.35
80.88
81.34
81.41
81.64
81.62
81.46
81.45
81.38
81.50
81.67
81.89
81.75
81.73
81.72
81.60
81.64
81.87
81.94
82.01
81.94
81.97
82.11
82.29
82.30
82.20
82.18
82.09
82.21
82.19
82.27
82.28
82.10
82.05
82.06
82.14
82.21
82.16
82.23
82.22
82.14
82.10
82.22
82.15
82.19
82.15
82.23
82.14
82.15
82.21
82.24
82.25
82.33
82.34
82.28
82.39
82.49
82.56
82.50
82.54
82.42
82.31
82.35
82.34
82.30
82.33
82.39
82.32
82.31
82.37
82.36
82.36
82.32
82.30
82.41
82.37
82.34
82.27
82.25
82.29
82.34
82.35
82.30
82.34
82.34
82.35
82.40
82.45
82.51
82.46
82.55
82.54
82.54
82.50
82.47
82.52
82.52
82.49
82.47
82.54
82.56
82.55
82.59
82.54
82.49
82.48
82.45
82.46
82.41
82.44
82.44
82.48
82.56
82.56
82.45
82.50
82.50
82.46
82.46
82.43
82.40
82.33
82.35
82.37
82.40
82.44
82.48
82.52
82.55
82.59
82.58
82.56
82.56
82.54
82.56
82.53
82.50
82.44
82.47
82.43
82.43
82.40
82.44
82.44
82.42
82.38
82.41
82.40
82.37
82.39
82.38
82.37
82.38
82.41
82.43
82.41
82.40
82.35
82.34
82.33
82.33
82.34
82.26
82.29
82.28
82.30
82.27
82.23
82.22
82.15
82.17
82.19
82.15
82.11
82.10
82.09
82.11
82.11
82.10
82.09
82.10
82.11
82.13
82.16
82.18
82.18
82.19
82.20
82.17
82.10
82.10
82.10
82.12
82.13
82.11
82.10
82.10
82.10
82.09
82.06
82.06
82.06
82.07
82.08
82.07
82.08
82.07
82.07
82.09
82.09
82.09
82.06
82.09
82.08
82.08
82.11
82.09
82.10
82.12
82.13
82.13
82.11
82.10
82.11
82.11
82.07
82.06
82.04
82.06
82.08
82.08
82.09
82.08
82.09
82.10
82.08
82.11
82.14
82.14
82.13
82.12
82.10
82.10
82.06
82.04
82.05
82.04
82.03
82.04
82.03
82.02
82.02
82.00
82.02
82.03
82.01
82.02
82.00
82.01
82.02
82.00
82.01
82.03
82.03
82.05
82.07
82.08
82.09
82.09
82.12
82.11
82.10
82.09
82.10
82.09
82.09
82.11
82.13
82.12
82.13
82.14
82.15
82.12
82.14
82.15
82.14
82.16
82.17
82.17
82.18
82.17
82.17
82.16
82.15
82.13
82.11
82.09
82.10
82.07
82.08
82.10
82.10
82.10
82.10
82.10
82.08
82.10
82.12
82.13
82.14
82.17
82.15
82.16
82.15
82.14
82.13
82.13
82.11
82.12
82.10
82.11
82.12
82.13
82.13
82.15
82.14
82.12
82.13
82.13
82.16
82.17
82.17
82.16
82.17
82.19
82.19
82.19
82.18
82.19
82.20
82.18
82.18
82.20
82.20
82.22
82.22
82.20
82.21
82.22
82.20
82.20
82.23
82.23
82.24
82.24
82.25
82.25
82.26
82.26
82.27
82.28
82.27
82.24
82.24
82.26
82.27
82.27
82.29
82.28
82.27
82.27
82.26
82.26
82.26
82.27
82.25
82.25
82.26
82.27
82.25
82.23
82.23
82.20
82.18
82.19
82.19
82.19
82.20
82.22
82.22
82.23
82.20
82.20
82.20
82.21
82.22
82.19
82.20
82.19
82.18
82.15
82.13
82.14
82.13
82.12
82.10
82.11
82.12
82.12
82.14
82.13
82.14
82.14
82.15
82.14
82.12
82.13
82.11
82.09
82.09
82.10
82.11
82.10
82.09
82.06
82.07
82.05
82.04
82.03
82.03
82.05
82.04
82.05
82.05
82.05
82.04
82.03
82.05
82.05
82.07
82.07
82.05
82.06
82.08
82.08
82.07
82.07
82.05
82.04
82.05
82.04
82.04
82.05
82.04
82.05
82.05
82.06
82.06
82.06
82.06
82.06
82.04
82.04
82.05
82.06
82.05
82.02
82.01
82.01
82.00
82.00
81.99
82.00
82.00
82.02
82.03
82.05
82.05
82.04
82.05
82.05
82.05
82.04
82.03
82.03
82.02
82.01
82.01
82.01
82.03
82.03
82.05
82.03
82.05
82.06
82.05
82.05
82.04
82.06
82.05
82.06
82.07
82.06
82.07
82.08
82.07
82.06
82.06
82.06
82.06
82.06
82.06
82.04
82.04
82.04
82.03
82.03
82.02
82.02
82.01
82.01
82.01
82.00
82.00
81.99
81.99
81.99
81.99
82.00
82.01
82.01
82.02
82.02
82.03
82.03
82.02
82.01
82.01
82.03
82.02
82.01
82.01
82.00
82.00
82.01
82.03
82.03
82.02
82.01
82.01
82.01
82.02
82.01
82.02
82.02
82.02
82.03
82.02
82.03
82.02
82.02
82.02
82.03
82.02
82.02
82.02
82.02
82.02
82.01
82.00
82.00
82.01
82.02
82.01
82.00
82.01
82.01
82.00
81.98
82.00
82.00
82.00
82.01
82.01
82.02
82.03
82.03
82.02
82.03
82.02
82.03
82.02
82.00
82.00
82.01
82.00
82.00
81.99
81.99
82.00
82.01
82.00
82.01
82.01
82.02
82.02
82.03
82.02
82.02
82.01
82.00
82.00
82.02
82.02
82.02
82.02
82.00
82.01
82.01
82.02
82.03
82.03
82.05
82.04
82.05
82.03
82.02
82.02
82.02
82.02
82.02
82.03
82.02
82.02
82.03
82.03
82.03
82.03
82.03
82.04
82.05
82.04
82.02
82.03
82.04
82.03
82.03
82.03
82.03
82.02
82.01
82.02
82.01
82.00
82.00
82.00
82.00
82.00
82.00
82.00
82.00
82.00
81.99
81.99
81.99
82.00
82.00
82.00
82.00
82.00
82.00
82.00
81.99
81.99
81.99
81.99
81.98
81.97
81.97
81.98
81.98
81.98
81.98
81.99
81.99
82.00
82.00
82.00
82.00
81.99
81.99
81.99
81.99
81.99
82.00
81.99
81.99
81.99
82.00
82.00
82.01
82.00
81.99
81.99
81.99
81.98
81.99
81.99
82.00
82.01
82.00
82.00
82.00
82.00
82.01
82.01
82.01
82.02
82.02
82.03
82.02
82.03
82.02
82.02
82.01
82.01
82.02
82.02
82.00
82.00
82.00
81.99
81.99
81.99
81.99
81.99
81.99
81.98
81.99
81.98
81.99
81.99
81.99
82.00
81.99
81.99
81.98
81.98
81.97
81.97
81.97
81.96
81.96
81.97
81.96
81.97
81.97
81.97
81.98
81.98
81.98
81.99
82.00
81.99
81.99
81.99
81.91
