79.69
81.25
80.73
82.81
80.31
79.69
80.58
81.45
82.81
82.34
82.39
82.42
82.57
83.04
82.50
82.52
82.72
82.81
82.73
82.73
83.11
82.95
82.61
82.88
83.12
83.17
83.33
83.15
83.46
83.33
83.37
83.35
83.29
83.27
83.17
83.25
83.02
82.94
82.93
82.97
82.93
82.85
82.74
82.78
82.74
82.74
82.71
82.75
82.72
82.72
82.54
82.54
82.37
82.44
82.39
82.20
82.29
82.35
82.47
82.45
82.40
82.51
82.54
82.62
82.48
82.50
82.53
82.54
82.54
82.39
82.46
82.55
82.64
82.60
82.69
82.57
82.61
82.63
82.58
82.58
82.58
82.60
82.59
82.48
82.54
82.59
82.51
82.46
82.43
82.34
82.35
82.35
82.38
82.40
82.22
82.21
82.15
82.19
82.13
82.19
82.22
82.18
82.18
82.14
82.20
82.21
82.18
82.20
82.22
82.19
82.18
82.21
82.26
82.26
82.28
82.29
82.33
82.34
82.37
82.38
82.37
82.47
82.46
82.46
82.46
82.42
82.33
82.34
82.29
82.27
82.25
82.23
82.21
82.22
82.19
82.15
82.13
82.14
82.13
82.11
82.08
82.14
82.16
82.15
82.18
82.15
82.14
82.19
82.12
82.14
82.18
82.13
82.09
82.09
82.13
82.14
82.18
82.25
82.25
82.27
82.27
82.25
82.27
82.29
82.32
82.28
82.25
82.21
82.23
82.25
82.30
82.31
82.32
82.32
82.29
82.32
82.35
82.33
82.30
82.33
82.33
82.35
82.33
82.35
82.26
82.23
82.27
82.28
82.27
82.27
82.29
82.32
82.33
82.31
82.32
82.35
82.34
82.35
82.31
82.31
82.31
82.33
82.31
82.31
82.28
82.27
82.28
82.26
82.25
82.28
82.26
82.27
82.30
82.27
82.26
82.29
82.26
82.28
82.27
82.27
82.25
82.27
82.29
82.28
82.28
82.29
82.25
82.22
82.23
82.21
82.22
82.21
82.20
82.14
82.17
82.16
82.15
82.12
82.15
82.14
82.14
82.13
82.15
82.17
82.19
82.18
82.16
82.20
82.22
82.23
82.25
82.25
82.29
82.28
82.27
82.28
82.26
82.26
82.31
82.31
82.29
82.30
82.31
82.27
82.27
82.28
82.25
82.26
82.25
82.26
82.24
82.24
82.24
82.24
82.23
82.24
82.25
82.26
82.21
82.24
82.23
82.26
82.27
82.26
82.26
82.28
82.28
82.26
82.27
82.27
82.25
82.25
82.25
82.25
82.26
82.27
82.29
82.26
82.25
82.24
82.25
82.25
82.27
82.30
82.31
82.31
82.30
82.31
82.32
82.32
82.28
82.31
82.29
82.27
82.27
82.28
82.30
82.32
82.29
82.29
82.28
82.29
82.31
82.32
82.30
82.29
82.32
82.32
82.30
82.32
82.32
82.29
82.27
82.29
82.28
82.27
82.28
82.28
82.27
82.27
82.29
82.31
82.31
82.28
82.29
82.29
82.28
82.28
82.28
82.28
82.26
82.27
82.23
82.24
82.24
82.25
82.24
82.23
82.20
82.20
82.20
82.21
82.21
82.21
82.19
82.20
82.19
82.17
82.17
82.18
82.19
82.20
82.21
82.22
82.24
82.25
82.24
82.22
82.24
82.27
82.28
82.26
82.25
82.25
82.26
82.27
82.28
82.29
82.28
82.27
82.26
82.25
82.27
82.25
82.23
82.22
82.21
82.20
82.20
82.20
82.20
82.21
82.22
82.22
82.21
82.18
82.18
82.19
82.21
82.20
82.20
82.19
82.20
82.20
82.20
82.19
82.19
82.20
82.20
82.20
82.20
82.20
82.21
82.23
82.22
82.20
82.18
82.18
82.15
82.12
82.13
82.11
82.12
82.13
82.13
82.12
82.13
82.15
82.15
82.14
82.14
82.13
82.11
82.09
82.08
82.08
82.06
82.06
82.08
82.08
82.06
82.07
82.08
82.08
82.08
82.06
82.05
82.07
82.06
82.05
82.05
82.04
82.03
82.02
82.02
82.01
82.02
82.03
82.04
82.02
82.04
82.05
82.04
82.03
82.04
82.05
82.03
82.04
82.04
82.03
82.03
82.03
82.02
82.02
82.02
82.02
82.03
82.02
82.01
81.97
81.99
81.99
81.99
81.99
81.99
82.02
82.00
82.01
82.01
82.01
82.02
82.02
82.01
82.00
82.00
81.99
81.99
81.99
81.98
81.98
81.99
81.98
81.97
81.98
81.98
82.00
82.01
82.00
82.00
82.00
82.00
82.00
82.00
81.99
81.99
82.00
82.00
82.01
82.01
82.03
82.03
82.01
82.03
82.04
82.03
82.03
82.01
82.01
82.00
82.01
82.01
82.02
82.02
82.02
82.02
82.02
82.00
82.00
82.01
82.01
82.02
82.02
82.02
82.02
82.02
82.01
81.99
82.00
82.00
82.00
82.00
82.01
82.02
82.02
81.99
82.00
82.00
82.00
82.01
82.02
82.04
82.04
82.05
82.05
82.04
82.03
82.02
82.01
82.02
82.01
82.01
82.00
82.01
82.00
82.00
81.99
82.00
81.98
81.98
81.99
82.00
81.99
81.97
81.97
