42.19
46.09
50.52
53.52
54.06
53.39
53.35
53.71
53.65
53.75
52.13
51.95
51.08
51.79
52.71
53.03
53.22
53.91
53.95
53.75
53.79
54.05
54.28
53.71
54.25
54.33
54.28
54.46
54.31
54.27
54.13
54.05
53.84
54.04
54.24
54.43
54.39
54.11
54.13
54.14
54.04
54.24
54.29
54.30
54.24
54.04
54.06
54.20
54.11
54.03
54.14
54.03
53.69
53.59
53.84
53.85
53.84
53.83
53.87
53.72
53.69
53.76
53.82
53.71
53.70
53.72
53.64
53.68
53.65
53.57
53.61
53.52
53.47
53.61
53.73
53.74
53.79
53.75
53.80
53.85
53.84
53.93
53.95
53.92
53.95
53.91
53.95
53.91
53.90
53.89
53.95
53.86
53.88
53.94
53.90
53.91
53.91
53.99
53.91
54.00
53.99
54.01
53.99
54.03
54.11
54.11
54.06
54.05
54.11
54.06
53.98
54.02
53.93
53.85
53.90
53.92
53.95
53.89
53.87
53.89
53.95
53.97
53.99
54.04
54.12
54.17
54.16
54.22
54.23
54.21
54.15
54.12
54.17
54.22
54.28
54.34
54.29
54.23
54.25
54.30
54.27
54.30
54.35
54.35
54.35
54.39
54.39
54.39
54.44
54.46
54.41
54.46
54.38
54.34
54.30
54.28
54.35
54.33
54.33
54.37
54.35
54.38
54.33
54.33
54.38
54.40
54.43
54.32
54.42
54.41
54.42
54.43
54.45
54.48
54.43
54.45
54.40
54.37
54.30
54.33
54.33
54.30
54.29
54.25
54.28
54.28
54.28
54.28
54.26
54.24
54.21
54.24
54.29
54.33
54.30
54.29
54.27
54.29
54.27
54.30
54.32
54.32
54.29
54.29
54.30
54.31
54.27
54.24
54.22
54.20
54.19
54.21
54.23
54.19
54.19
54.21
54.21
54.19
54.18
54.20
54.22
54.27
54.32
54.38
54.38
54.42
54.43
54.41
54.38
54.39
54.37
54.35
54.34
54.37
54.36
54.33
54.32
54.33
54.34
54.36
54.37
54.30
54.33
54.34
54.36
54.32
54.27
54.25
54.24
54.22
54.18
54.19
54.20
54.20
54.20
54.22
54.25
54.26
54.27
54.31
54.35
54.34
54.34
54.33
54.30
54.31
54.32
54.34
54.34
54.37
54.33
54.33
54.33
54.31
54.32
54.33
54.32
54.32
54.32
54.31
54.32
54.33
54.35
54.37
54.39
54.35
54.39
54.42
54.43
54.43
54.48
54.48
54.45
54.45
54.47
54.45
54.48
54.48
54.49
54.52
54.52
54.49
54.48
54.48
54.47
54.48
54.51
54.51
54.51
54.52
54.49
54.48
54.49
54.49
54.47
54.46
54.50
54.50
54.49
54.50
54.46
54.48
54.48
54.51
54.50
54.51
54.49
54.45
54.47
54.47
54.48
54.50
54.52
54.52
54.49
54.50
54.51
54.50
54.47
54.42
54.39
54.40
54.41
54.42
54.41
54.39
54.42
54.41
54.39
54.41
54.39
54.41
54.43
54.43
54.41
54.42
54.41
54.40
54.41
54.37
54.37
54.36
54.39
54.38
54.35
54.36
54.38
54.39
54.37
54.39
54.39
54.39
54.34
54.35
54.36
54.36
54.36
54.35
54.38
54.38
54.39
54.40
54.42
54.41
54.42
54.43
54.40
54.41
54.41
54.41
54.43
54.44
54.45
54.46
54.46
54.44
54.44
54.47
54.44
54.44
54.42
54.43
54.45
54.46
54.49
54.47
54.48
54.49
54.51
54.52
54.52
54.51
54.52
54.50
54.49
54.54
54.54
54.55
54.57
54.58
54.59
54.58
54.58
54.58
54.57
54.58
54.57
54.55
54.52
54.51
54.51
54.51
54.50
54.48
54.46
54.45
54.47
54.49
54.49
54.49
54.52
54.52
54.50
54.50
54.51
54.50
54.51
54.52
54.52
54.52
54.52
54.55
54.54
54.52
54.53
54.54
54.55
54.56
54.56
54.55
54.55
54.56
54.55
54.55
54.57
54.58
54.57
54.60
54.61
54.62
54.64
54.65
54.67
54.67
54.66
54.68
54.68
54.70
54.69
54.67
54.66
54.67
54.67
54.66
54.67
54.68
54.68
54.68
54.70
54.70
54.72
54.71
54.70
54.70
54.71
54.72
54.70
54.73
54.75
54.75
54.74
54.73
54.74
54.74
54.73
54.72
54.73
54.74
54.71
54.70
54.71
54.71
54.71
54.70
54.70
54.69
54.69
54.69
54.70
54.71
54.71
54.71
54.73
54.73
54.74
54.75
54.74
54.73
54.73
54.74
54.75
54.76
54.76
54.76
54.74
54.73
54.71
54.70
54.70
54.70
54.71
54.70
54.70
54.69
54.70
54.71
54.72
54.72
54.73
54.73
54.74
54.74
54.78
54.77
54.76
54.78
54.77
54.76
54.77
54.77
54.77
54.77
54.77
54.78
54.77
54.76
54.76
54.74
54.75
54.75
54.72
54.72
54.73
54.73
54.75
54.76
54.77
54.77
54.75
54.76
54.75
54.75
54.72
54.71
54.70
54.71
54.70
54.69
54.70
54.70
54.70
54.70
54.70
54.70
54.70
