84.38
82.81
84.38
82.81
81.88
81.51
82.14
81.45
80.90
81.09
80.97
81.12
81.13
81.36
81.77
81.84
81.53
81.86
82.07
81.88
81.92
81.89
81.93
81.71
81.81
81.73
81.60
81.81
81.57
81.30
81.40
81.54
81.34
81.48
81.52
81.73
81.67
81.87
81.77
81.91
82.09
82.22
82.09
82.21
82.15
82.13
82.21
82.23
82.27
82.09
82.17
82.36
82.22
82.35
82.27
82.28
82.35
82.30
82.34
82.29
82.33
82.23
82.27
82.18
82.19
82.17
82.16
82.26
82.27
82.39
82.39
82.40
82.45
82.41
82.46
82.42
82.47
82.47
82.52
82.56
82.58
82.62
82.64
82.65
82.63
82.69
82.61
82.53
82.53
82.55
82.50
82.49
82.49
82.48
82.37
82.39
82.47
82.51
82.48
82.48
82.49
82.55
82.57
82.57
82.59
82.58
82.55
82.58
82.55
82.54
82.63
82.59
82.63
82.63
82.58
82.56
82.56
82.61
82.56
82.53
82.57
82.57
82.60
82.57
82.54
82.51
82.50
82.52
82.53
82.52
82.49
82.52
82.57
82.58
82.63
82.63
82.66
82.67
82.59
82.59
82.59
82.60
82.60
82.65
82.69
82.65
82.60
82.56
82.59
82.61
82.63
82.62
82.64
82.67
82.65
82.65
82.66
82.62
82.65
82.57
82.56
82.58
82.55
82.55
82.60
82.62
82.65
82.68
82.70
82.74
82.72
82.69
82.64
82.59
82.57
82.56
82.58
82.55
82.59
82.63
82.61
82.60
82.58
82.57
82.58
82.54
82.57
82.57
82.56
82.57
82.58
82.57
82.62
82.65
82.62
82.58
82.59
82.54
82.54
82.55
82.54
82.59
82.61
82.59
82.61
82.63
82.61
82.63
82.63
82.63
82.65
82.64
82.64
82.64
82.62
82.67
82.68
82.68
82.67
82.69
82.66
82.63
82.63
82.62
82.67
82.69
82.67
82.65
82.65
82.65
82.66
82.66
82.66
82.66
82.63
82.65
82.67
82.69
82.73
82.73
82.73
82.75
82.77
82.75
82.75
82.76
82.74
82.75
82.74
82.77
82.74
82.74
82.71
82.70
82.69
82.70
82.69
82.66
82.64
82.64
82.64
82.68
82.65
82.63
82.62
82.64
82.62
82.64
82.62
82.58
82.59
82.60
82.60
82.62
82.62
82.63
82.63
82.62
82.59
82.57
82.54
82.51
82.53
82.49
82.49
82.50
82.49
82.50
82.53
82.53
82.52
82.53
82.52
82.51
82.49
82.45
82.45
82.48
82.48
82.46
82.49
82.50
82.48
82.47
82.47
82.47
82.47
82.47
82.46
82.45
82.44
82.44
82.45
82.45
82.46
82.48
82.49
82.52
82.53
82.55
82.55
82.55
82.56
82.56
82.56
82.57
82.58
82.56
82.57
82.59
82.59
82.58
82.58
82.56
82.54
82.56
82.55
82.55
82.56
82.58
82.58
82.57
82.57
82.56
82.56
82.56
82.56
82.57
82.59
82.60
82.59
82.59
82.58
82.58
82.58
82.58
82.58
82.59
82.58
82.59
82.60
82.63
82.62
82.59
82.59
82.62
82.62
82.61
82.58
82.58
82.56
82.54
82.53
82.52
82.53
82.55
82.55
82.54
82.53
82.51
82.50
82.49
82.48
82.48
82.48
82.49
82.48
82.49
82.49
82.49
82.50
82.51
82.50
82.49
82.50
82.50
82.50
82.49
82.48
82.48
82.47
82.45
82.47
82.45
82.45
82.42
82.42
82.42
82.43
82.44
82.43
82.42
82.44
82.42
82.42
82.41
82.40
82.39
82.40
82.41
82.42
82.41
82.39
82.40
82.39
82.40
82.40
82.38
82.36
82.34
82.32
82.32
82.31
82.30
82.31
82.30
82.31
82.32
82.32
82.33
82.32
82.31
82.32
82.32
82.33
82.31
82.32
82.32
82.33
82.34
82.35
82.36
82.36
82.37
82.36
82.36
82.36
82.35
82.33
82.33
82.32
82.32
82.31
82.32
82.32
82.33
82.32
82.33
82.33
82.33
82.33
82.34
82.34
82.35
82.35
82.36
82.34
82.33
82.33
82.33
82.33
82.34
82.33
82.33
82.34
82.32
82.32
82.34
82.34
82.33
82.32
82.34
82.34
82.34
82.35
82.35
82.35
82.36
82.35
82.36
82.36
82.36
82.34
82.34
82.33
82.32
82.30
82.30
82.30
82.31
82.30
82.30
82.30
82.32
82.31
82.31
82.33
82.34
82.34
82.34
82.35
82.37
82.38
82.38
82.38
82.39
82.39
82.37
82.36
82.36
82.34
82.35
82.34
82.33
82.32
82.32
82.33
82.33
82.34
82.35
82.36
82.36
82.35
82.34
82.33
82.33
82.34
82.35
82.36
82.34
82.34
82.33
82.31
82.30
82.28
82.26
82.27
82.27
82.27
82.25
82.26
82.25
82.26
82.26
82.25
82.27
82.26
82.27
82.26
82.26
82.25
82.24
82.24
82.25
82.25
82.23
82.23
82.22
82.21
82.19
82.18
82.19
82.18
82.18
82.17
82.18
82.17
82.18
82.19
82.19
82.19
82.19
82.20
82.20
82.20
82.20
82.19
82.17
82.17
82.17
82.18
82.18
82.18
82.17
82.15
82.15
82.14
82.14
82.12
82.13
82.13
82.12
82.12
82.11
82.10
82.09
82.10
82.11
82.11
82.09
82.10
82.10
82.11
82.12
82.12
82.11
82.11
82.12
82.11
82.11
82.12
82.12
82.12
82.13
82.13
82.14
82.14
82.13
82.14
82.14
82.13
82.14
82.14
82.12
82.13
82.13
82.12
82.13
82.13
82.12
82.12
82.12
82.11
82.12
82.11
82.11
82.10
82.11
82.10
82.10
82.10
82.10
82.10
82.09
82.09
82.09
82.08
82.08
82.08
82.09
82.09
82.07
82.06
82.06
82.06
82.06
82.05
82.06
82.06
82.06
82.06
82.06
82.07
82.06
82.06
82.07
82.05
82.05
82.04
82.04
82.04
82.04
82.04
82.04
82.03
82.02
82.02
82.01
82.01
82.01
82.00
81.99
82.00
82.02
82.02
82.03
82.03
82.04
82.05
82.04
82.03
82.03
82.03
82.04
82.05
82.04
82.03
82.03
82.03
82.03
82.03
82.03
82.03
82.03
82.02
82.02
82.02
82.02
82.01
82.01
82.01
82.01
82.00
82.00
82.00
82.01
82.02
82.01
82.02
82.03
82.02
82.02
82.02
82.02
82.03
82.03
82.02
82.02
82.03
82.02
82.02
82.03
82.02
82.02
82.03
82.03
82.02
82.03
82.02
82.00
82.01
81.99
82.00
81.98
81.99
82.00
82.00
81.99
81.99
81.99
81.98
81.97
81.97
81.98
81.99
81.98
81.99
82.00
82.00
82.01
81.99
81.92
