39.06
48.44
48.44
52.34
53.44
52.08
53.79
51.56
51.56
52.19
51.70
51.56
51.20
51.56
52.08
51.86
52.21
52.86
52.80
52.73
52.08
51.92
52.24
52.28
52.50
52.28
52.31
52.46
52.64
52.14
52.07
51.86
51.94
51.98
51.83
51.91
52.07
51.93
51.96
51.91
51.91
52.05
52.22
52.52
52.50
52.58
52.76
52.67
52.87
52.91
52.88
52.70
52.65
52.63
52.39
52.29
52.17
52.10
52.07
52.08
52.02
52.09
52.23
52.22
52.14
52.15
52.15
52.18
52.26
52.21
52.11
52.13
52.16
52.03
52.06
52.18
52.21
52.16
52.14
52.01
52.10
52.04
52.01
51.99
51.93
52.02
52.10
52.13
52.07
52.27
52.28
52.21
52.25
52.21
52.15
52.23
52.29
52.31
52.23
52.06
52.00
52.08
52.02
51.83
51.80
51.84
51.90
51.85
51.83
51.79
51.72
51.69
51.63
51.62
51.58
51.62
51.62
51.59
51.56
51.58
51.69
51.72
51.58
51.55
51.52
51.51
51.53
51.56
51.55
51.54
51.59
51.61
51.68
51.62
51.60
51.55
51.57
51.48
51.44
51.43
51.48
51.54
51.54
51.55
51.52
51.57
51.57
51.47
51.45
51.40
51.37
51.41
51.39
51.38
51.36
51.33
51.35
51.33
51.33
51.32
51.33
51.32
51.30
51.24
51.28
51.31
51.31
51.28
51.33
51.29
51.29
51.31
51.32
51.37
51.36
51.29
51.32
51.29
51.28
51.33
51.35
51.33
51.33
51.33
51.31
51.29
51.33
51.29
51.35
51.33
51.35
51.33
51.37
51.38
51.42
51.36
51.33
51.35
51.37
51.39
51.37
51.38
51.41
51.41
51.43
51.43
51.40
51.40
51.39
51.46
51.44
51.43
51.42
51.45
51.43
51.42
51.41
51.39
51.36
51.40
51.41
51.44
51.47
51.47
51.49
51.50
51.50
51.48
51.51
51.52
51.48
51.47
51.46
51.46
51.44
51.40
51.43
51.43
51.41
51.42
51.45
51.43
51.42
51.41
51.36
51.38
51.40
51.44
51.44
51.46
51.51
51.49
51.55
51.52
51.54
51.55
51.58
51.56
51.57
51.56
51.56
51.56
51.57
51.60
51.59
51.60
51.62
51.65
51.64
51.64
51.62
51.63
51.60
51.62
51.65
51.68
51.66
51.61
51.61
51.57
51.56
51.53
51.54
51.52
51.49
51.46
51.45
51.47
51.48
51.44
51.46
51.48
51.49
51.49
51.48
51.46
51.45
51.43
51.44
51.45
51.44
51.44
51.44
51.40
51.38
51.37
51.38
51.34
51.37
51.39
51.39
51.36
51.36
51.35
51.35
51.34
51.38
51.36
51.37
51.36
51.36
51.37
51.37
51.39
51.39
51.40
51.40
51.39
51.42
51.41
51.36
51.34
51.34
51.34
51.32
51.33
51.34
51.35
51.38
51.38
51.38
51.37
51.38
51.40
51.41
51.39
51.37
51.35
51.33
51.33
51.30
51.31
51.31
51.32
51.33
51.31
51.28
51.27
51.28
51.28
51.28
51.26
51.28
51.27
51.28
51.22
51.21
51.18
51.18
51.20
51.18
51.22
51.21
51.20
51.20
51.16
51.16
51.15
51.14
51.15
51.16
51.14
51.13
51.14
51.13
51.13
51.11
51.08
51.06
51.03
51.03
51.04
51.03
51.03
51.02
51.00
51.01
51.02
51.02
51.03
51.02
51.01
51.01
51.00
51.00
50.97
50.99
50.99
50.97
50.97
50.95
50.97
50.98
50.99
51.00
51.00
50.99
50.98
50.95
50.96
50.98
50.99
51.00
51.02
50.99
50.99
50.97
50.95
50.94
50.97
50.97
50.95
50.95
50.96
50.96
50.96
50.97
50.96
50.98
50.98
50.97
51.00
51.00
51.00
51.02
51.03
51.03
51.04
51.05
51.05
51.06
51.05
51.04
51.03
51.01
51.03
51.04
51.06
51.05
51.04
51.06
51.03
51.04
51.01
50.99
51.00
51.01
51.02
51.04
51.03
51.02
51.02
51.02
51.02
50.99
51.01
51.02
50.99
50.97
50.97
50.96
50.95
50.96
50.98
50.99
50.98
50.99
50.99
50.98
50.98
50.98
51.00
50.98
50.99
51.00
51.00
51.00
51.00
51.01
51.01
51.00
51.02
51.02
51.03
51.03
51.02
51.01
51.03
51.05
51.06
51.05
51.04
51.04
51.05
51.08
51.09
51.09
51.08
51.07
51.07
51.05
51.04
51.05
51.04
51.03
51.00
50.99
50.99
50.99
51.00
50.98
50.96
50.96
50.95
50.96
50.96
50.95
50.94
50.94
50.94
50.93
50.93
50.93
50.93
50.93
50.92
50.93
50.94
50.94
50.96
50.94
50.95
50.94
50.94
50.94
50.94
50.91
50.89
50.90
50.90
50.92
50.92
50.91
50.91
50.93
50.93
50.93
50.94
50.94
50.94
50.93
50.93
50.91
50.93
50.93
50.93
50.93
50.92
50.93
50.93
50.93
50.91
50.90
50.89
50.90
50.89
50.88
50.88
50.89
50.88
50.88
50.88
50.87
50.88
50.88
50.88
50.85
50.86
50.86
50.88
50.89
50.87
50.86
50.87
50.88
50.87
50.88
50.89
50.89
50.87
50.89
50.88
50.89
50.89
50.88
50.91
50.92
50.91
50.92
50.92
50.94
50.94
50.95
50.95
50.94
50.93
50.94
50.93
50.94
50.92
50.91
50.92
50.95
50.96
50.95
50.95
50.95
50.95
50.95
50.94
50.93
50.93
50.93
50.95
50.93
50.93
50.93
50.94
50.96
51.00
50.99
50.98
50.98
50.97
50.97
50.95
50.98
50.97
50.97
50.97
50.97
50.97
50.98
50.99
51.01
51.01
51.00
50.99
51.01
51.00
50.99
51.00
51.00
51.00
50.99
51.00
51.01
51.00
51.02
51.02
51.03
51.03
51.03
51.04
51.05
51.04
51.04
51.04
51.06
51.06
51.07
51.07
51.07
51.08
51.08
51.08
51.07
51.07
51.08
51.09
51.10
51.10
51.09
51.09
51.10
51.10
51.10
51.09
51.08
51.09
51.09
51.10
51.11
51.10
51.09
51.09
51.08
51.07
51.05
51.06
51.06
51.06
51.06
51.05
51.05
51.04
51.04
51.03
51.04
51.03
51.02
51.01
51.00
51.00
51.00
51.00
51.00
51.00
51.01
51.02
51.04
51.04
51.04
51.05
51.06
51.07
51.07
51.07
51.06
51.04
51.02
51.02
51.02
51.01
51.01
51.01
51.01
51.02
51.00
51.00
51.00
50.99
50.99
50.98
50.99
51.01
51.01
51.03
51.03
51.03
51.04
51.05
51.05
51.04
51.06
51.07
51.06
51.06
51.06
51.06
51.07
51.02
