39.06
46.09
44.27
47.27
49.38
51.04
50.89
51.37
51.91
52.97
53.12
53.26
53.97
54.02
54.38
54.39
53.95
53.99
54.36
54.45
54.54
53.98
53.94
53.71
53.50
53.31
53.41
53.24
53.23
53.18
52.87
52.54
52.70
52.76
53.04
52.95
52.66
53.00
52.96
53.12
53.28
53.20
53.49
53.52
53.51
53.36
53.26
53.35
53.12
53.16
53.12
53.12
53.15
53.15
53.10
53.12
53.12
53.15
53.12
53.05
52.97
52.85
52.93
52.81
52.62
52.34
52.29
52.30
52.17
52.19
52.13
52.04
51.90
51.90
52.04
52.08
52.01
51.98
51.96
51.95
51.85
51.91
51.92
51.95
52.04
51.93
51.90
51.99
52.12
52.20
52.21
52.41
52.30
52.28
52.32
52.26
52.34
52.36
52.30
52.30
52.37
52.39
52.47
52.48
52.53
52.59
52.66
52.63
52.51
52.47
52.48
52.53
52.54
52.65
52.70
52.75
52.78
52.82
52.86
52.80
52.83
52.80
52.87
52.90
52.84
52.80
52.88
52.91
52.88
52.86
52.86
52.79
52.76
52.78
52.71
52.71
52.71
52.68
52.66
52.65
52.62
52.57
52.56
52.57
52.59
52.63
52.63
52.61
52.57
52.54
52.54
52.56
52.46
52.45
52.46
52.49
52.42
52.48
52.51
52.49
52.47
52.51
52.54
52.52
52.52
52.58
52.53
52.45
52.46
52.47
52.48
52.50
52.54
52.59
52.60
52.57
52.55
52.50
52.51
52.52
52.55
52.50
52.53
52.51
52.49
52.44
52.49
52.49
52.54
52.51
52.51
52.51
52.52
52.51
52.46
52.42
52.42
52.41
52.39
52.37
52.36
52.38
52.36
52.40
52.37
52.40
52.39
52.39
52.38
52.34
52.38
52.39
52.35
52.36
52.35
52.34
52.38
52.33
52.34
52.39
52.41
52.41
52.41
52.46
52.47
52.47
52.47
52.48
52.46
52.43
52.46
52.47
52.49
52.44
52.45
52.43
52.39
52.41
52.37
52.39
52.38
52.38
52.40
52.41
52.41
52.46
52.45
52.42
52.39
52.42
52.38
52.41
52.44
52.42
52.40
52.38
52.38
52.38
52.35
52.40
52.42
52.40
52.42
52.45
52.46
52.46
52.45
52.44
52.43
52.44
52.44
52.45
52.46
52.45
52.44
52.42
52.40
52.43
52.44
52.42
52.44
52.44
52.40
52.39
52.36
52.38
52.40
52.40
52.41
52.41
52.41
52.41
52.41
52.42
52.46
52.43
52.43
52.43
52.42
52.41
52.39
52.42
52.42
52.43
52.42
52.42
52.40
52.40
52.43
52.43
52.45
52.48
52.50
52.47
52.50
52.50
52.49
52.49
52.47
52.48
52.48
52.47
52.52
52.49
52.47
52.47
52.47
52.45
52.46
52.47
52.45
52.46
52.49
52.53
52.53
52.52
52.51
52.48
52.49
52.48
52.46
52.47
52.47
52.45
52.47
52.51
52.50
52.51
52.53
52.53
52.57
52.61
52.60
52.59
52.61
52.61
52.60
52.61
52.60
52.60
52.58
52.56
52.54
52.53
52.54
52.53
52.50
52.50
52.50
52.50
52.53
52.55
52.53
52.54
52.56
52.56
52.57
52.54
52.52
52.53
52.53
52.54
52.54
52.56
52.55
52.53
52.52
52.52
52.49
52.50
52.49
52.50
52.48
52.51
52.53
52.54
52.55
52.56
52.58
52.55
52.55
52.55
52.55
52.55
52.55
52.56
52.58
52.58
52.59
52.59
52.55
52.54
52.56
52.53
52.54
52.53
52.55
52.55
52.55
52.56
52.56
52.58
52.58
52.59
52.58
52.56
52.54
52.54
52.53
52.50
52.51
52.51
52.49
52.47
52.46
52.46
52.43
52.43
52.42
52.41
52.40
52.36
52.37
52.35
52.38
52.41
52.40
52.41
52.42
52.42
52.42
52.43
52.45
52.45
52.43
52.43
52.43
52.44
52.44
52.44
52.47
52.47
52.47
52.45
52.46
52.45
52.44
52.43
52.43
52.43
52.42
52.42
52.41
52.40
52.40
52.40
52.40
52.40
52.40
52.42
52.43
52.41
52.43
52.46
52.44
52.42
52.43
52.42
52.41
52.43
52.44
52.46
52.44
52.46
52.47
52.47
52.46
52.46
52.45
52.46
52.45
52.45
52.44
52.42
52.43
52.41
52.40
52.40
52.41
52.42
52.40
52.44
52.44
52.44
52.43
52.41
52.42
52.43
52.44
52.46
52.47
52.49
52.49
52.51
52.51
52.51
52.50
52.50
52.49
52.49
52.50
52.51
52.51
52.53
52.51
52.50
52.51
52.52
52.52
52.51
52.51
52.51
52.53
52.52
52.53
52.54
52.54
52.52
52.50
52.51
52.50
52.50
52.51
52.51
52.51
52.50
52.49
52.49
52.50
52.49
52.50
52.50
52.49
52.49
52.48
52.48
52.47
52.48
52.49
52.49
52.48
52.49
52.49
52.50
52.49
52.49
52.50
52.49
52.49
52.50
52.51
52.50
52.51
52.50
52.48
52.48
52.49
52.48
52.48
52.47
52.47
52.48
52.48
52.49
52.49
52.50
52.50
52.50
52.50
52.49
52.49
52.50
52.49
52.48
52.49
52.51
52.50
52.52
52.51
52.52
52.51
52.51
52.51
52.52
52.52
52.53
52.54
52.55
52.55
52.55
52.55
52.54
52.52
52.52
52.52
52.54
52.54
52.55
52.55
52.53
52.55
52.55
52.54
52.52
52.53
52.51
52.53
