46.88
46.09
42.71
42.58
42.19
42.71
42.86
43.16
42.53
43.28
43.18
43.36
43.63
43.19
42.60
42.38
41.82
41.93
41.04
41.02
41.15
41.41
41.24
40.95
41.12
41.17
40.97
40.51
40.19
40.26
40.27
39.99
40.25
40.17
40.45
40.19
39.95
39.68
39.74
39.65
39.63
39.62
39.46
39.42
39.34
39.13
39.39
39.45
39.41
39.62
39.74
39.75
39.53
39.61
39.74
39.84
39.56
39.39
39.59
39.51
39.32
39.52
39.48
39.53
39.64
39.63
39.81
39.80
39.95
40.00
39.94
39.82
39.75
39.70
39.77
39.80
39.79
39.78
39.64
39.57
39.51
39.54
39.57
39.56
39.47
39.57
39.66
39.60
39.54
39.55
39.54
39.50
39.47
39.41
39.41
39.45
39.38
39.41
39.52
39.52
39.62
39.49
39.50
39.50
39.60
39.55
39.46
39.50
39.42
39.47
39.50
39.44
39.35
39.25
39.25
39.17
39.18
39.14
39.13
39.19
39.17
39.10
39.18
39.14
39.12
39.14
39.21
39.25
39.20
39.27
39.30
39.33
39.32
39.28
39.22
39.29
39.28
39.29
39.30
39.34
39.36
39.36
39.34
39.33
39.38
39.31
39.34
39.34
39.30
39.33
39.27
39.31
39.35
39.39
39.40
39.41
39.36
39.28
39.25
39.23
39.18
39.22
39.18
39.15
39.12
39.08
39.09
39.11
39.11
38.99
38.93
38.92
38.98
38.95
38.95
38.92
38.94
38.95
38.97
39.02
38.97
38.98
38.99
38.96
38.89
38.91
38.96
38.97
38.99
39.01
39.01
39.00
38.96
38.93
38.89
38.89
38.88
38.85
38.85
38.84
38.81
38.81
38.85
38.88
38.89
38.95
38.96
38.99
39.00
38.99
38.94
38.94
38.94
38.91
38.84
38.83
38.81
38.83
38.86
38.87
38.87
38.89
38.87
38.85
38.92
38.93
38.94
38.96
39.01
39.03
39.02
39.00
38.99
38.98
39.02
39.02
39.01
38.99
38.98
38.96
38.98
39.02
39.04
39.01
39.00
39.01
39.01
39.04
38.99
38.97
38.98
38.92
38.89
38.90
38.88
38.87
38.83
38.78
38.75
38.73
38.75
38.74
38.75
38.75
38.73
38.77
38.76
38.79
38.78
38.75
38.75
38.77
38.78
38.78
38.77
38.77
38.77
38.75
38.75
38.77
38.79
38.75
38.77
38.81
38.80
38.78
38.79
38.80
38.80
38.84
38.80
38.80
38.79
38.80
38.79
38.78
38.82
38.85
38.83
38.81
38.78
38.76
38.73
38.73
38.73
38.72
38.70
38.66
38.67
38.68
38.69
38.72
38.71
38.72
38.72
38.73
38.73
38.73
38.68
38.66
38.65
38.65
38.65
38.64
38.64
38.61
38.62
38.62
38.61
38.62
38.58
38.57
38.57
38.58
38.54
38.56
38.55
38.55
38.56
38.54
38.58
38.62
38.61
38.62
38.61
38.67
38.69
38.67
38.66
38.68
38.67
38.69
38.66
38.66
38.66
38.69
38.69
38.72
38.71
38.71
38.72
38.75
38.77
38.77
38.76
38.80
38.80
38.81
38.80
38.79
38.79
38.79
38.79
38.83
38.82
38.83
38.83
38.83
38.84
38.83
38.84
38.83
38.83
38.84
38.86
38.88
38.87
38.87
38.85
38.85
38.85
38.85
38.86
38.90
38.88
38.88
38.90
38.89
38.92
38.94
38.93
38.95
38.94
38.93
38.93
38.92
38.91
38.91
38.89
38.90
38.94
38.96
38.95
38.92
38.93
38.90
38.89
38.88
38.86
38.84
38.84
38.82
38.82
38.82
38.83
38.82
38.82
38.81
38.80
38.80
38.80
38.79
38.79
38.79
38.79
38.79
38.78
38.79
38.78
38.77
38.75
38.77
38.77
38.78
38.77
38.77
38.77
38.78
38.77
38.78
38.75
38.74
38.73
38.71
38.72
38.72
38.72
38.72
38.73
38.72
38.71
38.72
38.71
38.71
38.68
38.66
38.68
38.69
38.70
38.69
38.67
38.67
38.68
38.66
38.65
38.65
38.66
38.67
38.70
38.71
38.71
38.69
38.69
38.70
38.69
38.67
38.67
38.67
38.66
38.65
38.65
38.65
38.64
38.64
38.65
38.65
38.63
38.65
38.65
38.65
38.64
38.63
38.64
38.63
38.66
38.67
38.66
38.67
38.67
38.69
38.71
38.71
38.70
38.69
38.70
38.71
38.73
38.74
38.73
38.74
38.72
38.72
38.72
38.73
38.74
38.74
38.74
38.72
38.72
38.72
38.72
38.70
38.71
38.72
38.71
38.71
38.71
38.73
38.75
38.74
38.74
38.73
38.72
38.72
38.72
38.72
38.71
38.72
38.73
38.73
38.73
38.73
38.71
38.70
38.71
38.70
38.71
38.73
38.74
38.74
38.73
38.74
38.73
38.74
38.76
38.75
38.75
38.76
38.76
38.77
38.77
38.76
38.77
38.77
38.79
38.79
38.80
38.80
38.81
38.81
38.80
38.81
38.82
38.80
38.81
38.81
38.82
38.84
38.84
38.83
38.86
38.85
38.84
38.84
38.84
38.84
38.84
38.83
38.82
38.82
38.82
38.81
38.79
38.79
38.80
38.80
38.81
38.80
38.80
38.79
38.78
38.79
38.81
38.83
38.83
38.82
38.82
38.82
38.82
38.81
38.80
38.80
38.80
38.80
38.79
38.78
38.76
38.75
38.75
38.74
38.75
38.73
38.72
38.72
38.72
38.71
38.72
38.71
38.72
38.72
38.74
38.76
38.75
38.74
38.74
38.75
38.76
38.76
38.76
38.75
38.74
38.74
38.74
38.75
38.74
38.74
38.75
38.75
38.76
38.76
38.76
38.74
38.74
38.74
38.75
38.75
38.74
38.73
38.72
38.72
38.73
38.74
38.74
38.74
38.74
38.74
38.73
38.74
38.73
38.74
38.75
38.75
38.75
38.75
38.74
38.71
38.70
38.71
38.72
38.71
38.71
38.72
38.73
38.74
38.75
38.77
38.76
38.77
38.76
38.76
38.76
38.77
38.76
38.77
38.77
38.78
38.77
38.77
38.78
38.77
38.76
38.76
38.75
38.75
38.75
38.75
38.75
38.74
38.72
38.73
38.74
38.75
38.73
38.73
38.74
38.73
38.74
38.73
38.74
38.74
38.75
38.75
38.76
38.75
38.75
38.76
38.75
38.75
38.75
38.76
38.75
38.77
38.77
38.77
38.76
38.76
38.78
38.79
38.81
38.80
38.80
38.78
38.77
38.78
38.80
38.79
38.78
38.78
38.79
38.78
38.79
38.79
38.78
38.78
38.78
38.79
38.78
38.78
38.78
38.76
38.77
38.76
38.75
38.75
38.75
38.75
38.75
38.76
38.75
38.76
38.75
38.71
