40.62
40.62
42.19
41.02
40.31
39.84
38.84
38.48
39.76
40.00
39.49
39.45
39.90
39.51
40.00
39.84
40.35
40.10
39.56
39.06
39.36
39.28
39.40
39.32
39.25
38.82
38.77
38.95
38.63
38.54
38.51
38.48
38.35
38.28
38.17
38.54
38.56
38.49
38.42
38.52
38.57
38.39
38.41
38.25
38.12
37.77
37.70
37.92
37.95
38.06
38.36
38.34
38.44
38.45
38.35
38.42
38.38
38.34
38.32
38.23
38.32
38.18
38.14
38.31
38.29
38.33
38.15
38.28
38.43
38.48
38.45
38.43
38.44
38.37
38.50
38.53
38.49
38.36
38.37
38.32
38.25
38.26
38.22
38.24
38.20
38.17
38.07
38.07
38.06
38.09
38.10
38.01
38.09
38.05
38.04
38.02
38.06
38.06
38.02
38.03
38.07
38.19
38.14
38.12
38.10
38.09
38.07
38.12
38.03
38.00
37.96
37.89
37.91
37.95
38.00
38.08
38.09
38.04
38.09
38.01
37.96
37.97
38.00
37.98
37.94
37.93
37.92
37.92
37.83
37.86
37.82
37.78
37.81
37.77
37.77
37.78
37.77
37.75
37.78
37.75
37.82
37.79
37.82
37.84
37.81
37.83
37.90
37.91
37.97
38.00
38.05
38.03
37.99
38.04
38.01
38.03
38.07
38.03
38.02
38.02
38.00
37.97
37.95
37.87
37.88
37.88
37.88
37.87
37.92
37.98
38.00
38.02
38.02
38.02
38.03
37.99
38.02
38.06
38.04
38.08
38.11
38.13
38.17
38.17
38.18
38.16
38.17
38.13
38.15
38.18
38.19
38.13
38.10
38.14
38.13
38.13
38.11
38.12
38.10
38.06
38.11
38.12
38.12
38.11
38.06
38.05
38.04
38.01
37.98
37.97
37.97
38.01
37.98
37.99
37.99
37.99
38.00
37.96
37.97
37.95
37.94
37.96
37.92
37.90
37.90
37.94
37.95
37.99
37.99
38.04
38.07
38.05
38.11
38.10
38.12
38.12
38.14
38.12
38.11
38.09
38.04
38.00
38.00
38.04
38.03
38.03
38.02
37.99
38.00
38.04
38.01
38.00
38.02
38.01
37.97
37.99
38.03
38.03
38.04
38.03
37.99
37.98
37.97
37.96
38.00
37.99
37.96
38.00
38.03
38.03
37.99
38.01
38.04
38.02
38.01
37.98
38.00
37.97
37.97
37.99
37.91
37.92
37.91
37.91
37.91
37.93
37.94
37.95
37.98
37.97
37.95
37.97
37.96
37.96
37.94
37.94
37.97
37.97
37.98
37.98
37.96
37.93
37.92
37.92
37.92
37.92
37.93
37.90
37.93
37.96
37.97
37.94
37.92
37.90
37.89
37.91
37.87
37.87
37.90
37.88
37.89
37.90
37.93
37.94
37.97
37.94
37.97
38.00
38.00
38.01
38.01
38.02
38.01
37.99
37.99
38.00
38.01
38.01
38.01
38.00
37.99
38.01
38.04
38.05
38.03
38.03
38.04
38.09
38.13
38.19
38.19
38.21
38.21
38.22
38.19
38.20
38.21
38.21
38.20
38.21
38.22
38.19
38.18
38.18
38.18
38.22
38.20
38.18
38.18
38.18
38.19
38.21
38.21
38.22
38.23
38.23
38.23
38.22
38.24
38.26
38.28
38.27
38.29
38.31
38.31
38.32
38.34
38.36
38.37
38.36
38.36
38.35
38.36
38.36
38.37
38.40
38.37
38.34
38.35
38.36
38.33
38.34
38.33
38.32
38.31
38.30
38.33
38.33
38.34
38.36
38.39
38.37
38.38
38.35
38.35
38.33
38.32
38.35
38.36
38.38
38.38
38.38
38.37
38.38
38.41
38.41
38.43
38.41
38.41
38.43
38.42
38.44
38.43
38.42
38.41
38.41
38.40
38.43
38.43
38.42
38.40
38.39
38.40
38.40
38.39
38.38
38.39
38.38
38.37
38.36
38.36
38.35
38.37
38.38
38.37
38.38
38.37
38.39
38.39
38.39
38.36
38.37
38.37
38.37
38.35
38.35
38.36
38.35
38.37
38.34
38.34
38.34
38.34
38.34
38.35
38.36
38.35
38.35
38.33
38.34
38.36
38.35
38.32
38.34
38.34
38.35
38.36
38.36
38.35
38.36
38.35
38.34
38.34
38.35
38.34
38.32
38.35
38.33
38.33
38.33
38.31
38.30
38.31
38.33
38.34
38.33
38.33
38.33
38.33
38.35
38.34
38.33
38.35
38.34
38.32
38.29
38.30
38.30
38.32
38.32
38.30
38.29
38.29
38.31
38.32
38.29
38.29
38.29
38.27
38.26
38.26
38.26
38.25
38.25
38.23
38.22
38.23
38.26
38.27
38.28
38.29
38.29
38.30
38.30
38.30
38.30
38.29
38.28
38.28
38.28
38.29
38.29
38.29
38.28
38.29
38.29
38.29
38.30
38.30
38.31
38.31
38.31
38.33
38.33
38.32
38.33
38.33
38.33
38.35
38.36
38.36
38.37
38.36
38.36
38.35
38.34
38.35
38.33
38.34
38.33
38.33
38.34
38.33
38.33
38.33
38.33
38.33
38.33
38.32
38.29
38.29
38.28
38.28
38.30
38.30
38.30
38.29
38.30
38.30
38.30
38.30
38.29
38.28
38.27
38.28
38.29
38.30
38.32
38.33
38.32
38.32
38.32
38.32
38.31
38.32
38.32
38.32
38.32
38.31
38.32
38.33
38.31
38.32
38.33
38.31
38.31
38.31
38.32
38.33
38.32
38.31
38.33
38.33
38.32
38.32
38.31
38.31
38.32
38.34
38.33
38.34
38.33
38.34
38.32
38.34
38.33
38.32
38.30
38.30
38.30
38.30
38.29
38.30
38.30
38.29
38.30
38.28
38.29
38.28
38.29
38.28
38.27
38.27
38.29
38.28
38.27
38.30
38.32
38.32
38.32
38.31
38.30
38.31
38.30
38.30
38.30
38.30
38.29
38.29
38.29
38.31
38.31
38.30
38.29
38.28
38.29
38.30
38.29
38.29
38.29
38.29
38.29
38.30
38.28
38.28
38.30
38.29
38.27
38.27
38.28
38.29
38.30
38.29
38.31
38.31
38.30
38.30
38.29
38.29
38.29
38.30
38.29
38.28
38.29
38.28
38.27
38.27
38.26
38.25
38.25
38.23
38.24
38.25
38.25
38.24
38.23
38.22
38.22
38.23
38.23
38.23
38.23
38.23
38.24
38.23
38.22
38.23
38.23
38.23
38.23
38.24
38.25
38.25
38.26
38.26
38.25
38.25
38.26
38.27
38.26
38.26
38.26
38.25
38.25
38.25
38.26
38.27
38.27
38.27
38.27
38.26
38.27
38.27
38.26
38.26
38.28
38.27
38.27
38.27
38.28
38.26
38.26
38.26
38.27
38.26
38.27
38.27
38.27
38.27
38.28
38.26
38.23
