79.69
84.38
82.81
83.98
82.50
82.29
83.48
83.79
83.85
83.59
83.66
83.85
84.38
84.49
84.38
84.28
83.73
83.42
83.47
82.97
82.89
82.81
83.02
83.20
83.44
83.35
83.51
83.43
83.73
83.70
83.92
83.94
84.04
83.96
84.20
84.07
84.16
84.21
84.01
83.98
83.80
83.59
83.79
83.66
83.65
83.63
83.58
83.46
83.42
83.38
83.46
83.44
83.37
83.59
83.55
83.59
83.69
83.81
83.77
83.59
83.58
83.59
83.66
83.67
83.56
83.62
83.58
83.59
83.65
83.71
83.69
83.70
83.65
83.66
83.75
83.76
83.71
83.69
83.66
83.48
83.37
83.27
83.26
83.20
83.18
83.25
83.28
83.22
83.20
83.12
83.10
82.98
83.00
82.98
82.96
82.98
82.99
83.04
83.10
83.05
83.01
82.97
82.95
82.93
82.98
82.96
82.97
82.99
82.93
82.87
82.90
82.84
82.85
82.89
82.89
82.85
82.85
82.80
82.83
82.83
82.79
82.80
82.79
82.75
82.70
82.71
82.73
82.71
82.73
82.68
82.63
82.65
82.61
82.67
82.74
82.77
82.76
82.78
82.80
82.83
82.81
82.81
82.80
82.77
82.78
82.75
82.77
82.76
82.71
82.66
82.66
82.64
82.55
82.56
82.53
82.52
82.51
82.52
82.55
82.53
82.47
82.45
82.52
82.54
82.57
82.54
82.58
82.56
82.52
82.56
82.55
82.54
82.48
82.49
82.46
82.46
82.46
82.45
82.44
82.46
82.43
82.44
82.44
82.44
82.45
82.41
82.42
82.40
82.41
82.45
82.47
82.50
82.47
82.45
82.49
82.53
82.55
82.55
82.55
82.55
82.57
82.54
82.57
82.58
82.58
82.54
82.52
82.53
82.57
82.57
82.53
82.55
82.50
82.49
82.50
82.47
82.45
82.45
82.43
82.42
82.45
82.41
82.43
82.44
82.43
82.45
82.42
82.40
82.37
82.36
82.39
82.38
82.40
82.43
82.47
82.47
82.43
82.45
82.46
82.48
82.48
82.49
82.49
82.51
82.48
82.51
82.51
82.51
82.52
82.55
82.54
82.51
82.47
82.45
82.46
82.48
82.48
82.47
82.46
82.46
82.47
82.48
82.47
82.46
82.44
82.45
82.43
82.43
82.38
82.39
82.39
82.37
82.36
82.34
82.32
82.30
82.29
82.31
82.31
82.33
82.33
82.32
82.33
82.31
82.32
82.31
82.30
82.30
82.33
82.31
82.31
82.33
82.34
82.31
82.31
82.32
82.30
82.30
82.33
82.33
82.32
82.30
82.31
82.33
82.35
82.33
82.35
82.36
82.35
82.36
82.32
82.28
82.27
82.27
82.27
82.28
82.26
82.24
82.24
82.26
82.25
82.25
82.25
82.24
82.20
82.19
82.18
82.18
82.18
82.19
82.18
82.21
82.20
82.18
82.18
82.18
82.14
82.15
82.14
82.15
82.15
82.15
82.14
82.12
82.13
82.16
82.15
82.14
82.15
82.16
82.14
82.15
82.14
82.15
82.15
82.16
82.17
82.16
82.16
82.16
82.18
82.19
82.18
82.19
82.17
82.18
82.18
82.13
82.14
82.16
82.16
82.17
82.17
82.19
82.17
82.18
82.17
82.17
82.18
82.18
82.19
82.20
82.18
82.18
82.17
82.15
82.16
82.15
82.16
82.14
82.13
82.12
82.12
82.11
82.11
82.11
82.14
82.15
82.12
82.10
82.08
82.05
82.04
82.05
82.05
82.07
82.06
82.05
82.06
82.06
82.07
82.08
82.06
82.05
82.08
82.06
82.08
82.09
82.10
82.11
82.11
82.10
82.10
82.12
82.12
82.12
82.12
82.13
82.14
82.12
82.12
82.11
82.11
82.13
82.13
82.15
82.16
82.14
82.14
82.15
82.14
82.15
82.15
82.15
82.15
82.16
82.17
82.15
82.14
82.13
82.14
82.15
82.15
82.16
82.16
82.14
82.14
82.14
82.15
82.15
82.15
82.14
82.13
82.14
82.14
82.14
82.15
82.14
82.16
82.15
82.11
82.10
82.12
82.11
82.11
82.12
82.12
82.13
82.12
82.13
82.14
82.13
82.12
82.12
82.11
82.13
82.14
82.13
82.12
82.12
82.11
82.12
82.12
82.13
82.12
82.11
82.11
82.11
82.10
82.07
82.06
82.07
82.06
82.04
82.04
82.04
82.03
82.03
82.03
82.04
82.04
82.04
82.04
82.06
82.05
82.06
82.04
82.05
82.05
82.04
82.05
82.05
82.04
82.03
82.02
82.04
82.03
82.02
82.02
82.03
82.02
82.02
82.03
82.01
82.01
82.02
82.02
82.03
82.04
82.05
82.05
82.05
82.05
82.04
82.02
82.01
82.01
82.01
82.00
82.01
82.01
82.01
82.01
81.99
82.00
82.00
82.00
82.01
82.02
82.01
82.02
82.02
82.02
82.01
82.01
82.01
82.01
82.00
82.00
82.01
81.99
82.00
82.00
82.00
82.00
82.00
82.00
82.00
81.99
82.00
82.00
82.01
82.01
82.00
82.00
81.99
81.99
81.99
82.00
82.01
82.02
82.00
82.01
82.00
81.99
81.99
81.98
81.98
81.97
81.98
81.98
81.97
81.97
81.94
81.94
81.95
81.95
81.95
81.96
81.96
81.97
81.97
81.97
81.97
81.97
81.98
81.98
81.98
81.99
81.99
81.98
81.99
81.99
81.97
81.97
81.96
81.96
81.96
81.96
81.96
81.95
81.95
81.95
81.95
81.96
81.94
81.94
81.94
81.95
81.95
81.95
81.95
81.93
81.93
81.92
81.91
81.90
81.89
81.90
81.91
81.90
81.88
81.89
81.89
81.89
81.89
81.88
81.90
81.90
81.90
81.90
81.91
81.92
81.92
81.93
81.94
81.95
81.94
81.95
81.95
81.94
81.94
81.94
81.94
81.94
81.95
81.97
81.97
81.97
81.97
81.97
81.98
81.99
81.97
81.98
81.98
82.00
82.00
82.00
82.00
82.01
82.01
82.01
82.02
82.02
82.02
82.02
82.02
82.03
82.03
82.03
82.02
82.02
82.01
82.01
82.01
82.00
82.00
82.01
82.01
82.01
82.00
82.00
82.01
82.01
82.01
82.00
82.01
82.00
82.00
82.00
81.99
81.99
82.00
82.00
81.99
81.99
81.99
82.00
81.99
81.99
81.99
81.99
81.99
81.98
81.97
81.97
81.97
81.97
81.98
81.97
81.98
81.98
81.98
81.98
81.98
81.98
81.97
81.98
81.98
81.98
81.98
81.97
81.97
81.98
81.98
81.98
81.98
81.97
81.97
81.96
81.96
81.96
81.96
81.96
81.98
81.97
81.97
81.97
81.97
81.98
81.98
81.99
81.98
81.97
81.97
81.97
81.96
81.97
81.97
81.97
81.89
