34.38
32.81
36.98
36.33
37.19
36.72
37.72
37.89
36.63
37.50
36.65
35.94
35.46
36.27
36.56
36.13
35.94
36.11
36.02
35.94
35.19
35.09
34.92
34.70
34.56
34.62
35.19
35.16
35.34
35.05
35.08
35.30
35.61
35.89
35.76
35.89
35.98
36.18
36.46
36.48
36.43
36.57
36.66
36.51
36.81
37.02
37.07
37.21
37.37
37.34
37.25
37.53
37.68
37.67
37.70
37.64
37.61
37.61
37.53
37.32
37.37
37.58
37.52
37.50
37.40
37.48
37.50
37.68
37.68
37.79
37.74
37.85
37.95
37.96
37.88
37.93
38.09
38.14
38.15
38.20
38.14
37.96
38.01
38.02
37.94
37.95
37.84
37.80
37.80
37.76
37.76
37.79
37.82
37.73
37.63
37.76
37.77
37.76
37.77
37.70
37.62
37.62
37.65
37.67
37.71
37.62
37.66
37.66
37.63
37.57
37.53
37.60
37.72
37.69
37.73
37.72
37.65
37.63
37.71
37.63
37.56
37.58
37.59
37.49
37.46
37.36
37.38
37.41
37.46
37.44
37.52
37.52
37.62
37.65
37.74
37.79
37.77
37.67
37.59
37.56
37.53
37.47
37.41
37.38
37.40
37.41
37.37
37.42
37.37
37.42
37.31
37.36
37.38
37.37
37.41
37.38
37.38
37.41
37.34
37.39
37.43
37.48
37.41
37.41
37.36
37.31
37.28
37.25
37.23
37.24
37.22
37.23
37.21
37.19
37.23
37.27
37.30
37.32
37.33
37.39
37.42
37.41
37.35
37.43
37.42
37.42
37.40
37.38
37.39
37.38
37.39
37.43
37.46
37.42
37.42
37.45
37.43
37.41
37.42
37.41
37.39
37.36
37.37
37.32
37.31
37.34
37.32
37.28
37.26
37.28
37.29
37.29
37.23
37.24
37.23
37.23
37.22
37.28
37.33
37.34
37.36
37.39
37.35
37.35
37.34
37.33
37.33
37.38
37.36
37.36
37.40
37.43
37.43
37.44
37.45
37.45
37.46
37.49
37.53
37.51
37.54
37.53
37.51
37.51
37.51
37.49
37.51
37.54
37.59
37.58
37.57
37.60
37.61
37.61
37.62
37.60
37.58
37.60
37.62
37.63
37.63
37.66
37.63
37.63
37.63
37.64
37.65
37.67
37.70
37.70
37.71
37.71
37.71
37.76
37.75
37.74
37.73
37.70
37.67
37.66
37.66
37.66
37.67
37.63
37.64
37.64
37.65
37.62
37.61
37.58
37.57
37.53
37.53
37.49
37.49
37.51
37.52
37.52
37.52
37.53
37.55
37.53
37.49
37.49
37.50
37.53
37.49
37.47
37.45
37.46
37.44
37.43
37.44
37.44
37.46
37.44
37.43
37.44
37.45
37.45
37.48
37.46
37.48
37.48
37.46
37.46
37.47
37.44
37.41
37.38
37.36
37.32
37.28
37.30
37.33
37.31
37.31
37.31
37.32
37.31
37.31
37.29
37.26
37.26
37.28
37.28
37.26
37.27
37.27
37.25
37.25
37.26
37.29
37.29
37.30
37.28
37.25
37.23
37.22
37.23
37.24
37.26
37.25
37.27
37.30
37.30
37.30
37.33
37.35
37.34
37.34
37.32
37.32
37.34
37.35
37.34
37.35
37.32
37.33
37.34
37.31
37.30
37.32
37.32
37.32
37.33
37.37
37.40
37.40
37.42
37.41
37.42
37.40
37.39
37.39
37.40
37.40
37.39
37.40
37.42
37.45
37.46
37.45
37.48
37.49
37.47
37.46
37.48
37.49
37.50
37.50
37.49
37.50
37.49
37.50
37.47
37.49
37.49
37.51
37.53
37.55
37.56
37.53
37.54
37.55
37.56
37.56
37.56
37.58
37.55
37.57
37.57
37.55
37.55
37.53
37.52
37.51
37.52
37.51
37.51
37.52
37.51
37.54
37.55
37.54
37.53
37.51
37.51
37.50
37.52
37.51
37.51
37.52
37.51
37.51
37.53
37.52
37.52
37.50
37.51
37.50
37.48
37.48
37.49
37.48
37.48
37.48
37.48
37.50
37.51
37.52
37.52
37.54
37.52
37.52
37.52
37.52
37.51
37.52
37.51
37.53
37.50
37.50
37.52
37.53
37.55
37.54
37.54
37.53
37.54
37.56
37.56
37.58
37.58
37.58
37.57
37.58
37.58
37.57
37.55
37.55
37.55
37.53
37.54
37.54
37.55
37.56
37.56
37.56
37.56
37.54
37.56
37.56
37.57
37.55
37.57
37.58
37.58
37.61
37.62
37.60
37.59
37.60
37.60
37.58
37.56
37.55
37.55
37.54
37.54
37.54
37.55
37.56
37.57
37.58
37.58
37.59
37.58
37.58
37.58
37.57
37.54
37.53
37.52
37.51
37.55
37.57
37.55
37.55
37.55
37.54
37.53
37.53
37.54
37.55
37.54
37.56
37.56
37.55
37.54
37.55
37.53
37.52
37.53
37.52
37.54
37.56
37.56
37.56
37.57
37.58
37.59
37.59
37.59
37.60
37.59
37.57
37.57
37.56
37.56
37.56
37.56
37.56
37.57
37.58
37.58
37.57
37.57
37.56
37.57
37.58
37.56
37.55
37.55
37.54
37.53
37.54
37.54
37.54
37.53
37.55
37.55
37.56
37.57
37.56
37.55
37.57
37.59
37.58
37.59
37.58
37.57
37.57
37.57
37.56
37.55
37.54
37.54
37.54
37.54
37.53
37.51
37.51
37.49
37.48
37.48
37.49
37.50
37.50
37.50
37.51
37.51
37.52
37.53
37.54
37.53
37.54
37.54
37.54
37.54
37.54
37.55
37.54
37.55
37.54
37.54
37.56
37.57
37.56
37.57
37.58
37.58
37.58
37.58
37.58
37.57
37.56
37.57
37.56
37.58
37.58
37.57
37.57
37.58
37.59
37.59
37.60
37.61
37.60
37.60
37.60
37.59
37.59
37.61
37.61
37.61
37.61
37.61
37.61
37.60
37.59
37.57
37.58
37.57
37.55
37.55
37.55
37.54
37.53
37.53
37.51
37.52
37.52
37.52
37.54
37.54
37.54
37.53
37.54
37.54
37.57
37.57
37.57
37.58
37.58
37.58
37.59
37.58
37.59
37.59
37.62
37.63
37.63
37.63
37.64
37.64
37.64
37.65
37.66
37.66
37.66
37.67
37.66
37.66
37.66
37.65
37.65
37.66
37.66
37.66
37.66
37.66
37.65
37.66
37.66
37.67
37.66
37.66
37.67
37.66
37.66
37.66
37.66
37.65
37.65
37.65
37.66
37.68
37.68
37.70
37.70
37.71
37.71
37.72
37.72
37.72
37.72
37.71
37.70
37.72
37.72
37.72
37.73
37.74
37.74
37.74
37.74
37.73
37.74
37.74
37.75
37.74
37.74
37.74
37.74
37.74
37.75
37.76
37.75
37.75
37.76
37.72
