45.31
48.44
45.31
46.48
45.94
47.66
47.77
47.85
47.74
48.12
48.86
49.09
48.92
50.00
49.58
49.41
49.91
49.83
50.08
49.92
50.37
50.43
51.02
51.11
51.44
51.50
51.62
51.45
51.51
51.41
51.61
51.86
52.13
51.98
52.01
52.08
52.20
52.34
52.20
51.76
51.71
51.86
51.78
51.78
51.74
51.22
51.20
51.27
51.34
51.19
51.32
51.14
51.00
50.84
50.60
50.70
50.60
50.59
50.48
50.47
50.49
50.53
50.32
50.22
50.24
50.36
50.28
50.23
50.27
50.27
50.18
50.04
50.04
49.92
49.83
49.75
49.86
49.82
49.82
49.88
49.90
49.92
50.04
50.02
49.94
49.93
49.91
49.93
49.88
49.81
49.76
49.78
49.76
49.65
49.65
49.71
49.74
49.76
49.79
49.80
49.75
49.83
49.73
49.62
49.63
49.50
49.49
49.51
49.56
49.56
49.52
49.58
49.60
49.62
49.65
49.73
49.73
49.72
49.72
49.82
49.91
49.94
49.81
49.91
49.94
49.90
49.95
49.91
49.82
49.78
49.83
49.89
49.92
49.97
49.99
49.90
49.90
49.91
49.87
49.84
49.84
49.85
49.79
49.75
49.68
49.66
49.63
49.58
49.63
49.66
49.60
49.58
49.62
49.66
49.70
49.65
49.64
49.61
49.66
49.64
49.57
49.53
49.51
49.47
49.54
49.57
49.53
49.48
49.45
49.49
49.45
49.48
49.47
49.43
49.40
49.44
49.41
49.39
49.35
49.40
49.50
49.48
49.52
49.50
49.51
49.50
49.50
49.49
49.46
49.56
49.59
49.59
49.59
49.58
49.64
49.65
49.67
49.68
49.65
49.70
49.69
49.69
49.68
49.68
49.67
49.68
49.66
49.69
49.72
49.66
49.66
49.64
49.61
49.58
49.61
49.62
49.65
49.71
49.74
49.75
49.72
49.74
49.70
49.70
49.73
49.74
49.77
49.77
49.78
49.77
49.78
49.74
49.75
49.77
49.85
49.87
49.84
49.83
49.84
49.84
49.84
49.89
49.90
49.89
49.88
49.83
49.79
49.77
49.77
49.75
49.73
49.73
49.73
49.77
49.76
49.76
49.74
49.74
49.73
49.72
49.71
49.74
49.76
49.79
49.81
49.81
49.85
49.86
49.85
49.86
49.87
49.90
49.95
49.97
49.99
50.02
50.00
49.98
49.97
49.96
49.96
49.92
49.91
49.92
49.92
49.92
49.89
49.89
49.88
49.88
49.86
49.86
49.84
49.83
49.83
49.85
49.85
49.85
49.85
49.85
49.88
49.84
49.86
49.84
49.82
49.81
49.79
49.79
49.76
49.77
49.76
49.76
49.76
49.77
49.77
49.78
49.81
49.80
49.83
49.83
49.85
49.84
49.85
49.88
49.85
49.80
49.83
49.82
49.83
49.83
49.83
49.77
49.76
49.75
49.74
49.73
49.73
49.73
49.71
49.67
49.68
49.67
49.68
49.72
49.71
49.71
49.71
49.69
49.70
49.69
49.71
49.69
49.71
49.70
49.70
49.69
49.67
49.69
49.70
49.68
49.71
49.69
49.66
49.67
49.68
49.65
49.62
49.64
49.65
49.64
49.64
49.65
49.66
49.65
49.63
49.62
49.59
49.60
49.61
49.60
49.61
49.62
49.62
49.62
49.60
49.62
49.63
49.64
49.61
49.63
49.62
49.65
49.65
49.68
49.67
49.68
49.71
49.70
49.70
49.71
49.71
49.69
49.68
49.69
49.70
49.69
49.70
49.71
49.71
49.72
49.70
49.69
49.70
49.71
49.70
49.71
49.72
49.72
49.71
49.69
49.73
49.77
49.80
49.78
49.77
49.79
49.81
49.81
49.82
49.81
49.81
49.82
49.81
49.81
49.82
49.81
49.81
49.83
49.83
49.85
49.85
49.85
49.83
49.84
49.82
49.84
49.85
49.85
49.84
49.85
49.83
49.83
49.84
49.83
49.82
49.79
49.77
49.78
49.78
49.82
49.83
49.86
49.83
49.83
49.83
49.86
49.85
49.85
49.85
49.86
49.86
49.87
49.85
49.85
49.85
49.84
49.85
49.84
49.85
49.84
49.84
49.83
49.83
49.83
49.82
49.81
49.84
49.85
49.86
49.86
49.85
49.86
49.86
49.85
49.85
49.86
49.84
49.84
49.83
49.82
49.80
49.80
49.80
49.79
49.81
49.82
49.82
49.81
49.83
49.81
49.81
49.81
49.80
49.81
49.79
49.80
49.79
49.79
49.80
49.79
49.79
49.79
49.80
49.79
49.79
49.81
49.82
49.82
49.82
49.83
49.83
49.83
49.81
49.80
49.80
49.81
49.83
49.81
49.80
49.80
49.80
49.79
49.78
49.78
49.79
49.77
49.77
49.78
49.77
49.78
49.75
49.75
49.74
49.73
49.73
49.72
49.74
49.74
49.75
49.76
49.78
49.80
49.81
49.81
49.82
49.83
49.83
49.83
49.82
49.82
49.81
49.80
49.82
49.83
49.82
49.82
49.81
49.81
49.80
49.80
49.79
49.78
49.77
49.77
49.76
49.78
49.78
49.78
49.76
49.77
49.76
49.76
49.77
49.78
49.77
49.77
49.77
49.76
49.77
49.76
49.76
49.77
49.78
49.80
49.77
49.78
49.79
49.76
49.77
49.76
49.74
49.74
49.71
49.70
49.71
49.69
49.68
49.67
49.68
49.67
49.68
49.69
49.68
49.67
49.67
49.67
49.67
49.68
49.67
49.68
49.68
49.66
49.65
49.66
49.67
49.67
49.67
49.67
49.69
49.69
49.70
49.71
49.70
49.69
49.68
49.69
49.68
49.66
49.66
49.65
49.66
49.66
49.65
49.68
49.67
49.66
49.66
49.66
49.67
49.67
49.67
49.67
49.68
49.71
49.70
49.69
49.68
49.70
49.69
49.69
49.70
49.69
49.68
49.69
49.70
49.70
49.70
49.70
49.69
49.69
49.68
49.67
49.68
49.68
49.68
49.68
49.67
49.68
49.69
49.70
49.68
49.68
49.67
49.66
49.65
49.65
49.65
49.64
49.63
49.62
49.61
49.62
49.63
49.62
49.62
49.61
49.61
49.60
49.60
49.61
49.63
49.62
49.61
49.62
49.62
49.63
49.64
49.64
49.64
49.65
49.65
49.64
49.64
49.63
49.62
49.61
49.60
49.61
49.61
49.59
49.58
49.59
49.58
49.57
49.57
49.55
49.56
49.56
49.55
49.55
49.55
49.54
49.54
49.53
49.53
49.52
49.53
49.52
49.52
49.52
49.53
49.54
49.54
49.53
49.53
49.53
49.52
49.53
49.54
49.52
49.53
49.53
49.52
49.53
49.51
49.51
49.50
49.50
49.49
49.49
49.50
49.51
49.50
49.51
49.52
49.52
49.52
49.52
49.54
49.55
49.54
49.49
