46.88
50.00
48.96
48.05
50.00
50.26
50.22
49.22
48.44
48.44
49.15
48.96
49.40
48.44
48.54
48.24
47.98
47.74
47.94
47.42
47.40
47.09
47.01
47.46
47.56
47.84
48.03
48.10
48.06
48.33
48.39
48.34
48.34
48.30
48.08
48.00
47.97
47.66
47.64
47.62
47.48
47.47
47.46
47.51
47.40
47.38
47.37
47.23
47.39
47.44
47.43
47.54
47.35
47.37
47.36
47.15
46.96
47.12
47.06
47.01
46.85
47.05
46.92
46.92
46.92
46.99
47.06
46.94
46.92
46.99
46.92
47.09
47.15
47.15
47.10
47.04
47.04
47.14
47.11
47.13
47.16
47.16
47.18
47.19
47.19
47.22
47.32
47.25
47.33
47.26
47.17
47.20
47.26
47.21
47.17
47.15
47.10
47.05
47.08
47.14
47.22
47.18
47.19
47.15
47.05
47.04
46.99
46.98
46.90
46.89
46.89
46.86
46.79
46.78
46.71
46.75
46.70
46.77
46.78
46.74
46.85
46.84
46.70
46.66
46.66
46.75
46.79
46.79
46.84
46.83
46.86
46.88
46.85
46.79
46.79
46.71
46.74
46.74
46.80
46.84
46.82
46.80
46.82
46.83
46.89
46.91
46.85
46.85
46.89
46.96
47.01
47.00
47.04
47.09
47.12
47.09
47.04
47.07
47.07
47.02
46.98
46.99
46.96
47.00
47.02
46.97
46.98
46.99
47.03
47.04
47.03
47.01
46.99
46.98
47.01
47.00
47.01
47.02
47.04
47.08
47.07
47.07
47.06
47.02
47.05
47.09
47.10
47.11
47.11
47.16
47.15
47.14
47.18
47.16
47.20
47.23
47.26
47.24
47.20
47.17
47.17
47.14
47.15
47.13
47.06
47.12
47.06
47.06
47.05
47.05
47.09
47.03
47.00
47.07
47.03
47.05
47.07
47.11
47.11
47.10
47.12
47.11
47.09
47.13
47.16
47.19
47.19
47.20
47.16
47.15
47.17
47.20
47.20
47.22
47.19
47.13
47.14
47.13
47.11
47.16
47.18
47.24
47.23
47.25
47.26
47.22
47.24
47.28
47.28
47.27
47.30
47.27
47.30
47.28
47.29
47.27
47.28
47.29
47.30
47.24
47.19
47.19
47.17
47.20
47.22
47.22
47.19
47.18
47.14
47.15
47.12
47.09
47.11
47.11
47.12
47.12
47.07
47.08
47.06
47.05
47.07
47.04
47.02
47.01
46.98
46.97
46.97
46.96
46.99
47.02
47.01
47.03
47.04
47.00
47.01
47.00
47.03
47.02
47.02
47.02
47.04
47.05
47.00
47.01
47.02
47.03
47.03
47.04
47.08
47.06
47.09
47.07
47.07
47.06
47.03
47.01
46.99
47.00
47.01
47.01
47.00
47.00
47.00
47.01
47.00
46.97
46.99
47.01
47.04
47.05
47.07
47.04
47.05
47.08
47.08
47.08
47.06
47.04
47.06
47.04
47.05
47.06
47.07
47.06
47.04
47.04
47.05
47.07
47.07
47.05
47.02
47.00
47.00
46.99
47.00
47.00
46.99
46.96
46.98
46.99
46.98
46.99
46.99
47.00
47.00
47.01
47.02
47.01
47.02
47.02
47.00
46.99
46.99
46.97
46.96
46.96
46.94
46.93
46.95
46.98
46.95
46.95
46.94
46.96
46.96
46.96
46.94
46.96
46.97
46.97
46.98
46.99
47.01
47.01
47.04
47.01
47.01
47.02
47.03
47.02
47.01
46.98
46.98
46.99
46.97
46.97
46.97
46.95
46.93
46.94
46.97
46.99
46.98
46.98
47.00
46.98
46.98
46.98
47.00
47.01
46.98
46.97
47.00
47.02
47.03
47.02
47.03
47.01
47.00
46.98
46.98
46.98
46.98
46.99
46.98
47.00
47.00
46.97
46.99
47.00
47.00
47.00
47.01
47.01
47.00
47.01
47.02
47.00
46.98
46.97
46.96
46.97
46.98
46.95
46.98
47.00
46.99
47.01
47.01
47.02
47.03
47.05
47.06
47.06
47.06
47.07
47.06
47.05
47.07
47.07
47.05
47.07
47.08
47.08
47.09
47.09
47.11
47.11
47.11
47.10
47.09
47.09
47.10
47.11
47.12
47.13
47.10
47.10
47.08
47.10
47.11
47.10
47.11
47.12
47.13
47.14
47.13
47.14
47.13
47.11
47.11
47.11
47.11
47.11
47.09
47.11
47.11
47.12
47.13
47.12
47.13
47.14
47.18
47.19
47.18
47.19
47.21
47.21
47.24
47.25
47.26
47.26
47.26
47.26
47.24
47.24
47.23
47.24
47.23
47.20
47.20
47.20
47.19
47.19
47.20
47.20
47.20
47.20
47.23
47.25
47.24
47.24
47.23
47.22
47.22
47.22
47.22
47.23
47.23
47.22
47.21
47.22
47.22
47.23
47.23
47.24
47.23
47.22
47.21
47.22
47.21
47.21
47.21
47.19
47.22
47.22
47.21
47.23
47.24
47.23
47.23
47.24
47.24
47.25
47.24
47.22
47.21
47.21
47.20
47.22
47.20
47.20
47.20
47.18
47.18
47.20
47.20
47.20
47.20
47.23
47.23
47.23
47.21
47.22
47.22
47.22
47.23
47.23
47.23
47.24
47.23
47.21
47.21
47.21
47.19
47.19
47.19
47.19
47.18
47.18
47.18
47.18
47.19
47.17
47.18
47.17
47.17
47.18
47.19
47.20
47.20
47.19
47.19
47.20
47.21
47.19
47.20
47.20
47.19
47.20
47.21
47.19
47.18
47.19
47.19
47.18
47.19
47.18
47.18
47.18
47.18
47.19
47.19
47.20
47.19
47.21
47.20
47.20
47.19
47.19
47.17
47.16
47.16
47.18
47.16
47.14
47.14
47.13
47.14
47.14
47.14
47.13
47.14
47.14
47.13
47.12
47.12
47.12
47.11
47.12
47.13
47.11
47.12
47.11
47.12
47.12
47.12
47.13
47.13
47.14
47.15
47.17
47.16
47.17
47.17
47.18
47.16
47.17
47.18
47.18
47.18
47.17
47.18
47.18
47.18
47.18
47.20
47.19
47.20
47.18
47.18
47.18
47.17
47.16
47.16
47.16
47.17
47.17
47.18
47.18
47.20
47.21
47.18
47.16
47.17
47.16
47.16
47.16
47.14
47.15
47.15
47.14
47.15
47.15
47.15
47.15
47.15
47.15
47.14
47.15
47.14
47.13
47.14
47.14
47.14
47.14
47.16
47.17
47.17
47.17
47.17
47.17
47.16
47.15
47.16
47.14
47.13
47.14
47.14
47.14
47.13
47.12
47.12
47.11
47.12
47.11
47.11
47.11
47.12
47.12
47.11
47.12
47.11
47.12
47.11
47.12
47.12
47.10
47.11
47.12
47.13
47.14
47.15
47.15
47.15
47.15
47.15
47.15
47.14
47.15
47.14
47.09
