48.44
48.44
47.92
49.22
49.69
49.48
47.99
47.27
48.26
47.50
48.58
48.44
49.16
49.00
49.48
49.61
50.00
50.17
49.42
50.16
50.37
50.99
51.63
51.56
51.38
51.50
51.68
52.01
51.99
52.03
51.81
51.37
51.04
51.10
51.21
51.43
51.52
51.48
51.28
51.25
51.52
51.79
51.78
51.88
51.81
51.73
51.73
51.69
51.59
51.53
51.69
51.68
51.39
51.39
51.36
51.40
51.43
51.43
51.51
51.51
51.66
51.49
51.39
51.29
51.32
51.44
51.24
51.17
51.20
51.34
51.28
51.39
51.39
51.50
51.58
51.69
51.81
51.80
51.96
52.03
51.97
52.00
51.92
51.82
51.76
51.74
51.74
51.83
51.91
51.89
51.85
51.95
52.05
51.96
51.89
51.94
51.90
52.01
51.97
51.98
51.98
52.02
52.12
52.03
52.04
52.08
52.06
52.04
52.06
52.10
52.06
52.09
52.07
52.08
52.05
52.16
52.16
52.21
52.19
52.14
52.12
52.10
52.12
51.98
51.99
52.02
52.07
52.09
52.13
52.16
52.23
52.11
52.16
52.12
52.16
52.16
52.17
52.15
52.14
52.14
52.15
52.13
52.13
52.14
52.19
52.15
52.15
52.15
52.12
52.11
52.07
52.14
52.03
52.03
52.04
52.07
52.13
52.18
52.16
52.17
52.16
52.10
52.17
52.27
52.28
52.32
52.33
52.29
52.28
52.22
52.21
52.23
52.25
52.31
52.28
52.25
52.29
52.27
52.24
52.26
52.24
52.21
52.22
52.20
52.19
52.16
52.13
52.09
52.05
52.01
51.98
51.99
52.00
51.96
52.06
52.04
52.05
52.02
52.01
52.04
52.05
52.00
52.01
52.04
52.05
52.05
52.08
52.04
52.02
52.02
52.02
52.01
52.03
52.04
52.01
51.99
52.01
52.05
52.05
52.07
52.06
52.06
52.05
52.04
52.04
52.02
52.06
52.08
52.03
52.03
52.03
52.01
51.97
51.99
52.01
52.11
52.12
52.13
52.12
52.12
52.06
52.06
52.11
52.11
52.12
52.18
52.17
52.19
52.19
52.23
52.19
52.19
52.20
52.22
52.21
52.18
52.17
52.17
52.18
52.15
52.14
52.19
52.23
52.23
52.21
52.16
52.15
52.17
52.17
52.18
52.15
52.16
52.16
52.16
52.15
52.12
52.16
52.18
52.17
52.20
52.16
52.16
52.19
52.18
52.17
52.20
52.20
52.21
52.22
52.21
52.23
52.23
52.26
52.23
52.24
52.24
52.27
52.27
52.26
52.25
52.25
52.25
52.22
52.24
52.24
52.24
52.26
52.27
52.25
52.23
52.22
52.21
52.18
52.18
52.17
52.17
52.16
52.15
52.18
52.19
52.18
52.18
52.22
52.20
52.25
52.28
52.28
52.27
52.26
52.28
52.31
52.29
52.29
52.29
52.28
52.28
52.30
52.28
52.30
52.30
52.30
52.31
52.33
52.32
52.31
52.29
52.30
52.30
52.30
52.28
52.29
52.29
52.28
52.30
52.31
52.30
52.32
52.34
52.32
52.31
52.30
52.30
52.32
52.32
52.33
52.29
52.30
52.29
52.29
52.30
52.32
52.31
52.31
52.31
52.32
52.33
52.34
52.31
52.32
52.34
52.35
52.34
52.33
52.33
52.37
52.36
52.39
52.38
52.38
52.40
52.37
52.35
52.37
52.38
52.36
52.41
52.43
52.43
52.43
52.41
52.42
52.41
52.39
52.37
52.34
52.36
52.36
52.36
52.36
52.39
52.40
52.43
52.43
52.42
52.41
52.40
52.41
52.40
52.39
52.38
52.40
52.38
52.40
52.44
52.42
52.41
52.41
52.42
52.44
52.45
52.44
52.43
52.41
52.40
52.44
52.43
52.41
52.41
52.42
52.41
52.41
52.40
52.37
52.39
52.39
52.41
52.43
52.43
52.42
52.43
52.43
52.43
52.44
52.43
52.41
52.40
52.41
52.40
52.38
52.38
52.37
52.38
52.38
52.39
52.39
52.38
52.37
52.35
52.34
52.35
52.35
52.35
52.36
52.34
52.33
52.34
52.33
52.33
52.34
52.35
52.34
52.35
52.37
52.36
52.36
52.36
52.37
52.38
52.40
52.39
52.40
52.40
52.40
52.41
52.42
52.41
52.38
52.36
52.35
52.34
52.33
52.34
52.32
52.33
52.31
52.29
52.27
52.29
52.29
52.28
52.30
52.29
52.27
52.26
52.27
52.26
52.26
52.26
52.27
52.26
52.26
52.27
52.25
52.25
52.27
52.26
52.26
52.25
52.25
52.24
52.23
52.23
52.21
52.19
52.17
52.16
52.17
52.17
52.16
52.16
52.15
52.17
52.18
52.16
52.16
52.18
52.19
52.21
52.23
52.24
52.25
52.26
52.25
52.24
52.25
52.25
52.25
52.25
52.27
52.27
52.28
52.28
52.27
52.27
52.24
52.24
52.24
52.24
52.23
52.22
52.20
52.20
52.19
52.20
52.22
52.21
52.21
52.21
52.21
52.22
52.23
52.23
52.24
52.23
52.22
52.23
52.23
52.24
52.25
52.24
52.23
52.24
52.23
52.24
52.23
52.23
52.25
52.26
52.27
52.27
52.26
52.26
52.25
52.25
52.28
52.27
52.27
52.26
52.27
52.28
52.29
52.30
52.30
52.31
52.31
52.33
52.33
52.33
52.32
52.34
52.34
52.33
52.32
52.32
52.32
52.33
52.33
52.35
52.34
52.34
52.35
52.37
52.36
52.35
52.36
52.37
52.36
52.36
52.36
52.35
52.35
52.34
52.35
52.35
52.34
52.35
52.34
52.33
52.34
52.34
52.32
52.34
52.34
52.34
52.32
52.31
52.30
52.30
52.31
52.32
52.32
52.32
52.31
52.31
52.32
52.32
52.31
52.30
52.30
52.30
52.28
52.30
52.29
52.29
52.29
52.30
52.31
52.30
52.30
52.31
52.31
52.30
52.30
52.29
52.28
52.28
52.28
52.29
52.28
52.28
52.27
52.28
52.29
52.28
52.28
52.29
52.29
52.29
52.30
52.30
52.30
52.31
52.31
52.32
52.34
52.35
52.35
52.37
52.37
52.36
52.35
52.35
52.36
52.38
52.36
52.36
52.35
52.36
52.35
52.36
52.36
52.36
52.36
52.36
52.37
52.38
52.37
52.37
52.39
52.38
52.38
52.39
52.39
52.39
52.40
52.41
52.40
52.39
52.39
52.38
52.39
52.39
52.38
52.39
52.39
52.39
52.40
52.39
52.41
52.41
52.41
52.39
52.38
52.39
52.37
52.37
52.37
52.37
52.36
52.35
52.36
52.37
52.37
52.37
52.39
52.38
52.39
52.39
52.39
52.38
52.37
52.36
52.35
52.35
52.34
52.35
52.35
52.35
52.35
52.35
52.35
52.30
