84.38
84.38
83.33
84.77
84.38
84.11
83.48
83.59
82.99
82.66
82.81
82.55
82.93
82.81
82.92
83.01
82.63
82.99
82.73
82.03
82.22
82.10
81.93
81.90
82.25
82.15
82.18
82.31
82.38
82.03
82.16
82.03
81.96
81.62
81.83
81.99
82.01
82.03
82.09
81.76
81.67
81.77
81.72
81.92
81.81
81.73
81.85
81.87
81.92
81.84
81.77
81.76
81.81
81.83
81.88
81.92
81.91
81.84
81.83
81.80
81.89
81.98
82.04
82.13
82.09
82.03
82.00
82.15
82.13
82.03
82.02
82.16
82.19
82.12
82.08
82.03
81.96
81.95
82.00
81.93
81.91
82.01
82.06
82.12
82.13
82.09
82.06
82.08
81.99
82.03
81.99
82.03
82.01
81.98
81.94
81.90
81.89
81.95
81.91
81.92
81.95
81.88
81.92
81.87
81.89
81.94
81.91
81.87
81.81
81.78
81.74
81.77
81.72
81.73
81.71
81.79
81.82
81.86
81.88
81.90
81.91
81.94
81.97
81.98
82.00
82.02
82.07
82.10
82.07
82.04
82.07
82.08
82.10
82.09
82.12
82.10
82.07
82.07
82.08
82.06
82.05
81.99
82.01
82.05
82.00
82.01
81.99
81.94
81.92
81.96
81.93
81.94
81.88
81.94
81.92
81.92
81.95
81.93
81.91
81.94
82.01
81.98
82.01
82.01
82.02
81.97
82.03
82.04
82.05
82.07
82.09
82.09
82.09
82.12
82.12
82.15
82.14
82.17
82.15
82.16
82.15
82.16
82.18
82.20
82.17
82.15
82.18
82.16
82.17
82.18
82.20
82.23
82.19
82.18
82.18
82.17
82.17
82.20
82.22
82.26
82.24
82.23
82.25
82.23
82.20
82.21
82.26
82.24
82.23
82.23
82.26
82.26
82.28
82.30
82.26
82.25
82.24
82.19
82.19
82.19
82.20
82.16
82.18
82.20
82.22
82.23
82.23
82.20
82.16
82.19
82.22
82.21
82.18
82.16
82.17
82.17
82.17
82.16
82.15
82.13
82.14
82.11
82.13
82.11
82.07
82.05
82.06
82.06
82.06
82.07
82.09
82.11
82.13
82.15
82.13
82.17
82.19
82.21
82.19
82.18
82.16
82.17
82.20
82.23
82.25
82.24
82.23
82.21
82.20
82.22
82.21
82.22
82.26
82.29
82.27
82.30
82.27
82.27
82.27
82.25
82.26
82.20
82.20
82.19
82.17
82.17
82.16
82.16
82.15
82.15
82.13
82.12
82.11
82.10
82.13
82.14
82.14
82.13
82.11
82.10
82.09
82.08
82.08
82.05
82.05
82.05
82.02
82.00
81.99
82.02
82.02
82.02
81.99
81.97
81.97
81.98
81.97
81.98
81.98
81.97
81.97
81.96
81.96
81.95
81.96
81.93
81.94
81.94
81.95
81.95
81.97
81.97
82.00
82.00
81.99
81.98
81.98
81.96
81.95
81.95
81.94
81.94
81.94
81.94
81.96
81.95
81.95
81.97
81.97
81.95
81.97
81.95
81.94
81.95
81.95
81.96
81.97
81.97
81.97
81.95
81.94
81.95
81.95
81.93
81.95
81.94
81.95
81.92
81.91
81.89
81.90
81.90
81.89
81.89
81.89
81.90
81.91
81.91
81.89
81.89
81.89
81.88
81.91
81.92
81.92
81.93
81.94
81.95
81.96
81.96
81.97
81.97
81.95
81.96
81.95
81.94
81.94
81.94
81.95
81.97
81.97
81.99
81.98
81.96
81.96
81.97
81.97
81.98
81.97
81.99
82.01
82.02
82.03
82.05
82.03
82.03
82.06
82.06
82.06
82.07
82.06
82.05
82.06
82.05
82.06
82.07
82.10
82.10
82.08
82.06
82.05
82.05
82.05
82.06
82.07
82.05
82.05
82.05
82.05
82.06
82.06
82.05
82.04
82.05
82.06
82.07
82.06
82.07
82.06
82.08
82.08
82.08
82.10
82.10
82.12
82.09
82.10
82.12
82.11
82.12
82.10
82.10
82.11
82.09
82.10
82.08
82.07
82.07
82.08
82.08
82.07
82.05
82.06
82.05
82.06
82.06
82.07
82.05
82.06
82.05
82.04
82.03
82.04
82.04
82.03
82.02
82.02
82.02
82.01
82.00
81.99
82.00
82.00
82.02
82.01
82.01
82.02
82.02
82.03
82.04
82.04
82.05
82.05
82.06
82.06
82.07
82.08
82.10
82.10
82.09
82.08
82.08
82.07
82.06
82.06
82.07
82.05
82.05
82.05
82.05
82.06
82.05
82.06
82.04
82.04
82.02
82.03
82.03
82.02
82.01
82.01
82.01
82.02
82.02
82.02
82.04
82.03
82.03
82.03
82.03
82.03
82.01
82.02
82.04
82.04
82.05
82.06
82.05
82.05
82.05
82.05
82.06
82.07
82.07
82.05
82.03
82.03
82.02
82.02
82.02
82.02
82.01
82.00
82.01
82.02
82.01
82.01
82.01
82.01
82.00
82.01
82.00
81.99
81.98
81.98
81.99
82.00
81.99
81.99
81.98
81.99
81.99
81.98
81.99
81.99
82.00
81.99
82.00
82.00
82.00
82.01
82.01
82.02
82.03
82.02
82.02
82.03
82.04
82.04
82.04
82.04
82.03
82.02
82.03
82.03
82.03
82.03
82.03
82.02
82.02
82.02
82.02
82.02
82.02
82.02
82.02
82.02
82.04
82.03
82.03
82.03
82.03
82.03
82.03
82.04
82.04
82.04
82.04
82.04
82.04
82.05
82.07
82.07
82.09
82.10
82.10
82.10
82.10
82.09
82.09
82.10
82.08
82.08
82.08
82.09
82.08
82.08
82.07
82.08
82.09
82.10
82.10
82.11
82.10
82.10
82.10
82.09
82.08
82.09
82.08
82.09
82.09
82.10
82.10
82.09
82.09
82.07
82.06
82.08
82.08
82.08
82.08
82.08
82.09
82.10
82.11
82.11
82.12
82.12
82.12
82.12
82.11
82.12
82.12
82.13
82.12
82.12
82.12
82.13
82.12
82.12
82.12
82.11
82.11
82.12
82.13
82.13
82.13
82.13
82.12
82.11
82.11
82.11
82.11
82.11
82.11
82.11
82.10
82.09
82.09
82.09
82.08
82.09
82.08
82.09
82.10
82.10
82.09
82.10
82.11
82.10
82.09
82.10
82.10
82.11
82.11
82.10
82.09
82.09
82.08
82.08
82.08
82.08
82.08
82.07
82.07
82.07
82.07
82.07
82.08
82.07
82.06
82.05
82.06
82.05
82.05
82.05
82.04
82.03
82.03
82.02
82.02
82.02
82.03
82.02
82.02
82.01
82.01
82.02
82.02
82.02
82.00
82.00
81.99
82.00
81.98
81.98
81.98
81.98
81.97
81.96
81.96
81.96
81.96
81.97
81.96
81.97
81.97
81.98
81.99
81.99
81.92
