46.88
51.56
56.77
53.12
53.12
52.86
53.57
51.95
52.95
53.12
52.98
52.34
53.12
53.57
54.06
53.81
53.95
54.34
53.62
53.59
53.87
53.69
53.87
54.43
54.44
54.63
54.22
54.30
54.74
54.84
54.94
54.74
54.78
54.96
55.04
54.90
55.11
54.98
55.21
55.16
55.41
55.28
55.20
55.26
55.38
55.47
55.62
55.79
55.84
55.81
55.91
55.86
56.04
56.02
55.94
56.03
55.92
55.93
55.93
55.81
55.74
55.82
55.83
55.88
56.03
56.18
56.20
55.95
56.02
55.89
55.94
55.97
55.97
56.12
56.19
56.19
56.25
56.21
56.17
56.13
56.13
56.15
56.06
56.14
56.19
56.27
56.41
56.41
56.43
56.49
56.40
56.49
56.54
56.55
56.55
56.53
56.49
56.49
56.47
56.38
56.37
56.40
56.33
56.34
56.31
56.34
56.26
56.38
56.35
56.32
56.25
56.24
56.24
56.28
56.32
56.30
56.33
56.30
56.25
56.35
56.43
56.43
56.42
56.43
56.43
56.40
56.43
56.42
56.42
56.39
56.38
56.44
56.40
56.31
56.34
56.28
56.33
56.33
56.43
56.53
56.55
56.54
56.51
56.47
56.51
56.51
56.51
56.49
56.43
56.48
56.47
56.52
56.64
56.63
56.65
56.62
56.65
56.69
56.67
56.70
56.64
56.65
56.68
56.69
56.68
56.69
56.71
56.64
56.62
56.59
56.55
56.55
56.49
56.55
56.56
56.58
56.59
56.61
56.59
56.58
56.61
56.65
56.63
56.66
56.65
56.63
56.58
56.53
56.55
56.46
56.45
56.48
56.51
56.51
56.55
56.52
56.50
56.56
56.58
56.64
56.61
56.56
56.60
56.63
56.65
56.64
56.66
56.69
56.72
56.71
56.69
56.63
56.60
56.62
56.63
56.63
56.61
56.61
56.58
56.59
56.63
56.60
56.60
56.64
56.66
56.66
56.65
56.66
56.62
56.66
56.65
56.69
56.73
56.77
56.77
56.78
56.77
56.80
56.81
56.86
56.86
56.88
56.88
56.87
56.86
56.83
56.81
56.80
56.78
56.76
56.73
56.71
56.71
56.66
56.68
56.68
56.66
56.67
56.65
56.63
56.61
56.58
56.57
56.58
56.56
56.56
56.60
56.58
56.54
56.53
56.50
56.50
56.52
56.51
56.52
56.49
56.54
56.50
56.53
56.52
56.51
56.50
56.49
56.46
56.46
56.48
56.47
56.44
56.42
56.42
56.43
56.40
56.37
56.35
56.35
56.29
56.30
56.26
56.27
56.32
56.30
56.28
56.27
56.28
56.31
56.32
56.32
56.34
56.33
56.34
56.34
56.34
56.30
56.30
56.32
56.33
56.27
56.26
56.27
56.26
56.23
56.22
56.26
56.30
56.32
56.33
56.35
56.36
56.36
56.37
56.37
56.38
56.40
56.40
56.40
56.40
56.39
56.41
56.42
56.41
56.41
56.40
56.38
56.35
56.39
56.37
56.36
56.37
56.35
56.37
56.37
56.37
56.37
56.37
56.39
56.37
56.39
56.41
56.43
56.44
56.45
56.47
56.48
56.50
56.50
56.51
56.50
56.51
56.53
56.54
56.54
56.54
56.55
56.57
56.56
56.56
56.56
56.58
56.57
56.57
56.57
56.58
56.58
56.58
56.58
56.57
56.52
56.51
56.50
56.49
56.48
56.47
56.47
56.48
56.51
56.49
56.52
56.52
56.54
56.54
56.54
56.53
56.54
56.54
56.56
56.58
56.59
56.58
56.59
56.57
56.61
56.61
56.62
56.62
56.66
56.67
56.65
56.66
56.67
56.69
56.68
56.67
56.68
56.66
56.66
56.66
56.64
56.65
56.63
56.61
56.60
56.58
56.60
56.59
56.59
56.60
56.62
56.61
56.62
56.60
56.60
56.61
56.60
56.59
56.60
56.60
56.60
56.62
56.62
56.61
56.61
56.57
56.57
56.59
56.59
56.57
56.57
56.57
56.57
56.57
56.54
56.52
56.55
56.54
56.57
56.58
56.57
56.54
56.55
56.55
56.53
56.54
56.56
56.55
56.57
56.56
56.57
56.56
56.58
56.57
56.57
56.58
56.59
56.59
56.58
56.59
56.59
56.59
56.59
56.59
56.58
56.56
56.55
56.54
56.54
56.55
56.55
56.53
56.53
56.53
56.54
56.53
56.53
56.52
56.51
56.51
56.51
56.51
56.51
56.51
56.50
56.50
56.48
56.49
56.49
56.50
56.50
56.49
56.50
56.49
56.50
56.50
56.52
56.54
56.56
56.55
56.56
56.57
56.57
56.56
56.54
56.54
56.54
56.53
56.52
56.51
56.50
56.49
56.51
56.52
56.53
56.52
56.50
56.51
56.52
56.52
56.51
56.51
56.49
56.50
56.49
56.49
56.50
56.52
56.49
56.50
56.50
56.51
56.50
56.49
56.49
56.48
56.47
56.49
56.49
56.48
56.50
56.50
56.52
56.51
56.50
56.50
56.49
56.49
56.47
56.48
56.49
56.48
56.49
56.50
56.50
56.50
56.50
56.50
56.50
56.50
56.49
56.50
56.50
56.51
56.52
56.53
56.53
56.53
56.54
56.54
56.53
56.53
56.52
56.51
56.50
56.50
56.50
56.50
56.50
56.50
56.49
56.48
56.48
56.48
56.48
56.47
56.47
56.48
56.47
56.49
56.48
56.47
56.47
56.49
56.50
56.50
56.51
56.52
56.52
56.54
56.53
56.53
56.53
56.54
56.55
56.55
56.55
56.55
56.54
56.53
56.51
56.50
56.51
56.50
56.51
56.52
56.53
56.52
56.53
56.54
56.55
56.53
56.52
56.54
56.56
56.56
56.56
56.57
56.56
56.57
56.57
56.55
56.54
56.54
56.55
56.55
56.55
56.56
56.55
56.55
56.55
56.54
56.53
56.54
56.55
56.55
56.55
56.55
56.55
56.54
56.53
56.53
56.54
56.53
56.52
56.51
56.52
56.51
56.50
56.50
56.50
56.50
56.50
56.49
56.51
56.51
56.50
56.52
56.51
56.51
56.52
56.53
56.55
56.52
56.52
56.50
56.51
56.51
56.53
56.52
56.52
56.52
56.52
56.51
56.51
56.51
56.52
56.50
56.51
56.50
56.50
56.50
56.50
56.50
56.52
56.52
56.52
56.54
56.52
56.53
56.53
56.53
56.54
56.55
56.56
56.54
56.52
56.52
56.52
56.51
56.50
56.51
56.52
56.53
56.53
56.54
56.55
56.54
56.54
56.54
56.54
56.55
56.55
56.56
56.57
56.58
56.58
56.60
56.60
56.60
56.59
56.60
56.59
56.60
56.59
56.60
56.59
56.58
56.60
56.59
56.60
56.60
56.60
56.58
56.57
56.58
56.58
56.58
56.58
56.58
56.58
56.59
56.59
56.59
56.61
56.56
