37.50
41.41
43.75
40.62
41.88
44.79
45.09
45.31
46.01
46.25
46.16
45.83
46.39
46.76
46.35
45.80
45.40
45.31
45.72
45.55
45.46
45.38
45.24
45.31
45.19
45.01
45.02
44.92
44.94
44.90
44.86
44.73
44.70
44.62
44.82
44.40
44.43
44.12
44.27
44.45
44.59
44.75
45.06
44.96
44.93
44.97
44.95
44.95
44.99
44.97
44.91
45.04
45.14
45.05
45.06
44.98
45.09
45.37
45.44
45.49
45.39
45.49
45.41
45.26
45.36
45.31
45.27
45.13
45.09
45.04
45.14
45.01
44.82
44.81
44.77
44.74
44.72
44.73
44.78
44.79
44.68
44.76
44.75
44.75
44.63
44.60
44.58
44.57
44.35
44.34
44.27
44.19
44.22
44.30
44.29
44.24
44.25
44.18
44.14
44.16
44.07
43.98
44.04
44.04
44.20
44.15
44.16
44.27
44.24
44.26
44.28
44.21
44.25
44.39
44.48
44.59
44.59
44.62
44.64
44.67
44.65
44.67
44.55
44.49
44.56
44.57
44.56
44.53
44.62
44.57
44.61
44.64
44.63
44.57
44.61
44.69
44.81
44.89
44.94
45.00
44.97
44.97
45.04
45.04
45.03
44.99
44.98
44.95
44.87
44.92
44.88
44.89
44.91
44.88
44.84
44.82
44.79
44.81
44.78
44.77
44.68
44.70
44.66
44.62
44.70
44.76
44.68
44.69
44.67
44.72
44.71
44.72
44.70
44.67
44.70
44.68
44.72
44.79
44.80
44.75
44.72
44.71
44.77
44.73
44.72
44.77
44.82
44.80
44.82
44.84
44.83
44.84
44.79
44.80
44.80
44.82
44.86
44.80
44.79
44.73
44.68
44.69
44.70
44.68
44.64
44.65
44.68
44.66
44.66
44.69
44.66
44.70
44.70
44.72
44.72
44.70
44.71
44.74
44.74
44.75
44.71
44.68
44.68
44.68
44.71
44.74
44.78
44.83
44.83
44.84
44.83
44.81
44.78
44.76
44.73
44.74
44.79
44.77
44.78
44.79
44.81
44.81
44.87
44.82
44.83
44.84
44.84
44.81
44.84
44.79
44.78
44.80
44.80
44.79
44.76
44.73
44.73
44.76
44.75
44.77
44.78
44.78
44.78
44.76
44.75
44.72
44.79
44.79
44.81
44.79
44.76
44.76
44.75
44.73
44.74
44.72
44.71
44.71
44.71
44.69
44.68
44.71
44.73
44.73
44.76
44.77
44.77
44.76
44.77
44.77
44.73
44.74
44.74
44.71
44.70
44.69
44.69
44.68
44.67
44.68
44.69
44.70
44.67
44.71
44.71
44.72
44.70
44.69
44.67
44.66
44.64
44.63
44.64
44.58
44.62
44.60
44.57
44.57
44.56
44.54
44.55
44.57
44.56
44.60
44.61
44.62
44.62
44.60
44.62
44.63
44.62
44.62
44.63
44.63
44.61
44.61
44.58
44.56
44.57
44.60
44.57
44.58
44.60
44.64
44.66
44.64
44.65
44.63
44.64
44.65
44.65
44.64
44.66
44.67
44.68
44.67
44.66
44.68
44.67
44.67
44.66
44.66
44.68
44.67
44.67
44.69
44.69
44.70
44.69
44.71
44.69
44.68
44.70
44.69
44.67
44.67
44.69
44.70
44.70
44.72
44.70
44.69
44.69
44.71
44.72
44.72
44.71
44.73
44.71
44.70
44.70
44.67
44.66
44.67
44.68
44.68
44.67
44.67
44.68
44.69
44.70
44.68
44.67
44.68
44.69
44.70
44.71
44.70
44.69
44.70
44.69
44.69
44.69
44.68
44.64
44.65
44.64
44.65
44.68
44.67
44.66
44.68
44.68
44.69
44.68
44.68
44.70
44.70
44.71
44.72
44.71
44.73
44.71
44.71
44.73
44.76
44.77
44.76
44.77
44.77
44.76
44.74
44.75
44.74
44.74
44.77
44.74
44.73
44.73
44.72
44.74
44.75
44.74
44.74
44.75
44.74
44.74
44.74
44.72
44.74
44.73
44.72
44.71
44.70
44.69
44.69
44.66
44.66
44.68
44.66
44.65
44.63
44.64
44.65
44.65
44.67
44.65
44.65
44.65
44.66
44.66
44.66
44.66
44.67
44.69
44.69
44.65
44.64
44.63
44.64
44.64
44.64
44.62
44.62
44.64
44.62
44.61
44.60
44.60
44.58
44.56
44.56
44.57
44.57
44.59
44.58
44.58
44.58
44.57
44.56
44.59
44.55
44.54
44.55
44.54
44.54
44.53
44.53
44.53
44.53
44.53
44.54
44.53
44.51
44.51
44.50
44.49
44.48
44.49
44.48
44.49
44.51
44.52
44.54
44.53
44.53
44.55
44.54
44.55
44.55
44.56
44.55
44.56
44.56
44.54
44.54
44.56
44.56
44.53
44.54
44.53
44.55
44.54
44.54
44.54
44.55
44.54
44.53
44.52
44.52
44.50
44.48
44.47
44.46
44.46
44.47
44.46
44.48
44.48
44.48
44.49
44.49
44.49
44.49
44.48
44.49
44.47
44.47
44.45
44.45
44.45
44.45
44.44
44.44
44.45
44.44
44.43
44.42
44.43
44.42
44.41
44.42
44.44
44.43
44.44
44.46
44.45
44.45
44.42
44.43
44.42
44.44
44.43
44.43
44.41
44.41
44.40
44.41
44.43
44.43
44.43
44.42
44.42
44.42
44.41
44.41
44.40
44.38
44.39
44.40
44.39
44.39
44.38
44.37
44.38
44.37
44.37
44.36
44.37
44.36
44.34
44.37
44.39
44.39
44.39
44.39
44.38
44.39
44.39
44.39
44.38
44.37
44.37
44.37
44.36
44.36
44.35
44.34
44.32
44.32
44.35
44.36
44.36
44.37
44.37
44.38
44.37
44.39
44.38
44.38
44.39
44.39
44.38
44.40
44.40
44.40
44.42
44.43
44.44
44.44
44.45
44.44
44.43
44.44
44.44
44.45
44.45
44.46
44.46
44.46
44.45
44.43
44.43
44.43
44.41
44.41
44.41
44.40
44.40
44.39
44.38
44.40
44.41
44.42
44.41
44.41
44.42
44.41
44.41
44.41
44.40
44.40
44.40
44.42
44.43
44.41
44.41
44.42
44.42
44.41
44.39
44.38
44.39
44.39
44.39
44.40
44.40
44.42
44.42
44.40
44.39
44.39
44.39
44.38
44.39
44.40
44.39
44.40
44.39
44.40
44.41
44.42
44.42
44.42
44.43
44.44
44.45
44.45
44.44
44.43
44.43
44.43
44.43
44.41
44.39
44.40
44.40
44.40
44.39
44.39
44.37
44.39
44.38
44.38
44.39
44.38
44.39
44.39
44.39
44.39
44.37
44.36
44.38
44.38
44.39
44.40
44.39
44.39
44.38
44.38
44.38
44.39
44.39
44.38
44.38
44.38
44.40
44.38
44.38
44.39
44.39
44.36
