79.69
78.91
81.25
83.20
83.75
83.07
83.48
82.42
82.47
82.66
82.67
82.29
82.57
82.48
82.19
81.84
81.25
80.64
80.76
80.55
80.65
80.75
80.43
80.53
80.75
80.95
81.02
81.03
81.14
81.20
81.15
81.05
81.16
81.20
81.34
81.42
81.67
81.62
81.73
82.03
82.01
81.99
81.87
81.78
82.05
81.96
81.88
81.90
81.98
82.00
81.92
82.03
82.02
81.97
82.02
81.98
81.85
81.90
81.91
81.82
81.99
82.08
82.17
82.13
82.14
82.20
82.16
82.24
82.22
82.21
82.31
82.40
82.34
82.16
82.15
82.22
82.18
82.11
82.14
82.11
82.02
82.01
81.95
82.01
82.10
82.09
82.11
82.14
82.09
82.19
82.23
82.22
82.21
82.23
82.25
82.29
82.31
82.37
82.42
82.31
82.35
82.34
82.36
82.33
82.35
82.30
82.26
82.28
82.28
82.30
82.24
82.28
82.26
82.28
82.27
82.33
82.32
82.35
82.30
82.30
82.35
82.36
82.36
82.42
82.39
82.43
82.46
82.39
82.34
82.37
82.40
82.42
82.48
82.56
82.55
82.54
82.50
82.48
82.46
82.49
82.52
82.56
82.55
82.57
82.55
82.53
82.53
82.56
82.59
82.60
82.61
82.58
82.59
82.61
82.60
82.60
82.58
82.57
82.58
82.52
82.53
82.52
82.51
82.56
82.59
82.57
82.57
82.56
82.55
82.56
82.55
82.53
82.50
82.53
82.54
82.54
82.55
82.56
82.51
82.47
82.50
82.49
82.52
82.54
82.57
82.52
82.49
82.45
82.42
82.41
82.41
82.44
82.45
82.39
82.36
82.37
82.30
82.32
82.34
82.30
82.29
82.29
82.27
82.25
82.21
82.21
82.21
82.25
82.26
82.25
82.25
82.22
82.22
82.19
82.17
82.15
82.16
82.22
82.22
82.22
82.21
82.17
82.14
82.14
82.13
82.16
82.17
82.15
82.16
82.16
82.15
82.15
82.16
82.13
82.11
82.08
82.03
82.03
82.05
82.06
82.04
82.02
82.00
82.04
82.03
82.04
82.01
82.01
81.99
82.02
82.03
82.03
82.02
82.01
82.02
82.00
82.02
82.01
82.01
82.01
82.00
82.01
82.03
82.04
82.03
82.03
82.04
82.06
82.03
82.06
82.07
82.11
82.13
82.09
82.12
82.13
82.15
82.13
82.14
82.14
82.13
82.11
82.09
82.13
82.15
82.17
82.17
82.17
82.15
82.16
82.15
82.14
82.13
82.12
82.14
82.16
82.15
82.14
82.14
82.16
82.15
82.18
82.17
82.18
82.16
82.13
82.14
82.16
82.12
82.12
82.14
82.13
82.12
82.09
82.10
82.13
82.13
82.13
82.11
82.12
82.15
82.13
82.12
82.10
82.11
82.10
82.10
82.08
82.09
82.11
82.12
82.09
82.11
82.12
82.12
82.15
82.12
82.13
82.15
82.15
82.14
82.13
82.13
82.14
82.13
82.13
82.14
82.13
82.15
82.13
82.14
82.16
82.15
82.17
82.18
82.18
82.20
82.18
82.17
82.14
82.12
82.12
82.11
82.10
82.08
82.07
82.08
82.11
82.13
82.15
82.13
82.13
82.13
82.13
82.12
82.11
82.10
82.10
82.10
82.10
82.09
82.06
82.03
82.03
82.02
82.00
82.02
82.03
82.03
82.03
82.03
82.03
82.03
82.03
82.03
82.04
82.03
82.04
82.05
82.07
82.08
82.09
82.08
82.05
82.05
82.05
82.05
82.05
82.06
82.07
82.04
82.05
82.04
82.03
82.03
82.03
82.02
82.04
82.03
82.03
82.03
82.02
82.03
82.02
82.03
82.02
82.01
82.02
82.03
82.03
82.04
82.03
82.01
82.00
82.00
82.01
82.00
82.01
82.00
81.99
81.98
81.99
81.98
81.97
81.97
81.99
82.01
82.02
82.03
82.04
82.04
82.04
82.04
82.06
82.06
82.06
82.05
82.02
82.01
82.00
82.00
81.99
81.97
81.95
81.94
81.94
81.95
81.96
81.96
81.96
81.97
81.97
81.98
81.99
81.98
81.98
81.97
81.99
81.96
81.98
81.96
81.95
81.95
81.95
81.96
81.95
81.97
81.96
81.97
81.98
81.98
81.97
81.95
81.96
81.96
81.96
81.97
81.97
81.95
81.96
81.96
81.95
81.96
81.94
81.95
81.94
81.94
81.92
81.92
81.90
81.89
81.88
81.87
81.88
81.87
81.88
81.89
81.89
81.87
81.87
81.86
81.85
81.84
81.85
81.85
81.86
81.86
81.86
81.87
81.87
81.86
81.86
81.86
81.86
81.85
81.86
81.87
81.87
81.87
81.85
81.85
81.84
81.84
81.83
81.84
81.85
81.84
81.83
81.83
81.82
81.83
81.82
81.83
81.81
81.82
81.80
81.81
81.80
81.81
81.81
81.81
81.82
81.82
81.80
81.79
81.80
81.81
81.79
81.78
81.79
81.78
81.78
81.77
81.78
81.78
81.79
81.79
81.80
81.81
81.80
81.80
81.81
81.80
81.79
81.78
81.79
81.80
81.79
81.81
81.79
81.79
81.80
81.80
81.81
81.81
81.81
81.80
81.81
81.81
81.81
81.82
81.81
81.82
81.83
81.84
81.83
81.84
81.84
81.85
81.85
81.84
81.84
81.84
81.84
81.83
81.84
81.84
81.84
81.85
81.85
81.85
81.86
81.86
81.86
81.86
81.86
81.84
81.83
81.84
81.84
81.85
81.85
81.85
81.84
81.84
81.84
81.84
81.85
81.85
81.84
81.83
81.82
81.83
81.84
81.84
81.85
81.84
81.85
81.85
81.84
81.83
81.83
81.82
81.81
81.80
81.80
81.80
81.80
81.80
81.81
81.80
81.81
81.81
81.80
81.81
81.81
81.82
81.82
81.82
81.82
81.83
81.83
81.83
81.84
81.83
81.84
81.84
81.83
81.84
81.84
81.85
81.85
81.86
81.86
81.87
81.87
81.86
81.85
81.86
81.85
81.84
81.84
81.83
81.83
81.83
81.84
81.84
81.85
81.85
81.85
81.84
81.84
81.84
81.84
81.84
81.84
81.84
81.84
81.85
81.85
81.86
81.87
81.88
81.88
81.88
81.89
81.89
81.89
81.91
81.90
81.90
81.90
81.90
81.90
81.89
81.90
81.91
81.90
81.91
81.91
81.90
81.88
81.90
81.90
81.90
81.89
81.88
81.88
81.87
81.87
81.88
81.89
81.89
81.88
81.87
81.88
81.89
81.90
81.91
81.92
81.93
81.93
81.91
81.90
81.91
81.91
81.91
81.92
81.90
81.90
81.91
81.90
81.90
81.90
81.90
81.90
81.91
81.93
81.93
81.93
81.94
81.94
81.94
81.93
81.94
81.95
81.95
81.96
81.96
81.96
81.96
81.89
