62.50
63.28
63.54
64.84
64.06
64.06
64.06
63.67
64.24
64.22
64.06
63.28
62.74
62.17
62.29
62.30
61.86
61.63
62.01
61.80
61.38
61.08
60.94
60.87
60.62
60.46
60.59
60.77
60.83
60.83
61.34
61.57
61.55
61.26
60.98
60.94
60.98
61.18
61.06
60.94
60.90
60.97
61.16
61.29
61.04
60.67
60.77
60.71
60.78
60.81
60.66
60.67
60.38
60.62
60.57
60.46
60.31
60.29
60.35
60.34
60.32
60.28
60.32
60.18
60.17
60.25
60.26
60.36
60.17
60.13
60.23
60.22
60.27
60.47
60.42
60.28
60.29
60.18
60.13
60.21
60.36
60.38
60.37
60.34
60.31
60.36
60.40
60.30
60.38
60.31
60.42
60.44
60.38
60.24
60.26
60.32
60.28
60.24
60.16
60.12
60.15
60.26
60.29
60.31
60.28
60.20
60.22
60.32
60.32
60.41
60.30
60.24
60.27
60.39
60.43
60.37
60.32
60.38
60.32
60.30
60.32
60.28
60.38
60.29
60.35
60.33
60.33
60.36
60.31
60.37
60.32
60.32
60.35
60.37
60.45
60.44
60.44
60.47
60.51
60.56
60.54
60.53
60.46
60.48
60.40
60.37
60.42
60.41
60.43
60.35
60.35
60.32
60.27
60.25
60.19
60.22
60.21
60.18
60.22
60.22
60.16
60.16
60.15
60.16
60.19
60.18
60.24
60.25
60.27
60.29
60.32
60.34
60.33
60.34
60.32
60.35
60.35
60.31
60.28
60.34
60.32
60.25
60.22
60.24
60.28
60.30
60.34
60.34
60.28
60.30
60.34
60.36
60.35
60.30
60.30
60.30
60.35
60.36
60.36
60.34
60.32
60.32
60.34
60.32
60.37
60.41
60.37
60.37
60.41
60.39
60.42
60.38
60.39
60.37
60.41
60.42
60.46
60.43
60.48
60.51
60.49
60.47
60.41
60.42
60.42
60.30
60.28
60.31
60.31
60.31
60.27
60.27
60.28
60.24
60.25
60.26
60.26
60.25
60.23
60.26
60.26
60.29
60.28
60.25
60.26
60.26
60.30
60.32
60.35
60.33
60.35
60.32
60.33
60.33
60.34
60.31
60.34
60.37
60.38
60.39
60.41
60.45
60.47
60.48
60.45
60.45
60.45
60.45
60.41
60.42
60.39
60.40
60.38
60.40
60.44
60.43
60.44
60.45
60.45
60.45
60.43
60.43
60.45
60.45
60.49
60.50
60.48
60.47
60.45
60.44
60.43
60.40
60.41
60.38
60.39
60.40
60.42
60.42
60.42
60.41
60.43
60.47
60.45
60.43
60.47
60.46
60.49
60.47
60.48
60.48
60.46
60.48
60.49
60.49
60.52
60.52
60.51
60.51
60.52
60.55
60.51
60.52
60.51
60.49
60.50
60.48
60.49
60.49
60.51
60.52
60.50
60.48
60.49
60.50
60.48
60.50
60.49
60.48
60.50
60.49
60.51
60.50
60.52
60.49
60.51
60.52
60.51
60.51
60.48
60.50
60.51
60.48
60.47
60.48
60.51
60.49
60.46
60.45
60.43
60.39
60.38
60.38
60.38
60.40
60.40
60.40
60.39
60.39
60.39
60.38
60.38
60.37
60.38
60.39
60.38
60.39
60.39
60.35
60.32
60.35
60.34
60.36
60.34
60.33
60.32
60.31
60.33
60.32
60.31
60.30
60.32
60.35
60.37
60.36
60.37
60.38
60.38
60.39
60.39
60.38
60.36
60.35
60.34
60.35
60.37
60.38
60.41
60.42
60.40
60.41
60.42
60.41
60.41
60.42
60.44
60.44
60.45
60.45
60.47
60.49
60.48
60.45
60.45
60.47
60.45
60.43
60.43
60.44
60.43
60.45
60.43
60.43
60.43
60.43
60.44
60.48
60.48
60.45
60.45
60.46
60.48
60.52
60.52
60.51
60.51
60.52
60.51
60.53
60.54
60.53
60.55
60.55
60.55
60.53
60.55
60.56
60.57
60.57
60.57
60.55
60.54
60.52
60.55
60.55
60.57
60.57
60.55
60.54
60.53
60.52
60.53
60.52
60.50
60.49
60.49
60.47
60.49
60.50
60.51
60.52
60.53
60.53
60.54
60.53
60.53
60.50
60.51
60.51
60.51
60.50
60.51
60.51
60.51
60.51
60.51
60.51
60.50
60.52
60.53
60.52
60.52
60.52
60.51
60.49
60.51
60.52
60.53
60.54
60.56
60.56
60.57
60.55
60.56
60.55
60.57
60.56
60.56
60.55
60.54
60.54
60.56
60.56
60.58
60.60
60.60
60.60
60.60
60.61
60.59
60.60
60.60
60.61
60.62
60.62
60.62
60.62
60.63
60.65
60.64
60.64
60.63
60.64
60.64
60.65
60.64
60.63
60.64
60.64
60.63
60.63
60.64
60.61
60.60
60.60
60.61
60.62
60.63
60.64
60.62
60.62
60.62
60.60
60.61
60.62
60.61
60.60
60.58
60.59
60.58
60.57
60.58
60.59
60.56
60.55
60.55
60.56
60.55
60.55
60.56
60.56
60.56
60.55
60.54
60.54
60.56
60.57
60.56
60.56
60.57
60.58
60.59
60.60
60.61
60.60
60.59
60.57
60.57
60.55
60.58
60.57
60.56
60.56
60.56
60.56
60.56
60.55
60.55
60.57
60.58
60.59
60.58
60.58
60.59
60.59
60.58
60.57
60.60
60.60
60.60
60.59
60.60
60.60
60.60
60.60
60.60
60.60
60.60
60.59
60.59
60.58
60.57
60.57
60.57
60.57
60.57
60.58
60.60
60.58
60.57
60.57
60.57
60.56
60.55
60.55
60.56
60.54
60.53
60.52
60.51
60.51
60.51
60.52
60.51
60.53
60.53
60.52
60.51
60.50
60.50
60.50
60.50
60.50
60.49
60.48
60.50
60.50
60.49
60.49
60.48
60.49
60.47
60.49
60.48
60.48
60.47
60.48
60.48
60.47
60.45
60.45
60.46
60.46
60.47
60.47
60.46
60.45
60.44
60.44
60.44
60.45
60.46
60.45
60.45
60.45
60.46
60.45
60.46
60.46
60.46
60.46
60.46
60.47
60.46
60.45
60.44
60.43
60.43
60.42
60.43
60.44
60.44
60.43
60.42
60.43
60.43
60.42
60.42
60.43
60.42
60.41
60.41
60.40
60.41
60.41
60.40
60.40
60.40
60.41
60.42
60.43
60.43
60.43
60.43
60.42
60.42
60.41
60.41
60.41
60.40
60.40
60.39
60.39
60.39
60.38
60.40
60.42
60.41
60.42
60.41
60.41
60.40
60.40
60.39
60.39
60.38
60.39
60.39
60.40
60.41
60.41
60.41
60.41
60.42
60.41
60.41
60.41
60.42
60.43
60.43
60.44
60.45
60.44
60.44
60.43
60.41
60.43
60.43
60.43
60.43
60.43
60.43
60.37
