79.69
81.25
81.77
80.86
80.00
80.99
80.36
81.05
81.94
82.50
82.81
82.68
82.93
83.37
83.23
83.69
84.19
84.03
84.29
83.91
83.93
84.30
84.24
84.24
83.69
83.71
83.74
83.82
83.78
83.80
83.77
83.59
83.57
83.46
83.57
83.29
83.32
83.18
82.93
83.09
83.16
83.15
83.07
82.78
82.60
82.51
82.58
82.55
82.56
82.56
82.51
82.45
82.58
82.52
82.47
82.39
82.46
82.49
82.57
82.47
82.63
82.74
82.64
82.54
82.40
82.39
82.35
82.24
82.22
82.25
82.28
82.34
82.26
82.22
82.19
82.11
82.18
82.09
82.08
82.11
82.10
82.09
82.19
82.14
82.11
82.16
82.20
82.24
82.27
82.27
82.26
82.24
82.17
82.18
82.24
82.24
82.22
82.16
82.15
82.22
82.27
82.29
82.28
82.38
82.37
82.24
82.32
82.32
82.28
82.20
82.22
82.28
82.26
82.26
82.26
82.26
82.25
82.31
82.29
82.33
82.35
82.31
82.32
82.35
82.39
82.40
82.36
82.39
82.41
82.39
82.45
82.41
82.45
82.50
82.49
82.49
82.52
82.52
82.54
82.58
82.58
82.60
82.56
82.53
82.53
82.54
82.51
82.47
82.51
82.48
82.52
82.46
82.44
82.41
82.39
82.42
82.41
82.40
82.39
82.37
82.40
82.39
82.32
82.28
82.24
82.27
82.27
82.28
82.30
82.32
82.28
82.29
82.33
82.27
82.29
82.31
82.36
82.36
82.34
82.39
82.40
82.37
82.37
82.40
82.42
82.49
82.51
82.48
82.46
82.41
82.40
82.36
82.41
82.37
82.37
82.34
82.31
82.34
82.30
82.30
82.26
82.25
82.24
82.24
82.23
82.21
82.16
82.15
82.12
82.08
82.07
82.07
82.06
82.00
82.00
81.99
81.99
82.00
82.03
82.05
82.03
82.08
82.06
82.09
82.08
82.09
82.11
82.13
82.14
82.14
82.13
82.17
82.16
82.18
82.18
82.17
82.15
82.17
82.17
82.15
82.15
82.17
82.17
82.15
82.16
82.16
82.13
82.14
82.13
82.14
82.14
82.15
82.14
82.15
82.13
82.14
82.14
82.13
82.15
82.15
82.12
82.13
82.14
82.15
82.14
82.16
82.15
82.15
82.16
82.17
82.15
82.16
82.16
82.17
82.17
82.17
82.17
82.17
82.16
82.16
82.16
82.16
82.17
82.18
82.18
82.21
82.23
82.23
82.23
82.22
82.24
82.23
82.24
82.22
82.22
82.23
82.23
82.22
82.23
82.23
82.25
82.25
82.24
82.22
82.22
82.23
82.25
82.23
82.24
82.22
82.22
82.23
82.23
82.22
82.21
82.19
82.18
82.17
82.17
82.16
82.18
82.17
82.20
82.19
82.21
82.20
82.22
82.23
82.22
82.21
82.19
82.18
82.20
82.21
82.23
82.20
82.19
82.17
82.14
82.17
82.18
82.16
82.15
82.14
82.14
82.14
82.13
82.13
82.11
82.11
82.10
82.13
82.12
82.10
82.07
82.09
82.09
82.11
82.10
82.09
82.08
82.06
82.06
82.05
82.02
82.03
82.02
82.00
82.00
82.00
81.99
81.99
81.95
81.96
81.93
81.92
81.94
81.94
81.96
81.97
81.98
81.97
81.96
81.95
81.94
81.95
81.95
81.97
81.98
81.97
81.97
81.99
82.02
82.02
82.01
82.02
82.03
82.04
82.04
82.04
82.03
82.02
82.02
82.00
81.99
81.97
81.96
81.96
81.95
81.92
81.92
81.91
81.90
81.90
81.89
81.91
81.91
81.91
81.90
81.91
81.91
81.90
81.91
81.91
81.91
81.93
81.93
81.93
81.93
81.92
81.91
81.91
81.92
81.94
81.95
81.93
81.94
81.93
81.95
81.94
81.95
81.96
81.96
81.96
81.96
81.94
81.93
81.93
81.93
81.95
81.93
81.92
81.92
81.91
81.91
81.90
81.91
81.90
81.89
81.88
81.87
81.88
81.86
81.85
81.87
81.87
81.87
81.87
81.85
81.85
81.86
81.87
81.87
81.86
81.84
81.83
81.85
81.85
81.85
81.84
81.86
81.84
81.85
81.86
81.87
81.84
81.85
81.85
81.84
81.84
81.85
81.85
81.85
81.83
81.84
81.85
81.85
81.84
81.85
81.86
81.87
81.89
81.89
81.89
81.90
81.90
81.91
81.92
81.93
81.94
81.93
81.93
81.93
81.92
81.92
81.94
81.94
81.94
81.94
81.95
81.95
81.94
81.95
81.92
81.93
81.95
81.95
81.92
81.91
81.91
81.91
81.90
81.91
81.92
81.93
81.94
81.95
81.94
81.93
81.94
81.95
81.96
81.95
81.93
81.93
81.93
81.92
81.91
81.91
81.92
81.92
81.94
81.95
81.96
81.96
81.97
81.98
81.97
81.98
81.98
81.98
81.98
81.98
81.98
81.99
82.00
81.99
81.98
81.98
81.98
81.99
81.98
81.99
81.99
81.99
81.99
81.98
81.99
81.98
81.99
81.99
82.00
82.01
82.00
82.01
82.01
82.01
81.99
82.00
81.99
81.99
81.99
81.98
81.98
81.97
81.98
81.97
81.97
81.95
81.95
81.96
81.96
81.95
81.95
81.95
81.95
81.94
81.95
81.95
81.94
81.94
81.93
81.94
81.94
81.93
81.93
81.93
81.92
81.92
81.92
81.91
81.90
81.89
81.89
81.91
81.91
81.91
81.91
81.91
81.91
81.91
81.92
81.91
81.90
81.92
81.92
81.91
81.92
81.91
81.91
81.90
81.91
81.89
81.89
81.89
81.90
81.89
81.89
81.87
81.88
81.88
81.88
81.88
81.88
81.87
81.87
81.88
81.88
81.87
81.88
81.87
81.87
81.87
81.88
81.88
81.89
81.89
81.90
81.91
81.91
81.92
81.93
81.94
81.93
81.92
81.91
81.92
81.91
81.91
81.91
81.91
81.91
81.92
81.92
81.92
81.90
81.90
81.88
81.89
81.88
81.88
81.88
81.89
81.88
81.88
81.88
81.88
81.89
81.90
81.90
81.90
81.90
81.91
81.92
81.92
81.91
81.92
81.93
81.94
81.95
81.94
81.93
81.94
81.92
81.93
81.94
81.93
81.93
81.94
81.94
81.95
81.96
81.96
81.96
81.97
81.98
81.97
81.98
81.98
81.99
81.99
81.97
81.98
81.98
81.98
81.97
81.97
81.97
81.96
81.96
81.96
81.96
81.97
81.96
81.96
81.96
81.98
81.98
81.97
81.97
81.97
81.98
81.98
81.98
81.99
82.00
82.00
82.01
82.02
82.01
82.00
82.00
81.98
81.97
81.97
81.96
81.97
81.98
81.98
81.97
81.97
81.97
81.96
81.96
81.96
81.96
81.97
81.97
81.97
81.96
81.97
81.89
