89.06
85.16
84.90
85.55
84.69
85.42
85.04
84.18
83.68
83.75
83.81
83.07
82.81
82.81
83.02
83.20
83.00
82.73
82.65
82.73
82.51
82.67
82.68
82.75
83.06
82.99
82.58
82.59
82.54
82.81
82.56
82.42
82.39
82.49
82.54
82.55
82.47
82.57
82.41
82.38
82.51
82.48
82.49
82.49
82.53
82.61
82.61
82.65
82.65
82.56
82.51
82.63
82.43
82.26
82.19
82.25
82.26
82.30
82.28
82.24
82.27
82.21
82.02
82.03
82.04
82.01
82.02
82.03
82.00
82.10
82.02
81.94
81.91
81.90
81.92
81.97
82.00
82.09
82.02
82.11
82.12
82.09
82.15
82.12
82.08
82.03
82.08
82.03
81.93
81.93
81.97
82.10
82.12
82.11
82.12
82.13
82.09
82.14
82.13
82.08
82.10
82.18
82.15
82.15
82.16
82.10
82.08
82.13
82.11
82.13
82.11
82.10
82.20
82.17
82.11
82.15
82.22
82.23
82.16
82.17
82.05
82.03
82.05
82.07
82.10
82.17
82.14
82.17
82.12
82.15
82.11
82.10
82.12
82.10
82.14
82.16
82.13
82.10
82.12
82.10
82.10
82.12
82.09
82.09
82.00
81.98
81.96
81.98
81.98
82.02
82.04
82.05
82.06
82.05
82.06
82.09
82.08
82.08
82.13
82.14
82.18
82.20
82.19
82.19
82.23
82.26
82.24
82.25
82.20
82.22
82.22
82.20
82.09
82.08
82.04
82.05
82.04
82.02
82.03
82.03
82.04
82.06
82.01
82.01
82.02
82.04
82.08
82.10
82.09
82.10
82.13
82.06
82.08
82.11
82.14
82.14
82.14
82.08
82.08
82.06
82.10
82.12
82.10
82.10
82.07
82.10
82.14
82.14
82.10
82.07
82.08
82.09
82.09
82.10
82.07
82.05
82.03
82.03
82.08
82.07
82.05
82.02
82.03
82.02
82.03
82.04
82.05
82.07
82.05
82.06
82.08
82.07
82.06
82.07
82.05
82.03
82.05
82.04
82.05
82.02
81.99
81.97
81.96
81.96
81.96
81.97
81.96
81.94
81.92
81.91
81.92
81.92
81.92
81.95
81.97
82.01
82.01
82.03
82.05
82.03
82.02
82.06
82.08
82.07
82.05
82.06
82.03
82.04
82.04
82.01
82.03
82.00
81.99
82.01
82.00
82.00
82.01
82.00
82.02
82.01
82.00
82.00
81.98
81.98
82.00
82.02
82.02
82.02
82.03
82.03
82.02
82.03
82.04
82.05
82.06
82.05
82.06
82.09
82.08
82.10
82.12
82.10
82.08
82.07
82.08
82.09
82.10
82.11
82.12
82.10
82.09
82.11
82.10
82.07
82.08
82.10
82.10
82.10
82.07
82.06
82.07
82.09
82.11
82.11
82.11
82.10
82.11
82.11
82.10
82.09
82.08
82.07
82.06
82.07
82.08
82.05
82.06
82.07
82.08
82.08
82.09
82.08
82.08
82.10
82.06
82.06
82.05
82.06
82.06
82.04
82.05
82.04
82.04
82.05
82.03
82.03
82.03
82.04
82.04
82.04
82.03
82.04
82.03
82.03
82.02
82.02
82.03
82.04
82.01
82.01
82.02
82.01
82.02
82.04
82.04
82.04
82.05
82.06
82.07
82.07
82.07
82.06
82.05
82.04
82.04
82.01
82.03
82.04
82.03
82.04
82.02
82.02
82.00
82.01
82.03
82.04
82.03
82.04
82.03
82.02
82.03
82.05
82.05
82.06
82.08
82.08
82.08
82.08
82.09
82.10
82.12
82.14
82.14
82.15
82.16
82.20
82.21
82.20
82.21
82.20
82.22
82.23
82.23
82.24
82.24
82.23
82.23
82.24
82.25
82.24
82.25
82.24
82.25
82.25
82.24
82.23
82.24
82.24
82.25
82.25
82.26
82.27
82.26
82.27
82.25
82.26
82.25
82.25
82.24
82.25
82.26
82.26
82.26
82.27
82.29
82.30
82.30
82.31
82.31
82.30
82.30
82.31
82.31
82.32
82.31
82.30
82.30
82.29
82.27
82.28
82.29
82.29
82.29
82.30
82.30
82.31
82.29
82.30
82.30
82.29
82.28
82.29
82.28
82.28
82.27
82.27
82.26
82.28
82.29
82.29
82.31
82.31
82.29
82.28
82.29
82.27
82.28
82.26
82.27
82.27
82.24
82.24
82.23
82.23
82.22
82.22
82.21
82.19
82.19
82.19
82.18
82.18
82.17
82.18
82.19
82.19
82.19
82.19
82.19
82.18
82.19
82.19
82.19
82.20
82.20
82.20
82.21
82.20
82.19
82.19
82.20
82.19
82.21
82.22
82.25
82.24
82.23
82.24
82.24
82.24
82.24
82.23
82.23
82.24
82.24
82.23
82.22
82.22
82.22
82.22
82.21
82.21
82.21
82.20
82.20
82.19
82.19
82.19
82.19
82.18
82.19
82.18
82.18
82.18
82.17
82.17
82.17
82.16
82.16
82.16
82.15
82.14
82.14
82.13
82.12
82.13
82.14
82.14
82.14
82.15
82.15
82.15
82.13
82.11
82.11
82.08
82.08
82.09
82.10
82.10
82.10
82.10
82.10
82.08
82.10
82.10
82.11
82.10
82.11
82.09
82.08
82.08
82.09
82.08
82.07
82.06
82.05
82.04
82.04
82.04
82.04
82.03
82.02
82.02
82.01
82.02
82.02
82.02
82.02
82.02
82.02
82.02
82.02
82.03
82.03
82.04
82.04
82.04
82.04
82.04
82.04
82.05
82.04
82.04
82.05
82.05
82.04
82.04
82.04
82.04
82.05
82.05
82.04
82.04
82.05
82.05
82.05
82.06
82.06
82.05
82.05
82.05
82.04
82.03
82.03
82.02
82.04
82.04
82.05
82.04
82.05
82.05
82.05
82.05
82.06
82.04
82.04
82.05
82.05
82.04
82.03
82.03
82.04
82.04
82.04
82.03
82.03
82.02
82.00
82.01
82.00
82.00
82.00
82.01
82.01
82.01
82.01
82.01
82.01
82.01
82.02
82.03
82.03
82.03
82.03
82.04
82.06
82.06
82.06
82.05
82.05
82.05
82.05
82.04
82.05
82.05
82.05
82.06
82.05
82.06
82.06
82.06
82.06
82.06
82.06
82.06
82.05
82.05
82.05
82.05
82.05
82.07
82.07
82.07
82.07
82.07
82.07
82.07
82.06
82.06
82.05
82.05
82.05
82.04
82.05
82.04
82.03
82.03
82.02
82.02
82.02
82.03
82.02
82.01
82.01
82.01
82.02
82.01
82.00
82.00
82.00
82.00
82.00
81.99
82.00
82.00
81.99
81.99
81.99
81.98
81.98
81.98
81.99
81.98
81.99
81.99
82.00
82.00
82.00
82.00
82.01
82.00
82.01
82.02
82.02
82.02
82.01
82.01
82.00
82.00
81.99
81.91
