48.44
43.75
48.44
50.39
50.31
50.78
50.45
49.22
48.09
48.12
48.15
47.92
47.60
47.32
47.50
47.36
47.06
46.53
46.55
46.88
47.32
46.73
45.99
45.77
45.56
45.79
45.78
45.81
45.37
45.52
45.31
45.21
45.41
45.45
45.71
45.62
45.57
45.48
45.43
45.20
45.31
45.35
45.20
44.96
44.76
44.67
44.68
44.76
44.71
44.78
44.88
44.80
44.75
44.44
44.52
44.61
44.71
44.69
44.86
44.92
44.90
45.01
44.87
44.92
45.00
44.96
45.08
45.22
45.15
45.36
45.42
45.33
45.31
45.29
45.21
45.05
44.91
44.87
44.86
44.88
45.04
45.01
44.82
44.88
45.00
45.04
45.08
45.03
44.94
44.98
44.93
44.87
44.86
44.91
44.84
44.82
44.89
44.95
44.98
44.95
45.13
45.11
45.05
45.00
45.01
44.99
44.96
44.95
44.94
45.00
45.05
44.94
44.86
44.82
44.78
44.77
44.83
44.74
44.72
44.71
44.69
44.67
44.75
44.82
44.84
44.87
44.91
44.95
44.99
45.04
45.00
45.00
45.02
44.90
44.90
44.90
44.83
44.80
44.75
44.78
44.80
44.82
44.78
44.75
44.66
44.64
44.67
44.74
44.70
44.68
44.69
44.64
44.64
44.62
44.66
44.72
44.70
44.82
44.74
44.71
44.69
44.76
44.81
44.86
44.95
45.01
45.01
45.01
44.98
44.97
45.02
45.04
45.09
45.05
44.97
45.03
45.04
45.03
45.05
45.03
45.06
45.05
45.07
45.02
45.03
44.99
45.02
45.00
45.02
45.02
45.04
45.06
45.04
45.03
44.99
44.95
44.92
44.90
44.98
44.92
44.94
44.93
44.89
44.90
44.92
44.89
44.93
44.94
44.96
44.99
45.00
44.98
44.95
44.97
44.96
44.94
44.93
44.88
44.93
44.93
44.96
44.89
44.92
44.90
44.92
44.91
44.91
44.89
44.88
44.94
44.89
44.86
44.88
44.88
44.87
44.86
44.86
44.88
44.91
44.93
44.94
44.96
44.96
44.98
44.99
44.98
45.02
44.99
45.02
45.04
45.06
45.05
45.08
45.07
45.08
45.09
45.06
45.06
45.05
45.02
44.99
45.03
45.05
45.03
45.02
45.00
44.97
44.99
44.98
44.97
45.00
44.96
44.94
44.95
44.92
44.94
44.92
44.94
44.92
44.91
44.91
44.89
44.85
44.83
44.79
44.72
44.70
44.74
44.76
44.78
44.78
44.79
44.79
44.78
44.72
44.68
44.67
44.67
44.67
44.71
44.75
44.73
44.72
44.72
44.69
44.69
44.70
44.69
44.69
44.68
44.63
44.65
44.66
44.62
44.61
44.61
44.58
44.56
44.56
44.57
44.57
44.58
44.55
44.57
44.56
44.55
44.59
44.63
44.62
44.63
44.65
44.68
44.69
44.68
44.65
44.66
44.65
44.65
44.65
44.65
44.68
44.66
44.64
44.67
44.69
44.69
44.66
44.66
44.68
44.68
44.67
44.66
44.70
44.72
44.73
44.74
44.73
44.73
44.69
44.68
44.68
44.70
44.72
44.70
44.68
44.68
44.68
44.68
44.66
44.66
44.68
44.70
44.69
44.69
44.69
44.69
44.68
44.68
44.67
44.66
44.69
44.71
44.68
44.69
44.71
44.73
44.74
44.73
44.75
44.78
44.77
44.80
44.79
44.80
44.80
44.80
44.80
44.83
44.85
44.88
44.90
44.88
44.90
44.92
44.90
44.93
44.94
44.93
44.93
44.93
44.93
44.93
44.93
44.95
44.94
44.93
44.92
44.91
44.93
44.93
44.94
44.92
44.93
44.92
44.93
44.92
44.91
44.92
44.93
44.91
44.92
44.91
44.91
44.90
44.89
44.90
44.89
44.89
44.91
44.92
44.92
44.91
44.93
44.92
44.91
44.91
44.89
44.90
44.89
44.89
44.86
44.85
44.83
44.82
44.80
44.81
44.80
44.81
44.82
44.81
44.82
44.82
44.81
44.79
44.79
44.80
44.79
44.76
44.76
44.74
44.77
44.78
44.77
44.77
44.79
44.79
44.80
44.79
44.78
44.78
44.78
44.75
44.79
44.81
44.81
44.83
44.84
44.86
44.88
44.89
44.87
44.86
44.86
44.86
44.83
44.83
44.82
44.82
44.81
44.81
44.80
44.79
44.78
44.78
44.78
44.76
44.78
44.77
44.79
44.79
44.79
44.82
44.83
44.83
44.80
44.81
44.81
44.81
44.82
44.83
44.82
44.80
44.79
44.79
44.78
44.79
44.80
44.81
44.81
44.81
44.80
44.80
44.80
44.80
44.81
44.84
44.84
44.84
44.83
44.84
44.84
44.83
44.81
44.81
44.82
44.83
44.83
44.81
44.80
44.80
44.80
44.80
44.79
44.79
44.79
44.80
44.79
44.80
44.81
44.78
44.77
44.76
44.76
44.76
44.75
44.75
44.74
44.74
44.73
44.72
44.70
44.70
44.71
44.73
44.74
44.75
44.76
44.74
44.74
44.75
44.78
44.77
44.78
44.78
44.77
44.77
44.76
44.75
44.75
44.75
44.74
44.74
44.74
44.75
44.74
44.73
44.73
44.74
44.76
44.76
44.75
44.75
44.75
44.76
44.76
44.76
44.77
44.78
44.79
44.80
44.79
44.80
44.80
44.80
44.81
44.82
44.83
44.82
44.82
44.81
44.81
44.80
44.81
44.82
44.81
44.80
44.82
44.81
44.82
44.82
44.83
44.81
44.80
44.79
44.79
44.78
44.78
44.79
44.79
44.80
44.81
44.81
44.82
44.82
44.82
44.82
44.80
44.80
44.78
44.79
44.80
44.80
44.81
44.82
44.83
44.84
44.85
44.85
44.85
44.82
44.84
44.84
44.83
44.82
44.83
44.82
44.82
44.82
44.84
44.83
44.84
44.84
44.83
44.83
44.82
44.82
44.81
44.81
44.80
44.82
44.81
44.82
44.81
44.81
44.79
44.79
44.80
44.79
44.80
44.78
44.79
44.79
44.78
44.78
44.78
44.78
44.79
44.79
44.79
44.79
44.79
44.79
44.79
44.79
44.79
44.78
44.79
44.80
44.78
44.78
44.79
44.77
44.78
44.78
44.79
44.78
44.76
44.75
44.74
44.75
44.75
44.74
44.75
44.75
44.74
44.74
44.73
44.72
44.72
44.73
44.72
44.71
44.69
44.69
44.69
44.69
44.68
44.69
44.71
44.71
44.70
44.71
44.70
44.71
44.71
44.72
44.71
44.70
44.70
44.70
44.71
44.71
44.70
44.69
44.70
44.71
44.69
44.69
44.68
44.68
44.69
44.69
44.69
44.67
44.66
44.65
44.64
44.65
44.65
44.66
44.67
44.66
44.65
44.65
44.64
44.64
44.63
44.64
44.64
44.65
44.65
44.60
