50.00
52.34
50.52
51.95
51.25
50.78
50.89
52.93
52.95
52.97
52.84
52.34
52.28
51.67
52.08
52.05
51.75
51.04
51.32
51.02
50.97
51.35
51.56
51.69
52.00
51.98
51.68
51.45
51.51
51.67
51.92
52.00
51.85
51.88
51.88
52.08
52.03
52.18
52.24
52.30
52.48
52.57
52.58
52.52
52.67
52.68
52.59
52.77
52.84
52.84
52.94
52.88
53.01
52.92
52.84
52.93
53.10
53.07
53.12
53.12
53.25
53.12
53.20
53.22
53.34
53.43
53.50
53.31
53.46
53.55
53.59
53.54
53.57
53.57
53.54
53.66
53.59
53.55
53.60
53.65
53.67
53.73
53.78
53.81
53.88
54.00
54.02
53.85
53.86
53.87
53.90
53.89
54.05
54.04
54.06
53.92
53.85
53.91
53.76
53.75
53.71
53.60
53.58
53.56
53.63
53.64
53.64
53.67
53.57
53.69
53.79
53.89
53.95
53.92
53.90
53.92
53.83
53.81
53.83
53.87
53.89
53.88
53.94
53.97
54.00
54.03
53.96
53.97
53.95
53.92
53.96
53.92
53.91
53.93
53.96
53.98
53.99
53.91
53.92
53.92
53.93
53.97
53.94
54.01
53.94
53.92
53.83
53.87
53.88
53.89
53.87
53.93
53.94
54.01
53.99
54.04
54.02
54.03
53.96
54.00
53.92
53.88
53.94
53.97
53.94
54.00
54.03
54.06
54.03
54.08
54.13
54.17
54.17
54.16
54.16
54.19
54.20
54.16
54.13
54.12
54.11
54.10
54.09
54.08
54.11
54.10
54.09
54.11
54.10
54.10
54.10
54.09
54.10
54.12
54.21
54.23
54.17
54.17
54.17
54.14
54.13
54.13
54.14
54.17
54.14
54.15
54.16
54.15
54.10
54.06
54.05
54.08
54.07
54.06
54.06
54.01
54.01
54.01
53.96
53.93
53.94
53.96
53.93
53.95
53.90
53.89
53.86
53.85
53.86
53.85
53.82
53.82
53.84
53.84
53.84
53.82
53.80
53.81
53.80
53.85
53.84
53.84
53.79
53.82
53.86
53.90
53.85
53.86
53.87
53.88
53.89
53.89
53.90
53.96
53.97
53.99
53.98
53.93
53.93
53.91
53.94
53.92
53.96
53.95
53.97
53.96
53.97
53.95
53.94
53.91
53.91
53.92
53.89
53.89
53.91
53.91
53.93
53.89
53.91
53.91
53.92
53.91
53.94
53.93
53.94
53.98
53.96
53.96
53.96
53.98
53.98
53.96
53.95
53.95
53.95
53.97
53.97
53.96
53.92
53.93
53.90
53.86
53.88
53.86
53.83
53.81
53.83
53.82
53.81
53.79
53.81
53.82
53.82
53.84
53.83
53.86
53.85
53.84
53.84
53.82
53.83
53.82
53.78
53.78
53.79
53.80
53.77
53.76
53.77
53.76
53.77
53.77
53.76
53.80
53.80
53.80
53.77
53.79
53.79
53.76
53.76
53.77
53.79
53.80
53.79
53.78
53.77
53.80
53.77
53.77
53.78
53.75
53.76
53.77
53.77
53.78
53.81
53.80
53.80
53.77
53.77
53.75
53.75
53.75
53.73
53.72
53.73
53.74
53.76
53.77
53.73
53.74
53.73
53.72
53.70
53.67
53.68
53.67
53.67
53.68
53.67
53.71
53.70
53.70
53.69
53.66
53.67
53.65
53.65
53.65
53.65
53.65
53.64
53.64
53.62
53.61
53.60
53.57
53.59
53.59
53.57
53.58
53.58
53.57
53.58
53.57
53.58
53.59
53.60
53.62
53.61
53.65
53.65
53.62
53.63
53.62
53.62
53.63
53.65
53.66
53.67
53.66
53.65
53.65
53.62
53.61
53.62
53.62
53.62
53.62
53.59
53.62
53.60
53.60
53.60
53.60
53.58
53.58
53.56
53.54
53.52
53.53
53.52
53.53
53.53
53.53
53.51
53.51
53.50
53.48
53.49
53.48
53.47
53.49
53.49
53.50
53.50
53.49
53.50
53.51
53.50
53.51
53.52
53.52
53.50
53.51
53.51
53.53
53.52
53.53
53.52
53.52
53.53
53.55
53.54
53.55
53.56
53.56
53.57
53.55
53.55
53.56
53.58
53.56
53.55
53.56
53.57
53.59
53.59
53.59
53.58
53.58
53.58
53.57
53.58
53.58
53.55
53.57
53.56
53.57
53.56
53.54
53.53
53.54
53.55
53.59
53.59
53.61
53.61
53.57
53.56
53.57
53.58
53.56
53.56
53.56
53.54
53.51
53.52
53.53
53.52
53.52
53.52
53.52
53.54
53.57
53.56
53.57
53.59
53.60
53.60
53.61
53.62
53.63
53.62
53.63
53.63
53.64
53.64
53.66
53.66
53.65
53.65
53.64
53.66
53.66
53.66
53.66
53.66
53.64
53.64
53.64
53.64
53.65
53.64
53.65
53.64
53.64
53.63
53.60
53.59
53.58
53.57
53.59
53.61
53.61
53.59
53.58
53.57
53.56
53.59
53.59
53.60
53.61
53.62
53.65
53.65
53.65
53.63
53.64
53.63
53.62
53.62
53.63
53.62
53.60
53.59
53.59
53.59
53.58
53.58
53.59
53.59
53.63
53.62
53.60
53.60
53.61
53.59
53.58
53.55
53.55
53.54
53.55
53.54
53.56
53.55
53.54
53.53
53.53
53.54
53.55
53.57
53.57
53.57
53.60
53.62
53.62
53.61
53.61
53.60
53.61
53.61
53.61
53.61
53.61
53.62
53.62
53.61
53.60
53.61
53.62
53.63
53.62
53.62
53.61
53.61
53.60
53.59
53.59
53.59
53.60
53.61
53.60
53.60
53.61
53.60
53.60
53.62
53.62
53.62
53.62
53.62
53.65
53.65
53.66
53.66
53.68
53.69
53.69
53.68
53.67
53.68
53.69
53.68
53.68
53.68
53.67
53.69
53.68
53.68
53.66
53.67
53.66
53.67
53.65
53.66
53.65
53.65
53.63
53.63
53.62
53.63
53.63
53.63
53.63
53.63
53.64
53.66
53.65
53.64
53.65
53.65
53.64
53.63
53.65
53.65
53.66
53.67
53.67
53.68
53.67
53.67
53.67
53.65
53.64
53.65
53.65
53.65
53.65
53.65
53.66
53.67
53.66
53.66
53.66
53.65
53.65
53.67
53.67
53.68
53.69
53.70
53.69
53.69
53.68
53.69
53.69
53.70
53.69
53.69
53.71
53.71
53.72
53.72
53.72
53.71
53.72
53.73
53.72
53.71
53.71
53.70
53.70
53.70
53.70
53.69
53.69
53.69
53.70
53.69
53.70
53.69
53.68
53.69
53.69
53.70
53.70
53.69
53.69
53.69
53.67
53.68
53.66
53.66
53.67
53.66
53.66
53.68
53.69
53.70
53.70
53.70
53.71
53.72
53.71
53.69
53.70
53.71
53.70
53.71
53.65
