48.44
51.56
55.21
52.34
53.12
52.86
51.56
51.56
52.26
52.97
53.27
52.47
52.40
52.01
51.15
51.07
51.29
51.22
51.40
51.09
51.19
50.85
51.02
51.04
50.94
51.14
51.39
51.23
51.35
51.46
51.16
51.17
51.18
51.24
51.12
51.04
50.93
51.11
51.44
51.64
51.60
51.38
51.31
51.35
51.63
51.53
51.70
51.76
51.53
51.56
51.59
51.56
51.47
51.50
51.59
51.62
51.84
51.83
51.80
51.51
51.49
51.56
51.66
51.54
51.56
51.68
51.61
51.54
51.54
51.50
51.69
51.69
51.76
51.71
51.83
51.95
51.95
52.06
52.14
52.13
52.16
52.13
52.05
51.93
52.06
51.98
52.05
52.11
52.28
52.34
52.35
52.26
52.25
52.29
52.29
52.18
52.13
52.26
52.29
52.31
52.34
52.28
52.14
52.18
52.17
52.21
52.23
52.21
52.29
52.27
52.35
52.37
52.35
52.26
52.07
51.98
51.92
51.91
51.90
51.89
51.85
51.84
51.80
51.69
51.62
51.70
51.73
51.71
51.78
51.75
51.72
51.68
51.67
51.64
51.69
51.77
51.87
51.88
51.89
51.90
51.85
51.79
51.76
51.73
51.72
51.74
51.78
51.77
51.68
51.73
51.71
51.72
51.78
51.85
51.84
51.76
51.78
51.75
51.75
51.84
51.82
51.87
51.85
51.85
51.88
51.88
51.88
51.86
51.80
51.82
51.84
51.82
51.82
51.80
51.80
51.85
51.81
51.79
51.82
51.81
51.80
51.76
51.70
51.72
51.71
51.68
51.62
51.62
51.59
51.55
51.59
51.58
51.55
51.57
51.58
51.64
51.68
51.73
51.74
51.67
51.78
51.77
51.78
51.73
51.73
51.73
51.77
51.80
51.79
51.80
51.85
51.89
51.94
51.93
51.91
51.93
51.92
51.91
51.93
51.89
51.83
51.82
51.74
51.69
51.69
51.74
51.73
51.75
51.72
51.77
51.79
51.80
51.80
51.75
51.78
51.75
51.70
51.69
51.69
51.68
51.69
51.68
51.69
51.72
51.69
51.68
51.64
51.58
51.63
51.59
51.62
51.58
51.54
51.53
51.56
51.57
51.58
51.59
51.59
51.61
51.62
51.65
51.64
51.62
51.67
51.66
51.70
51.70
51.67
51.64
51.62
51.62
51.59
51.59
51.55
51.52
51.55
51.57
51.60
51.58
51.58
51.57
51.56
51.53
51.52
51.51
51.50
51.50
51.47
51.48
51.46
51.45
51.43
51.45
51.42
51.40
51.43
51.43
51.41
51.42
51.42
51.42
51.43
51.41
51.43
51.39
51.37
51.37
51.37
51.36
51.37
51.36
51.35
51.32
51.33
51.35
51.36
51.40
51.40
51.40
51.42
51.42
51.44
51.47
51.48
51.49
51.48
51.51
51.51
51.50
51.47
51.47
51.50
51.48
51.46
51.46
51.44
51.41
51.39
51.40
51.41
51.42
51.41
51.43
51.42
51.44
51.45
51.46
51.47
51.44
51.42
51.42
51.40
51.41
51.43
51.44
51.43
51.42
51.44
51.45
51.48
51.50
51.52
51.51
51.49
51.52
51.52
51.47
51.47
51.48
51.51
51.50
51.48
51.48
51.45
51.47
51.49
51.53
51.52
51.52
51.53
51.54
51.55
51.56
51.58
51.55
51.53
51.51
51.53
51.53
51.54
51.52
51.52
51.50
51.51
51.51
51.53
51.54
51.54
51.54
51.52
51.52
51.53
51.50
51.51
51.53
51.54
51.54
51.53
51.52
51.52
51.51
51.54
51.54
51.52
51.51
51.52
51.53
51.53
51.52
51.53
51.53
51.55
51.52
51.52
51.52
51.54
51.53
51.54
51.55
51.54
51.52
51.51
51.49
51.48
51.48
51.46
51.46
51.48
51.47
51.47
51.47
51.48
51.47
51.47
51.48
51.51
51.52
51.53
51.53
51.54
51.56
51.58
51.58
51.56
51.56
51.58
51.57
51.58
51.58
51.58
51.61
51.60
51.60
51.59
51.59
51.59
51.60
51.59
51.61
51.61
51.61
51.62
51.65
51.64
51.65
51.67
51.66
51.67
51.65
51.66
51.68
51.68
51.68
51.65
51.66
51.67
51.66
51.66
51.66
51.64
51.65
51.64
51.64
51.62
51.62
51.63
51.65
51.66
51.67
51.67
51.64
51.63
51.63
51.63
51.61
51.62
51.63
51.61
51.62
51.60
51.63
51.65
51.63
51.62
51.65
51.66
51.66
51.66
51.64
51.64
51.64
51.63
51.64
51.65
51.62
51.63
51.63
51.64
51.65
51.65
51.66
51.67
51.69
51.69
51.70
51.71
51.71
51.70
51.68
51.68
51.68
51.67
51.68
51.68
51.69
51.69
51.69
51.69
51.72
51.72
51.73
51.71
51.72
51.72
51.73
51.74
51.74
51.74
51.75
51.78
51.80
51.77
51.78
51.79
51.79
51.78
51.78
51.79
51.79
51.79
51.80
51.78
51.75
51.75
51.75
51.76
51.77
51.77
51.76
51.77
51.77
51.78
51.77
51.75
51.75
51.75
51.75
51.75
51.76
51.74
51.74
51.75
51.74
51.75
51.74
51.75
51.74
51.76
51.77
51.78
51.78
51.80
51.80
51.79
51.81
51.80
51.79
51.78
51.78
51.78
51.78
51.77
51.76
51.74
51.72
51.72
51.72
51.72
51.73
51.72
51.71
51.73
51.76
51.73
51.72
51.71
51.70
51.69
51.69
51.68
51.67
51.69
51.70
51.70
51.70
51.70
51.70
51.72
51.72
51.73
51.73
51.73
51.73
51.73
51.72
51.73
51.72
51.72
51.73
51.72
51.72
51.72
51.72
51.73
51.73
51.72
51.71
51.69
51.69
51.70
51.70
51.71
51.70
51.70
51.69
51.68
51.67
51.67
51.67
51.66
51.64
51.64
51.64
51.65
51.65
51.65
51.67
51.66
51.67
51.68
51.68
51.68
51.67
51.67
51.68
51.68
51.69
51.68
51.68
51.68
51.67
51.65
51.64
51.64
51.65
51.65
51.63
51.63
51.61
51.60
51.61
51.61
51.62
51.62
51.63
51.63
51.64
51.63
51.63
51.62
51.62
51.61
51.62
51.61
51.61
51.60
51.59
51.60
51.60
51.59
51.58
51.57
51.59
51.61
51.62
51.62
51.62
51.62
51.62
51.63
51.63
51.61
51.63
51.62
51.63
51.64
51.65
51.66
51.66
51.65
51.65
51.64
51.64
51.64
51.65
51.64
51.64
51.64
51.64
51.63
51.64
51.64
51.64
51.64
51.64
51.65
51.64
51.64
51.63
51.63
51.62
51.62
51.60
51.61
51.61
51.60
51.61
51.61
51.60
51.61
51.60
51.60
51.60
51.61
51.62
51.62
51.63
51.62
51.62
51.61
51.56
