85.94
85.16
86.46
84.77
84.38
84.11
84.15
83.40
82.64
82.81
82.10
82.03
81.73
81.58
81.67
81.74
81.07
81.34
80.92
80.62
80.80
80.75
80.71
80.86
80.94
81.07
81.25
81.36
81.25
81.51
81.65
81.59
81.58
81.62
81.88
81.81
81.97
81.99
82.13
82.11
82.16
82.18
82.19
82.32
82.29
82.27
82.31
82.42
82.33
82.38
82.38
82.39
82.34
82.44
82.67
82.67
82.46
82.46
82.34
82.42
82.35
82.36
82.42
82.42
82.40
82.41
82.56
82.44
82.43
82.34
82.35
82.34
82.32
82.35
82.25
82.30
82.33
82.33
82.34
82.30
82.35
82.37
82.32
82.29
82.43
82.39
82.42
82.40
82.34
82.33
82.31
82.40
82.44
82.33
82.29
82.31
82.28
82.30
82.21
82.19
82.15
82.15
82.11
82.11
82.10
82.05
82.01
82.00
82.02
82.05
82.11
82.06
82.07
82.09
81.97
81.96
81.89
81.89
81.93
81.93
81.92
81.92
81.85
81.88
81.76
81.75
81.79
81.85
81.83
81.81
81.74
81.75
81.80
81.80
81.86
81.82
81.79
81.78
81.80
81.85
81.85
81.83
81.83
81.84
81.90
81.88
81.86
81.85
81.83
81.84
81.84
81.86
81.88
81.91
81.90
81.97
81.99
81.98
81.98
82.02
82.03
81.99
81.99
82.03
82.05
82.06
82.10
82.08
82.11
82.18
82.18
82.16
82.10
82.12
82.12
82.12
82.12
82.14
82.13
82.10
82.14
82.13
82.12
82.14
82.12
82.15
82.15
82.16
82.19
82.16
82.19
82.19
82.16
82.19
82.18
82.21
82.19
82.20
82.17
82.16
82.16
82.14
82.13
82.12
82.13
82.10
82.04
82.01
81.99
81.97
82.01
81.97
81.95
81.95
81.98
81.99
81.95
81.97
81.95
81.96
81.96
82.00
82.00
82.01
82.04
82.05
82.04
82.06
82.06
82.03
82.03
82.07
82.07
82.09
82.09
82.14
82.13
82.13
82.11
82.10
82.08
82.05
82.02
82.03
82.05
82.08
82.12
82.11
82.08
82.10
82.11
82.16
82.13
82.11
82.13
82.16
82.20
82.24
82.28
82.27
82.23
82.20
82.17
82.11
82.13
82.10
82.06
82.08
82.06
82.04
82.04
82.06
82.03
82.00
81.97
81.97
81.95
81.95
81.96
81.95
81.98
81.96
81.94
81.97
81.97
82.00
81.98
82.01
82.01
82.00
82.00
82.00
82.00
81.99
81.98
82.00
81.98
81.99
81.97
81.94
81.95
81.97
82.00
82.01
81.99
81.99
82.01
82.03
82.02
82.01
82.02
82.04
82.02
82.05
82.05
82.06
82.04
82.06
82.07
82.08
82.05
82.07
82.05
82.07
82.07
82.07
82.07
82.08
82.09
82.07
82.08
82.08
82.08
82.08
82.09
82.08
82.10
82.11
82.12
82.13
82.13
82.11
82.12
82.13
82.13
82.14
82.13
82.13
82.15
82.14
82.12
82.12
82.09
82.11
82.11
82.12
82.12
82.11
82.12
82.11
82.11
82.11
82.13
82.12
82.10
82.09
82.09
82.09
82.11
82.11
82.10
82.08
82.10
82.10
82.10
82.10
82.10
82.09
82.08
82.08
82.07
82.06
82.08
82.09
82.08
82.09
82.09
82.09
82.08
82.10
82.10
82.10
82.10
82.09
82.09
82.11
82.11
82.11
82.11
82.10
82.12
82.14
82.15
82.15
82.15
82.15
82.14
82.15
82.13
82.15
82.14
82.13
82.12
82.10
82.10
82.11
82.10
82.09
82.08
82.10
82.08
82.07
82.06
82.06
82.05
82.05
82.07
82.06
82.06
82.07
82.08
82.07
82.07
82.07
82.07
82.08
82.06
82.06
82.03
82.05
82.05
82.04
82.05
82.04
82.05
82.06
82.06
82.07
82.08
82.08
82.08
82.10
82.09
82.09
82.07
82.07
82.06
82.06
82.07
82.07
82.07
82.08
82.09
82.10
82.08
82.07
82.06
82.07
82.08
82.07
82.06
82.04
82.03
82.04
82.04
82.04
82.02
82.02
82.03
82.01
82.01
82.01
82.03
82.03
82.03
82.03
82.02
82.02
82.02
82.02
82.02
82.02
82.02
82.02
82.02
82.02
82.01
82.02
82.02
82.01
81.99
82.00
81.98
81.98
81.99
81.94
81.96
81.96
81.95
81.95
81.97
81.97
81.96
81.94
81.94
81.94
81.93
81.94
81.95
81.96
81.96
81.94
81.93
81.93
81.93
81.94
81.93
81.92
81.91
81.91
81.90
81.91
81.91
81.90
81.90
81.90
81.90
81.90
81.90
81.90
81.90
81.89
81.87
81.86
81.86
81.86
81.84
81.85
81.86
81.87
81.89
81.89
81.89
81.90
81.90
81.90
81.91
81.89
81.89
81.89
81.88
81.88
81.87
81.88
81.88
81.88
81.87
81.88
81.89
81.88
81.89
81.90
81.90
81.91
81.91
81.93
81.91
81.90
81.92
81.92
81.92
81.92
81.91
81.89
81.90
81.92
81.91
81.91
81.91
81.91
81.92
81.92
81.92
81.93
81.94
81.93
81.94
81.94
81.95
81.96
81.96
81.97
81.97
81.98
81.98
81.99
81.99
81.99
81.98
82.00
82.01
82.01
82.01
82.02
82.03
82.03
82.02
82.02
82.03
82.03
82.04
82.03
82.04
82.02
82.02
82.02
82.03
82.03
82.02
82.03
82.02
82.01
82.01
82.00
82.01
82.02
82.02
82.02
82.02
82.02
82.03
82.01
82.00
82.01
82.01
82.00
82.01
82.03
82.04
82.04
82.04
82.05
82.04
82.05
82.04
82.05
82.05
82.05
82.04
82.04
82.04
82.04
82.03
82.04
82.05
82.04
82.04
82.04
82.04
82.05
82.05
82.04
82.04
82.04
82.04
82.03
82.03
82.04
82.04
82.03
82.03
82.04
82.04
82.04
82.05
82.04
82.04
82.03
82.04
82.04
82.04
82.04
82.04
82.03
82.04
82.04
82.05
82.04
82.04
82.05
82.04
82.03
82.04
82.04
82.05
82.04
82.04
82.02
82.03
82.02
82.03
82.03
82.03
82.04
82.04
82.04
82.04
82.03
82.03
82.01
82.02
82.02
82.02
82.03
82.01
82.02
82.02
82.01
82.00
82.01
82.01
82.02
82.01
82.01
82.01
82.00
82.00
82.01
82.01
82.00
82.00
82.00
82.00
81.99
81.99
81.99
81.99
81.98
81.97
81.97
81.98
81.97
81.97
81.98
81.98
81.99
81.99
81.98
81.97
81.97
81.96
81.96
81.95
81.95
81.96
81.96
81.96
81.95
81.95
81.95
81.95
81.95
81.95
81.94
81.95
81.94
81.94
81.94
81.93
81.94
81.95
81.87
