31.25
39.06
40.62
44.92
44.69
45.57
45.09
45.70
46.18
46.09
46.31
46.61
47.48
47.77
48.02
48.34
48.62
48.26
48.60
48.52
48.36
48.65
48.64
48.70
48.44
48.98
49.02
49.22
49.30
49.22
49.50
49.37
49.15
49.36
49.42
49.31
49.28
49.30
49.36
49.45
49.54
49.55
49.45
49.40
49.10
49.25
49.37
49.48
49.65
49.69
49.54
49.34
49.47
49.65
49.83
49.72
49.73
49.97
50.05
49.87
49.95
49.70
49.70
49.88
49.90
49.93
49.95
49.82
49.80
49.60
49.63
49.59
49.53
49.62
49.62
49.67
49.61
49.60
49.66
49.69
49.73
49.81
49.74
49.85
49.89
49.89
49.87
49.86
49.86
49.86
49.86
49.98
49.93
49.93
49.84
49.89
49.94
49.97
49.97
50.02
49.92
49.98
49.97
49.94
49.97
49.99
49.84
49.77
49.84
49.82
49.86
49.85
49.88
49.99
50.03
50.05
50.03
50.08
50.04
50.04
50.04
50.05
49.94
49.82
49.84
49.85
49.86
49.85
49.78
49.77
49.79
49.85
49.80
49.83
49.86
49.80
49.86
49.89
49.88
49.82
49.82
49.85
49.85
49.83
49.83
49.84
49.85
49.87
49.90
49.89
49.84
49.87
49.89
49.90
49.85
49.84
49.83
49.82
49.80
49.74
49.73
49.74
49.73
49.77
49.81
49.79
49.70
49.68
49.65
49.70
49.70
49.71
49.75
49.79
49.85
49.84
49.81
49.75
49.79
49.76
49.79
49.83
49.86
49.87
49.90
49.88
49.86
49.88
49.85
49.87
49.84
49.90
49.89
49.83
49.87
49.85
49.84
49.91
49.96
49.93
49.95
49.91
49.91
49.92
49.98
49.95
49.92
49.95
49.99
49.98
49.99
49.93
49.96
50.00
49.96
49.93
49.90
49.85
49.91
49.90
49.87
49.84
49.82
49.81
49.77
49.74
49.72
49.69
49.73
49.74
49.72
49.70
49.71
49.73
49.74
49.72
49.72
49.68
49.69
49.67
49.71
49.70
49.71
49.73
49.74
49.74
49.75
49.77
49.82
49.84
49.83
49.83
49.80
49.82
49.80
49.81
49.80
49.82
49.84
49.85
49.86
49.87
49.90
49.88
49.88
49.87
49.86
49.84
49.81
49.80
49.79
49.78
49.79
49.78
49.75
49.76
49.75
49.75
49.73
49.77
49.77
49.77
49.76
49.80
49.81
49.79
49.80
49.77
49.75
49.76
49.77
49.76
49.73
49.76
49.74
49.71
49.69
49.67
49.69
49.70
49.72
49.70
49.69
49.66
49.69
49.71
49.70
49.74
49.78
49.78
49.79
49.79
49.76
49.78
49.79
49.82
49.79
49.80
49.76
49.79
49.80
49.79
49.78
49.74
49.74
49.73
49.70
49.70
49.69
49.71
49.69
49.68
49.67
49.71
49.69
49.69
49.68
49.69
49.68
49.68
49.70
49.70
49.72
49.70
49.68
49.67
49.70
49.65
49.65
49.64
49.67
49.69
49.70
49.71
49.71
49.72
49.70
49.67
49.68
49.70
49.70
49.69
49.71
49.73
49.73
49.72
49.75
49.77
49.77
49.77
49.77
49.78
49.78
49.78
49.77
49.75
49.74
49.75
49.73
49.73
49.70
49.71
49.69
49.69
49.67
49.66
49.63
49.64
49.61
49.61
49.63
49.63
49.63
49.62
49.64
49.63
49.62
49.64
49.64
49.64
49.63
49.64
49.64
49.61
49.59
49.62
49.62
49.62
49.62
49.62
49.62
49.62
49.61
49.59
49.56
49.58
49.57
49.57
49.58
49.61
49.60
49.60
49.61
49.62
49.60
49.59
49.61
49.63
49.61
49.62
49.63
49.63
49.62
49.61
49.64
49.66
49.66
49.67
49.65
49.68
49.70
49.70
49.70
49.68
49.69
49.72
49.70
49.70
49.71
49.72
49.71
49.69
49.69
49.69
49.69
49.69
49.70
49.71
49.71
49.67
49.68
49.69
49.68
49.65
49.65
49.64
49.63
49.65
49.66
49.64
49.67
49.66
49.68
49.68
49.70
49.68
49.69
49.69
49.67
49.67
49.67
49.65
49.66
49.66
49.66
49.65
49.65
49.65
49.66
49.67
49.68
49.70
49.70
49.69
49.69
49.67
49.67
49.65
49.66
49.66
49.64
49.63
49.64
49.64
49.66
49.66
49.65
49.63
49.64
49.63
49.63
49.61
49.59
49.58
49.58
49.59
49.58
49.57
49.57
49.58
49.56
49.56
49.55
49.56
49.57
49.58
49.59
49.58
49.59
49.61
49.60
49.61
49.62
49.61
49.61
49.60
49.61
49.61
49.60
49.60
49.61
49.61
49.63
49.62
49.62
49.66
49.68
49.68
49.69
49.70
49.71
49.71
49.71
49.69
49.68
49.69
49.70
49.69
49.68
49.70
49.72
49.74
49.73
49.73
49.71
49.71
49.70
49.70
49.70
49.72
49.74
49.73
49.73
49.74
49.73
49.74
49.74
49.74
49.73
49.73
49.74
49.74
49.73
49.72
49.72
49.72
49.74
49.75
49.75
49.77
49.77
49.77
49.76
49.76
49.77
49.75
49.75
49.75
49.75
49.76
49.76
49.76
49.77
49.76
49.76
49.75
49.76
49.78
49.77
49.78
49.77
49.77
49.77
49.78
49.79
49.79
49.80
49.79
49.81
49.80
49.79
49.79
49.79
49.77
49.77
49.78
49.78
49.78
49.79
49.77
49.77
49.78
49.79
49.77
49.76
49.76
49.75
49.77
49.76
49.77
49.76
49.76
49.76
49.76
49.76
49.78
49.78
49.78
49.78
49.79
49.79
49.80
49.79
49.78
49.78
49.77
49.78
49.78
49.76
49.76
49.77
49.76
49.76
49.77
49.75
49.75
49.74
49.75
49.75
49.73
49.73
49.72
49.72
49.71
49.71
49.70
49.70
49.70
49.70
49.69
49.70
49.69
49.68
49.70
49.71
49.70
49.69
49.69
49.69
49.67
49.65
49.65
49.64
49.65
49.65
49.65
49.66
49.66
49.67
49.67
49.68
49.68
49.67
49.68
49.69
49.69
49.69
49.69
49.69
49.70
49.70
49.70
49.69
49.68
49.69
49.67
49.67
49.66
49.67
49.66
49.66
49.66
49.66
49.65
49.66
49.64
49.65
49.65
49.65
49.64
49.64
49.63
49.65
49.65
49.65
49.65
49.65
49.65
49.65
49.65
49.64
49.65
49.67
49.68
49.67
49.68
49.67
49.66
49.66
49.66
49.67
49.68
49.67
49.69
49.69
49.69
49.68
49.69
49.70
49.69
49.70
49.71
49.71
49.72
49.72
49.71
49.71
49.70
49.70
49.72
49.72
49.72
49.74
49.74
49.74
49.74
49.75
49.76
49.76
49.76
49.76
49.72
