35.94
34.38
36.98
35.16
35.00
33.85
33.48
33.59
33.33
34.84
35.37
35.55
36.06
35.83
35.73
35.55
35.57
35.85
35.86
35.62
35.71
36.01
35.67
35.55
35.25
35.28
35.24
35.21
35.29
35.26
35.28
35.35
35.56
35.43
35.62
35.59
35.60
35.36
35.34
35.35
35.33
35.38
35.32
35.26
35.31
35.29
35.24
35.35
35.33
35.28
35.26
35.28
35.05
35.16
35.14
35.18
35.25
35.43
35.57
35.44
35.45
35.33
35.42
35.42
35.24
35.35
35.35
35.29
35.24
35.31
35.28
35.29
35.27
35.26
35.33
35.40
35.41
35.52
35.58
35.59
35.49
35.38
35.39
35.45
35.39
35.36
35.40
35.44
35.41
35.31
35.46
35.43
35.50
35.51
35.61
35.60
35.65
35.67
35.67
35.66
35.71
35.78
35.77
35.77
35.71
35.63
35.67
35.68
35.65
35.65
35.67
35.62
35.61
35.64
35.67
35.68
35.68
35.62
35.62
35.55
35.59
35.54
35.47
35.56
35.53
35.49
35.47
35.56
35.50
35.55
35.57
35.57
35.55
35.56
35.62
35.60
35.54
35.59
35.60
35.66
35.67
35.57
35.64
35.63
35.58
35.61
35.64
35.63
35.62
35.56
35.58
35.53
35.53
35.63
35.61
35.61
35.63
35.55
35.53
35.52
35.47
35.47
35.50
35.51
35.47
35.48
35.50
35.45
35.41
35.42
35.44
35.45
35.45
35.44
35.49
35.42
35.49
35.42
35.43
35.43
35.41
35.46
35.44
35.38
35.38
35.42
35.40
35.38
35.38
35.35
35.41
35.45
35.43
35.39
35.35
35.37
35.38
35.35
35.28
35.28
35.29
35.27
35.27
35.24
35.21
35.19
35.30
35.30
35.27
35.25
35.24
35.22
35.23
35.22
35.17
35.19
35.21
35.11
35.12
35.11
35.13
35.16
35.11
35.14
35.15
35.16
35.16
35.18
35.21
35.20
35.19
35.21
35.17
35.16
35.21
35.24
35.24
35.26
35.34
35.35
35.29
35.28
35.24
35.27
35.29
35.31
35.33
35.33
35.37
35.42
35.41
35.42
35.47
35.45
35.44
35.42
35.45
35.45
35.48
35.50
35.51
35.48
35.50
35.49
35.47
35.49
35.47
35.45
35.46
35.49
35.45
35.44
35.43
35.44
35.47
35.49
35.49
35.44
35.47
35.46
35.49
35.47
35.49
35.51
35.51
35.52
35.49
35.50
35.50
35.51
35.50
35.48
35.47
35.47
35.46
35.47
35.47
35.50
35.49
35.48
35.45
35.43
35.45
35.42
35.43
35.44
35.49
35.49
35.52
35.52
35.49
35.47
35.49
35.48
35.53
35.52
35.52
35.51
35.49
35.49
35.50
35.52
35.54
35.54
35.53
35.53
35.52
35.53
35.51
35.55
35.55
35.52
35.49
35.47
35.48
35.47
35.48
35.47
35.49
35.49
35.48
35.51
35.50
35.50
35.49
35.53
35.52
35.52
35.51
35.51
35.51
35.51
35.52
35.49
35.49
35.47
35.48
35.49
35.49
35.50
35.49
35.46
35.47
35.47
35.47
35.46
35.46
35.47
35.48
35.50
35.53
35.52
35.57
35.56
35.54
35.52
35.52
35.51
35.50
35.51
35.52
35.50
35.52
35.51
35.52
35.53
35.54
35.55
35.54
35.54
35.54
35.57
35.56
35.54
35.54
35.52
35.53
35.53
35.56
35.53
35.49
35.49
35.46
35.45
35.44
35.44
35.44
35.45
35.44
35.47
35.45
35.45
35.48
35.49
35.49
35.51
35.51
35.50
35.50
35.50
35.51
35.49
35.52
35.53
35.52
35.53
35.52
35.54
35.56
35.55
35.55
35.56
35.56
35.55
35.60
35.58
35.59
35.58
35.58
35.59
35.57
35.57
35.58
35.55
35.57
35.58
35.56
35.56
35.57
35.57
35.57
35.58
35.59
35.60
35.59
35.62
35.63
35.62
35.61
35.60
35.60
35.59
35.57
35.57
35.56
35.55
35.54
35.54
35.53
35.54
35.54
35.52
35.52
35.53
35.55
35.55
35.55
35.54
35.53
35.54
35.54
35.55
35.57
35.56
35.55
35.55
35.58
35.58
35.57
35.57
35.59
35.58
35.58
35.56
35.56
35.55
35.54
35.55
35.56
35.59
35.61
35.60
35.60
35.60
35.59
35.60
35.59
35.58
35.57
35.56
35.58
35.57
35.58
35.58
35.57
35.56
35.56
35.56
35.56
35.54
35.55
35.54
35.55
35.53
35.51
35.51
35.53
35.53
35.52
35.52
35.51
35.52
35.52
35.52
35.53
35.55
35.55
35.56
35.54
35.53
35.54
35.54
35.53
35.52
35.53
35.54
35.55
35.56
35.55
35.55
35.55
35.53
35.53
35.53
35.53
35.55
35.54
35.54
35.55
35.55
35.56
35.55
35.54
35.53
35.51
35.49
35.49
35.49
35.50
35.49
35.50
35.51
35.51
35.49
35.48
35.47
35.48
35.46
35.47
35.48
35.47
35.48
35.47
35.47
35.48
35.48
35.46
35.45
35.44
35.44
35.45
35.44
35.45
35.46
35.45
35.46
35.45
35.46
35.46
35.46
35.46
35.48
35.47
35.47
35.46
35.46
35.46
35.47
35.47
35.48
35.49
35.49
35.50
35.50
35.50
35.50
35.51
35.49
35.49
35.50
35.51
35.50
35.50
35.48
35.49
35.50
35.48
35.47
35.47
35.47
35.47
35.48
35.49
35.51
35.53
35.53
35.52
35.50
35.52
35.52
35.52
35.50
35.50
35.50
35.51
35.49
35.50
35.50
35.50
35.49
35.49
35.51
35.49
35.50
35.50
35.50
35.50
35.50
35.49
35.48
35.49
35.48
35.47
35.49
35.49
35.49
35.50
35.50
35.50
35.51
35.50
35.51
35.52
35.51
35.52
35.51
35.51
35.52
35.53
35.54
35.55
35.55
35.55
35.57
35.57
35.58
35.57
35.57
35.57
35.57
35.57
35.58
35.58
35.58
35.58
35.58
35.57
35.58
35.59
35.59
35.58
35.59
35.58
35.57
35.57
35.55
35.55
35.55
35.54
35.53
35.52
35.52
35.52
35.53
35.52
35.53
35.53
35.53
35.54
35.54
35.55
35.54
35.55
35.56
35.56
35.57
35.58
35.57
35.57
35.56
35.57
35.56
35.55
35.55
35.54
35.54
35.53
35.53
35.54
35.54
35.53
35.54
35.54
35.54
35.54
35.54
35.55
35.57
35.56
35.56
35.55
35.55
35.53
35.54
35.54
35.55
35.54
35.54
35.55
35.55
35.56
35.55
35.56
35.56
35.56
35.54
35.54
35.53
35.53
35.53
35.52
35.51
35.51
35.50
35.50
35.50
35.50
35.49
35.50
35.48
35.48
35.44
