79.69
76.56
77.08
78.52
81.25
81.25
83.04
82.81
82.99
82.97
83.52
83.20
83.77
83.93
83.85
83.50
83.55
83.25
82.73
82.58
82.66
82.74
82.61
82.49
82.38
82.21
82.00
82.09
82.06
82.19
82.06
82.37
82.01
82.22
82.28
82.34
82.43
82.61
82.57
82.73
82.70
82.70
82.70
82.78
82.71
82.57
82.61
82.81
82.72
82.56
82.60
82.66
82.58
82.61
82.67
82.59
82.51
82.52
82.49
82.58
82.43
82.46
82.44
82.45
82.33
82.50
82.44
82.44
82.45
82.48
82.48
82.49
82.38
82.41
82.40
82.38
82.45
82.51
82.38
82.44
82.54
82.55
82.53
82.55
82.57
82.59
82.56
82.51
82.46
82.45
82.57
82.61
82.63
82.61
82.66
82.63
82.62
82.64
82.67
82.64
82.55
82.57
82.54
82.54
82.50
82.49
82.46
82.42
82.37
82.37
82.38
82.34
82.33
82.33
82.31
82.26
82.28
82.30
82.26
82.27
82.21
82.26
82.25
82.26
82.25
82.18
82.15
82.15
82.18
82.15
82.16
82.16
82.15
82.10
82.06
82.05
82.03
82.01
81.94
81.89
81.87
81.84
81.89
81.98
82.00
81.96
81.97
81.97
81.97
82.02
82.03
82.05
82.01
82.09
82.12
82.08
82.05
82.05
82.04
82.05
82.08
82.02
82.04
82.02
82.04
82.05
82.06
82.07
82.09
82.08
82.10
82.06
82.07
82.06
82.04
82.07
82.09
82.08
82.08
82.07
82.10
82.04
82.02
82.00
81.98
82.00
82.03
82.03
82.04
82.05
82.04
82.02
81.99
81.97
81.99
81.99
82.00
82.00
82.02
82.02
82.04
82.03
82.05
82.02
82.00
81.96
81.96
81.99
81.99
82.02
82.00
82.02
82.02
82.06
82.10
82.10
82.11
82.10
82.09
82.08
82.06
82.05
82.03
81.98
81.99
81.98
81.99
82.02
81.98
82.00
82.01
81.99
81.99
82.00
81.98
81.98
81.99
81.99
81.95
81.97
81.95
81.93
81.95
81.94
81.95
81.97
81.99
81.99
82.02
82.02
82.02
82.02
82.04
82.04
82.04
82.05
82.07
82.09
82.11
82.13
82.12
82.13
82.13
82.15
82.15
82.13
82.13
82.10
82.09
82.08
82.11
82.09
82.09
82.10
82.10
82.10
82.10
82.12
82.12
82.15
82.16
82.15
82.16
82.15
82.12
82.12
82.13
82.13
82.12
82.13
82.13
82.12
82.14
82.13
82.14
82.13
82.09
82.05
82.04
82.05
82.03
82.05
82.06
82.04
82.05
82.07
82.07
82.07
82.07
82.05
82.05
82.06
82.06
82.09
82.08
82.07
82.09
82.09
82.09
82.11
82.11
82.10
82.11
82.09
82.07
82.07
82.11
82.12
82.10
82.10
82.09
82.08
82.08
82.06
82.07
82.05
82.06
82.06
82.08
82.07
82.08
82.10
82.10
82.11
82.11
82.12
82.11
82.10
82.09
82.12
82.11
82.10
82.12
82.14
82.15
82.14
82.13
82.13
82.09
82.10
82.10
82.10
82.12
82.13
82.12
82.11
82.09
82.08
82.10
82.09
82.08
82.09
82.07
82.07
82.09
82.09
82.09
82.09
82.10
82.11
82.09
82.07
82.07
82.08
82.08
82.08
82.09
82.08
82.09
82.09
82.09
82.09
82.08
82.05
82.06
82.06
82.05
82.04
82.04
82.05
82.06
82.06
82.06
82.05
82.04
82.05
82.04
82.03
82.04
82.03
82.01
82.01
82.01
82.02
82.02
82.02
82.01
82.01
82.01
82.01
82.01
82.02
82.03
82.04
82.05
82.06
82.07
82.06
82.06
82.05
82.04
82.02
82.03
82.03
82.03
82.03
82.02
82.02
82.01
82.02
82.03
82.02
82.04
82.04
82.04
82.05
82.05
82.04
82.04
82.02
82.02
82.01
82.02
82.01
82.02
82.00
82.01
82.01
82.00
81.99
81.99
81.98
81.97
81.96
81.97
81.95
81.95
81.95
81.93
81.93
81.93
81.93
81.92
81.93
81.93
81.93
81.92
81.92
81.92
81.93
81.94
81.94
81.93
81.92
81.93
81.92
81.91
81.91
81.92
81.89
81.89
81.89
81.91
81.90
81.91
81.91
81.91
81.90
81.88
81.88
81.87
81.88
81.89
81.91
81.92
81.92
81.93
81.92
81.92
81.91
81.92
81.94
81.95
81.95
81.94
81.94
81.93
81.96
81.95
81.94
81.93
81.93
81.93
81.93
81.93
81.93
81.94
81.93
81.95
81.95
81.96
81.97
81.97
81.98
81.97
81.97
81.96
81.97
81.98
81.98
81.97
81.98
81.97
81.98
81.99
81.98
81.96
81.96
81.96
81.98
81.99
81.99
82.00
81.99
81.99
81.98
81.98
81.98
81.97
81.97
81.97
81.98
81.98
81.99
81.99
81.99
81.99
81.99
81.97
81.97
81.97
81.98
81.98
81.98
81.99
81.99
81.99
81.99
82.00
82.00
82.01
82.02
82.01
82.01
82.02
82.03
82.04
82.04
82.03
82.02
82.03
82.01
82.01
82.01
82.01
82.01
82.00
81.99
81.99
81.98
81.99
81.99
81.99
81.97
81.97
81.97
81.97
81.97
81.97
81.96
81.98
81.98
81.98
81.99
81.99
81.99
81.98
81.99
81.99
82.00
81.98
81.98
81.97
81.96
81.96
81.96
81.96
81.96
81.93
81.93
81.92
81.92
81.93
81.92
81.91
81.92
81.91
81.92
81.91
81.91
81.90
81.89
81.91
81.91
81.92
81.93
81.93
81.94
81.94
81.93
81.93
81.94
81.95
81.94
81.93
81.94
81.93
81.93
81.94
81.95
81.95
81.95
81.94
81.94
81.94
81.94
81.94
81.94
81.93
81.94
81.93
81.92
81.91
81.93
81.93
81.93
81.93
81.93
81.92
81.92
81.92
81.94
81.93
81.94
81.94
81.92
81.92
81.93
81.93
81.94
81.94
81.94
81.94
81.94
81.94
81.93
81.92
81.92
81.93
81.93
81.93
81.94
81.95
81.94
81.94
81.94
81.94
81.92
81.92
81.93
81.92
81.92
81.92
81.92
81.93
81.91
81.91
81.92
81.91
81.91
81.91
81.92
81.92
81.93
81.93
81.92
81.92
81.92
81.92
81.91
81.91
81.92
81.92
81.91
81.91
81.91
81.92
81.93
81.94
81.94
81.95
81.94
81.94
81.95
81.96
81.96
81.96
81.96
81.96
81.95
81.94
81.94
81.93
81.93
81.93
81.92
81.92
81.92
81.92
81.91
81.92
81.92
81.92
81.91
81.92
81.91
81.90
81.89
81.90
81.90
81.90
81.90
81.90
81.92
81.92
81.93
81.92
81.92
81.92
81.93
81.93
81.85
