50.00
45.31
48.96
51.95
54.69
55.73
54.24
53.71
54.34
53.91
53.12
52.86
53.00
52.68
52.50
53.22
53.49
53.12
53.04
52.97
53.20
52.91
52.79
52.73
52.44
52.28
52.20
52.29
52.26
52.08
51.81
51.71
51.61
51.70
51.88
51.78
51.90
51.85
51.92
51.91
51.75
51.86
51.82
51.99
52.12
51.97
51.86
51.86
51.98
52.09
51.69
51.77
51.83
51.71
51.88
51.93
51.95
51.94
52.01
51.85
52.13
52.07
52.13
52.10
52.12
52.13
52.22
52.23
52.31
52.37
52.44
52.45
52.48
52.41
52.33
52.38
52.29
52.30
52.25
52.36
52.33
52.36
52.30
52.33
52.37
52.43
52.57
52.50
52.46
52.40
52.28
52.29
52.17
52.11
52.07
52.03
52.00
52.04
52.07
52.06
52.12
52.11
52.11
52.03
52.07
52.05
52.02
52.04
52.01
52.05
52.13
52.09
52.05
52.03
52.02
52.03
51.92
51.85
51.89
51.88
51.86
51.95
51.82
51.89
51.90
51.98
51.98
51.98
51.88
51.81
51.88
51.91
51.86
51.88
51.85
51.90
51.89
51.86
51.91
51.94
51.99
52.04
52.00
51.96
52.02
52.02
52.06
52.02
51.99
52.03
52.05
52.03
52.06
52.09
52.09
52.13
52.14
52.15
52.11
52.03
52.04
52.09
52.09
52.07
52.01
52.03
52.01
52.03
51.98
51.99
51.95
51.91
51.91
51.99
52.06
52.01
52.05
52.08
52.14
52.20
52.18
52.19
52.15
52.10
52.09
52.11
52.14
52.09
52.09
52.12
52.08
52.10
52.08
52.01
52.00
52.00
51.97
51.97
52.02
52.02
52.07
52.04
52.06
52.08
52.04
52.06
52.03
51.99
51.94
51.92
51.91
51.94
51.97
51.96
51.98
51.98
51.95
51.91
51.93
51.95
51.97
51.93
51.95
51.93
51.97
51.97
51.98
51.95
51.94
51.94
51.95
51.98
51.98
51.98
51.97
51.97
51.98
51.98
52.01
52.04
52.01
52.01
51.99
52.03
52.06
52.08
52.10
52.04
52.00
52.04
52.06
52.03
52.01
51.99
51.99
51.99
52.00
51.99
51.99
51.98
51.96
51.96
51.97
51.96
51.97
51.99
52.00
52.03
52.06
52.06
52.05
52.07
52.09
52.09
52.06
52.06
52.06
52.11
52.08
52.09
52.06
52.03
52.06
52.04
52.06
52.05
52.06
52.06
52.05
52.05
52.06
52.09
52.12
52.10
52.13
52.16
52.19
52.21
52.21
52.24
52.19
52.21
52.20
52.23
52.22
52.19
52.20
52.23
52.22
52.23
52.25
52.23
52.22
52.18
52.20
52.21
52.22
52.22
52.22
52.24
52.24
52.22
52.24
52.25
52.27
52.24
52.26
52.28
52.29
52.31
52.29
52.28
52.28
52.27
52.27
52.27
52.28
52.24
52.24
52.22
52.24
52.22
52.23
52.23
52.26
52.27
52.24
52.22
52.23
52.21
52.20
52.22
52.24
52.24
52.24
52.26
52.27
52.26
52.27
52.31
52.29
52.27
52.27
52.27
52.29
52.31
52.29
52.31
52.29
52.30
52.28
52.28
52.30
52.32
52.35
52.35
52.36
52.35
52.34
52.34
52.34
52.34
52.34
52.32
52.32
52.30
52.29
52.30
52.30
52.29
52.27
52.26
52.27
52.26
52.25
52.25
52.27
52.29
52.28
52.27
52.25
52.24
52.24
52.27
52.29
52.28
52.27
52.27
52.27
52.28
52.28
52.29
52.32
52.34
52.33
52.31
52.33
52.33
52.34
52.34
52.34
52.33
52.35
52.34
52.32
52.29
52.32
52.35
52.37
52.39
52.40
52.38
52.37
52.36
52.34
52.32
52.32
52.32
52.30
52.32
52.31
52.32
52.33
52.31
52.30
52.33
52.31
52.31
52.31
52.30
52.30
52.29
52.29
52.28
52.29
52.30
52.29
52.29
52.30
52.30
52.27
52.30
52.29
52.28
52.26
52.26
52.26
52.25
52.25
52.23
52.23
52.21
52.20
52.22
52.18
52.19
52.19
52.20
52.19
52.19
52.19
52.19
52.19
52.15
52.17
52.17
52.18
52.19
52.20
52.20
52.21
52.22
52.21
52.20
52.19
52.21
52.21
52.20
52.19
52.18
52.19
52.16
52.17
52.17
52.18
52.19
52.21
52.21
52.22
52.21
52.21
52.21
52.20
52.19
52.19
52.18
52.17
52.17
52.17
52.17
52.16
52.16
52.16
52.16
52.15
52.15
52.14
52.14
52.16
52.16
52.17
52.16
52.17
52.16
52.16
52.15
52.14
52.14
52.15
52.14
52.13
52.14
52.14
52.13
52.14
52.15
52.13
52.13
52.14
52.13
52.15
52.14
52.12
52.14
52.15
52.17
52.15
52.14
52.13
52.13
52.13
52.11
52.11
52.12
52.11
52.11
52.12
52.13
52.14
52.15
52.15
52.14
52.13
52.15
52.15
52.15
52.15
52.14
52.13
52.12
52.10
52.09
52.09
52.08
52.07
52.05
52.04
52.05
52.06
52.04
52.04
52.05
52.05
52.07
