46.88
45.31
45.31
45.70
45.31
47.14
46.88
47.27
46.88
46.25
45.88
45.31
45.19
45.09
44.79
44.53
44.76
45.05
45.15
45.78
45.76
45.38
45.18
44.92
44.94
44.89
44.56
44.48
44.83
44.79
44.91
44.68
44.22
44.49
44.60
44.53
44.51
44.37
44.63
44.69
44.51
44.68
44.51
44.74
44.65
44.53
44.48
44.63
44.74
44.69
44.42
44.35
44.34
44.39
44.43
44.53
44.49
44.67
44.68
44.77
44.77
44.91
44.89
44.97
44.93
44.86
44.68
44.72
44.72
44.64
44.70
44.81
44.84
44.87
44.81
44.70
44.72
44.71
44.76
44.82
44.79
44.80
44.80
44.77
44.80
44.82
44.97
45.06
45.01
44.91
44.88
44.82
44.93
45.00
44.90
44.89
44.88
44.91
44.81
44.84
44.82
44.84
44.81
44.80
44.79
44.83
44.79
44.88
44.93
45.04
45.03
45.05
44.94
45.01
45.04
45.08
45.14
45.09
45.14
45.07
44.95
44.97
44.98
44.97
44.96
44.89
44.92
45.00
45.01
44.99
45.01
45.00
45.03
44.97
44.98
44.99
44.95
44.90
44.95
44.97
44.96
44.96
44.94
44.90
44.89
44.83
44.81
44.87
44.80
44.74
44.73
44.81
44.76
44.72
44.73
44.70
44.70
44.67
44.62
44.66
44.68
44.61
44.61
44.63
44.62
44.59
44.53
44.54
44.55
44.59
44.63
44.66
44.72
44.76
44.72
44.73
44.63
44.64
44.63
44.65
44.68
44.69
44.66
44.69
44.65
44.68
44.69
44.69
44.68
44.68
44.68
44.65
44.62
44.68
44.73
44.74
44.73
44.78
44.75
44.73
44.76
44.74
44.76
44.73
44.70
44.66
44.68
44.66
44.68
44.70
44.68
44.70
44.72
44.69
44.67
44.67
44.66
44.65
44.63
44.64
44.60
44.63
44.70
44.70
44.66
44.65
44.62
44.57
44.54
44.59
44.59
44.53
44.53
44.49
44.45
44.43
44.41
44.41
44.45
44.39
44.38
44.42
44.44
44.42
44.39
44.42
44.40
44.43
44.47
44.46
44.47
44.41
44.42
44.39
44.42
44.40
44.41
44.39
44.41
44.39
44.38
44.41
44.44
44.48
44.51
44.49
44.49
44.50
44.50
44.50
44.51
44.50
44.52
44.50
44.54
44.55
44.55
44.56
44.59
44.54
44.56
44.55
44.52
44.53
44.57
44.56
44.50
44.51
44.52
44.52
44.52
44.52
44.53
44.52
44.50
44.48
44.50
44.49
44.48
44.51
44.48
44.45
44.45
44.40
44.41
44.42
44.42
44.44
44.46
44.49
44.52
44.50
44.51
44.51
44.51
44.52
44.53
44.56
44.55
44.56
44.54
44.55
44.56
44.55
44.53
44.55
44.52
44.56
44.57
44.56
44.55
44.55
44.55
44.56
44.56
44.57
44.58
44.59
44.58
44.55
44.54
44.53
44.52
44.51
44.53
44.54
44.57
44.57
44.58
44.59
44.59
44.58
44.57
44.56
44.56
44.55
44.52
44.50
44.49
44.51
44.52
44.50
44.49
44.49
44.51
44.51
44.50
44.49
44.52
44.51
44.50
44.53
44.54
44.53
44.56
44.54
44.54
44.54
44.55
44.54
44.53
44.52
44.50
44.47
44.47
44.48
44.47
44.49
44.49
44.46
44.45
44.44
44.45
44.45
44.45
44.46
44.43
44.40
44.36
44.36
44.39
44.39
44.42
44.42
44.41
44.42
44.41
44.41
44.42
44.42
44.42
44.43
44.43
44.43
44.43
44.42
44.40
44.39
44.41
44.42
44.43
44.41
44.40
44.38
44.38
44.38
44.39
44.36
44.37
44.35
44.36
44.37
44.37
44.37
44.39
44.39
44.39
44.42
44.42
44.44
44.45
44.47
44.48
44.49
44.48
44.48
44.46
44.46
44.46
44.47
44.46
44.45
44.46
44.46
44.45
44.43
44.43
44.44
44.45
44.45
44.43
44.42
44.45
44.45
44.42
44.42
44.41
44.42
44.43
44.45
44.45
44.46
44.43
44.43
44.43
44.43
44.43
44.43
44.43
44.44
44.45
44.44
44.43
44.43
44.45
44.43
44.42
44.41
44.41
44.41
44.43
44.44
44.45
44.45
44.45
44.45
44.44
44.46
44.46
44.45
44.47
44.46
44.46
44.43
44.43
44.42
44.43
44.44
44.43
44.44
44.44
44.43
44.42
44.41
44.42
44.43
44.41
44.42
44.41
44.42
44.43
44.42
44.41
44.41
44.38
44.38
44.39
44.41
44.43
44.42
44.42
44.44
44.43
44.41
44.43
44.44
44.40
44.42
44.41
44.39
44.41
44.41
44.39
44.40
44.40
44.41
44.41
44.42
44.41
44.41
44.42
44.42
44.40
44.38
44.38
44.37
44.36
44.38
44.37
44.36
44.35
44.36
44.37
44.39
44.39
44.39
44.40
44.40
44.38
44.40
44.41
44.41
44.42
44.43
44.39
44.41
44.39
44.40
44.41
44.38
44.37
44.36
44.36
44.36
44.36
44.36
44.35
44.33
44.34
44.35
44.35
44.35
44.35
44.33
44.34
44.34
44.35
44.34
44.34
44.35
44.35
44.33
44.35
44.35
44.36
44.36
44.38
44.38
44.38
44.38
44.36
44.35
44.37
44.37
44.37
44.37
44.38
44.36
44.37
44.37
44.39
44.38
44.37
44.38
44.36
44.36
44.38
44.38
44.37
44.35
44.36
44.35
44.34
44.34
44.36
44.36
44.35
44.36
44.36
44.37
44.36
44.37
44.36
44.38
44.38
44.39
44.38
44.36
44.36
44.36
44.35
44.34
44.32
44.32
44.33
44.34
44.35
44.37
44.37
44.37
44.37
44.38
44.39
44.38
44.39
44.38
44.38
44.39
44.39
44.38
44.38
44.36
44.36
44.37
44.36
44.36
44.37
44.38
44.38
44.40
44.40
44.40
44.38
44.38
44.36
44.35
44.35
44.35
44.35
44.37
44.38
44.38
44.39
44.37
44.38
44.38
44.39
44.40
44.39
44.41
44.41
44.42
44.42
44.41
44.42
44.44
44.44
44.45
44.43
44.42
44.42
44.43
44.43
44.42
44.42
44.42
44.41
44.42
44.43
44.42
44.42
44.42
44.42
44.42
44.42
44.43
44.42
44.41
44.41
44.41
44.40
44.39
44.40
44.39
44.39
44.40
44.39
44.38
44.40
44.39
44.38
44.38
44.38
44.38
44.38
44.39
44.39
44.40
44.42
44.42
44.41
44.42
44.42
44.41
44.41
44.40
44.41
44.41
44.41
44.41
44.40
44.39
44.37
44.37
44.38
44.37
44.39
44.40
44.39
44.39
44.40
44.41
44.40
44.39
44.40
44.40
44.42
44.41
44.42
44.43
44.43
44.40
