28.12
28.12
26.56
28.52
25.94
25.78
26.12
25.98
25.87
25.31
25.71
25.26
24.64
24.78
24.58
24.90
24.91
25.00
24.75
24.69
25.00
24.79
25.00
25.07
24.88
25.00
25.12
25.22
25.16
25.31
25.45
25.73
25.62
26.15
26.25
26.17
26.44
26.36
26.48
26.48
26.52
26.56
26.34
26.35
26.35
26.49
26.50
26.56
26.59
26.78
26.78
26.98
26.92
26.94
27.02
27.04
26.95
26.97
26.77
26.87
27.00
27.12
27.21
27.20
27.24
27.15
27.15
27.05
26.95
26.90
26.87
26.84
26.88
26.98
27.04
26.87
26.91
26.80
26.82
26.87
26.93
26.83
26.86
26.90
26.95
26.96
26.85
26.79
26.79
26.82
26.80
26.85
26.75
26.85
26.87
26.82
26.87
26.88
26.91
26.91
26.87
26.90
26.94
26.94
26.92
26.93
26.97
26.94
26.94
26.92
26.86
26.79
26.74
26.78
26.71
26.72
26.82
26.76
26.75
26.71
26.68
26.69
26.66
26.59
26.65
26.66
26.64
26.57
26.51
26.51
26.55
26.59
26.64
26.61
26.60
26.55
26.54
26.54
26.53
26.47
26.45
26.42
26.39
26.38
26.34
26.33
26.32
26.28
26.22
26.21
26.19
26.14
26.16
26.14
26.12
26.14
26.18
26.18
26.15
26.13
26.14
26.15
26.11
26.11
26.07
26.11
26.09
26.07
26.05
26.09
26.12
26.21
26.24
26.22
26.25
26.23
26.22
26.18
26.13
26.20
26.11
26.12
26.08
26.10
26.07
26.08
26.05
26.05
26.05
26.04
26.00
25.99
26.02
26.05
26.05
26.10
26.12
26.10
26.08
26.06
26.06
26.11
26.11
26.11
26.11
26.12
26.15
26.17
26.13
26.14
26.13
26.13
26.08
26.06
26.04
26.05
26.02
26.00
26.04
26.02
26.05
26.05
26.06
26.05
26.07
26.06
26.04
26.04
26.08
26.06
26.06
26.01
26.01
26.01
26.00
26.00
25.99
26.02
26.03
26.05
26.03
26.01
26.03
26.02
26.03
26.00
25.97
25.97
25.95
25.96
25.96
25.97
25.98
26.01
26.02
25.99
26.00
26.05
26.07
26.06
26.06
26.07
26.05
26.08
26.08
26.08
26.08
26.14
26.14
26.14
26.16
26.14
26.17
26.17
26.16
26.17
26.18
26.19
26.20
26.20
26.20
26.20
26.19
26.17
26.13
26.13
26.12
26.12
26.15
26.14
26.14
26.14
26.16
26.16
26.18
26.20
26.20
26.23
26.24
26.24
26.25
26.25
26.23
26.24
26.23
26.22
26.20
26.20
26.21
26.20
26.17
26.19
26.19
26.18
26.18
26.20
26.19
26.17
26.16
26.14
26.18
26.19
26.18
26.18
26.16
26.19
26.18
26.17
26.19
26.17
26.16
26.16
26.14
26.13
26.10
26.13
26.11
26.10
26.11
26.11
26.12
26.11
26.12
26.11
26.12
26.12
26.13
26.10
26.08
26.08
26.09
26.13
26.15
26.13
26.13
26.15
26.14
26.14
26.11
26.10
26.11
26.12
26.11
26.12
26.11
26.10
26.08
26.06
26.06
26.04
26.05
26.05
26.06
26.06
26.05
26.04
26.04
26.03
26.02
26.00
26.00
26.00
25.99
26.00
26.01
25.98
26.00
26.01
26.03
26.07
26.07
26.05
26.08
26.10
26.10
26.10
26.11
26.11
26.09
26.11
26.15
26.15
26.16
26.16
26.16
26.16
26.17
26.18
26.21
26.23
26.23
26.22
26.21
26.21
26.22
26.22
26.22
26.24
26.24
26.22
26.24
26.24
26.26
26.24
26.23
26.23
26.24
26.24
26.25
26.24
26.23
26.24
26.25
26.25
26.24
26.24
26.21
26.21
26.19
26.21
26.19
26.21
26.20
26.21
26.20
26.21
26.21
26.21
26.20
26.20
26.20
26.18
26.18
26.18
26.18
26.19
26.19
26.17
26.17
26.17
26.18
26.22
26.23
26.22
26.22
26.21
26.21
26.21
26.20
26.20
26.20
26.19
26.17
26.15
26.16
26.17
26.17
26.15
26.15
26.15
26.14
26.12
26.12
26.12
26.12
26.11
26.13
26.14
26.13
26.14
26.11
26.09
26.09
26.07
26.07
26.05
26.04
26.02
26.03
26.03
26.01
26.01
26.02
26.02
26.02
26.02
26.02
26.00
25.99
25.97
25.97
25.97
25.96
25.97
25.97
25.98
25.99
25.99
25.98
26.00
26.00
25.99
26.02
26.03
26.05
26.04
26.06
26.03
26.04
26.05
26.06
26.06
26.06
26.05
26.05
26.05
26.04
26.05
26.06
26.06
26.05
26.06
26.06
26.06
26.05
26.06
26.06
26.09
26.09
26.09
26.10
26.12
26.12
26.11
26.10
26.09
26.08
26.07
26.08
26.08
26.10
26.11
26.11
26.11
26.10
26.09
26.09
26.10
26.10
26.11
26.09
26.08
26.09
26.09
26.10
26.11
26.11
26.12
26.11
26.12
26.11
26.10
26.10
26.11
26.10
26.10
26.11
26.10
26.11
26.09
26.09
26.09
26.08
26.07
26.08
26.07
26.07
26.07
26.07
26.08
26.07
26.07
26.07
26.05
26.03
26.03
26.03
26.02
26.01
26.02
26.02
26.01
26.01
26.02
26.02
26.03
26.04
26.04
26.05
26.04
26.05
26.05
26.04
26.03
26.04
26.04
26.04
26.03
26.02
26.03
26.02
26.03
26.02
26.01
26.01
26.00
25.99
26.00
26.00
25.99
25.99
25.99
