75.00
75.78
75.00
76.17
78.44
79.43
79.91
79.88
80.03
80.94
80.97
81.12
80.77
80.47
80.52
81.15
81.43
81.60
81.83
81.88
81.77
82.03
82.00
81.90
81.81
81.79
81.66
81.53
81.57
81.46
81.60
81.64
81.44
81.43
81.38
81.34
81.12
81.04
81.17
81.09
81.21
81.25
81.18
81.29
81.39
81.45
81.45
81.54
81.41
81.34
81.40
81.49
81.49
81.51
81.51
81.45
81.50
81.65
81.62
81.69
81.74
81.78
81.87
81.81
81.80
81.84
81.81
81.92
81.91
81.90
81.78
81.86
81.79
81.80
81.73
81.74
81.66
81.69
81.59
81.70
81.71
81.63
81.55
81.62
81.65
81.65
81.57
81.57
81.53
81.49
81.56
81.59
81.59
81.57
81.58
81.56
81.52
81.51
81.53
81.58
81.53
81.54
81.49
81.52
81.43
81.41
81.41
81.41
81.41
81.39
81.39
81.40
81.42
81.41
81.44
81.44
81.44
81.45
81.43
81.46
81.55
81.51
81.54
81.58
81.60
81.63
81.64
81.64
81.63
81.61
81.61
81.59
81.59
81.55
81.52
81.51
81.54
81.57
81.51
81.51
81.55
81.56
81.58
81.59
81.59
81.65
81.69
81.73
81.68
81.72
81.67
81.67
81.64
81.66
81.65
81.61
81.50
81.47
81.49
81.47
81.44
81.42
81.42
81.41
81.44
81.38
81.39
81.42
81.43
81.41
81.38
81.39
81.31
81.32
81.32
81.36
81.36
81.41
81.42
81.41
81.41
81.44
81.48
81.51
81.56
81.57
81.57
81.53
81.53
81.52
81.50
81.46
81.48
81.49
81.52
81.52
81.53
81.53
81.49
81.47
81.45
81.48
81.47
81.50
81.51
81.52
81.48
81.47
81.46
81.47
81.47
81.49
81.47
81.44
81.48
81.52
81.50
81.50
81.51
81.51
81.50
81.48
81.50
81.49
81.47
81.45
81.46
81.48
81.48
81.48
81.46
81.47
81.46
81.44
81.44
81.47
81.51
81.49
81.48
81.46
81.44
81.44
81.45
81.45
81.49
81.50
81.48
81.48
81.48
81.47
81.47
81.51
81.52
81.51
81.50
81.52
81.54
81.53
81.53
81.56
81.56
81.55
81.55
81.53
81.56
81.55
81.55
81.54
81.52
81.52
81.51
81.51
81.50
81.49
81.48
81.47
81.46
81.45
81.42
81.43
81.45
81.47
81.48
81.44
81.45
81.46
81.44
81.42
81.41
81.38
81.39
81.37
81.37
81.35
81.39
81.39
81.37
81.38
81.37
81.35
81.34
81.33
81.30
81.28
81.28
81.26
81.28
81.27
81.24
81.23
81.24
81.25
81.27
81.27
81.27
81.27
81.26
81.26
81.27
81.27
81.28
81.29
81.29
81.31
81.32
81.29
81.33
81.33
81.33
81.33
81.33
81.29
81.33
81.32
81.32
81.33
81.32
81.34
81.31
81.31
81.32
81.33
81.35
81.36
81.35
81.34
81.35
81.36
81.38
81.38
81.39
81.41
81.42
81.42
81.41
81.43
81.43
81.42
81.44
81.43
81.45
81.45
81.44
81.46
81.46
81.44
81.44
81.40
81.41
81.42
81.41
81.43
81.44
81.44
81.43
81.45
81.43
81.42
81.44
81.46
81.46
81.47
81.46
81.47
81.49
81.49
81.50
81.49
81.48
81.49
81.49
81.48
81.48
81.48
81.48
81.47
81.45
81.43
81.43
81.45
81.46
81.46
81.46
81.46
81.44
81.45
81.43
81.45
81.46
81.46
81.47
81.45
81.45
81.44
81.44
81.47
81.46
81.45
81.46
81.46
81.45
81.45
81.45
81.46
81.46
81.48
81.49
81.51
81.51
81.49
81.49
81.49
81.49
81.50
81.51
81.49
81.50
81.52
81.52
81.52
81.53
81.53
81.52
81.51
81.52
81.53
81.52
81.51
81.51
81.50
81.52
81.53
81.55
81.53
81.54
81.51
81.51
81.52
81.52
81.50
81.50
81.51
81.52
81.51
81.50
81.51
81.51
81.50
81.51
81.51
81.52
81.52
81.53
81.52
81.51
81.53
81.54
81.54
81.53
81.53
81.54
81.54
81.55
81.55
81.56
81.56
81.56
81.54
81.56
81.56
81.55
81.54
81.54
81.55
81.54
81.53
81.54
81.54
81.55
81.56
81.57
81.57
81.55
81.55
81.55
81.57
81.58
81.59
81.60
81.59
81.59
81.59
81.59
81.60
81.60
81.61
81.62
81.61
81.62
81.62
81.63
81.64
81.66
81.65
81.65
81.66
81.65
81.66
81.66
81.64
81.63
81.64
81.65
81.65
81.64
81.65
81.65
81.64
81.62
81.61
81.61
81.61
81.60
81.59
81.59
81.59
81.60
81.59
81.59
81.59
81.59
81.58
81.59
81.59
81.59
81.58
81.60
81.61
81.60
81.60
81.59
81.59
81.58
81.60
81.59
81.57
81.57
81.57
81.55
81.55
81.55
81.54
81.55
81.55
81.55
81.55
81.56
81.57
81.56
81.55
81.56
81.56
81.54
81.54
81.55
81.55
81.57
81.57
81.57
81.57
81.57
81.59
81.57
81.57
81.57
81.58
81.57
81.57
81.57
81.57
81.55
81.55
81.55
81.54
81.55
81.56
81.57
81.57
81.57
81.57
81.58
81.58
81.60
81.59
81.60
81.61
81.62
81.63
81.64
81.63
81.62
81.63
81.63
81.64
81.63
81.64
81.64
81.64
81.65
81.66
81.66
81.66
81.66
81.66
81.66
81.68
81.68
81.69
81.68
81.67
81.66
81.67
81.66
81.66
81.66
81.68
81.68
81.68
81.68
81.68
81.68
81.67
81.67
81.65
81.67
81.68
81.68
81.66
81.66
81.66
81.66
81.66
81.67
81.66
81.65
81.66
81.66
81.66
81.68
81.67
81.68
81.68
81.68
81.69
81.69
81.69
81.71
81.71
81.72
81.72
81.73
81.74
81.73
81.73
81.75
81.74
81.74
81.75
81.74
81.75
81.75
81.74
81.74
81.74
81.74
81.73
81.74
81.74
81.74
81.74
81.73
81.72
81.71
81.71
81.70
81.70
81.69
81.69
81.68
81.67
81.68
81.66
81.67
81.67
81.66
81.66
81.67
81.66
81.67
81.68
81.67
81.67
81.68
81.67
81.67
81.68
81.68
81.68
81.69
81.69
81.70
81.70
81.70
81.71
81.70
81.70
81.70
81.71
81.72
81.72
81.72
81.73
81.72
81.72
81.71
81.71
81.70
81.70
81.70
81.69
81.69
81.69
81.70
81.70
81.70
81.70
81.70
81.70
81.71
81.70
81.70
81.70
81.70
81.70
81.71
81.70
81.71
81.71
81.71
81.70
81.72
81.72
81.72
81.72
81.73
81.72
81.74
81.74
81.75
81.75
81.75
81.68
