39.06
38.28
38.54
39.06
40.31
39.58
39.29
39.45
39.41
40.31
39.49
39.19
40.14
40.07
40.31
39.94
39.80
39.06
39.23
39.69
39.51
39.35
39.74
39.91
40.06
39.54
39.99
39.73
39.49
39.79
39.47
39.94
40.01
39.61
39.51
39.32
39.36
39.39
39.26
39.26
39.25
39.36
39.43
39.38
39.48
39.81
39.99
40.04
39.89
39.75
39.74
39.78
39.65
39.76
39.97
39.82
39.80
39.57
39.57
39.38
39.29
39.34
39.34
39.40
39.25
39.18
38.99
38.92
38.84
38.84
38.89
38.89
38.78
38.77
38.75
38.75
38.66
38.64
38.63
38.59
38.66
38.72
38.70
38.80
38.88
38.90
38.90
38.88
38.92
38.98
38.91
38.88
38.84
38.90
38.88
38.87
38.90
38.92
38.89
38.83
38.89
38.82
38.91
38.94
38.82
38.72
38.65
38.59
38.68
38.64
38.64
38.71
38.68
38.71
38.72
38.64
38.65
38.53
38.56
38.63
38.56
38.50
38.47
38.33
38.25
38.19
38.23
38.29
38.28
38.25
38.20
38.12
38.06
38.06
38.10
38.15
38.12
38.16
38.17
38.25
38.23
38.28
38.29
38.34
38.35
38.33
38.41
38.44
38.50
38.47
38.43
38.47
38.48
38.53
38.48
38.44
38.41
38.39
38.32
38.24
38.19
38.21
38.24
38.25
38.29
38.29
38.32
38.29
38.27
38.30
38.24
38.23
38.23
38.21
38.21
38.14
38.18
38.16
38.13
38.13
38.16
38.14
38.11
38.07
38.02
38.01
37.99
37.99
37.99
38.03
38.06
38.05
38.00
37.98
37.92
37.89
37.89
37.93
37.91
37.93
37.94
37.92
37.95
37.92
37.92
37.92
37.96
37.97
37.97
37.94
37.92
37.90
37.85
37.90
37.88
37.89
37.89
37.89
37.85
37.81
37.86
37.87
37.88
37.93
37.91
37.92
37.90
37.89
37.90
37.96
37.94
37.92
37.90
37.87
37.91
37.92
37.91
37.89
37.83
37.82
37.78
37.73
37.69
37.67
37.70
37.70
37.69
37.73
37.71
37.68
37.66
37.69
37.69
37.65
37.68
37.73
37.74
37.77
37.75
37.72
37.76
37.77
37.75
37.72
37.75
37.76
37.78
37.77
37.75
37.79
37.85
37.88
37.89
37.87
37.91
37.88
37.89
37.89
37.88
37.87
37.87
37.88
37.82
37.82
37.82
37.82
37.80
37.79
37.79
37.77
37.79
37.82
37.80
37.81
37.84
37.84
37.83
37.84
37.86
37.86
37.87
37.88
37.88
37.89
37.86
37.84
37.86
37.86
37.83
37.82
37.81
37.80
37.83
37.80
37.83
37.83
37.84
37.87
37.86
37.88
37.89
37.90
37.88
37.87
37.87
37.86
37.85
37.83
37.86
37.84
37.83
37.82
37.84
37.85
37.84
37.84
37.84
37.83
37.85
37.84
37.86
37.85
37.84
37.82
37.79
37.79
37.81
37.80
37.78
37.79
37.77
37.79
37.81
37.81
37.79
37.77
37.76
37.76
37.77
37.77
37.75
37.77
37.74
37.76
37.77
37.79
37.78
37.80
37.78
37.75
37.77
37.78
37.78
37.82
37.79
37.82
37.81
37.82
37.82
37.82
37.82
37.82
37.83
37.85
37.84
37.83
37.82
37.84
37.86
37.82
37.81
37.81
37.81
37.82
37.83
37.82
37.85
37.87
37.88
37.90
37.91
37.88
37.88
37.87
37.87
37.87
37.85
37.83
37.82
37.82
37.80
37.78
37.79
37.76
37.76
37.76
37.76
37.75
37.73
37.71
37.68
37.67
37.67
37.69
37.67
37.68
37.66
37.66
37.67
37.67
37.68
37.65
37.66
37.67
37.67
37.67
37.66
37.67
37.65
37.65
37.62
37.62
37.61
37.61
37.60
37.59
37.60
37.59
37.59
37.58
37.58
37.58
37.56
37.58
37.57
37.58
37.58
37.56
37.55
37.54
37.54
37.54
37.54
37.53
37.53
37.50
37.51
37.50
37.52
37.51
37.50
37.48
37.48
37.49
37.47
37.47
37.48
37.48
37.49
37.49
37.48
37.47
37.46
37.47
37.48
37.49
37.51
37.51
37.50
37.47
37.46
37.48
37.49
37.50
37.49
37.47
37.48
37.46
37.46
37.46
37.46
37.47
37.48
37.48
37.46
37.46
37.48
37.48
37.48
37.48
37.48
37.48
37.50
37.50
37.49
37.49
37.51
37.52
37.51
37.52
37.52
37.53
37.52
37.53
37.51
37.51
37.51
37.50
37.49
37.50
37.50
37.49
37.50
37.50
37.51
37.51
37.49
37.49
37.47
37.47
37.47
37.47
37.48
37.49
37.49
37.49
37.47
37.47
37.47
37.48
37.48
37.48
37.47
37.47
37.45
37.45
37.45
37.45
37.46
37.47
37.46
37.46
37.46
37.46
37.45
37.46
37.45
37.45
37.44
37.46
37.45
37.45
37.44
37.44
37.45
37.45
37.42
37.42
37.42
37.42
37.42
37.40
37.40
37.40
37.40
37.39
37.38
37.36
37.36
37.36
37.35
37.35
37.35
37.34
37.34
37.33
37.32
37.34
37.36
37.35
37.34
37.37
37.37
37.37
37.37
37.38
37.40
37.41
37.40
37.39
37.40
37.38
37.38
37.38
37.37
37.36
37.35
37.35
37.35
37.33
37.32
37.33
37.32
37.32
37.34
37.35
37.35
37.36
37.37
37.35
37.37
37.37
37.36
37.36
37.37
37.37
37.37
37.36
37.34
37.34
37.33
37.34
37.34
37.33
37.34
37.34
37.34
37.34
37.34
37.33
37.33
37.34
37.35
37.36
37.34
37.34
37.34
37.34
37.35
37.35
37.35
37.35
37.35
37.33
37.32
37.30
37.29
37.29
37.29
37.31
37.32
37.31
37.32
37.33
37.35
37.35
37.35
37.35
37.34
37.35
37.34
37.36
37.36
37.36
37.36
37.36
37.35
37.36
37.35
37.35
37.35
37.36
37.36
37.36
37.36
37.36
37.35
37.36
37.37
37.36
37.35
37.36
37.35
37.34
37.34
37.33
37.33
37.32
37.33
37.33
37.33
37.34
37.33
37.33
37.34
37.36
37.36
37.38
37.38
37.37
37.36
37.36
37.35
37.35
37.36
37.36
37.35
37.34
37.34
37.34
37.33
37.33
37.33
37.34
37.33
37.32
37.34
37.34
37.34
37.33
37.32
37.32
37.33
37.33
37.31
37.31
37.30
37.31
37.32
37.32
37.32
37.32
37.33
37.34
37.35
37.34
37.35
37.34
37.34
37.35
37.34
37.34
37.34
37.34
37.33
37.33
37.33
37.34
37.35
37.36
37.35
37.33
37.33
37.32
37.32
37.32
37.33
37.33
37.33
37.34
37.35
37.32
