46.88
46.88
44.27
43.75
42.50
43.49
43.08
43.16
44.10
44.53
44.18
44.14
44.35
44.31
43.75
43.85
44.21
44.01
43.83
44.22
44.42
44.46
44.63
44.40
44.12
43.93
43.75
43.42
43.10
42.71
42.84
42.97
42.61
42.92
43.30
43.27
43.50
43.54
43.59
43.59
43.71
43.53
43.42
43.57
43.68
43.51
43.65
43.78
43.62
43.66
43.75
43.63
43.78
43.84
43.81
43.67
43.72
43.53
43.64
43.54
43.49
43.57
43.55
43.51
43.65
43.66
43.75
43.73
43.77
43.75
43.75
43.68
43.49
43.43
43.35
43.42
43.38
43.49
43.55
43.48
43.61
43.67
43.62
43.66
43.69
43.64
43.62
43.55
43.59
43.70
43.66
43.56
43.57
43.58
43.55
43.60
43.59
43.46
43.40
43.25
43.24
43.28
43.19
43.18
43.14
43.15
43.20
43.19
43.21
43.21
43.24
43.22
43.14
43.16
43.08
43.08
43.04
43.10
43.12
43.11
43.09
43.02
43.05
43.03
42.97
42.92
42.88
42.87
42.91
42.86
42.93
42.85
42.85
42.79
42.75
42.74
42.73
42.80
42.87
42.90
42.91
43.00
43.02
43.02
42.98
42.95
42.91
42.87
42.88
42.91
42.86
42.84
42.86
42.85
42.82
42.80
42.73
42.72
42.71
42.72
42.79
42.85
42.87
42.85
42.85
42.89
42.89
42.88
42.82
42.86
42.84
42.84
42.87
42.81
42.82
42.80
42.77
42.76
42.75
42.81
42.81
42.87
42.90
42.90
42.89
42.95
42.96
42.89
42.83
42.78
42.84
42.83
42.81
42.82
42.83
42.78
42.73
42.71
42.71
42.73
42.72
42.71
42.75
42.75
42.75
42.78
42.74
42.74
42.76
42.78
42.78
42.78
42.72
42.74
42.76
42.78
42.76
42.71
42.67
42.64
42.65
42.68
42.73
42.78
42.75
42.74
42.70
42.74
42.79
42.81
42.81
42.86
42.82
42.84
42.87
42.85
42.82
42.81
42.80
42.78
42.80
42.79
42.73
42.76
42.77
42.77
42.76
42.75
42.78
42.78
42.77
42.75
42.77
42.74
42.76
42.77
42.81
42.79
42.77
42.76
42.80
42.80
42.82
42.84
42.82
42.83
42.80
42.79
42.81
42.81
42.83
42.81
42.83
42.83
42.83
42.83
42.84
42.83
42.83
42.83
42.82
42.80
42.79
42.79
42.76
42.74
42.72
42.66
42.67
42.72
42.75
42.75
42.76
42.76
42.77
42.74
42.77
42.75
42.79
42.81
42.82
42.81
42.83
42.85
42.86
42.86
42.86
42.86
42.85
42.84
42.83
42.79
42.79
42.78
42.76
42.77
42.76
42.73
42.73
42.74
42.72
42.73
42.72
42.73
42.73
42.70
42.69
42.69
42.68
42.69
42.65
42.61
42.62
42.60
42.64
42.64
42.67
42.66
42.70
42.69
42.68
42.69
42.67
42.67
42.64
42.64
42.62
42.60
42.58
42.58
42.61
42.60
42.59
42.59
42.58
42.58
42.57
42.57
42.56
42.56
42.53
42.54
42.54
42.52
42.50
42.49
42.51
42.51
42.51
42.52
42.49
42.47
42.47
42.49
42.50
42.48
42.48
42.48
42.48
42.49
42.48
42.46
42.47
42.44
42.45
42.47
42.49
42.51
42.46
42.47
42.47
42.48
42.50
42.48
42.45
42.45
42.47
42.46
42.46
42.46
42.47
42.44
42.45
42.48
42.51
42.49
42.51
42.52
42.52
42.53
42.51
42.52
42.51
42.50
42.50
42.49
42.50
42.51
42.53
42.52
42.51
42.52
42.56
42.57
42.56
42.59
42.60
42.63
42.63
42.67
42.66
42.66
42.66
42.66
42.67
42.66
42.66
42.63
42.63
42.62
42.61
42.59
42.60
42.62
42.61
42.61
42.63
42.65
42.66
42.64
42.66
42.65
42.66
42.65
42.64
42.61
42.62
42.60
42.58
42.55
42.57
42.58
42.57
42.56
42.60
42.62
42.62
42.61
42.63
42.63
42.65
42.69
42.69
42.68
42.70
42.70
42.71
42.72
42.72
42.72
42.73
42.75
42.74
42.73
42.71
42.72
42.72
42.70
42.69
42.68
42.70
42.71
42.72
42.70
42.71
42.72
42.70
42.70
42.71
42.69
42.69
42.68
42.66
42.66
42.67
42.66
42.65
42.65
42.65
42.62
42.62
42.62
42.64
42.63
42.64
42.61
42.61
42.62
42.65
42.65
42.64
42.64
42.63
42.63
42.64
42.63
42.63
42.63
42.62
42.63
42.62
42.63
42.62
42.61
42.64
42.63
42.65
42.67
42.66
42.67
42.68
42.67
42.67
42.66
42.66
42.64
42.64
42.66
42.65
42.64
42.63
42.61
42.62
42.62
42.64
42.63
42.62
42.63
42.62
42.63
42.64
42.65
42.63
42.63
42.63
42.63
42.61
42.61
42.63
42.62
42.61
42.60
42.60
42.61
42.60
42.60
42.60
42.61
42.61
42.61
42.62
42.61
42.63
42.64
42.64
42.64
42.64
42.64
42.65
42.64
42.63
42.63
42.64
42.66
42.66
42.63
42.64
42.64
42.65
42.64
42.65
42.64
42.67
42.67
42.67
42.66
42.65
42.64
42.62
42.63
42.64
42.62
42.63
42.62
42.62
42.61
42.59
42.60
42.59
42.59
42.59
42.58
42.58
42.59
42.59
42.59
42.58
42.58
42.58
42.59
42.60
42.59
42.59
42.60
42.59
42.59
42.58
42.59
42.59
42.59
42.60
42.61
42.61
42.60
42.58
42.59
42.57
42.56
42.56
42.57
42.59
42.59
42.61
42.60
42.59
42.61
42.61
42.61
42.61
42.61
42.62
42.61
42.60
42.60
42.60
42.58
42.57
42.59
42.59
42.59
42.59
42.59
42.59
42.59
42.59
42.62
42.60
42.59
42.58
42.58
42.59
42.60
42.60
42.60
42.61
42.60
42.62
42.61
42.62
42.61
42.61
42.60
42.60
42.60
42.60
42.59
42.59
42.60
42.59
42.59
42.59
42.59
42.57
42.58
42.58
42.58
42.60
42.61
42.62
42.61
42.62
42.62
42.63
42.62
42.62
42.63
42.62
42.62
42.61
42.61
42.61
42.60
42.60
42.60
42.58
42.59
42.59
42.59
42.59
42.59
42.59
42.58
42.58
42.57
42.57
42.56
42.57
42.56
42.55
42.55
42.54
42.52
42.52
42.52
42.52
42.53
42.53
42.53
42.53
42.54
42.54
42.52
42.52
42.51
42.52
42.53
42.53
42.53
42.53
42.53
42.54
42.55
42.55
42.55
42.57
42.57
42.58
42.57
42.57
42.56
42.57
42.58
42.57
42.56
42.56
42.55
42.57
42.57
42.58
42.57
42.57
42.53
