42.19
41.41
44.27
45.31
43.44
44.27
42.41
44.14
43.40
43.28
43.04
42.84
42.91
43.30
44.48
44.73
44.76
44.97
44.82
45.00
44.79
44.82
44.84
44.47
45.00
44.77
45.31
45.20
45.37
44.95
45.01
44.73
44.74
44.85
44.91
44.92
45.14
45.44
45.15
45.35
45.27
45.31
45.42
45.31
45.59
45.82
45.58
45.44
45.38
45.34
45.37
45.49
45.43
45.23
45.34
45.15
44.98
45.12
45.05
45.08
45.13
45.21
45.11
44.92
44.90
44.93
44.94
44.92
44.93
44.87
44.92
45.05
45.21
45.16
45.04
45.23
45.17
45.17
45.19
45.23
45.20
45.18
45.18
45.35
45.31
45.28
45.28
45.37
45.29
45.36
45.33
45.33
45.40
45.43
45.36
45.28
45.17
45.25
45.31
45.25
45.16
45.17
45.21
45.22
45.31
45.24
45.24
45.21
45.23
45.21
45.20
45.24
45.24
45.31
45.31
45.34
45.37
45.29
45.26
45.27
45.33
45.40
45.40
45.49
45.45
45.47
45.47
45.53
45.49
45.55
45.57
45.54
45.63
45.65
45.62
45.55
45.46
45.41
45.42
45.51
45.48
45.47
45.50
45.52
45.46
45.47
45.48
45.44
45.45
45.51
45.53
45.54
45.55
45.53
45.51
45.57
45.55
45.52
45.54
45.49
45.50
45.51
45.55
45.57
45.57
45.53
45.45
45.45
45.45
45.46
45.40
45.41
45.43
45.47
45.46
45.41
45.40
45.44
45.44
45.46
45.50
45.53
45.50
45.49
45.52
45.56
45.55
45.53
45.55
45.54
45.53
45.55
45.47
45.43
45.43
45.37
45.37
45.32
45.31
45.30
45.27
45.26
45.22
45.24
45.23
45.24
45.21
45.19
45.24
45.30
45.30
45.33
45.31
45.37
45.36
45.40
45.42
45.41
45.47
45.50
45.51
45.48
45.48
45.51
45.49
45.52
45.51
45.54
45.53
45.54
45.59
45.63
45.64
45.61
45.68
45.66
45.66
45.63
45.63
45.61
45.63
45.57
45.54
45.55
45.59
45.58
45.58
45.57
45.59
45.58
45.56
45.59
45.57
45.57
45.59
45.61
45.56
45.55
45.56
45.53
45.53
45.53
45.49
45.53
45.54
45.58
45.58
45.59
45.60
45.63
45.62
45.65
45.68
45.66
45.65
45.67
45.67
45.66
45.65
45.68
45.65
45.67
45.67
45.67
45.66
45.64
45.62
45.61
45.60
45.60
45.57
45.52
45.50
45.48
45.50
45.47
45.48
45.50
45.48
45.49
45.50
45.49
45.48
45.47
45.47
45.46
45.46
45.45
45.43
45.44
45.45
45.46
45.41
45.39
45.38
45.37
45.36
45.34
45.34
45.35
45.35
45.34
45.34
45.33
45.33
45.31
45.33
45.35
45.36
45.34
45.34
45.32
45.32
45.29
45.29
45.29
45.34
45.32
45.34
45.37
45.35
45.39
45.37
45.38
45.42
45.41
45.39
45.37
45.39
45.36
45.33
45.33
45.34
45.33
45.33
45.33
45.32
45.33
45.36
45.35
45.36
45.39
45.41
45.40
45.42
45.43
45.42
45.43
45.43
45.47
45.49
45.48
45.47
45.46
45.47
45.47
45.45
45.46
45.43
45.43
45.43
45.43
45.41
45.42
45.45
45.47
45.47
45.49
45.49
45.45
45.45
45.46
45.43
45.45
45.42
45.45
45.44
45.45
45.44
45.45
45.44
45.44
45.44
45.43
45.46
45.45
45.44
45.44
45.45
45.47
45.47
45.45
45.45
45.47
45.46
45.45
45.45
45.46
45.45
45.49
45.47
45.46
45.45
45.46
45.46
45.46
45.44
45.44
45.48
45.47
45.46
45.45
45.44
45.46
45.44
45.43
45.45
45.44
45.44
45.45
45.46
45.45
45.43
45.42
45.41
45.42
45.43
45.43
45.44
45.45
45.44
45.41
45.43
45.42
45.42
45.45
45.43
45.42
45.44
45.44
45.42
45.44
45.41
45.43
45.43
45.44
45.42
45.40
45.40
45.40
45.41
45.41
45.40
45.42
45.43
45.43
45.41
45.41
45.43
45.44
45.44
45.43
45.42
45.40
45.39
45.41
45.41
45.42
45.43
45.43
45.41
45.41
45.42
45.40
45.42
45.41
45.41
45.41
45.41
45.42
45.41
45.40
45.42
45.41
45.40
45.40
45.40
45.41
45.40
45.41
45.39
45.39
45.39
45.39
45.37
45.36
45.35
45.35
45.33
45.33
45.32
45.29
45.30
45.32
45.30
45.31
45.29
45.30
45.31
45.31
45.30
45.32
45.33
45.33
45.32
45.32
45.33
45.34
45.34
45.33
45.31
45.31
45.32
45.32
45.31
45.30
45.31
45.31
45.30
45.29
45.28
45.32
45.28
45.28
45.29
45.29
45.30
45.27
45.28
45.31
45.32
45.31
45.30
45.28
45.28
45.27
45.27
45.29
45.27
45.26
45.26
45.27
45.29
45.30
45.29
45.29
45.31
45.32
45.32
45.34
45.35
45.36
45.35
45.35
45.34
45.34
45.34
45.34
45.32
45.32
45.32
45.30
45.32
45.30
45.29
45.29
45.29
45.30
45.29
45.28
45.29
45.32
45.32
45.29
45.29
45.31
45.31
45.31
45.30
45.28
45.28
45.29
45.29
45.30
45.28
45.30
45.31
45.30
45.30
45.29
45.27
45.30
45.30
45.28
45.30
45.30
45.30
45.30
45.30
45.31
45.30
45.30
45.30
45.29
45.30
45.30
45.31
45.29
45.29
45.29
45.27
45.26
45.27
45.28
45.29
45.29
45.28
45.28
45.30
45.30
45.29
45.29
45.29
45.29
45.27
45.26
45.27
45.27
45.27
45.25
45.24
45.24
45.24
45.24
45.23
45.24
45.24
45.24
45.23
45.23
45.23
45.23
45.22
45.22
45.21
45.22
45.22
45.21
45.22
45.23
45.23
45.22
45.22
45.22
45.23
45.22
45.22
45.22
45.21
45.21
45.21
45.21
45.20
45.21
45.20
45.20
45.21
45.21
45.19
45.19
45.19
45.19
45.18
45.18
45.19
45.18
45.18
45.16
45.17
45.17
45.17
45.16
45.15
45.15
45.15
45.14
45.14
45.16
45.15
45.14
45.14
45.12
45.12
45.13
45.12
45.10
45.08
45.10
45.10
45.09
45.08
45.07
45.08
45.09
45.08
45.09
45.09
45.10
45.10
45.10
45.10
45.10
45.10
45.10
45.10
45.12
45.11
45.11
45.10
45.11
45.11
45.12
45.12
45.12
45.12
45.12
45.14
45.15
45.16
45.17
45.17
45.18
45.19
45.19
45.20
45.21
45.21
45.21
45.21
45.22
45.22
45.22
45.22
45.23
45.23
45.23
45.22
45.21
45.20
45.19
45.19
45.15
