62.50
52.34
51.04
50.39
49.69
49.48
48.44
48.24
48.26
47.97
47.87
49.22
49.28
49.33
50.00
51.17
51.29
51.74
51.15
51.17
50.74
50.43
50.14
50.13
50.25
50.60
50.81
51.12
50.97
51.46
51.36
50.98
50.71
50.51
50.45
50.48
50.46
50.49
50.40
50.47
50.38
50.30
50.22
50.14
50.21
50.17
50.17
50.26
50.38
50.16
50.37
50.42
50.38
50.43
50.37
50.28
50.25
50.27
50.29
50.10
50.23
50.25
50.17
50.07
50.07
50.19
50.05
49.98
50.00
49.98
49.89
49.93
49.91
49.87
49.88
49.84
49.80
49.72
49.76
49.79
49.90
49.96
50.08
50.20
50.22
50.24
50.25
50.25
50.25
50.24
50.14
50.20
50.18
50.18
50.23
50.34
50.29
50.32
50.35
50.27
50.22
50.25
50.18
50.14
50.07
50.10
50.07
50.03
50.09
50.10
50.11
50.13
50.21
50.10
50.15
50.27
50.25
50.28
50.26
50.30
50.19
50.20
50.13
50.11
50.14
50.10
50.10
50.02
49.98
49.98
49.93
49.86
49.95
49.93
49.92
49.93
49.90
49.89
49.87
49.85
49.94
50.01
49.95
49.89
49.90
49.88
49.79
49.79
49.77
49.79
49.77
49.75
49.73
49.77
49.80
49.74
49.71
49.71
49.72
49.74
49.70
49.72
49.72
49.76
49.73
49.76
49.74
49.76
49.76
49.72
49.76
49.78
49.74
49.69
49.71
49.69
49.75
49.73
49.71
49.73
49.78
49.74
49.74
49.75
49.75
49.82
49.79
49.80
49.74
49.72
49.68
49.72
49.76
49.74
49.69
49.70
49.71
49.72
49.80
49.80
49.81
49.86
49.92
49.94
49.98
49.95
49.94
49.93
49.94
49.90
49.88
49.87
49.82
49.81
49.84
49.84
49.84
49.81
49.81
49.84
49.86
49.87
49.94
49.94
49.96
49.97
49.98
50.00
49.99
49.97
50.01
50.01
49.98
50.00
49.99
49.98
49.97
49.99
49.97
49.93
49.90
49.91
49.93
49.96
49.96
49.97
49.97
49.99
50.02
50.03
50.09
50.07
50.07
50.09
50.10
50.08
50.04
50.02
49.98
49.97
49.99
49.99
49.98
49.99
49.96
50.00
50.01
50.03
50.01
50.04
50.06
50.07
50.10
50.10
50.09
50.11
50.14
50.12
50.15
50.13
50.14
50.15
50.15
50.20
50.21
50.19
50.22
50.23
50.19
50.20
50.19
50.22
50.20
50.20
50.21
50.18
50.13
50.10
50.11
50.08
50.08
50.06
50.06
50.07
50.05
50.03
50.05
50.07
50.06
50.09
50.05
50.04
50.00
50.01
50.02
50.00
50.01
50.05
50.06
50.06
50.05
50.07
50.08
50.09
50.09
50.09
50.12
50.13
50.14
50.16
50.15
50.15
50.13
50.14
50.17
50.13
50.13
50.16
50.16
50.14
50.17
50.17
50.19
50.18
50.21
50.21
50.23
50.20
50.23
50.20
50.18
50.22
50.23
50.22
50.19
50.18
50.20
50.22
50.20
50.21
50.20
50.18
50.19
50.18
50.19
50.19
50.20
50.19
50.20
50.20
50.19
50.18
50.22
50.20
50.19
50.17
50.18
50.18
50.17
50.20
50.18
50.16
50.18
50.17
50.20
50.20
50.21
50.19
50.18
50.18
50.20
50.21
50.21
50.20
50.20
50.21
50.25
50.26
50.25
50.27
50.28
50.30
50.31
50.30
50.30
50.28
50.30
50.30
50.27
50.24
50.22
50.20
50.19
50.18
50.18
50.15
50.16
50.16
50.17
50.19
50.20
50.22
50.21
50.21
50.20
50.19
50.18
50.19
50.17
50.17
50.16
50.18
50.20
50.20
50.19
50.18
50.19
50.18
50.20
50.21
50.20
50.21
50.22
50.20
50.22
50.23
50.23
50.21
50.21
50.23
50.22
50.22
50.20
50.20
50.20
50.18
50.17
50.17
50.15
50.15
50.17
50.17
50.16
50.17
50.16
50.15
50.15
50.16
50.17
50.19
50.21
50.22
50.22
50.24
50.25
50.27
50.26
50.25
50.25
50.28
50.27
50.26
50.25
50.23
50.22
50.23
50.24
50.24
50.28
50.25
50.25
50.29
50.28
50.28
50.28
50.27
50.26
50.26
50.25
50.26
50.24
50.26
50.25
50.25
50.25
50.23
50.25
50.25
50.25
50.25
50.26
50.27
50.26
50.24
50.24
50.23
50.20
50.20
50.19
50.18
50.19
50.18
50.20
50.18
50.18
50.18
50.19
50.20
50.19
50.19
50.17
50.19
50.17
50.19
50.20
50.20
50.20
50.22
50.21
50.20
50.21
50.22
50.22
50.21
50.20
50.21
50.20
50.21
50.19
50.19
50.19
50.16
50.17
50.17
50.19
50.18
50.19
50.18
50.18
50.20
50.19
50.19
50.20
50.19
50.19
50.18
50.19
50.19
50.20
50.19
50.18
50.16
50.17
50.19
50.20
50.20
50.19
50.20
50.21
50.21
50.22
50.22
50.22
50.21
50.21
50.20
50.20
50.21
50.23
50.23
50.24
50.26
50.26
50.26
50.25
50.26
50.25
50.27
50.27
50.26
50.27
50.27
50.26
50.27
50.26
50.26
50.28
50.28
50.27
50.27
50.28
50.29
50.28
50.29
50.28
50.28
50.28
50.28
50.28
50.27
50.28
50.27
50.27
50.26
50.27
50.27
50.28
50.29
50.28
50.28
50.28
50.28
50.28
50.27
50.28
50.30
50.31
50.30
50.29
50.31
50.30
50.30
50.30
50.30
50.30
50.28
50.27
50.29
50.30
50.30
50.30
50.29
50.30
50.28
50.28
50.27
50.27
50.28
50.28
50.26
50.25
50.24
50.25
50.23
50.22
50.24
50.27
50.26
50.25
50.24
50.25
50.24
50.25
50.24
50.24
50.23
50.25
50.27
50.28
50.27
50.29
50.28
50.28
50.30
50.30
50.31
50.30
50.28
50.28
50.29
50.31
50.31
50.33
50.34
50.35
50.35
50.33
50.34
50.33
50.31
50.31
50.29
50.30
50.29
50.30
50.30
50.29
50.28
50.28
50.28
50.27
50.27
50.27
50.28
50.28
50.27
50.26
50.25
50.25
50.26
50.26
50.26
50.26
50.28
50.28
50.29
50.29
50.28
50.27
50.27
50.28
50.25
50.26
50.26
50.25
50.24
50.25
50.26
50.25
50.24
50.24
50.24
50.25
50.24
50.23
50.24
50.24
50.23
50.24
50.26
50.25
50.25
50.25
50.25
50.25
50.25
50.25
50.25
50.25
50.25
50.25
50.25
50.26
50.26
50.24
50.24
50.23
50.23
50.22
50.21
50.22
50.22
50.22
50.22
50.22
50.23
50.22
50.22
50.21
50.22
50.22
50.17
