51.56
53.91
53.65
53.52
54.38
55.99
55.80
55.86
55.38
54.84
54.69
54.95
54.57
53.91
53.75
53.91
54.23
54.17
54.36
54.38
54.24
53.84
53.67
54.17
54.06
54.03
54.11
53.96
53.93
54.38
54.54
54.93
54.92
55.10
55.45
55.69
55.57
55.51
55.41
55.63
55.56
55.62
55.49
55.43
55.52
55.16
55.29
55.37
55.55
55.53
55.55
55.62
55.60
55.50
55.43
55.52
55.67
55.79
55.83
55.76
55.76
55.90
55.90
55.71
55.70
55.54
55.57
55.45
55.57
55.67
55.74
55.75
55.69
55.68
55.79
55.84
55.93
55.97
55.97
55.86
55.81
55.79
55.80
55.82
55.70
55.70
55.62
55.63
55.65
55.66
55.53
55.55
55.48
55.45
55.44
55.47
55.33
55.29
55.37
55.33
55.34
55.22
55.25
55.30
55.25
55.26
55.37
55.38
55.50
55.58
55.45
55.52
55.53
55.52
55.50
55.52
55.52
55.52
55.50
55.48
55.48
55.51
55.44
55.47
55.39
55.38
55.34
55.27
55.32
55.35
55.26
55.24
55.31
55.31
55.29
55.28
55.23
55.24
55.18
55.25
55.25
55.34
55.38
55.33
55.41
55.48
55.42
55.37
55.37
55.39
55.42
55.48
55.52
55.53
55.53
55.53
55.53
55.57
55.57
55.59
55.61
55.58
55.57
55.52
55.57
55.55
55.51
55.57
55.53
55.51
55.50
55.53
55.55
55.56
55.58
55.47
55.51
55.44
55.41
55.43
55.46
55.49
55.48
55.45
55.46
55.43
55.42
55.41
55.42
55.41
55.33
55.34
55.34
55.36
55.37
55.40
55.38
55.37
55.35
55.40
55.37
55.41
55.42
55.43
55.43
55.42
55.39
55.38
55.38
55.37
55.41
55.40
55.41
55.40
55.36
55.37
55.40
55.35
55.35
55.40
55.37
55.36
55.38
55.35
55.36
55.39
55.38
55.41
55.40
55.40
55.40
55.38
55.37
55.37
55.34
55.32
55.35
55.34
55.35
55.35
55.37
55.38
55.39
55.39
55.31
55.29
55.29
55.27
55.25
55.24
55.22
55.24
55.24
55.27
55.28
55.27
55.32
55.31
55.28
55.31
55.30
55.32
55.32
55.34
55.36
55.33
55.34
55.31
55.29
55.29
55.30
55.28
55.24
55.24
55.26
55.24
55.27
55.31
55.31
55.32
55.30
55.27
55.26
55.24
55.26
55.24
55.22
55.21
55.25
55.24
55.24
55.21
55.18
55.23
55.20
55.21
55.25
55.25
55.28
55.29
55.28
55.30
55.31
55.28
55.31
55.30
55.28
55.30
55.30
55.32
55.34
55.36
55.37
55.38
55.36
55.37
55.36
55.36
55.36
55.41
55.44
55.43
55.44
55.46
55.41
55.45
55.45
55.47
55.46
55.46
55.48
55.50
55.49
55.46
55.46
55.46
55.49
55.51
55.53
55.53
55.56
55.55
55.56
55.54
55.53
55.53
55.54
55.54
55.55
55.56
55.53
55.54
55.53
55.53
55.52
55.54
55.53
55.53
55.55
55.58
55.54
55.52
55.50
55.49
55.49
55.46
55.47
55.46
55.46
55.47
55.45
55.46
55.51
55.50
55.49
55.49
55.50
55.50
55.48
55.50
55.53
55.51
55.54
55.52
55.49
55.48
55.47
55.44
55.46
55.44
55.44
55.44
55.47
55.46
55.47
55.46
55.45
55.43
55.42
55.42
55.40
55.39
55.41
55.42
55.40
55.41
55.40
55.38
55.40
55.38
55.38
55.39
55.39
55.40
55.44
55.44
55.44
55.45
55.44
55.47
55.46
55.45
55.43
55.45
55.46
55.47
55.45
55.46
55.45
55.43
55.42
55.44
55.42
55.43
55.43
55.43
55.42
55.42
55.41
55.39
55.42
55.39
55.41
55.40
55.41
55.41
55.37
55.35
55.33
55.31
55.31
55.32
55.32
55.31
55.30
55.28
55.29
55.28
55.26
55.25
55.28
55.30
55.29
55.30
55.32
55.31
55.30
55.29
55.25
55.27
55.27
55.25
55.24
55.22
55.23
55.23
55.23
55.24
55.25
55.25
55.27
55.26
55.25
55.27
55.27
55.28
55.25
55.23
55.19
55.20
55.20
55.20
55.19
55.20
55.22
55.21
55.22
55.21
55.21
55.20
55.21
55.19
55.21
55.21
55.17
55.16
55.14
55.11
55.13
55.14
55.16
55.17
55.19
55.18
55.18
55.18
55.19
55.20
55.21
55.21
55.22
55.21
55.21
55.19
55.21
55.21
55.22
55.25
55.26
55.26
55.24
55.22
55.22
55.22
55.22
55.23
55.23
55.22
55.23
55.24
55.24
55.22
55.25
55.26
55.27
55.28
55.26
55.26
55.27
55.27
55.27
55.26
55.26
55.25
55.25
55.25
55.22
55.21
55.22
55.22
55.23
55.24
55.23
55.25
55.24
55.25
55.24
55.25
55.24
55.22
55.21
55.23
55.23
55.23
55.21
55.20
55.19
55.20
55.20
55.19
55.20
55.18
55.18
55.18
55.18
55.17
55.16
55.17
55.18
55.19
55.17
55.16
55.16
55.16
55.16
55.16
55.16
55.16
55.16
55.15
55.14
55.17
55.17
55.18
55.17
55.17
55.18
55.17
55.16
55.18
55.18
55.18
55.18
55.19
55.21
55.21
55.21
55.21
55.23
55.23
55.25
55.26
55.26
55.28
55.27
55.25
55.24
55.24
55.24
55.25
55.26
55.27
55.27
55.29
55.28
55.26
55.26
55.27
55.28
55.27
55.26
55.25
55.24
55.24
55.24
55.24
55.26
55.25
55.26
55.27
55.29
55.28
55.29
55.27
55.28
55.27
55.26
55.25
55.25
55.25
55.25
55.26
55.26
55.27
55.27
55.28
55.28
55.28
55.29
55.29
55.29
55.30
55.30
55.31
55.31
55.30
55.32
55.30
55.30
55.29
55.29
55.28
55.28
55.27
55.28
55.28
55.29
55.28
55.28
55.28
55.28
55.27
55.28
55.28
55.29
55.29
55.30
55.29
55.29
55.31
55.32
55.33
55.33
55.36
55.36
55.36
55.37
55.39
55.39
55.40
55.40
55.39
55.39
55.39
55.39
55.38
55.37
55.38
55.36
55.37
55.37
55.36
55.36
55.36
55.36
55.35
55.36
55.36
55.35
55.34
55.35
55.35
55.34
55.35
55.34
55.36
55.35
55.35
55.36
55.36
55.35
55.34
55.33
55.33
55.31
55.33
55.32
55.33
55.34
55.33
55.33
55.32
55.30
55.31
55.31
55.32
55.30
55.31
55.31
55.30
55.30
55.31
55.32
55.33
55.33
55.33
55.34
55.35
55.33
55.34
55.33
55.33
55.33
55.32
55.30
55.31
55.31
55.32
55.33
55.32
55.32
55.26
