78.12
79.69
78.65
80.08
80.31
81.25
81.25
80.47
80.73
80.94
80.54
81.12
81.01
80.69
80.83
80.76
80.51
80.73
80.92
81.56
81.25
81.25
81.18
81.12
81.25
81.31
81.42
81.47
81.57
81.56
81.55
81.64
81.91
81.94
81.88
81.64
81.29
81.41
81.29
81.25
81.29
81.29
81.29
81.32
81.35
81.25
81.25
81.25
80.96
80.94
80.94
80.98
81.07
81.13
81.08
81.14
80.98
81.09
81.04
81.04
80.99
81.10
81.18
81.32
81.42
81.53
81.65
81.69
81.61
81.67
81.69
81.73
81.81
81.95
81.88
81.91
81.90
81.91
81.92
81.95
81.91
81.84
81.80
81.88
81.93
81.94
81.93
81.96
82.02
82.00
81.94
81.84
81.80
81.82
81.76
81.80
81.78
81.84
81.91
81.84
81.81
81.79
81.84
81.91
81.90
81.93
81.94
81.96
81.90
81.95
82.00
82.02
82.01
82.00
81.98
81.99
81.97
82.00
82.05
82.10
82.04
82.01
81.97
81.97
82.00
81.99
81.98
82.01
82.01
82.00
81.99
81.97
81.95
81.90
81.88
81.84
81.84
81.82
81.76
81.73
81.77
81.79
81.82
81.84
81.81
81.85
81.87
81.83
81.83
81.88
81.79
81.73
81.77
81.76
81.71
81.70
81.70
81.72
81.73
81.74
81.72
81.71
81.71
81.70
81.72
81.72
81.75
81.73
81.72
81.76
81.73
81.74
81.71
81.69
81.72
81.71
81.75
81.77
81.76
81.77
81.73
81.72
81.70
81.69
81.68
81.71
81.74
81.77
81.76
81.74
81.73
81.72
81.67
81.73
81.76
81.78
81.81
81.83
81.84
81.80
81.80
81.79
81.79
81.80
81.84
81.86
81.85
81.87
81.85
81.84
81.86
81.86
81.81
81.81
81.82
81.84
81.82
81.82
81.82
81.83
81.85
81.85
81.85
81.84
81.81
81.78
81.75
81.76
81.78
81.75
81.76
81.73
81.74
81.76
81.78
81.79
81.78
81.78
81.73
81.73
81.70
81.70
81.69
81.70
81.70
81.73
81.76
81.76
81.78
81.80
81.79
81.80
81.79
81.80
81.77
81.81
81.79
81.80
81.79
81.80
81.80
81.82
81.81
81.79
81.79
81.80
81.80
81.77
81.77
81.77
81.75
81.76
81.78
81.80
81.76
81.75
81.75
81.73
81.74
81.75
81.77
81.77
81.77
81.79
81.79
81.80
81.81
81.81
81.77
81.80
81.79
81.77
81.80
81.83
81.81
81.81
81.81
81.77
81.77
81.76
81.76
81.76
81.77
81.72
81.73
81.74
81.74
81.73
81.72
81.71
81.70
81.71
81.70
81.69
81.69
81.67
81.66
81.64
81.63
81.63
81.62
81.61
81.60
81.62
81.65
81.66
81.68
81.69
81.70
81.72
81.70
81.70
81.70
81.68
81.69
81.70
81.69
81.68
81.68
81.70
81.70
81.69
81.70
81.71
81.70
81.72
81.75
81.74
81.76
81.75
81.76
81.78
81.78
81.78
81.77
81.78
81.78
81.80
81.81
81.81
81.78
81.79
81.76
81.77
81.78
81.77
81.78
81.79
81.81
81.81
81.80
81.79
81.78
81.76
81.77
81.77
81.79
81.79
81.79
81.81
81.80
81.80
81.79
81.79
81.79
81.77
81.77
81.75
81.77
81.79
81.77
81.78
81.78
81.81
81.82
81.83
81.81
81.81
81.81
81.80
81.80
81.78
81.77
81.78
81.81
81.80
81.78
81.79
81.79
81.77
81.77
81.77
81.76
81.78
81.77
81.79
81.81
81.82
81.82
81.81
81.79
81.80
81.82
81.82
81.83
81.84
81.84
81.83
81.83
81.85
81.83
81.83
81.82
81.81
81.81
81.82
81.80
81.80
81.78
81.79
81.79
81.80
81.80
81.80
81.80
81.80
81.78
81.78
81.78
81.78
81.79
81.78
81.76
81.77
81.77
81.77
81.78
81.77
81.78
81.79
81.80
81.79
81.79
81.79
81.80
81.80
81.81
81.81
81.82
81.82
81.83
81.83
81.82
81.81
81.82
81.83
81.83
81.83
81.83
81.86
81.87
81.85
81.84
81.85
81.85
81.85
81.85
81.85
81.85
81.85
81.84
81.82
81.81
81.81
81.80
81.81
81.79
81.80
81.80
81.79
81.79
81.79
81.79
81.80
81.80
81.80
81.81
81.82
81.81
81.83
81.84
81.83
81.83
81.84
81.85
81.84
81.85
81.86
81.86
81.87
81.87
81.88
81.87
81.88
81.87
81.86
81.85
81.87
81.87
81.87
81.87
81.87
81.89
81.88
81.87
81.88
81.88
81.89
81.88
81.89
81.89
81.89
81.88
81.89
81.90
81.90
81.90
81.90
81.90
81.90
81.92
81.91
81.91
81.91
81.91
81.90
81.90
81.90
81.91
81.90
81.88
81.89
81.90
81.91
81.91
81.92
81.92
81.92
81.91
81.91
81.91
81.91
81.92
81.93
81.92
81.92
81.92
81.92
81.91
81.91
81.90
81.90
81.89
81.89
81.89
81.90
81.88
81.86
81.87
81.89
81.88
81.88
81.88
81.88
81.89
81.89
81.90
81.91
81.92
81.92
81.92
81.92
81.93
81.94
81.95
81.94
81.93
81.92
81.91
81.92
81.92
81.93
81.94
81.95
81.94
81.93
81.93
81.92
81.91
81.91
81.91
81.92
81.93
81.94
81.94
81.95
81.94
81.94
81.94
81.94
81.94
81.95
81.95
81.96
81.97
81.96
81.97
81.97
81.96
81.95
81.96
81.94
81.95
81.95
81.95
81.95
81.96
81.95
81.94
81.95
81.94
81.94
81.93
81.93
81.92
81.92
81.93
81.91
81.91
81.92
81.93
81.94
81.94
81.94
81.94
81.93
81.93
81.94
81.94
81.94
81.93
81.93
81.93
81.91
81.92
81.91
81.91
81.92
81.92
81.91
81.90
81.91
81.91
81.91
81.91
81.91
81.91
81.91
81.91
81.92
81.92
81.93
81.92
81.93
81.92
81.94
81.93
81.93
81.93
81.94
81.92
81.91
81.91
81.91
81.92
81.92
81.91
81.91
81.92
81.92
81.92
81.92
81.92
81.92
81.92
81.91
81.91
81.92
81.92
81.92
81.93
81.94
81.94
81.95
81.94
81.94
81.95
81.95
81.95
81.95
81.96
81.96
81.97
81.96
81.96
81.94
81.95
81.96
81.94
81.93
81.94
81.94
81.94
81.94
81.94
81.95
81.95
81.94
81.93
81.94
81.94
81.94
81.94
81.94
81.93
81.93
81.92
81.92
81.92
81.91
81.91
81.91
81.92
81.92
81.93
81.93
81.93
81.94
81.94
81.95
81.95
81.95
81.95
81.95
81.96
81.94
81.95
81.94
81.94
81.94
81.95
81.87
