43.75
46.88
44.27
43.75
44.69
47.14
46.88
47.46
48.78
48.75
48.72
48.70
48.44
48.55
48.33
48.63
48.81
48.96
49.18
48.75
48.66
48.15
48.17
47.79
47.62
47.78
48.03
47.94
47.68
47.71
47.38
47.22
47.35
47.43
47.46
47.66
47.68
47.53
47.68
47.77
47.60
47.69
47.57
47.30
47.26
47.35
47.44
47.72
47.64
47.59
47.52
47.39
47.32
47.19
47.13
47.10
47.18
47.20
47.11
47.29
47.34
47.20
47.15
47.19
47.07
47.06
46.90
46.85
46.85
46.88
46.88
46.79
46.92
46.77
46.75
46.73
46.67
46.59
46.62
46.50
46.64
46.68
46.69
46.58
46.56
46.58
46.61
46.54
46.40
46.48
46.51
46.55
46.59
46.66
46.68
46.65
46.55
46.56
46.61
46.53
46.55
46.48
46.47
46.48
46.52
46.55
46.50
46.47
46.37
46.46
46.45
46.48
46.50
46.56
46.54
46.47
46.33
46.33
46.26
46.24
46.26
46.31
46.37
46.42
46.52
46.56
46.53
46.57
46.62
46.61
46.59
46.58
46.58
46.62
46.61
46.53
46.53
46.60
46.58
46.61
46.64
46.53
46.57
46.59
46.67
46.65
46.70
46.68
46.70
46.60
46.66
46.65
46.62
46.58
46.52
46.51
46.43
46.38
46.37
46.41
46.42
46.45
46.48
46.48
46.46
46.50
46.42
46.43
46.46
46.42
46.42
46.41
46.40
46.39
46.37
46.34
46.35
46.37
46.37
46.33
46.35
46.33
46.30
46.37
46.39
46.38
46.37
46.34
46.37
46.35
46.33
46.34
46.35
46.33
46.36
46.33
46.38
46.39
46.39
46.36
46.37
46.36
46.32
46.28
46.32
46.32
46.29
46.25
46.25
46.29
46.31
46.34
46.29
46.28
46.26
46.20
46.23
46.24
46.23
46.25
46.24
46.21
46.17
46.18
46.18
46.22
46.25
46.27
46.29
46.32
46.33
46.32
46.30
46.31
46.29
46.31
46.29
46.26
46.31
46.30
46.26
46.24
46.24
46.25
46.26
46.25
46.23
46.23
46.23
46.20
46.19
46.20
46.23
46.21
46.22
46.22
46.21
46.20
46.21
46.17
46.16
46.11
46.09
46.11
46.09
46.10
46.09
46.11
46.11
46.11
46.13
46.12
46.10
46.13
46.11
46.11
46.10
46.13
46.14
46.14
46.14
46.18
46.20
46.18
46.17
46.14
46.15
46.13
46.09
46.12
46.09
46.09
46.09
46.10
46.09
46.08
46.08
46.08
46.08
46.04
46.02
46.08
46.09
46.10
46.09
46.11
46.12
46.14
46.15
46.15
46.14
46.18
46.16
46.15
46.15
46.16
46.16
46.14
46.14
46.14
46.13
46.13
46.12
46.11
46.12
46.11
46.12
46.11
46.10
46.10
46.10
46.10
46.11
46.10
46.12
46.14
46.12
46.14
46.10
46.10
46.15
46.16
46.15
46.11
46.09
46.12
46.11
46.10
46.11
46.12
46.12
46.11
46.10
46.12
46.13
46.12
46.12
46.10
46.11
46.11
46.10
46.09
46.08
46.08
46.07
46.04
46.03
46.04
46.03
46.03
46.02
46.05
46.09
46.07
46.10
46.11
46.12
46.09
46.08
46.08
46.05
46.06
46.08
46.07
46.08
46.07
46.08
46.09
46.08
46.07
46.08
46.08
46.07
46.08
46.08
46.08
46.08
46.07
46.06
46.09
46.11
46.11
46.12
46.11
46.11
46.11
46.12
46.14
46.11
46.10
46.13
46.13
46.13
46.13
46.13
46.11
46.11
46.11
46.13
46.11
46.10
46.11
46.08
46.07
46.07
46.04
46.05
46.03
46.06
46.05
46.05
46.07
46.08
46.10
46.11
46.12
46.13
46.15
46.18
46.19
46.20
46.20
46.23
46.22
46.21
46.20
46.24
46.22
46.22
46.22
46.23
46.23
46.19
46.19
46.18
46.20
46.21
46.20
46.18
46.17
46.20
46.20
46.19
46.19
46.20
46.20
46.21
46.19
46.20
46.21
46.21
46.21
46.24
46.24
46.24
46.26
46.25
46.29
46.28
46.30
46.29
46.29
46.28
46.28
46.29
46.28
46.28
46.26
46.25
46.25
46.25
46.24
46.20
46.21
46.20
46.23
46.20
46.21
46.21
46.22
46.22
46.22
46.20
46.21
46.20
46.21
46.20
46.20
46.18
46.16
46.14
46.13
46.12
46.11
46.10
46.11
46.09
46.09
46.10
46.12
46.13
46.14
46.12
46.12
46.13
46.13
46.11
46.11
46.10
46.11
46.12
46.12
46.13
46.13
46.13
46.16
46.18
46.18
46.20
46.21
46.21
46.21
46.20
46.20
46.20
46.23
46.23
46.23
46.22
46.23
46.22
46.21
46.23
46.23
46.21
46.22
46.23
46.21
46.21
46.21
46.18
46.18
46.19
46.21
46.22
46.23
46.23
46.24
46.25
46.26
46.25
46.26
46.26
46.25
46.24
46.25
46.25
46.27
46.26
46.27
46.26
46.28
46.28
46.27
46.27
46.27
46.28
46.28
46.28
46.28
46.30
46.30
46.30
46.30
46.31
46.30
46.29
46.31
46.32
46.32
46.31
46.31
46.30
46.31
46.30
