29.69
30.47
33.33
33.98
33.12
32.81
31.47
32.03
32.99
33.44
33.38
33.72
34.25
33.71
33.33
33.30
33.09
33.16
33.72
34.06
34.52
34.23
34.44
34.11
34.06
34.13
34.32
34.21
34.05
34.11
33.87
33.74
33.85
33.92
34.20
34.07
34.08
34.05
34.17
34.14
34.03
34.30
34.41
34.59
34.55
34.61
34.38
34.41
34.38
34.31
34.34
34.38
34.46
34.43
34.40
34.26
34.21
34.19
34.03
34.01
34.14
34.20
34.25
34.18
34.35
34.33
34.47
34.40
34.49
34.51
34.35
34.29
34.29
34.21
34.33
34.44
34.33
34.31
34.38
34.55
34.49
34.49
34.54
34.52
34.60
34.48
34.52
34.48
34.46
34.41
34.51
34.51
34.49
34.51
34.57
34.46
34.46
34.39
34.49
34.52
34.64
34.60
34.57
34.63
34.63
34.63
34.64
34.68
34.60
34.62
34.60
34.68
34.78
34.84
34.78
34.74
34.71
34.71
34.70
34.69
34.70
34.76
34.76
34.74
34.74
34.81
34.79
34.81
34.81
34.83
34.82
34.82
34.82
34.83
34.81
34.81
34.82
34.77
34.79
34.84
34.81
34.80
34.84
34.86
34.87
34.88
34.83
34.86
34.83
34.82
34.82
34.80
34.72
34.72
34.77
34.74
34.62
34.65
34.69
34.68
34.71
34.80
34.86
34.91
34.94
34.89
34.86
34.83
34.80
34.73
34.72
34.75
34.74
34.67
34.71
34.66
34.68
34.68
34.67
34.70
34.69
34.72
34.70
34.80
34.76
34.77
34.75
34.72
34.74
34.70
34.70
34.70
34.70
34.71
34.74
34.73
34.78
34.73
34.73
34.75
34.70
34.68
34.67
34.67
34.66
34.66
34.65
34.62
34.61
34.58
34.63
34.60
34.65
34.67
34.67
34.68
34.73
34.71
34.67
34.64
34.69
34.66
34.66
34.66
34.71
34.68
34.66
34.63
34.62
34.65
34.65
34.64
34.65
34.62
34.60
34.62
34.65
34.67
34.67
34.67
34.66
34.65
34.63
34.66
34.62
34.64
34.62
34.63
34.66
34.64
34.67
34.67
34.68
34.69
34.67
34.69
34.72
34.71
34.69
34.65
34.63
34.63
34.61
34.64
34.65
34.67
34.66
34.66
34.69
34.67
34.69
34.67
34.67
34.68
34.73
34.69
34.68
34.67
34.68
34.69
34.66
34.68
34.70
34.72
34.71
34.70
34.72
34.71
34.70
34.67
34.66
34.69
34.70
34.69
34.67
34.69
34.67
34.70
34.68
34.69
34.69
34.68
34.65
34.65
34.66
34.67
34.68
34.67
34.67
34.69
34.68
34.68
34.68
34.70
34.70
34.69
34.72
34.69
34.68
34.68
34.66
34.67
34.64
34.64
34.64
34.64
34.66
34.63
34.64
34.65
34.67
34.70
34.68
34.70
34.68
34.67
34.64
34.66
34.66
34.66
34.67
34.65
34.63
34.66
34.64
34.64
34.61
34.60
34.59
34.58
34.56
34.57
34.58
34.58
34.58
34.62
34.65
34.67
34.68
34.70
34.70
34.69
34.72
34.72
34.74
34.70
34.70
34.69
34.71
34.71
34.73
34.76
34.76
34.75
34.77
34.78
34.78
34.76
34.75
34.75
34.73
34.74
34.74
34.77
34.78
34.77
34.79
34.80
34.80
34.79
34.79
34.77
34.78
34.75
34.75
34.72
34.73
34.76
34.76
34.76
34.75
34.72
34.72
34.75
34.76
34.74
34.72
34.71
34.73
34.73
34.74
34.74
34.74
34.76
34.78
34.77
34.77
34.76
34.76
34.75
34.77
34.77
34.77
34.78
34.79
34.82
34.79
34.79
34.79
34.79
34.80
34.80
34.79
34.79
34.77
34.82
34.80
34.79
34.81
34.82
34.81
34.81
34.83
34.83
34.83
34.84
34.85
34.86
34.85
34.85
34.86
34.86
34.85
34.85
34.85
34.86
34.86
34.83
34.80
34.81
34.80
34.77
34.77
34.78
34.77
34.76
34.77
34.77
34.76
34.74
34.74
34.76
34.75
34.77
34.75
34.73
34.75
34.74
34.74
34.76
34.77
34.78
34.78
34.80
34.79
34.80
34.80
34.79
34.79
34.80
34.80
34.79
34.80
34.80
34.81
34.81
34.81
34.82
34.81
34.82
34.82
34.80
34.80
34.79
34.78
34.77
34.77
34.75
34.76
34.75
34.73
34.74
34.72
34.74
34.73
34.75
34.75
34.74
34.72
34.72
34.72
34.73
34.75
34.74
34.74
34.75
34.75
34.77
34.75
34.74
34.75
34.75
34.75
34.75
34.76
34.74
34.72
34.73
34.73
34.72
34.72
34.71
34.72
34.71
34.72
34.70
34.69
34.71
34.73
34.72
34.72
34.70
34.69
34.68
34.67
34.69
34.71
34.73
34.74
34.74
34.74
34.76
34.76
34.77
34.77
34.76
34.76
34.75
34.76
34.76
34.76
34.76
34.76
34.75
34.74
34.74
34.77
34.76
34.77
34.78
34.79
34.79
34.81
34.82
34.83
34.83
34.83
34.83
34.82
34.81
34.81
34.82
34.84
34.83
34.83
34.83
34.84
34.84
34.85
34.86
34.86
34.88
34.88
34.87
34.88
34.90
34.90
34.89
34.91
34.91
34.92
34.93
34.95
34.95
34.94
34.93
34.92
34.92
34.92
34.92
34.91
34.90
34.89
34.88
34.89
34.90
34.91
34.90
34.89
34.90
34.89
34.89
34.88
34.87
34.86
34.86
34.87
34.86
34.84
34.83
34.82
34.82
34.81
34.82
34.80
34.80
34.80
34.81
34.82
34.81
34.81
34.80
34.79
34.79
34.78
34.78
34.77
34.76
34.76
34.77
34.76
34.76
34.75
34.74
34.73
34.73
34.74
34.74
34.74
34.76
34.76
34.76
34.77
34.77
34.80
34.80
34.79
34.78
34.79
34.80
34.80
34.80
34.80
34.81
34.81
34.81
34.82
34.81
34.80
34.80
34.80
34.81
34.81
34.81
34.81
34.82
34.82
34.84
34.84
34.83
34.82
34.80
34.80
34.79
34.78
34.78
34.78
34.78
34.76
34.76
34.76
34.76
34.76
34.75
34.75
34.75
34.75
34.76
34.76
34.76
34.77
34.75
34.75
34.74
34.74
34.74
34.74
34.72
34.71
34.70
34.69
34.70
34.70
34.69
34.68
34.68
34.68
34.67
34.67
34.67
34.66
34.67
34.66
34.66
34.67
34.67
34.69
34.69
34.69
34.68
34.68
34.68
34.68
34.68
34.68
34.67
34.67
34.66
34.66
34.65
34.65
34.65
34.65
34.65
34.65
34.63
34.64
34.62
34.61
34.61
34.62
34.62
34.62
34.64
34.65
34.66
34.65
34.65
34.65
34.66
34.66
34.64
