43.75
47.66
46.88
47.66
46.56
45.83
46.43
47.66
47.92
47.19
46.02
45.18
45.43
45.20
45.52
45.12
45.22
45.49
45.72
45.86
45.54
45.67
45.58
45.57
45.56
45.37
45.43
45.81
45.80
45.68
45.92
45.85
45.79
45.96
46.03
46.27
46.45
46.50
46.43
46.48
46.38
46.39
46.18
46.52
46.63
46.67
46.68
47.07
47.07
47.28
47.40
47.39
47.55
47.31
47.13
47.04
47.18
47.09
47.03
47.16
47.23
47.25
47.12
47.17
47.21
47.16
47.25
47.13
47.12
47.21
47.25
47.27
47.20
47.28
47.23
47.06
47.02
47.00
46.99
47.03
47.05
47.08
47.04
47.08
47.19
47.15
47.07
47.12
47.23
47.15
47.03
47.06
47.18
47.21
47.20
47.27
47.33
47.29
47.25
47.19
47.26
47.32
47.19
47.30
47.31
47.32
47.33
47.38
47.29
47.34
47.35
47.32
47.35
47.40
47.50
47.45
47.44
47.50
47.52
47.55
47.48
47.45
47.60
47.52
47.53
47.63
47.60
47.56
47.64
47.66
47.63
47.69
47.65
47.67
47.63
47.69
47.68
47.61
47.61
47.60
47.63
47.61
47.64
47.65
47.64
47.62
47.58
47.60
47.66
47.68
47.68
47.73
47.70
47.75
47.73
47.76
47.79
47.78
47.83
47.79
47.79
47.81
47.84
47.83
47.84
47.81
47.80
47.73
47.68
47.62
47.64
47.68
47.71
47.66
47.69
47.73
47.76
47.83
47.87
47.93
47.87
47.86
47.87
47.89
47.92
47.93
48.01
47.96
47.92
47.97
47.91
47.88
47.88
47.88
47.85
47.90
47.94
47.97
47.98
48.01
48.03
48.05
48.05
48.05
48.08
48.06
48.08
48.06
48.09
48.10
48.09
48.11
48.10
48.13
48.12
48.13
48.12
48.16
48.19
48.18
48.13
48.12
48.14
48.14
48.16
48.15
48.20
48.22
48.21
48.14
48.10
48.14
48.09
48.10
48.07
48.09
48.07
48.04
48.05
48.04
48.09
48.07
48.07
48.05
48.03
48.03
48.03
48.02
48.02
48.04
48.04
48.03
48.03
48.03
48.00
47.96
47.96
47.97
47.99
47.95
47.98
47.99
48.02
48.03
48.00
47.96
47.95
47.97
47.95
47.99
47.96
47.99
47.96
47.94
47.95
47.98
48.00
48.03
48.02
48.02
48.04
48.04
48.05
48.04
48.02
48.03
48.05
48.08
48.06
48.05
48.04
48.04
48.04
48.05
48.03
47.98
47.97
47.98
47.96
47.96
47.97
48.00
48.00
47.99
48.00
48.00
47.98
47.99
47.99
48.01
48.01
48.01
48.06
48.05
48.05
48.07
48.04
48.01
47.99
47.99
47.96
47.94
47.95
47.94
47.92
47.93
47.95
47.93
47.90
47.88
47.85
47.87
47.85
47.82
47.82
47.83
47.82
47.80
47.79
47.79
47.78
47.79
47.81
47.82
47.81
47.82
47.80
47.78
47.79
47.79
47.81
47.79
47.83
47.83
47.83
47.86
47.86
47.84
47.88
47.90
47.91
47.92
47.93
47.91
47.92
47.91
47.94
47.93
47.94
47.94
47.95
47.93
47.92
47.92
47.92
47.91
47.91
47.93
47.90
47.89
47.86
47.86
47.85
47.86
47.84
47.84
47.84
47.85
47.82
47.84
47.83
47.83
47.83
47.86
47.86
47.87
47.87
47.90
47.88
47.90
47.90
47.91
47.92
47.92
47.92
47.91
47.91
47.89
47.90
47.93
47.95
47.93
47.91
47.90
47.88
47.87
47.88
47.88
47.86
47.85
47.84
47.83
47.83
47.81
47.82
47.80
47.80
47.79
47.79
47.78
47.80
47.81
47.81
47.83
47.82
47.81
47.82
47.81
47.80
47.79
47.79
47.79
47.81
47.81
47.81
47.80
47.78
47.79
47.84
47.83
47.82
47.81
47.81
47.79
47.79
47.77
47.77
47.76
47.77
47.76
47.76
47.77
47.78
47.76
47.76
47.75
47.76
47.77
47.74
47.77
47.77
47.79
47.79
47.80
47.79
47.78
47.77
47.76
47.75
47.74
47.72
47.73
47.75
47.76
47.76
47.77
47.76
47.75
47.77
47.79
47.82
47.82
47.81
47.82
47.83
47.83
47.83
47.84
47.83
47.84
47.84
47.84
47.83
47.82
47.82
47.82
47.80
47.82
47.82
47.80
47.80
47.82
47.81
47.81
47.81
47.82
47.83
47.83
47.84
47.84
47.82
47.83
47.83
47.84
47.84
47.83
47.83
47.82
47.82
47.82
47.80
47.81
47.81
47.82
47.82
47.82
47.83
47.84
47.86
47.88
47.88
47.87
47.87
47.87
47.85
47.85
47.86
47.86
47.84
47.86
47.85
47.83
47.82
47.82
47.83
47.82
47.81
47.81
47.84
47.83
47.83
47.82
47.79
47.78
47.77
47.75
47.75
47.73
47.72
47.72
47.70
47.69
47.68
47.69
47.69
47.69
47.71
47.71
47.71
47.72
47.73
47.73
47.71
47.71
47.70
47.71
47.71
47.73
47.75
47.74
47.75
47.75
47.74
47.73
47.73
47.74
47.73
47.74
47.74
47.74
47.75
47.75
47.76
47.77
47.79
47.77
47.79
47.79
47.80
47.82
47.83
47.82
47.80
47.80
47.79
47.78
47.79
47.78
47.77
47.77
47.77
47.76
47.76
47.78
47.77
47.76
47.78
47.78
47.78
47.78
47.80
47.80
47.80
47.77
47.76
47.75
47.75
47.77
47.77
47.77
47.78
47.78
47.79
47.79
47.80
47.80
47.79
47.79
47.80
47.78
47.77
47.77
47.76
47.76
47.78
47.77
47.75
47.75
47.73
47.74
47.74
47.73
47.74
47.72
47.74
47.74
47.74
47.73
47.72
47.74
47.74
47.75
47.75
47.74
47.73
47.74
47.75
47.75
47.74
47.74
47.74
47.74
47.76
47.77
47.77
47.78
47.78
47.78
47.79
47.78
47.77
47.76
47.77
47.77
47.77
47.79
47.79
47.80
47.81
47.80
47.80
47.79
47.79
47.80
47.82
47.81
47.81
47.80
47.80
47.80
47.81
47.82
47.81
47.81
47.81
47.79
47.79
47.81
47.80
47.80
47.80
47.79
47.79
47.78
47.77
47.78
47.79
47.80
47.80
47.80
47.79
47.79
47.79
47.78
47.78
47.78
47.78
47.80
47.81
47.80
47.79
47.79
47.79
47.79
47.79
47.79
47.81
47.80
47.81
47.81
47.81
47.82
47.81
47.82
47.82
47.82
47.81
47.81
47.82
47.84
47.84
47.83
47.83
47.82
47.82
47.84
47.84
47.85
47.85
47.83
47.85
47.84
47.82
47.82
47.83
47.84
47.84
47.83
47.84
47.85
47.85
47.81
