85.94
85.16
82.81
82.81
82.19
82.03
80.80
80.47
80.21
79.84
79.40
80.21
79.93
79.46
79.79
80.37
80.24
80.56
80.92
81.09
81.03
80.97
80.91
80.99
81.00
81.13
81.37
81.36
81.20
81.20
81.00
80.91
81.01
80.97
80.94
80.90
80.74
81.09
81.17
81.21
81.25
81.14
81.14
81.18
81.15
81.32
81.25
81.28
81.19
81.12
81.10
81.10
81.16
81.25
81.25
81.28
81.25
81.38
81.46
81.22
81.20
81.22
81.32
81.35
81.32
81.39
81.41
81.48
81.45
81.41
81.40
81.40
81.29
81.33
81.38
81.35
81.31
81.31
81.29
81.23
81.33
81.38
81.27
81.34
81.42
81.40
81.39
81.32
81.20
81.13
81.06
81.05
80.98
81.02
81.07
81.10
81.11
81.11
81.08
81.06
81.10
81.11
81.07
81.04
81.04
81.03
81.09
81.09
81.05
81.08
81.10
81.12
81.13
81.18
81.13
81.14
81.16
81.16
81.14
81.16
81.20
81.20
81.24
81.24
81.18
81.24
81.23
81.24
81.19
81.21
81.23
81.25
81.26
81.30
81.35
81.36
81.38
81.41
81.38
81.41
81.44
81.53
81.53
81.53
81.49
81.57
81.56
81.57
81.60
81.64
81.62
81.60
81.61
81.58
81.60
81.58
81.50
81.51
81.53
81.53
81.50
81.52
81.57
81.55
81.52
81.52
81.55
81.55
81.59
81.57
81.59
81.60
81.63
81.65
81.64
81.59
81.61
81.62
81.63
81.63
81.66
81.69
81.67
81.64
81.66
81.66
81.65
81.67
81.70
81.72
81.72
81.72
81.74
81.74
81.71
81.71
81.69
81.67
81.67
81.69
81.72
81.71
81.70
81.69
81.68
81.61
81.65
81.66
81.68
81.70
81.70
81.68
81.67
81.73
81.75
81.76
81.75
81.78
81.76
81.77
81.77
81.75
81.73
81.75
81.76
81.75
81.73
81.76
81.77
81.75
81.75
81.75
81.77
81.77
81.76
81.77
81.76
81.78
81.78
81.76
81.81
81.80
81.78
81.78
81.78
81.76
81.78
81.78
81.78
81.80
81.82
81.78
81.76
81.74
81.72
81.73
81.74
81.75
81.72
81.74
81.75
81.76
81.78
81.75
81.76
81.73
81.72
81.70
81.73
81.74
81.75
81.77
81.75
81.78
81.77
81.77
81.77
81.77
81.76
81.77
81.77
81.74
81.75
81.76
81.77
81.76
81.76
81.75
81.75
81.71
81.74
81.71
81.67
81.66
81.66
81.65
81.67
81.65
81.64
81.63
81.64
81.65
81.66
81.66
81.66
81.70
81.69
81.69
81.70
81.72
81.71
81.73
81.76
81.78
81.77
81.77
81.75
81.77
81.75
81.75
81.74
81.72
81.72
81.74
81.74
81.74
81.76
81.74
81.74
81.74
81.76
81.77
81.79
81.80
81.78
81.79
81.80
81.81
81.80
81.79
81.79
81.81
81.82
81.82
81.80
81.82
81.83
81.84
81.84
81.83
81.83
81.84
81.83
81.80
81.82
81.82
81.83
81.82
81.83
81.84
81.86
81.88
81.86
81.87
81.88
81.89
81.89
81.90
81.91
81.91
81.90
81.91
81.92
81.91
81.89
81.91
81.91
81.90
81.91
81.90
81.91
81.92
81.93
81.94
81.93
81.94
81.95
81.94
81.93
81.92
81.92
81.92
81.92
81.93
81.91
81.92
81.93
81.90
81.90
81.90
81.89
81.89
81.89
81.86
81.84
81.85
81.83
81.81
81.78
81.79
81.79
81.78
81.79
81.79
81.79
81.80
81.82
81.81
81.80
81.80
81.78
81.78
81.77
81.76
81.75
81.76
81.77
81.78
81.78
81.79
81.80
81.81
81.81
81.80
81.79
81.79
81.79
81.80
81.81
81.80
81.82
81.83
81.85
81.86
81.85
81.86
81.82
81.82
81.82
81.81
81.81
81.81
81.82
81.81
81.82
81.82
81.81
81.81
81.79
81.80
81.80
81.79
81.81
81.82
81.82
81.82
81.82
81.81
81.81
81.81
81.82
81.80
81.80
81.80
81.81
81.81
81.80
81.82
81.84
81.84
81.85
81.86
81.87
81.89
81.88
81.87
81.87
81.86
81.87
81.86
81.87
81.89
81.89
81.87
81.87
81.87
81.89
81.90
81.85
81.85
81.85
81.84
81.83
81.82
81.79
81.79
81.80
81.82
81.83
81.83
81.82
81.83
81.82
81.82
81.82
81.81
81.81
81.81
81.80
81.79
81.79
81.78
81.80
81.81
81.80
81.81
81.81
81.81
81.80
81.79
81.78
81.79
81.79
81.79
81.78
81.77
81.77
81.76
81.76
81.74
81.76
81.75
81.74
81.73
81.74
81.74
81.74
81.74
81.75
81.76
81.76
81.76
81.76
81.77
81.79
81.78
81.77
81.77
81.78
81.79
81.78
81.77
81.77
81.78
81.78
81.79
81.78
81.79
81.80
81.78
81.78
81.79
81.79
81.79
81.80
81.81
81.81
81.82
81.81
81.80
81.80
81.80
81.80
81.79
81.79
81.78
81.78
81.79
81.80
81.81
81.81
81.81
81.81
81.81
81.81
81.81
81.80
81.81
81.81
81.81
81.82
81.82
81.83
81.84
81.83
81.84
81.85
81.84
81.83
81.84
81.85
81.85
81.85
81.86
81.85
81.85
81.85
81.85
81.85
81.85
81.84
81.84
81.83
81.82
81.82
81.83
81.83
81.83
81.84
81.85
81.85
81.85
81.86
81.86
81.86
81.86
81.87
81.88
81.88
81.89
81.91
81.91
81.92
81.92
81.92
81.92
81.93
81.94
81.94
81.94
81.95
81.95
81.95
81.94
81.93
81.93
81.92
81.91
81.91
81.93
81.94
81.95
81.95
81.96
81.95
81.96
81.96
81.96
81.95
81.95
81.96
81.96
81.93
81.92
81.92
81.93
81.93
81.92
81.93
81.93
81.92
81.93
81.93
81.94
81.94
81.95
81.96
81.95
81.96
81.96
81.96
81.95
81.95
81.95
81.95
81.94
81.96
81.96
81.95
81.96
81.95
81.96
81.96
81.96
81.95
81.95
81.94
81.93
81.93
81.93
81.94
81.94
81.94
81.95
81.94
81.94
81.95
81.95
81.96
81.95
81.95
81.96
81.95
81.96
81.96
81.95
81.95
81.95
81.95
81.95
81.95
81.96
81.96
81.97
81.97
81.97
81.95
81.95
81.94
81.94
81.95
81.94
81.94
81.95
81.95
81.95
81.96
81.94
81.94
81.94
81.93
81.93
81.94
81.94
81.93
81.94
81.94
81.95
81.95
81.95
81.95
81.95
81.95
81.96
81.96
81.96
81.97
81.97
81.97
81.97
81.99
81.99
81.98
81.98
81.97
81.97
81.97
81.98
81.98
81.98
81.97
81.89
