78.12
77.34
76.04
75.39
75.94
76.30
77.46
77.34
77.08
77.66
77.41
78.26
78.25
78.46
78.23
78.32
77.67
77.69
77.71
77.50
77.16
77.20
76.97
77.15
77.25
77.34
77.72
77.73
77.59
77.60
77.67
77.98
77.98
78.03
77.86
77.78
77.83
77.71
77.76
77.93
77.97
77.98
77.83
77.77
77.78
77.79
77.39
77.31
77.07
76.97
76.93
76.89
76.92
76.91
76.79
76.84
76.81
76.67
76.59
76.46
76.33
76.21
76.04
76.15
76.20
75.99
76.17
76.10
76.02
76.12
75.97
75.95
76.01
75.91
76.00
76.07
75.97
75.96
75.91
75.94
75.89
75.88
75.85
75.91
75.90
75.91
75.93
75.89
75.88
75.94
75.86
75.76
75.77
75.85
75.84
75.86
75.95
75.97
75.99
75.98
75.94
76.01
76.06
76.07
76.03
76.02
76.04
76.03
76.05
76.01
75.99
76.00
75.94
75.97
75.95
75.96
75.93
75.97
76.09
76.07
76.07
76.10
76.04
76.15
76.19
76.22
76.21
76.15
76.14
76.14
76.12
76.15
76.19
76.19
76.18
76.15
76.19
76.12
76.10
76.17
76.10
76.09
76.09
76.10
76.07
76.06
76.05
76.01
76.00
75.95
75.88
75.87
75.89
75.92
75.92
75.92
75.93
75.89
75.89
75.87
75.89
75.89
75.84
75.84
75.82
75.79
75.79
75.77
75.79
75.75
75.82
75.84
75.86
75.85
75.82
75.83
75.80
75.86
75.87
75.89
75.92
75.96
75.95
75.93
75.96
75.96
75.93
75.98
76.01
75.98
75.97
76.00
76.00
76.01
75.97
75.97
75.99
75.97
75.94
75.95
75.96
75.91
75.89
75.88
75.91
75.89
75.88
75.91
75.96
76.00
76.03
76.04
76.02
76.04
76.00
76.01
76.03
76.07
76.10
76.04
76.03
76.06
76.06
76.07
76.05
76.04
76.03
76.03
76.06
76.06
76.01
76.01
75.97
75.99
75.99
75.99
75.99
76.02
76.00
75.98
75.98
75.93
75.93
75.88
75.89
75.90
75.87
75.86
75.90
75.90
75.89
75.88
75.90
75.90
75.91
75.93
75.92
75.90
75.91
75.91
75.93
75.94
75.91
75.89
75.88
75.87
75.87
75.86
75.84
75.83
75.81
75.83
75.83
75.82
75.84
75.84
75.86
75.85
75.87
75.88
75.87
75.84
75.86
75.86
75.89
75.91
75.93
75.93
75.94
75.94
75.91
75.94
75.95
75.97
75.97
75.97
75.99
76.02
76.02
76.02
76.02
76.02
76.05
76.05
76.06
76.05
76.06
76.06
76.05
76.06
76.10
76.08
76.05
76.05
76.07
76.04
76.06
76.08
76.12
76.12
76.13
76.15
76.15
76.15
76.13
76.13
76.15
76.12
76.14
76.12
76.10
76.10
76.11
76.09
76.09
76.09
76.09
76.07
76.10
76.07
76.06
76.06
76.07
76.08
76.10
76.07
76.07
76.08
76.08
76.06
76.06
76.08
76.10
76.11
76.10
76.11
76.12
76.13
76.14
76.14
76.13
76.13
76.13
76.13
76.14
76.12
76.11
76.12
76.12
76.15
76.16
76.16
76.18
76.16
76.15
76.12
76.12
76.10
76.10
76.08
76.07
76.07
76.06
76.09
76.10
76.12
76.11
76.13
76.12
76.10
76.12
76.14
76.14
76.12
76.14
76.13
76.13
76.12
76.12
76.14
76.14
76.13
76.11
76.12
76.11
76.09
76.08
76.10
76.10
76.07
76.08
76.10
76.10
76.08
76.07
76.05
76.03
76.03
76.04
76.08
76.07
76.08
76.08
76.07
76.07
76.07
76.08
76.11
76.10
76.10
76.09
76.10
76.10
76.11
76.12
76.10
76.10
76.10
76.11
76.10
76.09
76.11
76.12
76.12
76.12
76.11
76.10
76.11
76.11
76.12
76.12
76.11
76.11
76.09
76.09
76.09
76.08
76.08
76.07
76.07
76.06
76.09
76.08
76.09
76.09
76.10
76.10
76.10
76.11
76.11
76.09
76.09
76.09
76.07
76.10
76.08
76.09
76.09
76.08
76.09
76.10
76.11
76.10
76.10
76.09
76.09
76.10
76.09
76.07
76.08
76.09
76.10
76.11
76.10
76.09
76.09
76.08
76.07
76.07
76.07
76.08
76.07
76.07
76.04
76.06
76.04
76.05
76.06
76.05
76.06
76.06
76.06
76.06
76.05
76.05
76.06
76.06
76.09
76.10
76.09
76.09
76.10
76.09
76.10
76.10
76.11
76.11
76.09
76.09
76.08
76.08
76.07
76.08
76.07
76.08
76.07
76.07
76.07
76.07
76.05
76.05
76.03
76.02
76.03
76.03
76.04
76.03
76.04
76.03
76.04
76.03
76.03
76.02
76.03
76.04
76.05
76.04
76.03
76.02
76.01
76.00
75.99
75.98
75.97
75.96
75.97
75.97
75.97
75.96
75.96
75.96
75.95
75.97
75.97
75.97
75.96
75.94
75.95
75.95
75.97
75.95
75.96
75.96
75.96
75.95
75.95
75.94
75.93
75.93
75.93
75.90
75.89
75.88
75.89
75.90
75.90
75.90
75.89
75.89
75.89
75.90
75.91
75.92
75.90
75.91
75.91
75.92
75.90
75.90
75.90
75.89
75.91
75.90
75.91
75.90
75.90
75.89
75.88
75.89
75.89
75.90
75.91
75.90
75.90
75.90
75.91
75.90
75.90
75.90
75.91
75.91
75.89
75.88
75.88
75.87
75.87
75.87
75.88
75.87
75.87
75.88
75.88
75.87
75.88
75.88
75.87
75.88
75.87
75.86
75.86
75.86
75.86
75.85
75.85
75.84
75.85
75.85
75.85
75.85
75.85
75.85
75.83
75.84
75.85
75.84
75.84
75.85
75.87
75.86
75.87
75.87
75.87
75.85
75.86
75.86
75.87
75.87
75.87
75.87
75.88
75.88
75.88
75.89
75.89
75.89
75.88
75.89
75.90
75.90
75.90
75.90
75.91
75.90
75.90
75.90
75.90
75.91
75.89
75.90
75.90
75.89
75.90
75.90
75.90
75.89
75.87
75.88
75.88
75.89
75.89
75.90
75.89
75.89
75.90
75.91
75.91
75.90
75.89
75.89
75.90
75.89
75.88
75.89
75.88
75.87
75.88
75.87
75.87
75.86
75.86
75.85
75.86
75.84
75.85
75.82
75.83
75.84
75.84
75.83
75.83
75.84
75.84
75.83
75.83
75.83
75.83
75.83
75.83
75.83
75.84
75.84
75.83
75.84
75.84
75.85
75.85
75.86
75.86
75.86
75.85
75.85
75.84
75.84
75.84
75.84
75.85
75.85
75.84
75.84
75.84
75.86
75.86
75.86
75.85
75.84
75.84
75.84
75.85
75.85
75.84
75.85
75.78
