51.56
50.00
48.44
47.66
46.56
46.61
45.76
45.31
44.79
45.31
46.16
46.35
46.63
46.65
46.46
45.61
45.13
45.23
44.98
45.08
44.94
44.74
45.31
45.38
45.06
45.43
45.25
45.48
45.31
45.21
44.91
44.82
44.89
44.94
45.00
45.05
45.19
45.60
45.47
45.23
45.31
45.31
45.06
45.10
45.14
44.94
44.85
44.79
44.87
44.81
44.73
44.62
44.52
44.62
44.74
44.75
44.87
44.83
44.73
44.71
44.75
44.86
44.64
44.60
44.66
44.60
44.57
44.51
44.59
44.55
44.63
44.66
44.71
44.68
44.65
44.72
44.62
44.71
44.64
44.67
44.60
44.57
44.60
44.53
44.63
44.69
44.68
44.60
44.70
44.72
44.80
44.89
44.99
45.06
45.03
45.02
45.02
45.06
45.15
45.23
45.33
45.30
45.30
45.25
45.27
45.19
45.24
45.21
45.14
45.21
45.20
45.12
45.12
45.15
45.12
45.18
45.09
45.17
45.25
45.21
45.16
45.11
45.17
45.20
45.22
45.16
45.10
45.13
45.12
45.17
45.24
45.24
45.22
45.21
45.13
45.13
45.18
45.19
45.12
45.09
45.02
45.04
45.05
44.99
44.97
44.94
44.90
44.89
44.88
44.89
44.90
44.86
44.82
44.80
44.74
44.70
44.67
44.71
44.73
44.70
44.70
44.70
44.66
44.74
44.79
44.82
44.89
44.88
44.90
44.86
44.85
44.89
44.78
44.82
44.76
44.84
44.86
44.90
44.86
44.86
44.83
44.87
44.87
44.81
44.79
44.73
44.78
44.77
44.73
44.75
44.79
44.73
44.71
44.70
44.73
44.66
44.63
44.58
44.52
44.48
44.48
44.50
44.45
44.45
44.44
44.48
44.54
44.50
44.53
44.49
44.48
44.48
44.50
44.50
44.48
44.45
44.46
44.48
44.49
44.50
44.47
44.51
44.51
44.52
44.51
44.50
44.55
44.58
44.58
44.59
44.63
44.61
44.63
44.67
44.68
44.66
44.63
44.63
44.61
44.60
44.59
44.58
44.59
44.58
44.55
44.59
44.60
44.61
44.60
44.60
44.62
44.59
44.61
44.61
44.68
44.66
44.67
44.66
44.67
44.69
44.73
44.70
44.71
44.70
44.71
44.71
44.72
44.75
44.73
44.72
44.72
44.74
44.77
44.80
44.81
44.81
44.84
44.79
44.77
44.75
44.75
44.73
44.74
44.74
44.76
44.78
44.77
44.76
44.76
44.76
44.72
44.67
44.67
44.67
44.70
44.70
44.67
44.65
44.64
44.67
44.67
44.69
44.70
44.71
44.70
44.66
44.68
44.66
44.67
44.67
44.67
44.69
44.71
44.71
44.71
44.73
44.76
44.72
44.73
44.71
44.68
44.67
44.67
44.68
44.69
44.71
44.71
44.70
44.70
44.72
44.74
44.76
44.77
44.77
44.72
44.72
44.72
44.71
44.72
44.70
44.70
44.70
44.70
44.69
44.73
44.74
44.74
44.73
44.78
44.81
44.82
44.86
44.84
44.86
44.83
44.84
44.83
44.81
44.82
44.80
44.83
44.85
44.84
44.82
44.84
44.83
44.81
44.81
44.82
44.81
44.85
44.87
44.90
44.91
44.92
44.92
44.88
44.87
44.90
44.90
44.90
44.92
44.93
44.92
44.90
44.88
44.88
44.86
44.84
44.82
44.81
44.81
44.82
44.80
44.77
44.78
44.80
44.80
44.80
44.80
44.80
44.78
44.80
44.81
44.82
44.81
44.83
44.82
44.83
44.84
44.83
44.85
44.84
44.84
44.84
44.85
44.86
44.86
44.89
44.89
44.87
44.89
44.90
44.91
44.94
44.96
44.96
44.97
44.97
44.98
44.99
45.02
45.01
45.01
45.01
45.04
45.06
45.04
45.02
45.02
45.01
45.02
45.01
45.03
45.04
45.04
45.03
45.02
45.02
45.04
45.03
45.02
45.01
44.99
45.02
45.03
45.03
45.02
44.99
44.99
45.00
45.00
45.01
45.00
45.00
45.01
45.02
45.02
45.00
44.99
45.00
45.02
45.01
45.03
45.02
45.03
45.06
45.04
45.05
45.02
45.02
45.01
45.00
44.99
44.99
45.01
45.00
45.00
45.02
45.01
45.01
45.01
45.00
45.02
45.01
45.03
45.03
45.00
44.98
44.97
44.99
44.99
44.98
44.98
44.98
44.99
44.99
45.01
45.03
45.03
45.06
45.06
45.07
45.08
45.09
45.10
45.08
45.08
45.08
45.07
45.07
45.06
45.07
45.07
45.08
45.08
45.09
45.11
45.10
45.09
45.08
45.07
45.08
45.09
45.11
45.09
45.09
45.09
45.09
45.09
45.09
45.08
45.07
45.07
45.09
45.09
45.10
45.14
45.13
45.14
45.16
45.16
45.15
45.15
45.14
45.13
45.13
45.12
45.11
45.12
45.13
45.12
45.12
45.12
45.10
45.09
45.09
45.08
45.09
45.09
45.07
45.07
45.07
45.07
45.09
45.07
45.08
45.09
45.12
45.11
45.11
45.10
45.09
45.08
45.09
45.08
45.08
45.08
45.10
45.09
45.09
45.10
45.09
45.11
45.10
45.10
45.12
45.11
45.12
45.14
45.11
45.10
45.11
45.11
45.12
45.12
45.11
45.10
45.09
45.08
45.09
45.11
45.12
45.13
45.13
45.12
45.12
45.12
45.13
45.12
45.11
45.12
45.13
45.13
45.12
45.10
45.09
45.08
45.08
45.08
45.09
45.10
45.10
45.11
45.12
45.12
45.11
45.12
45.12
45.13
45.13
45.13
45.14
45.14
45.16
45.16
45.15
45.16
45.17
45.18
45.20
45.19
45.19
45.19
45.17
45.16
45.16
45.17
45.18
45.17
45.17
45.17
45.16
45.18
45.19
45.21
45.21
45.22
45.22
45.21
45.21
45.23
45.23
45.23
45.24
45.23
45.23
45.24
45.23
45.24
45.23
45.23
45.21
45.23
45.21
45.22
45.23
45.24
45.24
45.23
45.24
45.24
45.25
45.24
45.24
45.25
45.24
45.24
45.25
45.23
45.23
45.24
45.25
45.24
45.25
45.25
45.23
45.24
45.24
45.24
45.25
45.24
45.25
45.26
45.27
45.27
45.27
45.27
45.28
45.27
45.26
45.26
45.28
45.27
45.27
45.27
45.30
45.29
45.30
45.31
45.32
45.32
45.33
45.34
45.34
45.36
45.36
45.36
45.37
45.37
45.38
45.38
45.37
45.36
45.37
45.37
45.36
45.36
45.35
45.35
45.36
45.36
45.37
45.37
45.36
45.36
45.36
45.38
45.37
45.38
45.38
45.40
45.39
45.39
45.37
45.38
45.37
45.36
45.36
45.38
45.38
45.37
45.38
45.38
45.38
45.38
45.37
45.38
45.38
45.37
45.38
45.34
