65.62
65.62
68.23
69.53
69.38
70.83
70.76
71.09
70.83
69.84
70.17
70.83
70.19
70.20
70.21
70.21
70.40
70.31
70.39
70.39
70.46
70.31
70.31
70.25
70.38
70.55
70.66
70.87
71.01
70.94
71.07
71.00
70.88
70.82
71.03
70.92
71.03
71.09
70.95
71.02
70.85
71.02
71.29
71.34
71.18
71.37
71.34
71.32
71.21
71.12
71.29
71.24
71.31
71.24
71.28
71.15
71.24
71.23
71.16
71.22
71.41
71.40
71.18
71.39
71.27
71.28
71.29
71.28
71.35
71.45
71.54
71.48
71.45
71.43
71.44
71.44
71.35
71.41
71.48
71.45
71.43
71.32
71.37
71.26
71.21
71.24
71.26
71.38
71.30
71.28
71.34
71.30
71.30
71.28
71.20
71.26
71.23
71.14
71.15
71.12
71.15
71.12
71.19
71.14
71.19
71.18
71.14
71.18
71.12
71.26
71.35
71.43
71.45
71.48
71.45
71.51
71.57
71.49
71.44
71.46
71.41
71.38
71.30
71.24
71.29
71.25
71.31
71.29
71.33
71.41
71.33
71.39
71.32
71.28
71.27
71.28
71.27
71.26
71.32
71.37
71.37
71.36
71.41
71.34
71.40
71.39
71.36
71.34
71.34
71.21
71.16
71.28
71.26
71.26
71.25
71.23
71.16
71.15
71.18
71.22
71.16
71.10
71.14
71.10
71.06
70.99
71.01
71.00
71.02
71.03
70.98
70.98
71.00
71.01
71.00
70.99
70.99
71.00
71.04
71.06
71.05
71.07
71.09
71.07
71.08
71.09
71.11
71.08
71.03
71.05
71.08
71.13
71.13
71.16
71.11
71.09
71.10
71.13
71.18
71.18
71.21
71.26
71.24
71.22
71.23
71.23
71.23
71.27
71.25
71.25
71.25
71.24
71.21
71.24
71.21
71.21
71.20
71.21
71.18
71.16
71.20
71.19
71.21
71.23
71.15
71.15
71.12
71.13
71.12
71.11
71.18
71.19
71.21
71.27
71.31
71.36
71.35
71.38
71.39
71.39
71.41
71.40
71.42
71.45
71.45
71.47
71.48
71.47
71.49
71.48
71.48
71.48
71.49
71.49
71.49
71.48
71.46
71.46
71.48
71.48
71.46
71.48
71.45
71.47
71.48
71.51
71.49
71.47
71.46
71.46
71.49
71.46
71.48
71.43
71.45
71.46
71.49
71.49
71.49
71.51
71.47
71.53
71.54
71.56
71.55
71.51
71.54
71.57
71.54
71.52
71.48
71.48
71.50
71.50
71.53
71.52
71.52
71.52
71.53
71.52
71.52
71.50
71.52
71.53
71.55
71.56
71.56
71.54
71.51
71.49
71.46
71.46
71.47
71.46
71.47
71.46
71.47
71.48
71.50
71.48
71.51
71.52
71.51
71.54
71.56
71.54
71.57
71.57
71.59
71.57
71.55
71.55
71.55
71.55
71.56
71.54
71.56
71.58
71.58
71.58
71.58
71.57
71.57
71.56
71.55
71.55
71.56
71.55
71.53
71.54
71.54
71.51
71.53
71.55
71.57
71.60
71.60
71.60
71.61
71.63
71.62
71.62
71.64
71.66
71.63
71.63
71.62
71.63
71.63
71.64
71.63
71.64
71.64
71.66
71.66
71.65
71.66
71.67
71.67
71.68
71.69
71.67
71.66
71.68
71.68
71.69
71.70
71.71
71.71
71.73
71.74
71.74
71.74
71.72
71.71
71.75
71.76
71.74
71.75
71.74
71.72
71.70
71.72
71.74
71.77
71.78
71.79
71.78
71.79
71.77
71.76
71.77
71.76
71.77
71.77
71.77
71.78
71.77
71.77
71.77
71.79
71.77
71.76
71.78
71.81
71.81
71.81
71.78
71.77
71.77
71.78
71.76
71.73
71.72
71.72
71.74
71.73
71.71
71.72
71.73
71.73
71.73
71.72
71.72
71.71
71.70
71.70
71.69
71.67
71.68
71.71
71.69
71.70
71.72
71.69
71.68
71.69
71.68
71.69
71.70
71.70
71.72
71.70
71.70
71.70
71.70
71.71
71.71
71.72
71.72
71.73
71.70
71.71
71.73
71.72
71.70
71.69
71.67
71.68
71.67
71.67
71.67
71.67
71.67
71.69
71.70
71.70
71.70
71.70
71.69
71.68
71.69
71.69
71.67
71.67
71.67
71.65
71.64
71.64
71.63
71.65
71.67
71.68
71.68
71.69
71.69
71.69
71.68
71.69
71.69
71.70
71.69
71.68
71.68
71.68
71.69
71.68
71.68
71.68
71.68
71.68
71.68
71.70
71.71
71.68
71.67
71.66
71.66
71.66
71.65
71.64
71.64
71.63
71.63
71.62
71.61
71.60
71.59
71.60
71.61
71.61
71.62
71.64
71.64
71.64
71.64
71.65
71.64
71.65
71.68
71.68
71.70
71.70
71.68
71.69
71.70
71.69
71.70
71.71
71.71
71.70
71.71
71.69
71.68
71.68
71.69
71.72
71.72
71.70
71.71
71.71
71.70
71.69
71.69
71.69
71.69
71.71
71.72
71.73
71.73
71.73
71.74
71.75
71.75
71.75
71.74
71.73
71.73
71.73
71.74
71.75
71.75
71.73
71.73
71.73
71.73
71.72
71.73
71.73
71.74
71.75
71.74
71.74
71.74
71.74
71.76
71.75
71.75
71.74
71.75
71.75
71.76
71.77
71.76
71.76
71.76
71.77
71.77
71.76
71.76
71.76
71.76
71.76
71.75
71.76
71.77
71.77
71.76
71.75
71.74
71.73
71.74
71.74
71.73
71.73
71.72
71.72
71.71
71.70
71.71
71.72
71.72
71.72
71.73
71.74
71.73
71.72
71.73
71.70
71.70
71.69
71.69
71.70
71.70
71.70
71.70
71.69
71.71
71.72
71.72
71.72
71.73
71.75
71.74
71.72
71.71
71.70
71.69
71.70
71.70
71.71
71.70
71.71
71.72
71.72
71.72
71.72
71.73
71.74
71.73
71.74
71.75
71.75
71.75
71.75
71.74
71.75
71.75
71.75
71.75
71.76
71.76
71.75
71.76
71.76
71.75
71.74
71.75
71.74
71.74
71.74
71.73
71.73
71.74
71.73
71.73
71.72
71.73
71.73
71.73
71.72
71.72
71.72
71.73
71.74
71.74
71.74
71.73
71.72
71.72
71.72
71.72
71.73
71.70
71.70
71.70
71.70
71.72
71.72
71.72
71.72
71.72
71.72
71.72
71.71
71.71
71.71
71.73
71.73
71.72
71.73
71.71
71.70
71.71
71.71
71.71
71.71
71.72
71.72
71.72
71.72
71.73
71.72
71.72
71.73
71.74
71.73
71.75
71.75
71.75
71.76
71.76
71.75
71.75
71.74
71.74
71.75
71.74
71.75
71.76
71.77
71.76
71.75
71.74
71.73
71.75
71.74
71.75
71.75
71.75
71.75
71.68
