56.25
57.81
54.69
55.86
56.56
55.47
55.36
56.05
55.90
55.78
55.68
55.60
55.05
55.69
55.21
54.88
55.33
55.21
55.26
55.16
55.51
54.90
55.10
55.27
55.00
55.23
55.21
55.25
54.96
55.05
55.29
55.57
55.78
55.24
55.36
55.43
55.36
55.14
55.09
55.39
55.34
55.43
55.63
55.61
55.56
55.71
55.72
55.66
55.77
55.84
55.82
55.68
55.96
56.08
56.19
56.22
56.25
56.22
56.33
56.38
56.43
56.53
56.67
56.54
56.54
56.51
56.67
56.71
56.68
56.61
56.51
56.49
56.49
56.46
56.40
56.50
56.37
56.47
56.41
56.41
56.44
56.35
56.25
56.23
56.23
56.38
56.36
56.36
56.25
56.25
56.16
56.17
56.12
56.03
55.99
56.07
56.01
56.09
56.19
56.17
56.17
56.08
56.08
56.10
56.04
55.96
55.96
55.95
55.91
55.88
55.87
55.98
56.01
56.00
55.96
55.93
55.92
56.00
55.99
55.96
55.95
56.01
56.01
55.92
55.94
55.98
55.98
55.99
55.97
56.00
55.99
55.98
55.94
55.92
55.89
55.94
55.96
55.97
56.06
56.00
56.03
55.99
56.03
56.09
56.10
56.07
56.09
56.11
56.11
56.19
56.16
56.20
56.19
56.21
56.16
56.19
56.16
56.20
56.25
56.23
56.24
56.24
56.25
56.30
56.38
56.39
56.35
56.36
56.34
56.26
56.23
56.29
56.24
56.27
56.31
56.29
56.34
56.36
56.35
56.35
56.38
56.37
56.40
56.42
56.42
56.40
56.43
56.42
56.48
56.53
56.54
56.57
56.60
56.56
56.51
56.53
56.56
56.52
56.55
56.55
56.56
56.57
56.59
56.59
56.60
56.53
56.54
56.51
56.49
56.43
56.40
56.40
56.40
56.41
56.39
56.43
56.45
56.48
56.46
56.43
56.46
56.45
56.45
56.42
56.44
56.46
56.44
56.46
56.43
56.44
56.42
56.40
56.40
56.37
56.36
56.35
56.36
56.30
56.29
56.28
56.22
56.26
56.25
56.30
56.28
56.22
56.24
56.26
56.30
56.32
56.32
56.33
56.31
56.32
56.33
56.32
56.38
56.38
56.44
56.44
56.41
56.38
56.37
56.36
56.35
56.37
56.37
56.40
56.38
56.41
56.35
56.31
56.31
56.28
56.31
56.30
56.32
56.32
56.37
56.36
56.36
56.34
56.32
56.31
56.33
56.33
56.35
56.36
56.37
56.36
56.35
56.34
56.32
56.32
56.32
56.35
56.34
56.32
56.33
56.32
56.33
56.33
56.35
56.34
56.34
56.35
56.33
56.31
56.29
56.32
56.32
56.35
56.36
56.34
56.35
56.35
56.35
56.31
56.30
56.32
56.29
56.29
56.31
56.34
56.34
56.37
56.36
56.35
56.36
56.32
56.31
56.31
56.32
56.30
56.32
56.31
56.31
56.29
56.28
56.31
56.30
56.28
56.28
56.27
56.26
56.25
56.24
56.24
56.21
56.20
56.21
56.23
56.22
56.22
56.20
56.22
56.22
56.22
56.19
56.19
56.15
56.12
56.10
56.13
56.14
56.14
56.14
56.14
56.16
56.16
56.12
56.10
56.09
56.12
56.15
56.16
56.16
56.16
56.16
56.16
56.14
56.14
56.14
56.16
56.16
56.14
56.11
56.11
56.08
56.07
56.06
56.06
56.05
56.04
56.04
56.04
56.04
56.04
56.02
56.01
56.00
56.01
56.01
56.03
56.02
56.04
56.07
56.07
56.06
56.06
56.04
56.05
56.05
56.05
56.01
56.02
56.04
56.02
56.02
56.04
56.04
56.05
56.07
56.07
56.07
56.08
56.07
56.07
56.08
56.08
56.08
56.08
56.07
56.08
56.08
56.07
56.06
56.04
56.04
56.04
56.04
56.03
56.00
56.01
56.00
55.97
55.96
55.97
55.98
55.97
55.99
55.98
56.00
56.00
55.99
55.96
55.95
55.95
55.94
55.92
55.92
55.92
55.95
55.95
55.95
55.94
55.94
55.96
55.96
55.97
56.00
56.00
55.98
55.99
56.01
56.00
56.01
56.00
56.00
56.00
56.00
56.00
56.00
55.99
55.98
55.98
55.97
55.96
55.96
55.95
55.95
55.97
55.95
55.94
55.96
55.96
55.98
55.99
56.01
56.02
56.00
55.97
55.95
55.95
55.94
55.91
55.92
55.93
55.92
55.91
55.90
55.90
55.89
55.87
55.89
55.90
55.91
55.91
55.91
55.91
55.91
55.91
55.91
55.91
55.92
55.92
55.91
55.92
55.92
55.92
55.93
55.92
55.92
55.93
55.94
55.94
55.93
55.94
55.94
55.92
55.91
55.93
55.93
55.91
55.91
55.92
55.94
55.94
55.92
55.91
55.91
55.93
55.93
55.93
55.94
55.96
55.96
55.96
55.96
55.97
55.97
55.98
55.98
55.99
55.99
56.00
55.98
55.96
55.97
55.99
55.97
55.98
55.99
55.99
55.99
56.01
56.01
56.03
56.03
56.02
56.03
56.05
56.06
56.04
56.06
56.05
56.04
56.05
56.05
56.04
56.05
56.05
56.06
56.07
56.07
56.06
56.05
56.04
56.02
56.01
56.01
56.03
56.03
56.05
56.05
56.04
56.04
56.03
56.04
56.04
56.06
56.07
56.07
56.09
56.09
56.10
56.10
56.10
56.09
56.06
56.06
56.07
56.05
56.04
56.04
56.06
56.06
56.06
56.07
56.07
56.06
56.06
56.05
56.05
56.05
56.05
56.05
56.06
56.08
56.07
56.08
56.09
56.09
56.10
56.10
56.10
56.09
56.09
56.08
56.07
56.07
56.07
56.06
56.07
56.07
56.07
56.08
56.07
56.08
56.09
56.10
56.08
56.08
56.08
56.08
56.08
56.08
56.09
56.08
56.07
56.08
56.08
56.09
56.09
56.10
56.09
56.08
56.08
56.08
56.09
56.10
56.10
56.10
56.08
56.09
56.09
56.07
56.06
56.07
56.08
56.10
56.11
56.11
56.11
56.10
56.10
56.11
56.10
56.10
56.12
56.12
56.12
56.11
56.10
56.10
56.09
56.11
56.10
56.12
56.11
56.12
56.12
56.13
56.14
56.14
56.14
56.14
56.13
56.12
56.13
56.13
56.12
56.11
56.11
56.12
56.12
56.13
56.12
56.12
56.10
56.08
56.08
56.07
56.08
56.09
56.11
56.11
56.11
56.12
56.11
56.12
56.11
56.10
56.10
56.11
56.12
56.11
56.11
56.11
56.11
56.11
56.11
56.12
56.12
56.11
56.11
56.10
56.10
56.07
56.08
56.08
56.09
56.08
56.09
56.09
56.08
56.07
56.08
56.09
56.09
56.09
56.08
56.08
56.08
56.09
56.09
56.10
56.10
56.11
56.11
56.11
56.05
