81.25
74.22
72.92
71.88
72.19
73.70
72.99
72.46
72.74
72.97
73.44
72.66
73.20
72.77
72.60
72.07
71.60
71.53
71.22
71.17
71.21
71.09
71.26
71.09
70.81
70.61
70.49
70.54
70.53
70.31
70.61
70.70
70.64
70.73
70.49
70.31
70.65
70.56
70.43
70.47
70.43
70.72
70.75
70.70
70.69
70.55
70.74
70.80
70.98
71.06
71.11
71.21
71.14
71.15
71.25
71.12
71.03
71.01
71.03
71.02
71.03
70.99
71.06
71.02
70.99
71.00
70.94
70.89
70.97
70.89
70.95
71.07
70.89
70.76
70.79
70.72
70.66
70.55
70.53
70.53
70.49
70.52
70.56
70.67
70.70
70.68
70.78
70.72
70.80
70.80
70.81
70.77
70.80
70.81
70.84
70.87
70.84
70.73
70.75
70.73
70.67
70.70
70.66
70.61
70.58
70.62
70.55
70.50
70.43
70.45
70.54
70.56
70.62
70.60
70.62
70.61
70.58
70.62
70.64
70.65
70.73
70.77
70.80
70.80
70.85
70.80
70.83
70.81
70.86
70.85
70.85
70.92
70.88
70.87
70.93
70.90
70.94
70.95
70.90
70.86
70.87
70.84
70.84
70.84
70.86
70.88
70.92
70.94
70.99
70.94
70.87
70.90
70.90
70.88
70.81
70.80
70.79
70.83
70.83
70.84
70.85
70.82
70.85
70.89
70.90
70.85
70.92
70.92
70.83
70.82
70.88
70.86
70.87
70.86
70.88
70.94
70.97
70.97
70.96
70.96
70.96
70.96
70.92
70.92
70.95
70.99
70.96
71.02
71.04
71.05
71.08
71.10
71.10
71.11
71.07
71.05
71.05
71.07
71.05
71.06
71.06
71.06
71.11
71.06
71.07
71.06
71.02
71.03
71.01
71.00
70.96
70.95
70.98
70.98
71.00
71.02
71.00
71.07
71.06
71.07
71.12
71.12
71.15
71.16
71.14
71.11
71.12
71.11
71.10
71.11
71.10
71.11
71.12
71.15
71.16
71.21
71.21
71.21
71.23
71.22
71.19
71.20
71.19
71.18
71.17
71.18
71.18
71.20
71.18
71.16
71.13
71.11
71.11
71.13
71.15
71.16
71.15
71.12
71.14
71.12
71.12
71.13
71.13
71.14
71.11
71.11
71.13
71.13
71.10
71.10
71.04
71.04
71.04
71.06
71.09
71.05
71.05
71.05
71.05
71.05
71.04
71.04
71.01
70.97
70.98
70.99
71.00
71.01
71.00
70.99
70.99
70.97
71.02
71.02
71.01
70.99
71.00
71.02
71.01
71.03
71.01
71.00
71.02
71.03
71.04
71.01
71.01
71.03
71.04
71.07
71.09
71.11
71.11
71.12
71.14
71.12
71.09
71.08
71.07
71.03
71.05
71.05
71.07
71.07
71.05
71.03
71.01
71.02
71.00
71.00
71.00
71.00
70.98
70.96
70.96
70.97
70.95
70.96
70.96
70.98
70.97
70.97
70.95
70.95
70.94
70.96
70.97
70.97
70.95
70.98
70.98
70.97
70.97
70.98
70.99
70.97
70.96
70.96
70.95
70.95
70.96
70.92
70.93
70.95
70.96
70.92
70.92
70.93
70.93
70.95
70.97
70.96
70.92
70.94
70.94
70.95
70.95
70.97
70.99
71.00
71.03
71.02
71.03
71.04
71.03
71.04
71.02
71.01
71.02
71.01
71.02
71.03
71.04
71.06
71.05
71.06
71.06
71.07
71.09
71.09
71.08
71.09
71.06
71.07
71.09
71.07
71.06
71.09
71.08
71.07
71.08
71.06
71.07
71.07
71.09
71.07
71.07
71.07
71.08
71.06
71.06
71.06
71.05
71.06
71.04
71.06
71.04
71.06
71.04
71.04
71.06
71.09
71.08
71.09
71.10
71.08
71.11
71.12
71.13
71.12
71.13
71.11
71.10
71.13
71.14
71.15
71.14
71.15
71.15
71.13
71.13
71.12
71.11
71.11
71.11
71.10
71.10
71.08
71.08
71.08
71.09
71.11
71.11
71.11
71.11
71.09
71.08
71.07
71.08
71.06
71.08
71.10
71.11
71.11
71.11
71.10
71.11
71.13
71.14
71.16
71.16
71.16
71.15
71.16
71.14
71.14
71.17
71.18
71.17
71.18
71.16
71.16
71.16
71.15
71.16
71.17
71.16
71.14
71.16
71.15
71.18
71.18
71.17
71.16
71.15
71.13
71.13
71.13
71.14
71.14
71.14
71.13
71.13
71.14
71.14
71.15
71.17
71.14
71.13
71.14
71.15
71.16
71.15
71.15
71.15
71.16
71.15
71.15
71.15
71.13
71.13
71.13
71.12
71.13
71.12
71.11
71.11
71.11
71.10
71.10
71.11
71.13
71.12
71.12
71.13
71.10
71.10
71.10
71.11
71.11
71.09
71.10
71.09
71.10
71.10
71.11
71.11
71.10
71.11
71.11
71.10
71.11
71.13
71.12
71.13
71.14
71.14
71.15
71.17
71.15
71.15
71.15
71.14
71.14
71.14
71.14
71.14
71.13
71.13
71.13
71.13
71.12
71.11
71.10
71.10
71.10
71.11
71.10
71.10
71.11
71.11
71.10
71.10
71.12
71.13
71.14
71.13
71.12
71.11
71.10
71.10
71.10
71.13
71.13
71.13
71.13
71.15
71.15
71.16
71.15
71.16
71.16
71.16
71.17
71.16
71.15
71.14
71.12
71.12
71.11
71.12
71.12
71.13
71.12
71.11
71.13
71.13
71.13
71.14
71.14
71.14
71.14
71.14
71.13
71.12
71.12
71.12
71.12
71.14
71.15
71.15
71.15
71.15
71.15
71.17
71.16
71.16
71.15
71.16
71.16
71.15
71.14
71.14
71.15
71.15
71.14
71.15
71.16
71.15
71.16
71.17
71.18
71.18
71.19
71.19
71.20
71.20
71.20
71.20
71.20
71.21
71.20
71.19
71.19
71.18
71.18
71.18
71.18
71.17
71.16
71.16
71.18
71.18
71.17
71.16
71.15
71.15
71.14
71.13
71.13
71.13
71.13
71.12
71.14
71.13
71.15
71.14
71.13
71.13
71.13
71.13
71.12
71.13
71.13
71.13
71.13
71.13
71.13
71.14
71.14
71.15
71.16
71.17
71.18
71.18
71.19
71.18
71.16
71.16
71.17
71.16
71.16
71.17
71.18
71.19
71.17
71.17
71.17
71.16
71.16
71.14
71.14
71.13
71.12
71.11
71.09
71.08
71.10
71.10
71.09
71.09
71.08
71.08
71.08
71.07
71.08
71.08
71.08
71.08
71.08
71.09
71.08
71.08
71.09
71.09
71.09
71.09
71.09
71.11
71.12
71.13
71.12
71.12
71.13
71.14
71.13
71.13
71.13
71.14
71.12
71.11
71.11
71.11
71.12
71.11
71.11
71.11
71.12
71.11
71.10
71.10
71.03
