43.75
41.41
40.10
40.62
40.00
39.58
38.62
39.26
38.89
38.44
38.35
38.80
38.82
38.62
38.65
38.57
37.78
37.85
38.08
37.66
37.13
37.29
37.23
37.24
37.19
37.62
37.44
37.28
37.23
37.45
37.65
37.84
37.74
37.64
37.81
37.80
38.05
37.95
38.10
38.01
37.92
37.87
37.65
37.71
37.85
37.87
37.87
37.99
37.88
38.00
38.14
38.10
38.03
38.08
38.07
38.14
38.27
38.20
38.51
38.65
38.65
38.61
38.67
38.57
38.61
38.52
38.50
38.47
38.52
38.48
38.31
38.22
38.12
38.18
38.13
38.18
38.11
38.00
37.95
37.93
37.91
37.80
37.73
37.69
37.65
37.66
37.72
37.66
37.76
37.80
37.76
37.70
37.72
37.77
37.76
37.79
37.85
37.82
37.78
37.77
37.67
37.64
37.62
37.68
37.63
37.60
37.66
37.69
37.63
37.66
37.65
37.60
37.56
37.60
37.61
37.59
37.63
37.71
37.68
37.64
37.73
37.77
37.79
37.76
37.75
37.72
37.62
37.70
37.73
37.72
37.68
37.78
37.81
37.78
37.79
37.74
37.75
37.70
37.66
37.66
37.66
37.60
37.61
37.60
37.53
37.50
37.48
37.45
37.45
37.36
37.36
37.30
37.36
37.39
37.39
37.40
37.43
37.39
37.33
37.33
37.31
37.32
37.31
37.28
37.25
37.27
37.31
37.28
37.26
37.22
37.18
37.15
37.12
37.13
37.14
37.21
37.25
37.18
37.26
37.21
37.20
37.20
37.22
37.23
37.24
37.25
37.27
37.23
37.21
37.21
37.21
37.22
37.24
37.25
37.22
37.22
37.25
37.19
37.19
37.16
37.14
37.14
37.14
37.12
37.16
37.16
37.18
37.15
37.20
37.19
37.23
37.23
37.22
37.22
37.22
37.25
37.23
37.24
37.26
37.27
37.27
37.27
37.28
37.26
37.25
37.25
37.26
37.25
37.23
37.21
37.21
37.20
37.18
37.20
37.17
37.18
37.16
37.15
37.12
37.11
37.12
37.13
37.17
37.15
37.16
37.15
37.14
37.15
37.12
37.12
37.15
37.16
37.10
37.08
37.10
37.13
37.12
37.11
37.11
37.13
37.10
37.11
37.13
37.10
37.05
37.05
37.05
37.07
37.11
37.08
37.08
37.07
37.11
37.11
37.08
37.06
37.06
37.05
37.06
37.11
37.11
37.12
37.10
37.14
37.12
37.13
37.14
37.10
37.12
37.11
37.11
37.14
37.14
37.11
37.10
37.11
37.12
37.12
37.18
37.18
37.17
37.16
37.15
37.14
37.15
37.15
37.13
37.14
37.12
37.12
37.14
37.10
37.12
37.08
37.07
37.07
37.08
37.09
37.10
37.11
37.10
37.08
37.08
37.08
37.08
37.10
37.11
37.10
37.08
37.06
37.04
37.02
37.03
37.05
37.03
37.03
37.03
37.05
37.06
37.05
37.05
37.06
37.08
37.11
37.09
37.08
37.07
37.10
37.08
37.11
37.08
37.07
37.07
37.06
37.06
37.07
37.07
37.07
37.06
37.05
37.02
37.03
37.07
37.08
37.05
37.06
37.05
37.05
37.07
37.08
37.06
37.07
37.09
37.10
37.10
37.10
37.09
37.11
37.12
37.12
37.11
37.11
37.11
37.13
37.13
37.13
37.12
37.14
37.15
37.16
37.17
37.17
37.15
37.18
37.18
37.18
37.17
37.15
37.16
37.15
37.14
37.15
37.13
37.12
37.13
37.13
37.11
37.11
37.10
37.09
37.12
37.13
37.12
37.13
37.14
37.14
37.13
37.13
37.11
37.13
37.13
37.13
37.13
37.11
37.08
37.10
37.09
37.09
37.10
37.10
37.10
37.09
37.09
37.11
37.11
37.10
37.09
37.07
37.09
37.07
37.07
37.09
37.12
37.13
37.15
37.17
37.16
37.18
37.19
37.18
37.17
37.19
37.20
37.21
37.22
37.22
37.22
37.23
37.23
37.26
37.26
37.26
37.25
37.26
37.24
37.23
37.24
37.24
37.24
37.23
37.23
37.23
37.22
37.23
37.24
37.27
37.24
37.25
37.24
37.23
37.23
37.24
37.25
37.25
37.25
37.24
37.24
37.24
37.23
37.22
37.25
37.24
37.23
37.24
37.24
37.23
37.23
37.24
37.22
37.24
37.23
37.24
37.24
37.22
37.22
37.24
37.25
37.25
37.22
37.24
37.23
37.23
37.24
37.26
37.26
37.28
37.29
37.28
37.28
37.29
37.28
37.31
37.31
37.32
37.31
37.30
37.30
37.30
37.31
37.29
37.29
37.29
37.28
37.27
37.28
37.29
37.29
37.30
37.28
37.28
37.28
37.27
37.29
37.29
37.28
37.30
37.30
37.31
37.30
37.31
37.31
37.31
37.31
37.30
37.30
37.30
37.30
37.31
37.30
37.30
37.29
37.31
37.30
37.32
37.34
37.34
37.34
37.37
37.38
37.38
37.38
37.39
37.38
37.38
37.39
37.39
37.37
37.36
37.35
37.34
37.33
37.33
37.32
37.32
37.32
37.33
37.33
37.34
37.35
37.34
37.33
37.33
37.32
37.32
37.33
37.35
37.34
37.32
37.31
37.31
37.31
37.29
37.27
37.27
37.27
37.28
37.27
37.27
37.27
37.28
37.30
37.29
37.29
37.26
37.25
37.24
37.24
37.23
37.22
37.23
37.25
37.25
37.24
37.26
37.25
37.25
37.24
37.24
37.23
37.24
37.25
37.27
37.28
37.29
37.28
37.28
37.28
37.30
37.31
37.31
37.31
37.31
37.30
37.30
37.30
37.31
37.32
37.33
37.34
37.35
37.36
37.37
37.37
37.35
37.35
37.34
37.34
37.33
37.34
37.35
37.35
37.36
37.35
37.35
37.34
37.33
37.35
37.36
37.36
37.37
37.37
37.36
37.37
37.36
37.36
37.35
37.34
37.34
37.33
37.32
37.31
37.30
37.30
37.30
37.31
37.32
37.31
37.32
37.31
37.30
37.30
37.31
37.30
37.31
37.31
37.32
37.31
37.31
37.29
37.29
37.29
37.30
37.30
37.30
37.30
37.31
37.32
37.31
37.32
37.33
37.33
37.31
37.31
37.31
37.30
37.29
37.28
37.27
37.28
37.28
37.28
37.29
37.29
37.29
37.28
37.28
37.29
37.30
37.30
37.30
37.28
37.30
37.29
37.30
37.30
37.30
37.29
37.30
37.31
37.31
37.31
37.30
37.31
37.33
37.33
37.32
37.32
37.32
37.32
37.33
37.32
37.31
37.31
37.31
37.31
37.32
37.34
37.34
37.34
37.34
37.33
37.32
37.34
37.32
37.32
37.31
37.30
37.31
37.32
37.32
37.33
37.31
37.32
37.33
37.32
37.32
37.30
37.30
37.31
37.30
37.30
37.27
