50.00
51.56
58.33
55.47
54.06
53.39
54.24
53.91
54.34
55.31
56.53
55.99
56.01
54.91
54.90
55.18
55.61
55.38
55.51
55.23
54.99
54.69
54.48
54.36
54.38
54.57
54.28
54.30
54.20
54.06
53.88
53.86
54.02
53.77
53.62
53.56
53.42
53.37
53.41
53.28
53.24
53.31
53.38
53.69
53.54
53.36
53.39
53.26
53.22
53.28
53.40
53.46
53.48
53.53
53.35
53.52
53.78
53.77
53.87
53.65
53.74
53.73
53.65
53.76
53.63
53.69
53.61
53.56
53.56
53.59
53.50
53.39
53.38
53.44
53.50
53.56
53.63
53.63
53.68
53.55
53.61
53.58
53.56
53.42
53.53
53.49
53.57
53.60
53.65
53.56
53.57
53.57
53.61
53.76
53.72
53.69
53.53
53.65
53.65
53.58
53.68
53.74
53.76
53.65
53.60
53.60
53.64
53.56
53.51
53.45
53.43
53.39
53.42
53.40
53.38
53.34
53.38
53.38
53.35
53.42
53.49
53.45
53.47
53.49
53.47
53.37
53.33
53.31
53.39
53.38
53.38
53.46
53.48
53.46
53.43
53.46
53.48
53.49
53.48
53.47
53.42
53.47
53.44
53.43
53.43
53.37
53.33
53.39
53.38
53.35
53.38
53.36
53.37
53.32
53.33
53.39
53.38
53.30
53.31
53.35
53.35
53.38
53.38
53.40
53.46
53.49
53.53
53.52
53.48
53.52
53.58
53.58
53.63
53.61
53.59
53.58
53.58
53.63
53.61
53.66
53.66
53.69
53.65
53.67
53.73
53.67
53.66
53.76
53.76
53.77
53.76
53.78
53.83
53.85
53.89
53.91
53.90
53.92
53.92
53.94
53.94
53.97
53.99
54.01
54.00
53.97
53.96
53.99
53.97
53.90
53.87
53.88
53.81
53.82
53.87
53.88
53.87
53.88
53.87
53.82
53.82
53.81
53.85
53.83
53.75
53.73
53.70
53.68
53.68
53.68
53.69
53.72
53.71
53.74
53.77
53.79
53.78
53.76
53.74
53.71
53.70
53.67
53.67
53.69
53.69
53.70
53.69
53.77
53.80
53.81
53.80
53.80
53.79
53.76
53.74
53.74
53.71
53.72
53.73
53.76
53.75
53.73
53.70
53.73
53.78
53.81
53.82
53.82
53.82
53.83
53.79
53.77
53.79
53.80
53.82
53.78
53.77
53.74
53.74
53.74
53.74
53.74
53.74
53.75
53.82
53.82
53.83
53.84
53.82
53.81
53.81
53.82
53.83
53.85
53.85
53.84
53.85
53.87
53.87
53.92
53.92
53.93
53.92
53.92
53.93
53.91
53.91
53.95
53.97
53.99
53.95
53.96
53.95
53.92
53.91
53.93
53.90
53.89
53.86
53.88
53.86
53.85
53.89
53.94
53.91
53.94
53.95
53.93
53.91
53.90
53.92
53.91
53.91
53.93
53.91
53.91
53.91
53.92
53.90
53.94
53.94
53.92
53.92
53.88
53.89
53.92
53.94
53.94
53.91
53.91
53.88
53.91
53.90
53.92
53.93
53.91
53.92
53.94
53.92
53.90
53.89
53.88
53.88
53.88
53.87
53.86
53.86
53.85
53.84
53.82
53.83
53.81
53.81
53.81
53.82
53.79
53.77
53.77
53.79
53.80
53.80
53.81
53.83
53.83
53.84
53.85
53.88
53.86
53.85
53.85
53.83
53.83
53.84
53.85
53.86
53.85
53.84
53.84
53.84
53.84
53.83
53.85
53.85
53.84
53.83
53.84
53.86
53.87
53.89
53.91
53.91
53.91
53.93
53.88
53.87
53.89
53.89
53.91
53.90
53.92
53.92
53.90
53.91
53.91
53.90
53.91
53.90
53.91
53.90
53.88
53.88
53.88
53.88
53.90
53.88
53.88
53.86
53.87
53.88
53.89
53.89
53.89
53.88
53.90
53.90
53.91
53.93
53.94
53.95
53.94
53.96
53.93
53.92
53.91
53.89
53.88
53.87
53.88
53.88
53.88
53.88
53.89
53.90
53.88
53.87
53.88
53.89
53.92
53.92
53.91
53.91
53.92
53.92
53.90
53.88
53.88
53.87
53.87
53.90
53.93
53.92
53.90
53.89
53.87
53.89
53.88
53.88
53.90
53.92
53.91
53.91
53.91
53.91
53.89
53.89
53.88
53.88
53.89
53.88
53.89
53.92
53.91
53.92
53.91
53.90
53.89
53.90
53.90
53.88
53.88
53.89
53.88
53.88
53.89
53.89
53.90
53.91
53.93
53.94
53.95
53.93
53.91
53.93
53.92
53.90
53.90
53.90
53.90
53.91
53.90
53.90
53.89
53.92
53.92
53.90
53.89
53.90
53.89
53.90
53.90
53.90
53.89
53.88
53.89
53.92
53.92
53.91
53.93
53.92
53.93
53.92
53.91
53.91
53.89
53.89
53.89
53.92
53.91
53.93
53.93
53.94
53.93
53.94
53.95
53.93
53.92
53.94
53.95
53.97
53.99
53.99
54.00
54.02
54.00
54.01
54.01
54.00
54.00
54.01
54.00
54.00
54.01
54.03
54.04
54.05
54.04
54.05
54.06
54.07
54.06
54.07
54.07
54.07
54.06
54.07
54.08
54.07
54.10
54.11
54.12
54.11
54.12
54.14
54.14
54.13
54.15
54.14
54.15
54.13
54.12
54.14
54.13
54.13
54.14
54.14
54.15
54.15
54.16
54.16
54.17
54.17
54.17
54.18
54.18
54.17
54.16
54.17
54.16
54.17
54.17
54.17
54.17
54.15
54.14
54.15
54.16
54.15
54.14
54.14
54.15
54.15
54.14
54.14
54.15
54.15
54.16
54.14
54.14
54.13
54.15
54.14
54.14
54.13
54.16
54.16
54.16
54.17
54.17
54.18
54.20
54.20
54.18
54.20
54.20
54.20
54.20
54.21
54.21
54.19
54.20
54.21
54.21
54.20
54.22
54.23
54.23
54.24
54.23
54.25
54.25
54.25
54.25
54.24
54.25
54.24
54.25
54.26
54.27
54.29
54.27
54.27
54.28
54.27
54.26
54.26
54.25
54.26
54.25
54.25
54.24
54.24
54.23
54.24
54.26
54.27
54.28
54.27
54.26
54.24
54.25
54.25
54.25
54.26
54.26
54.25
54.25
54.24
54.23
54.24
54.25
54.25
54.26
54.26
54.24
54.23
54.23
54.23
54.24
54.24
54.23
54.23
54.23
54.24
54.24
54.24
54.25
54.24
54.25
54.23
54.23
54.24
54.24
54.25
54.24
54.24
54.24
54.25
54.26
54.26
54.26
54.24
54.24
54.24
54.22
54.22
54.22
54.21
54.21
54.22
54.23
54.23
54.23
54.22
54.21
54.22
54.22
54.24
54.23
54.23
54.25
54.25
54.26
54.24
54.25
54.24
54.25
54.25
54.26
54.25
54.25
54.25
54.20
