81.25
80.47
80.21
82.42
80.31
78.12
78.79
78.52
77.43
77.34
77.41
77.34
77.52
78.12
78.23
78.22
78.12
78.04
78.54
78.67
78.72
78.55
78.94
78.84
79.12
79.51
79.40
79.52
79.53
79.58
79.79
79.93
79.88
79.92
80.13
80.30
80.11
80.26
80.25
80.43
80.64
80.69
80.60
80.33
80.10
80.30
80.39
80.31
80.36
80.41
80.48
80.56
80.66
80.58
80.51
80.41
80.54
80.60
80.75
80.78
80.84
80.95
80.90
80.88
80.87
80.89
80.92
80.84
80.91
81.03
81.10
81.18
81.16
81.14
81.12
81.15
81.23
81.31
81.33
81.21
81.21
81.23
81.17
81.23
81.23
81.23
81.30
81.32
81.41
81.49
81.58
81.57
81.55
81.53
81.60
81.61
81.56
81.62
81.68
81.75
81.75
81.74
81.72
81.73
81.70
81.72
81.66
81.60
81.62
81.59
81.59
81.67
81.71
81.72
81.74
81.75
81.81
81.79
81.76
81.78
81.83
81.85
81.87
81.84
81.88
81.88
81.84
81.88
81.84
81.94
81.91
81.92
81.98
81.97
81.96
81.95
81.92
81.92
81.98
81.94
81.99
82.05
82.05
82.06
82.09
82.04
82.05
82.05
82.08
82.14
82.10
82.14
82.15
82.18
82.18
82.19
82.22
82.19
82.23
82.15
82.11
82.13
82.16
82.17
82.15
82.19
82.22
82.24
82.20
82.16
82.18
82.22
82.22
82.18
82.23
82.24
82.26
82.26
82.26
82.27
82.26
82.24
82.23
82.18
82.21
82.19
82.21
82.21
82.19
82.16
82.16
82.13
82.14
82.12
82.14
82.16
82.17
82.20
82.22
82.22
82.23
82.22
82.21
82.22
82.23
82.24
82.20
82.17
82.12
82.09
82.09
82.13
82.14
82.16
82.15
82.15
82.16
82.16
82.13
82.14
82.08
82.10
82.08
82.09
82.06
82.07
82.05
82.08
82.10
82.11
82.14
82.15
82.11
82.12
82.15
82.11
82.08
82.10
82.09
82.10
82.10
82.08
82.07
82.05
82.04
82.06
82.09
82.09
82.05
82.06
82.03
82.05
82.05
82.06
82.05
82.06
82.04
82.03
82.03
82.00
82.02
82.00
82.00
81.98
81.99
81.95
81.93
81.93
81.96
81.98
81.99
81.97
81.99
81.99
81.99
82.00
82.01
82.00
81.99
82.00
82.02
82.04
82.03
82.06
82.07
82.07
82.04
82.05
82.03
82.00
82.01
82.02
82.01
81.98
81.95
81.97
81.99
81.99
82.00
82.00
82.01
81.99
81.98
81.99
82.01
81.99
81.99
81.99
81.98
81.97
81.98
82.02
82.02
82.02
82.00
82.00
82.02
82.02
82.04
82.01
82.00
82.01
82.03
82.05
82.07
82.06
82.07
82.09
82.08
82.09
82.08
82.07
82.07
82.07
82.08
82.06
82.06
82.05
82.05
82.03
82.05
82.05
82.06
82.06
82.04
82.04
82.04
82.04
82.03
82.03
82.03
82.04
82.01
82.01
82.00
82.00
82.02
82.01
82.02
81.99
81.97
81.96
81.97
81.97
81.97
81.97
81.97
81.96
81.94
81.93
81.93
81.91
81.92
81.91
81.92
81.93
81.94
81.93
81.91
81.89
81.89
81.90
81.91
81.91
81.90
81.91
81.92
81.91
81.91
81.92
81.93
81.94
81.94
81.96
81.97
81.96
81.95
81.96
81.94
81.93
81.93
81.93
81.93
81.91
81.91
81.91
81.93
81.92
81.91
81.91
81.91
81.93
81.92
81.91
81.93
81.92
81.92
81.93
81.93
81.93
81.93
81.93
81.93
81.93
81.90
81.91
81.91
81.92
81.91
81.90
81.91
81.93
81.93
81.96
81.94
81.95
81.94
81.97
81.95
81.96
81.96
81.98
81.98
81.99
81.99
81.99
82.00
82.01
81.99
81.98
81.99
81.99
82.00
81.99
82.00
82.00
82.02
82.02
82.03
82.03
82.04
82.05
82.06
82.06
82.07
82.08
82.08
82.07
82.07
82.09
82.09
82.10
82.11
82.10
82.11
82.10
82.10
82.08
82.09
82.09
82.09
82.08
82.09
82.08
82.08
82.08
82.08
82.05
82.05
82.05
82.06
82.06
82.06
82.06
82.06
82.07
82.08
82.08
82.07
82.06
82.06
82.06
82.07
82.07
82.07
82.08
82.09
82.07
82.07
82.07
82.08
82.07
82.05
82.04
82.04
82.04
82.04
82.06
82.06
82.05
82.03
82.02
82.01
82.02
82.01
82.02
82.04
82.05
82.05
82.06
82.07
82.07
82.08
82.07
82.06
82.07
82.06
82.06
82.06
82.06
82.07
82.07
82.08
82.09
82.09
82.10
82.08
82.10
82.09
82.09
82.10
82.11
82.11
82.11
82.11
82.10
82.10
82.09
82.10
82.09
82.09
82.08
82.09
82.08
82.08
82.08
82.09
82.10
82.11
82.11
82.09
82.08
82.08
82.09
82.08
82.08
82.06
82.06
82.06
82.06
82.06
82.06
82.07
82.08
82.08
82.08
82.09
82.09
82.09
82.09
82.09
82.08
82.07
82.08
82.09
82.09
82.10
82.10
82.06
82.07
82.06
82.06
82.07
82.09
82.08
82.09
82.09
82.09
82.11
82.11
82.11
82.11
82.11
82.12
82.13
82.13
82.13
82.12
82.13
82.13
82.13
82.13
82.12
82.11
82.11
82.12
82.10
82.10
82.10
82.09
82.09
82.10
82.09
82.10
82.09
82.09
82.07
82.07
82.07
82.06
82.06
82.06
82.06
82.04
82.02
82.02
82.02
82.01
82.03
82.04
82.03
82.02
82.03
82.03
82.03
82.03
82.02
82.02
82.02
82.02
82.01
82.02
82.01
82.01
82.03
82.04
82.03
82.04
82.04
82.05
82.05
82.05
82.05
82.06
82.06
82.06
82.06
82.07
82.08
82.07
82.06
82.06
82.05
82.04
82.04
82.05
82.06
82.07
82.06
82.06
82.04
82.04
82.04
82.03
82.04
82.04
82.03
82.02
82.02
82.02
82.01
82.01
82.00
82.00
82.00
82.00
82.00
82.01
82.00
82.01
82.00
81.99
82.00
82.00
82.01
82.00
82.01
82.00
82.00
82.01
82.00
82.00
82.00
82.00
82.00
82.00
82.00
82.00
82.00
81.99
81.99
81.99
82.00
81.99
81.99
81.98
81.98
81.98
81.98
81.99
81.99
81.98
81.98
81.97
81.96
81.95
81.94
81.95
81.94
81.94
81.95
81.95
81.96
81.96
81.96
81.96
81.96
81.96
81.96
81.96
81.96
81.96
81.97
81.97
81.97
81.97
81.98
81.98
81.97
81.97
81.97
81.98
81.99
81.98
81.98
81.98
81.99
82.00
82.00
82.00
81.99
81.92
