56.25
58.59
56.77
58.59
61.87
62.24
63.17
63.09
62.67
61.72
61.36
61.98
62.14
62.50
62.29
61.52
61.76
61.46
61.18
61.17
61.83
61.43
61.48
61.26
61.44
61.36
61.46
61.22
61.53
61.51
61.49
61.38
61.46
61.58
61.21
61.15
61.15
61.18
61.18
61.25
61.32
61.12
61.08
61.12
61.22
61.04
60.80
60.74
60.75
60.66
60.75
60.64
60.73
60.68
60.71
60.69
60.83
60.80
60.91
61.09
61.07
61.06
61.04
60.99
61.13
61.01
60.94
60.94
61.03
60.96
61.03
61.09
61.00
61.02
61.02
61.02
61.20
61.16
61.14
61.17
61.13
61.19
61.07
61.10
61.23
61.17
61.10
61.04
60.97
60.94
60.85
60.90
60.99
60.97
61.00
60.97
60.84
60.87
60.83
60.87
60.84
60.74
60.79
60.79
60.71
60.75
60.73
60.76
60.74
60.78
60.78
60.67
60.74
60.76
60.62
60.57
60.51
60.53
60.54
60.55
60.52
60.54
60.57
60.43
60.49
60.40
60.42
60.35
60.44
60.52
60.60
60.59
60.50
60.45
60.45
60.41
60.38
60.34
60.33
60.27
60.24
60.22
60.22
60.15
60.12
60.10
60.13
60.10
60.11
60.11
60.15
60.13
60.15
60.19
60.17
60.19
60.17
60.20
60.22
60.14
60.23
60.19
60.15
60.12
60.17
60.17
60.21
60.23
60.26
60.20
60.18
60.17
60.13
60.15
60.12
60.09
60.06
60.09
60.08
60.09
60.07
60.04
60.06
60.10
60.07
60.06
60.05
60.06
60.09
60.11
60.10
60.11
60.18
60.19
60.17
60.19
60.22
60.21
60.25
60.27
60.21
60.17
60.10
60.10
60.07
60.04
60.01
60.05
60.09
60.11
60.15
60.13
60.12
60.08
60.07
60.03
60.04
60.06
60.07
60.09
60.11
60.14
60.17
60.22
60.22
60.21
60.19
60.20
60.21
60.19
60.19
60.22
60.21
60.23
60.25
60.24
60.20
60.22
60.22
60.22
60.27
60.28
60.29
60.28
60.27
60.28
60.34
60.35
60.42
60.43
60.43
60.44
60.41
60.46
60.39
60.41
60.37
60.40
60.37
60.38
60.38
60.39
60.37
60.36
60.35
60.35
60.37
60.37
60.33
60.34
60.31
60.33
60.33
60.33
60.31
60.32
60.29
60.31
60.31
60.31
60.32
60.34
60.36
60.40
60.40
60.37
60.39
60.36
60.40
60.40
60.41
60.39
60.40
60.37
60.38
60.34
60.34
60.30
60.31
60.32
60.31
60.31
60.28
60.30
60.30
60.32
60.34
60.36
60.36
60.35
60.32
60.31
60.29
60.30
60.28
60.28
60.27
60.30
60.32
60.33
60.31
60.35
60.37
60.36
60.34
60.36
60.33
60.30
60.28
60.30
60.31
60.34
60.33
60.32
60.31
60.31
60.32
60.27
60.29
60.31
60.34
60.34
60.34
60.34
60.37
60.38
60.37
60.38
60.41
60.39
60.38
60.37
60.37
60.41
60.42
60.40
60.40
60.41
60.42
60.44
60.46
60.47
60.46
60.46
60.47
60.45
60.44
60.45
60.47
60.45
60.46
60.46
60.46
60.47
60.48
60.50
60.50
60.48
60.48
60.46
60.47
60.46
60.49
60.51
60.54
60.56
60.56
60.55
60.56
60.57
60.55
60.56
60.58
60.62
60.62
60.60
60.61
60.57
60.57
60.53
60.52
60.56
60.57
60.54
60.55
60.56
60.54
60.53
60.51
60.51
60.52
60.51
60.51
60.52
60.52
60.49
60.52
60.50
60.49
60.52
60.56
60.57
60.61
60.61
60.60
60.59
60.57
60.59
60.58
60.58
60.58
60.59
60.59
60.59
60.58
60.59
60.57
60.57
60.59
60.58
60.54
60.53
60.56
60.56
60.56
60.56
60.56
60.55
60.54
60.55
60.55
60.56
60.55
60.53
60.51
60.50
60.52
60.50
60.50
60.50
60.51
60.52
60.50
60.49
60.52
60.54
60.53
60.55
60.52
60.51
60.49
60.50
60.51
60.50
60.52
60.52
60.53
60.55
60.55
60.54
60.53
60.51
60.53
60.54
60.53
60.55
60.53
60.54
60.54
60.54
60.52
60.52
60.53
60.53
60.55
60.55
60.54
60.55
60.56
60.57
60.58
60.57
60.59
60.56
60.56
60.58
60.57
60.55
60.55
60.52
60.50
60.51
60.50
60.51
60.50
60.51
60.51
60.50
60.49
60.47
60.48
60.48
60.47
60.47
60.48
60.49
60.49
60.49
60.49
60.48
60.47
60.48
60.47
60.48
60.48
60.48
60.48
60.47
60.46
60.49
60.49
60.49
60.50
60.48
60.50
60.51
60.52
60.52
60.51
60.51
60.51
60.52
60.53
60.54
60.55
60.54
60.53
60.51
60.50
60.51
60.51
60.52
60.52
60.51
60.50
60.48
60.47
60.48
60.49
60.49
60.49
60.51
60.50
60.51
60.49
60.48
60.49
60.49
60.49
60.50
60.49
60.49
60.50
60.50
60.50
60.51
60.50
60.51
60.51
60.51
60.51
60.51
60.50
60.50
60.50
60.49
60.48
60.49
60.50
60.47
60.46
60.47
60.47
60.47
60.46
60.46
60.45
60.45
60.44
60.45
60.43
60.43
60.43
60.44
60.46
60.46
60.46
60.46
60.47
60.48
60.48
60.47
60.48
60.49
60.50
60.50
60.51
60.51
60.54
60.53
60.52
60.51
60.52
60.51
60.53
60.52
60.53
60.52
60.52
60.53
60.53
60.52
60.52
60.52
60.53
60.52
60.52
60.54
60.52
60.52
60.52
60.54
60.55
60.55
60.55
60.54
60.54
60.55
60.54
60.54
60.54
60.52
60.52
60.52
60.53
60.53
60.52
60.52
60.52
60.52
60.53
60.54
60.54
60.56
60.56
60.57
60.56
60.56
60.57
60.57
60.58
60.59
60.60
60.59
60.59
60.59
60.59
60.59
60.59
60.60
60.61
60.61
60.61
60.61
60.60
60.61
60.60
60.57
60.56
60.55
60.56
60.56
60.57
60.58
60.59
60.59
60.58
60.59
60.59
60.60
60.60
60.61
60.62
60.61
60.60
60.61
60.60
60.59
60.59
60.60
60.61
60.60
60.60
60.61
60.61
60.62
60.63
60.62
60.63
60.61
60.62
60.61
60.61
60.62
60.62
60.63
60.63
60.63
60.62
60.62
60.62
60.61
60.61
60.61
60.63
60.62
60.62
60.61
60.62
60.61
60.62
60.62
60.64
60.64
60.63
60.64
60.64
60.64
60.66
60.66
60.67
60.68
60.68
60.69
60.69
60.71
60.72
60.71
60.71
60.72
60.72
60.72
60.72
60.72
60.72
60.71
60.70
60.72
60.71
60.71
60.71
60.65
