54.69
55.47
53.12
53.12
52.50
52.86
52.01
52.15
52.95
53.28
53.98
53.78
53.49
53.46
53.75
53.81
54.04
54.17
54.19
54.06
54.17
53.48
53.60
53.84
54.06
54.21
54.17
54.46
54.63
54.53
54.69
54.54
54.73
54.64
54.60
54.38
54.52
54.28
54.29
54.22
54.38
54.39
54.11
53.98
54.06
53.80
54.09
54.07
54.05
53.91
54.01
54.06
54.01
54.22
54.15
54.13
54.11
53.88
54.10
54.11
54.28
54.13
54.19
54.10
54.18
54.12
53.99
54.14
54.21
54.17
54.16
54.19
54.37
54.50
54.50
54.52
54.53
54.59
54.59
54.53
54.63
54.57
54.50
54.54
54.47
54.45
54.51
54.39
54.42
54.32
54.48
54.47
54.47
54.54
54.51
54.48
54.49
54.54
54.53
54.41
54.53
54.60
54.57
54.57
54.63
54.64
54.63
54.64
54.64
54.56
54.57
54.51
54.52
54.47
54.52
54.47
54.42
54.45
54.45
54.57
54.62
54.62
54.61
54.67
54.64
54.60
54.53
54.55
54.60
54.62
54.65
54.60
54.63
54.57
54.58
54.61
54.64
54.55
54.45
54.43
54.43
54.40
54.32
54.39
54.44
54.41
54.49
54.54
54.65
54.61
54.73
54.72
54.76
54.72
54.75
54.80
54.78
54.86
54.80
54.84
54.89
54.88
54.92
54.96
55.00
55.01
54.95
54.95
54.90
54.93
54.90
54.88
54.92
54.99
55.03
55.04
55.01
55.05
55.09
55.10
55.13
55.19
55.25
55.29
55.30
55.31
55.26
55.29
55.27
55.33
55.29
55.29
55.26
55.24
55.23
55.20
55.27
55.27
55.27
55.25
55.24
55.23
55.22
55.16
55.13
55.15
55.12
55.09
55.08
55.10
55.12
55.15
55.14
55.14
55.16
55.14
55.17
55.18
55.21
55.24
55.30
55.29
55.27
55.24
55.23
55.29
55.26
55.22
55.21
55.22
55.23
55.19
55.19
55.22
55.24
55.25
55.25
55.21
55.20
55.18
55.18
55.20
55.23
55.23
55.22
55.21
55.22
55.24
55.26
55.31
55.28
55.28
55.26
55.28
55.32
55.32
55.27
55.27
55.28
55.29
55.30
55.26
55.25
55.23
55.26
55.25
55.23
55.24
55.18
55.16
55.12
55.16
55.15
55.20
55.16
55.23
55.22
55.23
55.21
55.21
55.19
55.23
55.22
55.18
55.18
55.20
55.20
55.19
55.19
55.17
55.14
55.13
55.15
55.13
55.10
55.11
55.10
55.09
55.06
55.07
55.10
55.11
55.14
55.18
55.18
55.19
55.19
55.19
55.21
55.18
55.19
55.16
55.12
55.12
55.14
55.14
55.15
55.17
55.15
55.15
55.15
55.18
55.18
55.16
55.16
55.19
55.16
55.18
55.17
55.18
55.15
55.15
55.19
55.19
55.19
55.18
55.19
55.18
55.18
55.15
55.17
55.17
55.17
55.18
55.20
55.21
55.22
55.23
55.25
55.23
55.23
55.24
55.23
55.25
55.24
55.24
55.26
55.29
55.29
55.30
55.28
55.28
55.30
55.27
55.25
55.24
55.24
55.22
55.20
55.21
55.21
55.20
55.19
55.17
55.18
55.16
55.16
55.17
55.21
55.23
55.22
55.23
55.22
55.23
55.24
55.27
55.28
55.28
55.29
55.28
55.25
55.24
55.26
55.26
55.25
55.23
55.23
55.22
55.23
55.22
55.21
55.23
55.21
55.21
55.23
55.26
55.28
55.31
55.31
55.30
55.31
55.31
55.31
55.32
55.31
55.30
55.32
55.31
55.32
55.31
55.31
55.32
55.30
55.33
55.33
55.32
55.32
55.33
55.32
55.32
55.32
55.32
55.33
55.33
55.32
55.30
55.31
55.29
55.28
55.29
55.27
55.28
55.28
55.29
55.31
55.31
55.32
55.32
55.29
55.30
55.28
55.26
55.26
55.23
55.21
55.21
55.22
55.22
55.19
55.20
55.19
55.19
55.19
55.20
55.18
55.16
55.15
55.14
55.14
55.13
55.13
55.10
55.10
55.11
55.12
55.10
55.14
55.12
55.15
55.16
55.17
55.18
55.19
55.19
55.18
55.19
55.18
55.18
55.19
55.19
55.17
55.17
55.15
55.14
55.14
55.14
55.14
55.14
55.13
55.13
55.14
55.13
55.13
55.13
55.15
55.15
55.16
55.15
55.15
55.15
55.17
55.14
55.13
55.13
55.12
55.13
55.12
55.12
55.09
55.10
55.10
55.12
55.11
55.11
55.13
55.14
55.14
55.16
55.16
55.13
55.11
55.12
55.13
55.12
55.13
55.12
55.12
55.11
55.09
55.10
55.12
55.13
55.15
55.14
55.11
55.11
55.12
55.12
55.14
55.15
55.16
55.17
55.17
55.15
55.16
55.17
55.17
55.18
55.15
55.15
55.15
55.15
55.15
55.15
55.14
55.15
55.14
55.14
55.15
55.13
55.14
55.12
55.12
55.10
55.09
55.09
55.07
55.06
55.07
55.06
55.05
55.05
55.05
55.06
55.07
55.06
55.06
55.06
55.07
55.07
55.07
55.06
55.05
55.06
55.07
55.06
55.07
55.06
55.06
55.08
55.08
55.07
55.07
55.09
55.09
55.07
55.08
55.09
55.10
55.10
55.12
55.11
55.12
55.12
55.10
55.09
55.08
55.07
55.07
55.05
55.05
55.05
55.06
55.06
55.05
55.04
55.05
55.06
55.05
55.05
55.05
55.05
55.04
55.03
55.03
55.04
55.05
55.05
55.05
55.05
55.05
55.04
55.03
55.04
55.05
55.05
55.04
55.05
55.06
55.05
55.05
55.06
55.06
55.06
55.05
55.06
55.04
55.05
55.05
55.05
55.03
55.03
55.03
55.03
55.02
55.01
55.01
55.01
55.00
