39.06
38.28
36.46
34.77
35.94
34.64
35.71
34.96
33.85
32.81
32.39
33.07
33.05
32.59
32.29
31.93
31.99
31.68
31.17
30.62
30.51
30.54
30.71
30.40
30.31
30.11
30.03
30.08
30.17
30.47
30.80
30.52
30.35
30.15
30.27
30.03
29.98
29.81
29.89
29.88
29.69
29.65
29.65
29.76
29.76
29.82
29.75
29.56
29.56
29.69
29.66
29.57
29.48
29.40
29.60
29.46
29.25
29.31
29.42
29.37
29.33
29.31
29.32
29.25
29.30
29.33
29.41
29.48
29.48
29.55
29.56
29.64
29.69
29.62
29.58
29.58
29.57
29.55
29.59
29.51
29.42
29.48
29.46
29.46
29.39
29.40
29.29
29.39
29.23
29.29
29.26
29.33
29.40
29.40
29.36
29.33
29.28
29.34
29.32
29.42
29.47
29.40
29.48
29.36
29.36
29.45
29.42
29.50
29.57
29.53
29.43
29.44
29.51
29.43
29.37
29.35
29.45
29.42
29.33
29.41
29.35
29.38
29.46
29.45
29.39
29.35
29.32
29.33
29.28
29.29
29.21
29.23
29.18
29.20
29.21
29.19
29.29
29.28
29.27
29.22
29.28
29.30
29.33
29.34
29.31
29.24
29.23
29.25
29.29
29.27
29.30
29.39
29.36
29.35
29.34
29.37
29.37
29.35
29.30
29.27
29.29
29.29
29.29
29.26
29.31
29.26
29.24
29.21
29.22
29.16
29.13
29.14
29.16
29.17
29.11
29.07
29.10
29.06
29.09
29.10
29.14
29.15
29.21
29.22
29.16
29.21
29.19
29.19
29.21
29.23
29.28
29.30
29.29
29.30
29.33
29.33
29.34
29.35
29.34
29.35
29.32
29.27
29.28
29.27
29.26
29.28
29.26
29.25
29.29
29.30
29.29
29.30
29.32
29.28
29.30
29.33
29.31
29.29
29.27
29.28
29.25
29.24
29.25
29.26
29.27
29.27
29.30
29.30
29.24
29.23
29.23
29.24
29.22
29.28
29.32
29.30
29.29
29.25
29.26
29.28
29.24
29.24
29.25
29.21
29.21
29.22
29.22
29.24
29.25
29.26
29.25
29.23
29.22
29.24
29.24
29.24
29.26
29.27
29.26
29.28
29.33
29.35
29.34
29.34
29.36
29.34
29.34
29.35
29.36
29.36
29.36
29.38
29.37
29.33
29.31
29.33
29.34
29.32
29.35
29.40
29.39
29.44
29.44
29.45
29.41
29.41
29.40
29.42
29.38
29.36
29.32
29.34
29.35
29.34
29.35
29.36
29.37
29.36
29.35
29.34
29.35
29.38
29.36
29.39
29.40
29.41
29.40
29.38
29.39
29.42
29.43
29.39
29.39
29.39
29.38
29.38
29.38
29.36
29.37
29.38
29.36
29.37
29.34
29.33
29.33
29.36
29.35
29.35
29.36
29.33
29.34
29.33
29.31
29.29
29.28
29.27
29.28
29.29
29.30
29.30
29.31
29.30
29.30
29.29
29.31
29.29
29.30
29.31
29.32
29.35
29.36
29.36
29.34
29.36
29.37
29.36
29.38
29.37
29.35
29.35
29.36
29.36
29.35
29.35
29.35
29.35
29.34
29.32
29.32
29.31
29.33
29.30
29.31
29.30
29.28
29.28
29.29
29.29
29.29
29.31
29.31
29.34
29.33
29.34
29.34
29.35
29.34
29.37
29.35
29.35
29.35
29.34
29.35
29.36
29.37
29.37
29.35
29.35
29.35
29.35
29.35
29.36
29.33
29.34
29.33
29.31
29.32
29.30
29.31
29.31
29.30
29.31
29.30
29.31
29.29
29.27
29.26
29.24
29.24
29.24
29.23
29.25
29.25
29.25
29.25
29.24
29.23
29.24
29.25
29.26
29.25
29.27
29.28
29.28
29.28
29.28
29.28
29.28
29.29
29.28
29.28
29.27
29.27
29.27
29.27
29.27
29.26
29.26
29.28
29.27
29.29
29.29
29.30
29.30
29.34
29.36
29.35
29.36
29.36
29.35
29.33
29.33
29.34
29.33
29.36
29.37
29.34
29.36
29.34
29.34
29.33
29.34
29.34
29.33
29.34
29.32
29.31
29.31
29.34
29.33
29.33
29.34
29.33
29.35
29.36
29.33
29.31
29.33
29.33
29.34
29.34
29.34
29.35
29.36
29.38
29.38
29.37
29.38
29.37
29.37
29.38
29.39
29.40
29.39
29.40
29.40
29.40
29.42
29.43
29.41
29.41
29.41
29.41
29.41
29.42
29.43
29.42
29.44
29.42
29.43
29.42
29.42
29.44
29.44
29.43
29.43
29.45
29.44
29.49
29.49
29.47
29.46
29.44
29.43
29.44
29.45
29.45
29.44
29.46
29.48
29.48
29.47
29.48
29.47
29.47
29.48
29.47
29.47
29.47
29.45
29.45
29.44
29.42
29.42
29.42
29.41
29.42
29.42
29.41
29.40
29.39
29.40
29.40
29.38
29.39
29.40
29.42
29.43
29.42
29.44
29.44
29.43
29.42
29.41
29.42
29.42
29.42
29.43
29.43
29.44
29.45
29.44
29.44
29.43
29.43
29.42
29.43
29.44
29.43
29.44
29.43
29.44
29.46
29.45
29.44
29.45
29.44
29.45
29.44
29.45
29.46
29.45
29.45
29.45
29.45
29.43
29.44
29.44
29.46
29.46
29.48
29.47
29.48
29.47
29.49
29.50
29.49
29.48
29.46
29.46
29.46
29.47
29.47
29.46
29.45
29.46
29.46
29.46
29.45
29.44
29.43
29.43
29.42
29.41
29.40
29.40
29.39
29.40
29.40
29.40
29.39
29.38
29.37
29.37
29.37
29.36
29.37
29.37
29.38
29.39
29.39
29.39
29.39
29.40
29.38
29.38
29.39
29.38
29.38
29.38
29.38
29.37
29.36
29.36
29.37
29.37
29.37
29.39
29.40
29.40
29.40
29.40
29.39
29.38
29.38
29.37
29.39
29.39
29.41
29.40
29.40
29.40
29.40
29.39
29.39
29.38
29.38
29.39
29.39
29.40
29.40
29.41
29.42
29.42
29.42
29.42
29.41
29.41
29.41
29.41
29.40
29.40
29.40
29.40
29.40
29.40
29.38
29.37
29.37
29.36
29.36
29.36
29.35
29.34
29.32
29.32
29.31
29.32
29.31
29.30
29.29
29.29
29.30
29.29
29.29
29.31
29.30
29.30
29.28
29.29
29.29
29.28
29.28
29.27
29.28
29.27
29.28
29.29
29.30
29.30
29.29
29.29
29.29
29.28
29.29
29.29
29.28
29.29
29.28
29.30
29.29
29.31
29.31
29.29
29.29
29.30
29.29
29.29
29.29
29.29
29.29
29.29
29.28
29.27
29.27
29.27
29.28
29.28
29.28
29.29
29.29
29.29
29.29
29.28
29.27
29.26
29.26
29.26
29.27
29.27
29.26
29.23
