42.19
43.75
48.96
48.05
47.81
47.14
47.99
48.24
48.61
48.59
48.58
47.79
47.36
47.66
47.60
47.95
48.44
48.00
48.27
48.05
48.21
48.08
48.51
48.89
49.00
49.04
48.84
48.66
48.76
48.80
48.84
49.07
48.67
48.35
48.57
48.44
48.52
48.44
48.48
48.75
48.55
48.66
48.69
48.65
48.65
48.61
48.74
48.63
48.57
48.53
48.59
48.65
48.58
48.47
48.41
48.33
48.30
48.36
48.33
48.23
48.41
48.36
48.24
48.22
48.17
48.34
48.23
48.18
48.19
48.24
48.04
48.05
47.99
48.02
48.12
48.19
48.01
48.02
48.06
48.12
48.13
48.11
48.08
48.12
47.98
47.95
47.81
47.69
47.70
47.85
47.92
47.89
47.87
47.89
47.83
47.84
47.87
47.80
47.76
47.75
47.66
47.64
47.62
47.63
47.53
47.58
47.62
47.61
47.63
47.63
47.66
47.70
47.68
47.63
47.65
47.78
47.77
47.70
47.62
47.58
47.68
47.61
47.64
47.71
47.70
47.74
47.79
47.77
47.81
47.84
47.82
47.77
47.72
47.71
47.74
47.69
47.62
47.71
47.77
47.76
47.81
47.84
47.87
47.88
47.90
47.84
47.84
47.84
47.89
47.88
47.88
47.84
47.90
47.88
47.92
47.97
47.90
47.90
47.94
47.97
48.00
48.07
48.09
48.14
48.17
48.16
48.17
48.15
48.15
48.24
48.27
48.29
48.32
48.35
48.32
48.28
48.28
48.27
48.32
48.32
48.32
48.35
48.37
48.36
48.35
48.31
48.29
48.30
48.31
48.27
48.25
48.29
48.31
48.32
48.25
48.29
48.28
48.26
48.25
48.25
48.29
48.26
48.25
48.27
48.25
48.24
48.21
48.24
48.24
48.22
48.19
48.16
48.14
48.10
48.10
48.10
48.06
48.04
48.04
48.05
48.11
48.06
48.00
48.03
48.01
48.02
47.98
47.99
48.03
48.03
48.02
48.03
48.09
48.10
48.11
48.13
48.09
48.11
48.10
48.11
48.13
48.16
48.15
48.13
48.14
48.11
48.14
48.16
48.18
48.17
48.23
48.24
48.25
48.25
48.25
48.21
48.17
48.11
48.11
48.14
48.16
48.13
48.14
48.14
48.14
48.10
48.12
48.09
48.07
48.07
48.07
48.03
48.04
48.04
48.02
48.01
48.03
48.00
48.03
48.02
48.02
48.03
47.98
47.96
47.94
47.91
47.90
47.91
47.89
47.91
47.93
47.94
47.93
47.93
47.89
47.90
47.91
47.93
47.90
47.89
47.87
47.84
47.83
47.85
47.89
47.91
47.93
47.94
47.88
47.91
47.95
47.95
47.97
47.92
47.93
47.93
47.93
47.92
47.91
47.90
47.85
47.84
47.87
47.91
47.94
47.93
47.93
47.91
47.92
47.89
47.93
47.91
47.92
47.95
47.97
47.95
47.94
47.95
47.92
47.90
47.87
47.85
47.89
47.86
47.86
47.85
47.85
47.84
47.84
47.84
47.85
47.84
47.80
47.79
47.80
47.77
47.78
47.80
47.80
47.82
47.81
47.77
47.78
47.80
47.80
47.81
47.82
47.86
47.85
47.85
47.86
47.86
47.83
47.83
47.85
47.85
47.85
47.84
47.84
47.82
47.81
47.79
47.78
47.81
47.84
47.85
47.84
47.84
47.84
47.86
47.89
47.90
47.90
47.91
47.89
47.87
47.88
47.88
47.87
47.88
47.86
47.87
47.89
47.89
47.90
47.89
47.87
47.84
47.83
47.84
47.83
47.82
47.82
47.82
47.83
47.84
47.82
47.80
47.78
47.78
47.76
47.77
47.77
47.79
47.81
47.80
47.79
47.80
47.79
47.81
47.81
47.80
47.81
47.81
47.80
47.83
47.83
47.83
47.83
47.83
47.85
47.84
47.84
47.84
47.83
47.84
47.83
47.82
47.79
47.78
47.76
47.76
47.73
47.74
47.72
47.74
47.73
47.73
47.73
47.73
47.72
47.72
47.72
47.72
47.71
47.70
47.71
47.73
47.72
47.71
47.72
47.69
47.69
47.69
47.68
47.70
47.71
47.71
47.72
47.72
47.72
47.72
47.73
47.72
47.71
47.73
47.73
47.73
47.73
47.74
47.72
47.73
47.73
47.71
47.70
47.73
47.74
47.73
47.72
47.72
47.70
47.69
47.68
47.68
47.68
47.68
47.67
47.69
47.69
47.67
47.67
47.69
47.69
47.69
47.71
47.70
47.70
47.71
47.72
47.74
47.74
47.75
47.75
47.78
47.76
47.76
47.76
47.76
47.76
47.77
47.76
47.75
47.74
47.73
47.72
47.70
47.70
47.68
47.66
47.66
47.67
47.66
47.63
47.63
47.62
47.64
47.63
47.61
47.60
47.62
47.62
47.62
47.63
47.63
47.63
47.61
47.62
47.64
47.65
47.66
47.63
47.63
47.63
47.61
47.61
47.62
47.60
47.60
47.61
47.61
47.59
47.60
47.60
47.60
47.59
47.58
47.57
47.56
47.57
47.57
47.57
47.57
47.57
47.56
47.57
47.57
47.58
47.60
47.62
47.65
47.63
47.64
47.63
47.63
47.62
47.61
47.63
47.64
47.65
47.64
47.62
47.61
47.59
47.60
47.61
47.61
47.62
47.61
47.62
47.63
47.62
47.63
47.62
47.61
47.62
47.61
47.60
47.60
47.59
47.59
47.59
47.60
47.60
47.61
47.60
47.61
47.61
47.62
47.65
47.64
47.64
47.65
47.65
47.64
47.65
47.64
47.62
47.63
47.65
47.65
47.66
47.65
47.64
47.64
47.63
47.63
47.61
47.62
47.63
47.62
47.62
47.63
47.62
47.60
47.59
47.59
47.60
47.60
47.60
47.60
47.61
47.60
47.61
47.61
47.61
47.61
47.62
47.61
47.60
47.61
47.62
47.62
47.61
47.61
47.61
47.63
47.62
47.61
47.61
47.61
47.61
47.61
47.61
47.61
47.63
47.63
47.64
47.66
47.67
47.65
47.66
47.66
47.66
47.66
47.66
47.66
47.67
47.67
47.68
47.68
47.69
47.68
47.69
47.69
47.70
47.70
47.69
47.70
47.71
47.71
47.72
47.71
47.71
47.73
47.72
47.71
47.71
47.71
47.70
47.70
47.69
47.69
47.70
47.70
47.71
47.73
47.70
47.72
47.73
47.72
47.73
47.72
47.74
47.74
47.73
47.72
47.73
47.73
47.72
47.73
47.74
47.73
47.72
47.73
47.74
47.73
47.73
47.73
47.73
47.72
47.72
47.72
47.72
47.72
47.71
47.72
47.71
47.70
47.70
47.69
47.69
47.69
47.67
47.65
47.66
47.66
47.65
47.64
47.63
47.64
47.65
47.64
47.65
47.65
47.66
47.65
47.66
47.66
47.66
47.65
47.66
47.62
