34.38
34.38
38.02
34.38
34.38
35.16
35.94
35.55
34.90
35.31
35.23
36.20
36.06
35.16
35.00
34.96
34.47
34.55
33.88
33.59
33.48
33.66
34.10
34.44
34.69
35.28
35.01
35.32
35.29
35.42
35.18
35.21
34.99
35.11
35.18
35.07
35.09
35.24
35.46
35.27
35.18
35.27
34.99
34.87
34.72
34.51
34.34
34.24
34.15
34.06
34.13
34.22
34.32
34.43
34.23
34.35
34.27
34.19
34.32
34.27
34.17
34.20
34.23
34.25
34.18
34.21
34.38
34.40
34.35
34.29
34.31
34.27
34.25
34.31
34.44
34.42
34.44
34.38
34.49
34.53
34.47
34.55
34.62
34.69
34.67
34.61
34.75
34.84
34.83
34.91
34.87
34.97
34.95
34.87
34.95
34.94
34.89
34.79
34.71
34.69
34.81
34.83
34.86
34.89
34.91
34.99
35.03
34.95
35.03
35.06
35.01
34.97
34.97
34.95
34.95
34.91
34.86
34.80
34.81
34.77
34.74
34.70
34.65
34.61
34.66
34.61
34.55
34.56
34.50
34.56
34.60
34.54
34.50
34.51
34.49
34.44
34.45
34.40
34.45
34.42
34.46
34.50
34.51
34.47
34.53
34.57
34.49
34.45
34.47
34.43
34.41
34.39
34.36
34.45
34.41
34.38
34.36
34.33
34.28
34.32
34.37
34.38
34.45
34.50
34.51
34.49
34.51
34.54
34.53
34.49
34.51
34.54
34.56
34.53
34.48
34.50
34.47
34.45
34.44
34.47
34.48
34.51
34.55
34.53
34.53
34.55
34.57
34.57
34.61
34.60
34.61
34.61
34.64
34.65
34.66
34.69
34.68
34.64
34.62
34.61
34.65
34.71
34.68
34.65
34.60
34.56
34.51
34.48
34.46
34.40
34.40
34.38
34.41
34.42
34.41
34.38
34.37
34.34
34.30
34.30
34.30
34.34
34.26
34.24
34.22
34.23
34.26
34.23
34.25
34.26
34.24
34.23
34.28
34.29
34.34
34.36
34.40
34.44
34.43
34.45
34.41
34.39
34.37
34.39
34.38
34.42
34.41
34.42
34.41
34.41
34.39
34.36
34.38
34.39
34.43
34.44
34.44
34.45
34.48
34.47
34.50
34.49
34.47
34.46
34.53
34.56
34.53
34.58
34.53
34.53
34.55
34.55
34.56
34.60
34.62
34.62
34.59
34.61
34.58
34.55
34.56
34.52
34.53
34.55
34.51
34.56
34.59
34.59
34.58
34.59
34.60
34.59
34.60
34.58
34.56
34.57
34.55
34.57
34.55
34.56
34.55
34.54
34.56
34.58
34.58
34.56
34.55
34.52
34.54
34.50
34.47
34.45
34.43
34.41
34.44
34.45
34.44
34.45
34.44
34.44
34.42
34.39
34.38
34.40
34.44
34.46
34.46
34.48
34.49
34.51
34.49
34.49
34.50
34.49
34.51
34.56
34.53
34.55
34.57
34.56
34.57
34.58
34.58
34.57
34.57
34.56
34.59
34.57
34.57
34.57
34.57
34.57
34.58
34.58
34.58
34.56
34.57
34.58
34.60
34.58
34.61
34.64
34.64
34.64
34.63
34.62
34.63
34.63
34.67
34.67
34.67
34.66
34.69
34.67
34.67
34.66
34.66
34.63
34.61
34.62
34.61
34.59
34.59
34.62
34.63
34.63
34.63
34.63
34.61
34.62
34.63
34.63
34.62
34.61
34.61
34.64
34.62
34.61
34.61
34.62
34.62
34.60
34.59
34.59
34.59
34.59
34.60
34.60
34.60
34.61
34.61
34.61
34.60
34.58
34.60
34.60
34.60
34.58
34.56
34.57
34.57
34.57
34.58
34.56
34.58
34.58
34.57
34.56
34.58
34.59
34.58
34.58
34.58
34.59
34.61
34.62
34.60
34.64
34.65
34.64
34.62
34.63
34.61
34.64
34.62
34.63
34.62
34.62
34.62
34.62
34.62
34.63
34.62
34.61
34.61
34.59
34.58
34.60
34.61
34.61
34.61
34.59
34.57
34.55
34.53
34.55
34.58
34.59
34.57
34.58
34.59
34.61
34.63
34.62
34.62
34.63
34.64
34.63
34.64
34.64
34.64
34.65
34.63
34.62
34.63
34.62
34.63
34.62
34.61
34.60
34.60
34.60
34.61
34.61
34.61
34.61
34.61
34.62
34.63
34.63
34.60
34.60
34.57
34.59
34.59
34.58
34.57
34.57
34.57
34.56
34.56
34.56
34.56
34.56
34.55
34.54
34.53
34.52
34.50
34.50
34.49
34.50
34.50
34.51
34.52
34.51
34.53
34.53
34.53
34.54
34.53
34.55
34.53
34.53
34.52
34.52
34.54
34.53
34.53
34.50
34.49
34.48
34.48
34.49
34.48
34.47
34.47
34.50
34.52
34.52
34.53
34.52
34.52
34.52
34.52
34.52
34.52
34.52
34.52
34.53
34.54
34.56
34.55
34.55
34.54
34.52
34.52
34.52
34.52
34.51
34.52
34.50
34.47
34.47
34.46
34.47
34.46
34.47
34.48
34.50
34.50
34.50
34.50
34.52
34.54
34.55
34.55
34.55
34.53
34.54
34.56
34.57
34.57
34.58
34.58
34.59
34.59
34.60
34.58
34.57
34.58
34.58
34.59
34.58
34.59
34.58
34.59
34.59
34.59
34.60
34.58
34.59
34.58
34.57
34.56
34.57
34.55
34.54
34.55
34.55
34.55
34.57
34.57
34.58
34.59
34.58
34.58
34.57
34.58
34.57
34.58
34.57
34.58
34.58
34.57
34.57
34.57
34.58
34.58
34.59
34.59
34.58
34.58
34.58
34.57
34.56
34.56
34.56
34.57
34.57
34.57
34.58
34.57
34.58
34.57
34.58
34.57
34.56
34.56
34.56
34.57
34.56
34.56
34.56
34.57
34.56
34.57
34.57
34.59
34.59
34.58
34.60
34.60
34.61
34.63
34.62
34.64
34.65
34.64
34.63
34.62
34.61
34.60
34.61
34.61
34.60
34.60
34.59
34.60
34.60
34.61
34.61
34.62
34.62
34.62
34.63
34.63
34.62
34.64
34.64
34.64
34.66
34.65
34.65
34.65
34.64
34.66
34.66
34.67
34.68
34.67
34.68
34.70
34.69
34.71
34.71
34.72
34.71
34.71
34.71
34.70
34.70
34.69
34.70
34.69
34.68
34.69
34.69
34.70
34.69
34.69
34.69
34.69
34.68
34.67
34.67
34.67
34.67
34.67
34.66
34.67
34.67
34.66
34.65
34.65
34.64
34.65
34.65
34.67
34.68
34.68
34.68
34.67
34.67
34.69
34.69
34.68
34.67
34.69
34.70
34.70
34.70
34.69
34.69
34.69
34.68
34.70
34.70
34.70
34.73
34.73
34.73
34.73
34.72
34.72
34.72
34.71
34.73
34.72
34.72
34.73
34.70
