78.12
78.91
80.73
81.25
83.12
83.59
82.37
81.64
81.08
81.88
81.39
81.12
80.53
80.58
80.52
80.18
80.33
80.38
80.84
80.70
80.73
80.89
81.18
80.73
80.75
80.59
80.50
80.58
80.60
80.21
79.99
80.13
80.07
80.06
80.22
80.34
80.36
80.47
80.57
80.47
80.49
80.43
80.34
80.33
80.21
80.20
80.25
80.27
80.29
80.31
80.45
80.38
80.51
80.50
80.57
80.55
80.62
80.66
80.59
80.52
80.43
80.44
80.31
80.37
80.36
80.30
80.39
80.42
80.39
80.36
80.41
80.47
80.50
80.53
80.52
80.59
80.60
80.61
80.64
80.66
80.61
80.60
80.61
80.71
80.77
80.70
80.77
80.84
80.88
80.87
80.84
80.91
80.93
81.02
80.99
81.02
81.09
81.09
81.08
81.11
81.11
81.07
81.11
81.13
81.21
81.16
81.16
81.08
81.02
81.07
81.02
81.05
81.10
81.14
81.21
81.28
81.32
81.36
81.34
81.39
81.37
81.45
81.40
81.39
81.40
81.39
81.41
81.41
81.35
81.38
81.43
81.43
81.45
81.47
81.48
81.43
81.44
81.42
81.38
81.36
81.36
81.36
81.36
81.38
81.34
81.37
81.42
81.41
81.46
81.50
81.48
81.45
81.44
81.44
81.42
81.47
81.46
81.47
81.43
81.45
81.48
81.47
81.44
81.46
81.49
81.49
81.45
81.45
81.44
81.50
81.51
81.54
81.55
81.58
81.63
81.66
81.70
81.70
81.70
81.70
81.71
81.75
81.77
81.78
81.71
81.69
81.71
81.72
81.69
81.69
81.72
81.73
81.70
81.72
81.71
81.70
81.70
81.71
81.71
81.74
81.76
81.74
81.71
81.73
81.72
81.73
81.73
81.73
81.73
81.70
81.69
81.71
81.76
81.75
81.77
81.78
81.76
81.75
81.76
81.78
81.77
81.80
81.80
81.83
81.83
81.82
81.83
81.82
81.79
81.79
81.78
81.75
81.76
81.72
81.72
81.73
81.76
81.76
81.75
81.77
81.76
81.70
81.73
81.70
81.73
81.73
81.74
81.77
81.79
81.78
81.80
81.76
81.74
81.73
81.75
81.76
81.78
81.77
81.73
81.74
81.76
81.75
81.74
81.75
81.75
81.75
81.77
81.79
81.81
81.85
81.86
81.86
81.86
81.87
81.86
81.86
81.85
81.88
81.89
81.90
81.90
81.88
81.90
81.88
81.89
81.90
81.90
81.93
81.93
81.93
81.95
81.96
81.98
82.00
82.01
81.98
82.00
81.98
82.00
81.98
82.02
82.02
82.01
82.03
82.02
82.01
82.04
82.05
82.06
82.05
82.02
82.05
82.05
82.08
82.07
82.08
82.08
82.06
82.09
82.12
82.14
82.14
82.13
82.12
82.12
82.11
82.11
82.08
82.07
82.06
82.07
82.06
82.06
82.06
82.07
82.05
82.07
82.08
82.09
82.08
82.07
82.09
82.08
82.08
82.09
82.10
82.11
82.09
82.11
82.12
82.11
82.11
82.11
82.10
82.10
82.11
82.09
82.10
82.12
82.10
82.11
82.11
82.10
82.08
82.07
82.05
82.06
82.08
82.08
82.09
82.09
82.07
82.05
82.06
82.05
82.06
82.09
82.08
82.10
82.11
82.12
82.13
82.14
82.14
82.17
82.16
82.17
82.16
82.15
82.13
82.13
82.11
82.12
82.12
82.12
82.11
82.09
82.09
82.10
82.12
82.12
82.14
82.15
82.15
82.17
82.18
82.18
82.19
82.20
82.20
82.19
82.16
82.16
82.14
82.14
82.15
82.13
82.15
82.16
82.18
82.17
82.18
82.18
82.16
82.17
82.18
82.18
82.17
82.15
82.15
82.15
82.15
82.16
82.15
82.16
82.15
82.14
82.13
82.15
82.14
82.15
82.14
82.14
82.16
82.15
82.15
82.16
82.15
82.15
82.16
82.14
82.16
82.14
82.13
82.14
82.15
82.14
82.13
82.12
82.11
82.10
82.11
82.11
82.10
82.09
82.10
82.09
82.10
82.10
82.10
82.11
82.10
82.08
82.07
82.08
82.08
82.06
82.05
82.03
82.02
82.02
82.03
82.01
82.01
82.00
82.01
82.00
82.01
82.00
82.00
81.99
81.99
81.97
81.98
81.97
81.98
81.95
81.95
81.95
81.96
81.95
81.96
81.97
81.98
81.97
81.98
81.99
82.00
82.00
82.00
82.00
82.01
82.01
81.99
81.98
81.98
81.99
82.01
82.01
82.01
82.03
82.04
82.04
82.04
82.04
82.04
82.03
82.02
82.02
82.01
82.01
82.03
82.03
82.03
82.02
82.03
82.03
82.03
82.02
82.00
82.00
81.99
82.00
81.99
81.99
82.00
81.98
81.97
81.96
81.96
81.96
81.97
81.98
81.98
81.98
82.00
82.02
82.01
81.99
81.98
81.98
81.98
81.98
81.98
81.98
81.96
81.95
81.96
81.96
81.97
81.98
81.99
81.99
82.00
81.98
81.99
81.98
81.98
81.98
81.99
82.01
82.00
82.01
82.01
82.00
82.00
81.99
81.99
82.01
82.00
82.00
82.00
82.00
81.99
82.00
81.98
81.97
81.97
81.97
81.96
81.96
81.97
81.97
81.98
81.99
82.00
81.98
81.99
81.98
81.97
81.98
81.98
81.97
81.96
81.96
81.95
81.94
81.95
81.96
81.98
81.98
81.98
81.96
81.96
81.97
81.96
81.97
81.97
81.98
81.97
81.97
81.96
81.95
81.93
81.92
81.93
81.93
81.93
81.94
81.93
81.94
81.94
81.93
81.93
81.93
81.92
81.92
81.91
81.90
81.90
81.90
81.89
81.90
81.89
81.89
81.89
81.90
81.91
81.92
81.91
81.90
81.93
81.91
81.91
81.91
81.91
81.91
81.90
81.92
81.91
81.91
81.92
81.90
81.92
81.91
81.90
81.91
81.91
81.91
81.92
81.92
81.92
81.93
81.92
81.93
81.94
81.94
81.93
81.93
81.93
81.94
81.94
81.94
81.94
81.95
81.94
81.94
81.94
81.95
81.94
81.94
81.95
81.95
81.94
81.95
81.95
81.96
81.95
81.95
81.95
81.95
81.96
81.94
81.95
81.94
81.94
81.96
81.95
81.95
81.94
81.95
81.96
81.96
81.95
81.95
81.93
81.93
81.93
81.94
81.94
81.94
81.94
81.94
81.95
81.94
81.94
81.94
81.94
81.93
81.94
81.94
81.96
81.97
81.97
81.97
81.97
81.96
81.97
81.98
81.96
81.96
81.97
81.96
81.97
81.96
81.95
81.95
81.94
81.94
81.94
81.93
81.93
81.94
81.92
81.92
81.93
81.92
81.93
81.93
81.94
81.94
81.95
81.94
81.93
81.93
81.93
81.94
81.93
81.93
81.94
81.94
81.86
