50.00
57.03
55.21
56.25
58.75
57.81
57.81
59.18
59.72
59.69
59.52
59.51
59.01
59.49
60.10
60.25
60.02
59.64
59.87
60.08
59.97
59.59
59.51
59.38
59.44
59.92
60.30
60.27
60.24
60.10
60.08
60.21
60.32
60.20
60.40
60.16
60.22
60.53
60.50
60.27
60.10
60.04
60.17
60.09
60.14
60.26
60.17
60.19
60.46
60.53
60.48
60.67
60.76
60.79
60.80
60.99
61.05
61.07
61.10
61.07
61.12
61.21
61.16
61.08
61.11
61.01
61.03
61.05
61.05
61.12
61.22
61.31
61.26
61.34
61.33
61.35
61.24
61.24
61.27
61.15
61.27
61.36
61.41
61.37
61.36
61.21
61.26
61.12
61.11
61.04
61.04
60.99
60.94
61.04
61.15
61.04
61.07
61.07
61.06
60.98
60.97
60.95
61.07
61.07
61.13
61.07
61.01
61.01
60.98
60.95
60.84
60.78
60.79
60.80
60.80
60.79
60.78
60.86
60.81
60.87
60.80
60.78
60.76
60.77
60.76
60.69
60.79
60.83
60.82
60.91
60.89
60.84
60.87
60.84
60.82
60.77
60.83
60.77
60.77
60.76
60.75
60.71
60.64
60.71
60.75
60.80
60.79
60.78
60.79
60.80
60.84
60.86
60.81
60.85
60.89
60.83
60.81
60.76
60.78
60.77
60.79
60.84
60.81
60.79
60.79
60.75
60.79
60.74
60.77
60.79
60.83
60.85
60.85
60.87
60.91
60.96
60.98
61.00
61.00
60.96
61.02
61.03
61.02
61.08
61.03
61.01
61.03
61.03
60.99
60.97
60.99
61.04
61.03
61.01
61.00
61.03
61.07
61.06
61.04
61.05
61.07
61.10
61.11
61.10
61.10
61.09
61.04
61.04
61.05
61.03
61.06
61.05
61.06
61.06
61.07
61.06
61.08
61.05
61.04
61.03
61.02
61.00
61.02
61.00
61.03
61.06
61.05
61.07
61.03
61.01
61.01
61.02
61.00
61.04
61.01
60.97
61.02
61.00
61.01
61.02
60.99
60.96
60.99
60.98
61.00
60.99
61.03
61.02
60.98
60.99
60.99
60.98
60.97
60.94
60.90
60.93
60.94
60.94
60.94
60.92
60.96
60.96
60.93
60.95
60.94
61.00
60.98
60.99
60.98
61.00
61.02
61.03
61.01
61.01
60.99
60.95
60.97
60.97
60.99
61.00
61.00
61.00
60.98
60.98
60.98
61.02
61.03
61.01
61.00
61.01
61.01
61.00
61.00
60.97
60.93
60.93
60.95
60.90
60.91
60.93
60.94
60.95
60.95
61.00
61.01
61.06
61.02
61.06
61.07
61.02
61.06
61.06
61.09
61.09
61.10
61.16
61.11
61.10
61.11
61.10
61.10
61.08
61.06
61.07
61.09
61.10
61.10
61.11
61.12
61.07
61.11
61.11
61.11
61.11
61.13
61.15
61.17
61.18
61.16
61.19
61.18
61.18
61.17
61.15
61.16
61.17
61.19
61.23
61.22
61.22
61.23
61.21
61.20
61.20
61.21
61.22
61.24
61.23
61.24
61.25
61.23
61.23
61.24
61.26
61.25
61.27
61.27
61.23
61.22
61.23
61.24
61.21
61.24
61.25
61.26
61.27
61.27
61.26
61.27
61.29
61.30
61.32
61.30
61.30
61.32
61.32
61.32
61.31
61.28
61.28
61.31
61.28
61.30
61.28
61.29
61.29
61.26
61.28
61.27
61.27
61.28
61.28
61.31
61.32
61.32
61.30
61.29
61.29
61.31
61.31
61.32
61.32
61.33
61.34
61.36
61.37
61.36
61.36
61.36
61.37
61.39
61.40
61.41
61.41
61.41
61.42
61.41
61.42
61.41
61.40
61.41
61.43
61.43
61.41
61.40
61.42
61.44
61.44
61.45
61.46
61.44
61.39
61.41
61.39
61.39
61.37
61.39
61.39
61.38
61.39
61.37
61.36
61.37
61.35
61.35
61.38
61.36
61.35
61.33
61.32
61.31
61.32
61.32
61.32
61.28
61.26
61.27
61.26
61.27
61.27
61.24
61.23
61.25
61.25
61.25
61.26
61.27
61.27
61.26
61.28
61.29
61.28
61.28
61.25
61.25
61.24
61.26
61.28
61.27
61.26
61.28
61.28
61.27
61.28
61.29
61.28
61.29
61.30
61.30
61.31
61.29
61.29
61.29
61.28
61.28
61.27
61.26
61.24
61.25
61.26
61.26
61.24
61.25
61.25
61.25
61.24
61.25
61.25
61.25
61.24
61.24
61.23
61.24
61.26
61.26
61.25
61.23
61.22
61.22
61.23
61.22
61.20
61.21
61.20
61.20
61.20
61.20
61.20
61.22
61.21
61.21
61.23
61.24
61.24
61.24
61.23
61.24
61.25
61.26
61.27
61.27
61.25
61.24
61.25
61.24
61.26
61.28
61.28
61.30
61.31
61.30
61.29
61.29
61.29
61.30
61.31
61.30
61.30
61.29
61.27
61.27
61.28
61.30
61.31
61.30
61.30
61.30
61.32
61.34
61.38
61.38
61.36
61.36
61.36
61.35
61.35
61.37
61.36
61.34
61.33
61.33
61.34
61.33
61.34
61.33
61.34
61.33
61.33
61.34
61.35
61.36
61.36
61.36
61.36
61.36
61.37
61.37
61.36
61.37
61.39
61.38
61.37
61.38
61.37
61.37
61.37
61.36
61.37
61.38
61.39
61.41
61.41
61.42
61.42
61.41
61.40
61.39
61.41
61.42
61.42
61.41
61.42
61.42
61.42
61.41
61.41
61.39
61.40
61.41
61.40
61.40
61.41
61.40
61.40
61.41
61.40
61.40
61.41
61.41
61.43
61.43
61.44
61.42
61.40
61.40
61.41
61.42
61.42
61.43
61.42
61.44
61.45
61.47
61.47
61.46
61.47
61.47
61.48
61.47
61.46
61.46
61.47
61.47
61.45
61.46
61.47
61.47
61.47
61.46
61.46
61.45
61.43
61.43
61.41
61.42
61.42
61.42
61.41
61.42
61.42
61.41
61.39
61.39
61.40
61.40
61.40
61.40
61.41
61.39
61.40
61.39
61.39
61.38
61.39
61.39
61.38
61.38
61.37
61.38
61.38
61.39
61.39
61.40
61.41
61.39
61.40
61.40
61.40
61.41
61.40
61.42
61.41
61.42
61.42
61.41
61.40
61.42
61.43
61.44
61.44
61.44
61.43
61.43
61.43
61.44
61.43
61.44
61.42
61.42
61.43
61.43
61.42
61.41
61.41
61.41
61.40
61.39
61.38
61.39
61.40
61.40
61.40
61.41
61.41
61.42
61.42
61.42
61.43
61.43
61.42
61.41
61.40
61.41
61.41
61.40
61.40
61.38
61.38
61.38
61.38
61.40
61.40
61.40
61.39
61.39
61.38
61.37
61.38
61.37
61.38
61.37
61.31
