20.31
25.78
27.08
25.78
26.25
25.52
25.89
26.17
27.26
28.59
28.55
28.39
28.73
29.46
29.17
29.30
29.60
29.86
30.84
31.41
31.55
31.53
31.52
31.64
31.88
31.79
31.48
31.42
31.68
31.77
31.70
31.45
31.30
31.16
31.21
31.29
31.55
31.58
31.77
31.76
31.52
31.47
31.65
31.53
31.56
31.45
31.25
31.35
31.25
31.19
31.00
31.22
31.31
31.63
31.85
31.86
31.77
31.63
31.67
31.85
31.81
31.93
31.80
31.81
31.61
31.70
31.65
31.66
31.61
31.61
31.78
31.84
31.76
31.86
31.92
31.83
31.90
31.89
31.92
31.82
31.75
31.73
31.83
31.86
31.89
31.90
31.81
31.89
31.99
32.07
32.14
32.08
32.06
32.11
31.94
31.93
31.99
31.89
31.83
31.81
31.76
31.79
31.78
31.70
31.71
31.71
31.69
31.64
31.51
31.52
31.56
31.61
31.61
31.59
31.51
31.45
31.56
31.48
31.42
31.43
31.48
31.51
31.55
31.62
31.60
31.66
31.71
31.68
31.66
31.61
31.62
31.56
31.51
31.46
31.50
31.49
31.49
31.48
31.46
31.58
31.59
31.59
31.55
31.59
31.56
31.57
31.59
31.57
31.53
31.52
31.49
31.42
31.50
31.44
31.45
31.49
31.49
31.42
31.42
31.40
31.43
31.48
31.48
31.42
31.41
31.33
31.38
31.39
31.36
31.37
31.41
31.42
31.46
31.47
31.44
31.45
31.44
31.43
31.42
31.42
31.44
31.46
31.44
31.41
31.42
31.41
31.38
31.40
31.46
31.43
31.40
31.40
31.44
31.40
31.42
31.36
31.32
31.28
31.29
31.25
31.25
31.26
31.23
31.27
31.27
31.25
31.26
31.26
31.27
31.25
31.26
31.28
31.29
31.34
31.34
31.34
31.29
31.31
31.31
31.32
31.29
31.29
31.28
31.31
31.28
31.30
31.27
31.26
31.26
31.27
31.30
31.30
31.28
31.32
31.34
31.31
31.27
31.29
31.25
31.25
31.24
31.20
31.22
31.24
31.23
31.24
31.23
31.24
31.22
31.24
31.27
31.29
31.32
31.30
31.32
31.34
31.37
31.37
31.35
31.32
31.32
31.34
31.34
31.32
31.32
31.33
31.33
31.34
31.31
31.26
31.26
31.28
31.28
31.26
31.26
31.27
31.27
31.29
31.28
31.29
31.31
31.28
31.29
31.31
31.29
31.27
31.26
31.25
31.28
31.31
31.30
31.31
31.34
31.36
31.35
31.36
31.37
31.32
31.30
31.27
31.27
31.28
31.29
31.29
31.32
31.33
31.34
31.33
31.34
31.37
31.32
31.33
31.33
31.34
31.32
31.29
31.32
31.29
31.30
31.28
31.26
31.27
31.30
31.34
31.31
31.29
31.27
31.25
31.26
31.25
31.27
31.27
31.29
31.32
31.32
31.34
31.37
31.34
31.32
31.36
31.38
31.37
31.37
31.35
31.38
31.38
31.37
31.38
31.38
31.38
31.39
31.39
31.38
31.38
31.43
31.42
31.44
31.47
31.49
31.48
31.50
31.51
31.51
31.50
31.49
31.47
31.48
31.47
31.45
31.46
31.45
31.43
31.43
31.43
31.44
31.46
31.47
31.49
31.51
31.55
31.55
31.56
31.58
31.56
31.56
31.55
31.54
31.54
31.54
31.55
31.54
31.55
31.56
31.54
31.55
31.55
31.56
31.55
31.54
31.53
31.56
31.56
31.58
31.59
31.58
31.57
31.56
31.56
31.55
31.56
31.56
31.55
31.54
31.54
31.54
31.55
31.55
31.52
31.50
31.48
31.48
31.46
31.45
31.43
31.43
31.42
31.43
31.43
31.43
31.45
31.49
31.48
31.47
31.46
31.46
31.48
31.50
31.49
31.47
31.46
31.45
31.45
31.47
31.49
31.52
31.52
31.51
31.50
31.50
31.49
31.51
31.49
31.47
31.47
31.48
31.46
31.47
31.45
31.45
31.43
31.41
31.42
31.42
31.42
31.43
31.43
31.45
31.45
31.45
31.45
31.48
31.48
31.48
31.46
31.46
31.48
31.50
31.51
31.50
31.50
31.51
31.50
31.52
31.50
31.51
31.50
31.51
31.51
31.50
31.50
31.50
31.49
31.50
31.51
31.52
31.51
31.52
31.53
31.53
31.52
31.51
31.51
31.51
31.50
31.50
31.50
31.50
31.50
31.51
31.52
31.50
31.49
31.49
31.50
31.51
31.53
31.54
31.53
31.55
31.55
31.55
31.55
31.55
31.55
31.54
31.57
31.56
31.55
31.55
31.56
31.57
31.57
31.57
31.58
31.57
31.58
31.59
31.60
31.60
31.61
31.61
31.60
31.59
31.58
31.59
31.59
31.58
31.58
31.58
31.58
31.56
31.56
31.56
31.56
31.56
31.56
31.58
31.57
31.58
31.58
31.57
31.56
31.56
31.56
31.57
31.57
31.57
31.57
31.57
31.58
31.59
31.58
31.58
31.58
31.61
31.61
31.63
31.63
31.64
31.63
31.64
31.64
31.64
31.63
31.62
31.62
31.63
31.61
31.62
31.63
31.62
31.62
31.61
31.61
31.62
31.61
31.61
31.60
31.60
31.60
31.60
31.61
31.63
31.64
31.62
31.60
31.60
31.60
31.61
31.60
31.59
31.58
31.58
31.58
31.58
31.59
31.58
31.59
31.59
31.59
31.59
31.59
31.59
31.58
31.58
31.58
31.57
31.57
31.57
31.57
31.55
31.55
31.55
31.55
31.56
31.56
31.57
31.58
31.57
31.58
31.58
31.58
31.60
31.61
31.60
31.61
31.60
31.59
31.60
31.58
31.60
31.60
31.59
31.60
31.59
31.60
31.61
31.62
31.61
31.61
31.60
31.59
31.58
31.57
31.57
31.57
31.58
31.59
31.61
31.62
31.62
31.62
31.63
31.63
31.61
31.62
31.62
31.63
31.63
31.63
31.62
31.62
31.63
31.63
31.63
31.62
31.63
31.62
31.62
31.61
31.61
31.61
31.60
31.61
31.61
31.60
31.59
31.60
31.60
31.60
31.60
31.59
31.61
31.61
31.60
31.60
31.60
31.59
31.58
31.59
31.58
31.57
31.57
31.56
31.56
31.56
31.56
31.55
31.55
31.55
31.54
31.54
31.55
31.54
31.53
31.52
31.51
31.49
31.50
31.50
31.52
31.52
31.52
31.52
31.53
31.52
31.51
31.51
31.52
31.52
31.52
31.53
31.51
31.52
31.54
31.55
31.56
31.55
31.57
31.57
31.56
31.57
31.58
31.56
31.57
31.58
31.58
31.58
31.58
31.59
31.59
31.61
31.60
31.58
31.58
31.59
31.59
31.58
31.58
31.57
31.57
31.56
31.56
31.56
31.56
31.56
31.55
31.55
31.55
31.54
31.54
31.51
