31.25
30.47
31.25
31.25
30.94
30.73
31.03
32.03
33.16
32.34
32.10
32.29
31.61
31.14
30.42
30.27
29.50
29.25
28.62
28.36
28.79
29.19
29.28
29.30
29.37
29.51
29.28
29.46
29.85
29.84
29.89
30.03
30.11
30.01
30.13
30.34
30.36
30.55
30.69
30.78
30.83
30.84
30.85
30.75
30.73
30.71
30.49
30.44
30.13
30.28
30.73
30.83
30.90
30.93
30.94
31.00
31.06
30.90
30.93
30.96
31.02
31.02
30.98
30.86
30.77
30.97
31.11
31.07
31.25
31.27
31.21
31.14
30.99
31.10
31.04
31.06
31.17
31.21
31.29
31.39
31.44
31.40
31.40
31.40
31.34
31.32
31.34
31.37
31.36
31.37
31.37
31.33
31.35
31.35
31.32
31.30
31.38
31.30
31.30
31.36
31.34
31.31
31.31
31.27
31.31
31.32
31.26
31.26
31.25
31.19
31.18
31.17
31.24
31.22
31.24
31.22
31.12
31.12
31.14
31.13
31.17
31.21
31.28
31.21
31.16
31.16
31.23
31.19
31.17
31.30
31.25
31.26
31.25
31.23
31.24
31.24
31.25
31.34
31.34
31.41
31.35
31.37
31.29
31.29
31.34
31.35
31.40
31.44
31.44
31.56
31.53
31.55
31.56
31.52
31.48
31.48
31.51
31.49
31.46
31.45
31.54
31.63
31.60
31.57
31.56
31.54
31.50
31.55
31.56
31.56
31.56
31.59
31.61
31.58
31.63
31.60
31.59
31.62
31.63
31.64
31.60
31.60
31.57
31.51
31.49
31.47
31.48
31.52
31.52
31.56
31.59
31.58
31.57
31.59
31.59
31.61
31.58
31.57
31.57
31.60
31.64
31.61
31.60
31.56
31.58
31.52
31.49
31.47
31.45
31.43
31.42
31.43
31.43
31.41
31.37
31.39
31.41
31.44
31.51
31.49
31.47
31.48
31.47
31.47
31.48
31.46
31.48
31.43
31.43
31.45
31.45
31.43
31.43
31.40
31.36
31.39
31.41
31.43
31.43
31.49
31.50
31.51
31.51
31.47
31.45
31.42
31.43
31.42
31.40
31.40
31.40
31.42
31.43
31.48
31.50
31.49
31.48
31.45
31.48
31.45
31.48
31.48
31.51
31.45
31.45
31.45
31.44
31.42
31.41
31.41
31.40
31.39
31.39
31.39
31.36
31.35
31.36
31.35
31.35
31.38
31.37
31.32
31.34
31.33
31.33
31.32
31.30
31.31
31.31
31.33
31.33
31.32
31.32
31.34
31.31
31.28
31.31
31.31
31.34
31.34
31.38
31.36
31.40
31.41
31.44
31.41
31.37
31.37
31.37
31.37
31.35
31.33
31.33
31.37
31.38
31.38
31.36
31.38
31.37
31.35
31.35
31.35
31.32
31.31
31.33
31.33
31.35
31.35
31.36
31.33
31.32
31.31
31.30
31.30
31.28
31.27
31.26
31.26
31.26
31.23
31.24
31.25
31.22
31.20
31.21
31.20
31.22
31.20
31.22
31.21
31.21
31.23
31.23
31.22
31.24
31.26
31.26
31.25
31.28
31.29
31.28
31.28
31.28
31.30
31.31
31.32
31.31
31.31
31.33
31.32
31.34
31.35
31.35
31.34
31.34
31.35
31.35
31.33
31.32
31.32
31.33
31.33
31.34
31.35
31.34
31.35
31.37
31.35
31.35
31.35
31.35
31.36
31.35
31.37
31.36
31.33
31.33
31.35
31.34
31.38
31.38
31.38
31.38
31.39
31.39
31.38
31.39
31.41
31.38
31.39
31.39
31.39
31.39
31.38
31.39
31.40
31.40
31.38
31.38
31.36
31.34
31.33
31.35
31.32
31.32
31.32
31.31
31.32
31.33
31.33
31.33
31.33
31.33
31.33
31.31
31.28
31.29
31.30
31.30
31.32
31.32
31.33
31.33
31.33
31.33
31.33
31.33
31.32
31.33
31.30
31.28
31.27
31.28
31.27
31.27
31.29
31.29
31.30
31.30
31.29
31.29
31.27
31.28
31.28
31.26
31.25
31.26
31.26
31.28
31.29
31.29
31.28
31.28
31.29
31.27
31.26
31.27
31.25
31.24
31.24
31.23
31.25
31.26
31.26
31.26
31.26
31.26
31.24
31.24
31.26
31.26
31.27
31.28
31.26
31.26
31.25
31.26
31.23
31.23
31.24
31.24
31.23
31.22
31.22
31.20
31.19
31.19
31.20
31.19
31.20
31.21
31.21
31.21
31.21
31.19
31.18
31.17
31.18
31.18
31.18
31.18
31.18
31.19
31.21
31.21
31.21
31.23
31.23
31.23
31.21
31.22
31.21
31.21
31.22
31.23
31.22
31.22
31.23
31.24
31.24
31.26
31.27
31.28
31.27
31.26
31.25
31.26
31.26
31.27
31.27
31.27
31.28
31.28
31.28
31.26
31.25
31.26
31.25
31.26
31.25
31.25
31.24
31.23
31.23
31.23
31.23
31.21
31.20
31.21
31.22
31.22
31.22
31.24
31.24
31.25
31.25
31.24
31.26
31.27
31.28
31.28
31.28
31.28
31.27
31.29
31.29
31.28
31.30
31.30
31.32
31.32
31.31
31.30
31.31
31.30
31.29
31.28
31.29
31.30
31.29
31.28
31.27
31.26
31.26
31.28
31.29
31.27
31.27
31.27
31.28
31.30
31.30
31.30
31.30
31.28
31.28
31.27
31.29
31.28
31.28
31.29
31.28
31.27
31.28
31.28
31.28
31.28
31.28
31.29
31.30
31.30
31.29
31.29
31.30
31.30
31.31
31.31
31.31
31.30
31.29
31.28
31.30
31.29
31.28
31.29
31.30
31.30
31.29
31.30
31.28
31.28
31.29
31.30
31.30
31.31
31.32
31.30
31.29
31.28
31.29
31.29
31.28
31.28
31.28
31.28
31.28
31.26
31.26
31.28
31.27
31.30
31.30
31.31
31.30
31.31
31.30
31.30
31.29
31.29
31.31
31.30
31.30
31.29
31.29
31.29
31.30
31.30
31.30
31.31
31.31
31.32
31.32
31.32
31.31
31.32
31.31
31.31
31.30
31.32
31.33
31.34
31.33
31.32
31.32
31.32
31.33
31.32
31.31
31.31
31.31
31.30
31.29
31.28
31.28
31.29
31.29
31.29
31.29
31.29
31.29
31.30
31.30
31.29
31.30
31.29
31.30
31.30
31.28
31.29
31.28
31.28
31.28
31.28
31.29
31.29
31.29
31.30
31.30
31.30
31.30
31.30
31.30
31.31
31.30
31.29
31.30
31.29
31.28
31.27
31.26
31.27
31.27
31.27
31.26
31.25
31.24
31.24
31.23
31.23
31.22
31.22
31.23
31.23
31.23
31.24
31.24
31.25
31.26
31.27
31.27
31.29
31.28
31.29
31.29
31.29
31.29
31.30
31.30
31.30
31.30
31.30
31.27
