60.94
67.19
64.58
62.89
63.44
62.76
62.05
61.52
61.46
62.19
60.94
61.07
60.10
59.60
59.17
58.98
58.82
58.68
59.05
59.22
59.38
59.23
58.63
58.59
58.44
58.29
58.16
57.59
57.22
57.19
57.16
57.13
57.05
57.08
57.32
57.20
57.18
57.15
57.01
56.72
56.94
56.88
56.76
56.61
56.39
56.49
56.68
56.80
57.05
56.78
56.92
56.88
56.96
56.89
57.13
57.20
57.24
57.33
57.34
57.47
57.40
57.43
57.54
57.67
57.76
57.93
58.02
58.02
58.06
58.04
57.88
57.81
57.68
57.62
57.73
57.77
57.75
57.71
57.69
57.68
57.70
57.83
57.93
57.96
58.01
57.92
57.97
57.94
58.04
58.02
57.98
57.95
57.95
57.86
57.83
57.98
58.07
58.02
57.92
57.92
57.80
57.87
57.83
57.93
57.90
57.81
57.91
57.91
57.98
57.90
58.01
58.13
58.05
58.07
58.06
58.03
58.07
58.05
58.04
58.05
58.10
58.04
57.95
57.95
58.10
58.18
58.17
58.13
58.19
58.29
58.28
58.30
58.29
58.38
58.34
58.34
58.36
58.36
58.34
58.29
58.28
58.27
58.32
58.25
58.25
58.23
58.17
58.17
58.12
58.10
58.07
58.10
58.11
58.10
58.15
58.14
58.12
58.13
58.20
58.25
58.17
58.18
58.19
58.18
58.16
58.13
58.07
58.11
58.10
58.13
58.10
58.04
58.06
58.06
58.09
58.08
58.07
58.08
58.12
58.17
58.16
58.15
58.16
58.14
58.10
58.11
58.10
58.10
58.13
58.14
58.19
58.19
58.17
58.17
58.17
58.10
58.15
58.15
58.17
58.16
58.17
58.18
58.24
58.26
58.25
58.25
58.24
58.26
58.28
58.29
58.31
58.35
58.33
58.31
58.30
58.33
58.32
58.32
58.33
58.33
58.35
58.39
58.37
58.36
58.35
58.34
58.35
58.36
58.38
58.40
58.39
58.41
58.40
58.45
58.43
58.42
58.41
58.41
58.40
58.39
58.40
58.38
58.39
58.36
58.35
58.37
58.38
58.36
58.34
58.37
58.37
58.36
58.32
58.34
58.37
58.37
58.38
58.41
58.40
58.42
58.40
58.37
58.39
58.39
58.36
58.39
58.42
58.41
58.40
58.41
58.38
58.38
58.37
58.43
58.45
58.46
58.46
58.47
58.48
58.52
58.54
58.54
58.53
58.52
58.52
58.51
58.54
58.52
58.53
58.57
58.60
58.60
58.61
58.59
58.61
58.60
58.60
58.63
58.59
58.57
58.59
58.57
58.57
58.58
58.59
58.58
58.57
58.61
58.60
58.61
58.62
58.57
58.58
58.60
58.61
58.63
58.62
58.63
58.63
58.61
58.66
58.66
58.67
58.67
58.66
58.68
58.68
58.67
58.70
58.69
58.70
58.68
58.64
58.61
58.63
58.64
58.67
58.65
58.66
58.65
58.66
58.66
58.63
58.62
58.63
58.63
58.61
58.60
58.60
58.62
58.64
58.63
58.63
58.63
58.65
58.67
58.68
58.70
58.70
58.74
58.70
58.69
58.69
58.71
58.72
58.71
58.71
58.70
58.74
58.74
58.75
58.72
58.71
58.71
58.72
58.71
58.70
58.71
58.72
58.71
58.72
58.71
58.74
58.74
58.77
58.79
58.77
58.80
58.78
58.81
58.81
58.82
58.81
58.79
58.80
58.77
58.76
58.74
58.74
58.72
58.72
58.73
58.74
58.72
58.71
58.71
58.71
58.73
58.74
58.70
58.69
58.72
58.72
58.74
58.73
58.72
58.70
58.68
58.68
58.68
58.69
58.68
58.68
58.69
58.68
58.69
58.66
58.66
58.65
58.67
58.68
58.67
58.67
58.67
58.69
58.70
58.69
58.67
58.68
58.70
58.68
58.68
58.68
58.67
58.68
58.68
58.71
58.67
58.67
58.67
58.68
58.67
58.66
58.66
58.66
58.65
58.66
58.67
58.67
58.69
58.68
58.69
58.71
58.69
58.70
58.71
58.68
58.69
58.68
58.70
58.70
58.69
58.70
58.71
58.71
58.75
58.73
58.71
58.70
58.69
58.69
58.67
58.67
58.65
58.63
58.64
58.63
58.62
58.64
58.64
58.64
58.64
58.64
58.63
58.62
58.64
58.63
58.63
58.63
58.63
58.64
58.64
58.64
58.64
58.63
58.63
58.62
58.62
58.61
58.60
58.60
58.60
58.60
58.58
58.58
58.59
58.58
58.59
58.59
58.61
58.63
58.61
58.61
58.60
58.61
58.62
58.63
58.61
58.60
58.62
58.61
58.61
58.61
58.60
58.57
58.57
58.57
58.57
58.57
58.59
58.61
58.60
58.60
58.60
58.60
58.61
58.63
58.64
58.65
58.65
58.64
58.65
58.67
58.67
58.67
58.67
58.68
58.68
58.67
58.69
58.69
58.68
58.68
58.67
58.68
58.67
58.66
58.66
58.67
58.67
58.66
58.65
58.66
58.66
58.67
58.65
58.63
58.64
58.64
58.62
58.60
58.60
58.59
58.60
58.58
58.60
58.61
58.61
58.61
58.63
58.63
58.64
58.63
58.63
58.63
58.64
58.63
58.63
58.62
58.63
58.63
58.64
58.64
58.65
58.65
58.66
58.65
58.67
58.69
58.68
58.67
58.67
58.67
58.67
58.66
58.67
58.67
58.66
58.67
58.67
58.68
58.70
58.68
58.69
58.67
58.67
58.67
58.67
58.67
58.64
58.64
58.62
58.63
58.64
58.63
58.63
58.64
58.65
58.64
58.65
58.65
58.63
58.63
58.62
58.63
58.63
58.62
58.62
58.62
58.62
58.63
58.63
58.64
58.64
58.64
58.64
58.65
58.66
58.65
58.65
58.64
58.64
58.65
58.64
58.64
58.65
58.63
58.64
58.65
58.65
58.64
58.65
58.66
58.67
58.67
58.67
58.69
58.69
58.70
58.68
58.69
58.68
58.68
58.69
58.68
58.68
58.68
58.69
58.69
58.69
58.70
58.71
58.71
58.71
58.71
58.72
58.71
58.71
58.72
58.72
58.71
58.70
58.70
58.69
58.68
58.68
58.68
58.69
58.70
58.71
58.72
58.71
58.72
58.71
58.72
58.72
58.71
58.70
58.70
58.69
58.69
58.70
58.70
58.72
58.70
58.71
58.70
58.72
58.73
58.71
58.72
58.71
58.72
58.72
58.72
58.71
58.73
58.73
58.73
58.73
58.73
58.72
58.72
58.72
58.71
58.71
58.72
58.71
58.70
58.70
58.69
58.68
58.68
58.69
58.68
58.68
58.68
58.67
58.66
58.66
58.66
58.65
58.65
58.65
58.64
58.63
58.64
58.64
58.63
58.65
58.64
58.65
58.65
58.65
58.66
58.67
58.67
58.68
58.67
58.66
58.66
58.60
