39.06
40.62
41.67
40.23
41.56
41.41
42.63
43.16
42.01
41.41
42.19
42.45
42.31
41.96
41.46
41.80
42.00
41.75
41.69
41.95
42.19
42.05
42.05
42.06
42.75
42.55
42.30
42.24
42.30
42.29
42.44
42.43
42.28
42.60
42.68
42.88
42.99
42.97
42.95
42.85
42.87
42.97
42.99
42.97
43.23
43.41
43.38
43.55
43.69
43.78
43.60
43.51
43.43
43.49
43.47
43.47
43.48
43.56
43.62
43.62
43.67
43.78
43.77
43.75
43.89
43.94
44.01
44.07
44.00
43.95
44.08
44.16
44.03
43.98
43.98
44.12
44.24
44.25
44.38
44.32
44.21
44.21
44.26
44.27
44.30
44.31
44.38
44.46
44.58
44.58
44.51
44.50
44.42
44.43
44.42
44.35
44.38
44.31
44.24
44.20
44.21
44.27
44.34
44.29
44.36
44.41
44.41
44.43
44.35
44.38
44.37
44.38
44.39
44.37
44.28
44.32
44.27
44.31
44.28
44.24
44.32
44.39
44.46
44.46
44.50
44.49
44.57
44.60
44.66
44.70
44.69
44.69
44.73
44.66
44.76
44.75
44.81
44.87
44.87
44.80
44.78
44.78
44.76
44.76
44.73
44.69
44.64
44.65
44.61
44.57
44.57
44.55
44.60
44.61
44.52
44.51
44.52
44.52
44.48
44.48
44.50
44.52
44.49
44.50
44.55
44.61
44.56
44.60
44.64
44.65
44.68
44.70
44.72
44.72
44.73
44.72
44.66
44.67
44.67
44.65
44.71
44.70
44.71
44.70
44.75
44.78
44.79
44.81
44.74
44.74
44.76
44.78
44.83
44.85
44.89
44.93
44.95
44.93
44.98
44.99
44.97
44.96
44.95
44.97
45.02
44.98
44.95
44.91
44.89
44.90
44.93
44.97
45.03
45.04
45.04
45.05
45.03
45.03
45.02
45.02
45.03
45.02
45.05
45.05
45.08
45.09
45.09
45.06
45.06
45.03
45.01
45.03
45.02
45.04
45.03
45.03
45.06
45.07
45.06
45.09
45.07
45.05
45.07
45.08
45.11
45.10
45.07
45.09
45.08
45.10
45.09
45.06
45.03
45.05
45.04
44.97
44.98
44.97
44.99
45.02
45.03
44.98
44.98
44.99
45.03
45.01
45.03
45.06
45.05
45.08
45.12
45.11
45.10
45.10
45.08
45.06
45.06
45.08
45.11
45.07
45.11
45.10
45.10
45.12
45.12
45.14
45.12
45.14
45.13
45.13
45.15
45.17
45.17
45.22
45.23
45.23
45.27
45.24
45.22
45.22
45.25
45.26
45.26
45.29
45.30
45.34
45.33
45.35
45.37
45.36
45.38
45.36
45.38
45.40
45.40
45.38
45.38
45.36
45.38
45.35
45.32
45.29
45.32
45.36
45.34
45.34
45.34
45.32
45.31
45.29
45.27
45.26
45.26
45.22
45.23
45.19
45.18
45.18
45.20
45.19
45.22
45.21
45.22
45.18
45.19
45.20
45.20
45.20
45.21
45.21
45.20
45.19
45.20
45.21
45.21
45.24
45.22
45.20
45.21
45.22
45.25
45.26
45.26
45.27
45.28
45.28
45.29
45.30
45.30
45.30
45.31
45.30
45.32
45.34
45.34
45.36
45.40
45.40
45.38
45.37
45.38
45.39
45.38
45.37
45.35
45.38
45.37
45.38
45.36
45.36
45.36
45.34
45.32
45.31
45.30
45.31
45.32
45.32
45.36
45.36
45.35
45.33
45.33
45.34
45.34
45.34
45.36
45.37
45.37
45.34
45.35
45.34
45.37
45.36
45.33
45.34
45.34
45.34
45.34
45.35
45.34
45.34
45.33
45.33
45.35
45.35
45.35
45.36
45.36
45.35
45.32
45.31
45.29
45.29
45.28
45.28
45.28
45.29
45.27
45.28
45.26
45.23
45.22
45.21
45.21
45.22
45.22
45.21
45.24
45.23
45.22
45.24
45.23
45.23
45.27
45.26
45.26
45.25
45.24
45.22
45.23
45.24
45.23
45.25
45.26
45.27
45.27
45.27
45.27
45.27
45.25
45.24
45.24
45.24
45.24
45.26
45.26
45.25
45.25
45.21
45.22
45.22
45.23
45.23
45.24
45.23
45.23
45.23
45.24
45.23
45.23
45.26
45.23
45.22
45.21
45.22
45.22
45.21
45.22
45.22
45.21
45.22
45.23
45.24
45.24
45.24
45.23
45.24
45.24
45.23
45.24
45.26
45.24
45.23
45.24
45.22
45.23
45.23
45.20
45.19
45.19
45.20
45.20
45.22
45.22
45.22
45.21
45.20
45.19
45.19
45.20
45.17
45.15
45.17
45.18
45.17
45.17
45.16
45.15
45.15
45.14
45.11
45.10
45.11
45.09
45.09
45.06
45.06
45.07
45.06
45.07
45.07
45.09
45.10
45.11
45.11
45.12
45.12
45.13
45.13
45.12
45.12
45.12
45.12
45.12
45.11
45.11
45.13
45.13
45.12
45.14
45.13
45.13
45.13
45.14
45.12
45.12
45.13
45.13
45.11
45.11
45.12
45.12
45.13
45.14
45.14
45.14
45.15
45.12
45.11
45.10
45.09
45.09
45.09
45.09
45.10
45.10
45.11
45.09
45.09
45.10
45.11
45.12
45.12
45.14
45.13
45.14
45.14
45.13
45.14
45.16
45.13
45.13
45.13
45.13
45.12
45.13
45.14
45.15
45.15
45.13
45.15
45.16
45.16
45.17
45.17
45.16
45.15
45.15
45.17
45.17
45.17
45.18
45.18
45.17
45.17
45.17
45.16
45.15
45.14
45.14
45.13
45.13
45.15
45.15
45.14
45.15
45.16
45.17
45.16
45.17
45.16
45.16
45.16
45.16
45.16
45.17
45.17
45.16
45.16
45.16
45.15
45.15
45.15
45.15
45.15
45.14
45.15
45.15
45.14
45.16
45.15
45.15
45.15
45.16
45.16
45.17
45.16
45.16
45.14
45.15
45.15
45.13
45.13
45.14
45.13
45.11
45.09
45.09
45.10
45.09
45.10
45.09
45.08
45.07
45.07
45.07
45.06
45.07
45.06
45.05
45.05
45.05
45.04
45.05
45.06
45.07
45.07
45.06
45.07
45.07
45.08
45.08
45.08
45.08
45.08
45.08
45.09
45.08
45.07
45.09
45.08
45.07
45.07
45.05
45.06
45.05
45.05
45.03
45.03
45.03
45.03
45.02
45.02
45.02
45.01
45.02
45.01
45.01
45.01
45.01
45.02
45.01
45.01
45.01
45.02
45.01
45.01
45.03
45.04
45.04
45.04
45.04
45.06
45.05
45.05
45.04
45.04
45.04
45.05
45.05
45.04
45.05
45.05
45.04
45.04
45.05
45.05
45.05
45.06
45.07
45.08
45.09
45.08
45.08
45.09
45.08
45.09
45.09
45.09
45.10
45.07
