40.62
42.97
45.31
45.31
43.75
45.57
44.87
44.73
45.14
46.56
46.16
46.35
47.60
46.99
46.88
47.36
47.61
47.92
47.78
47.81
47.92
47.80
47.96
48.18
47.81
47.60
47.92
48.21
47.90
47.40
47.38
47.27
47.21
47.24
47.37
47.53
47.51
47.70
47.60
47.50
47.64
47.77
47.78
47.73
47.67
47.72
47.61
47.53
47.42
47.34
47.24
47.09
46.99
47.05
47.19
47.21
47.20
47.33
47.35
47.37
47.36
47.23
47.22
47.22
47.14
47.06
47.04
47.06
47.10
47.30
47.43
47.29
47.30
47.34
47.35
47.27
47.30
47.24
47.29
47.44
47.45
47.52
47.53
47.58
47.43
47.40
47.41
47.39
47.35
47.34
47.22
47.30
47.19
47.16
47.17
47.07
47.07
47.18
47.22
47.25
47.25
47.18
47.09
47.06
46.93
47.05
47.04
47.09
47.02
47.10
47.20
47.18
47.12
47.22
47.21
47.18
47.13
47.13
47.23
47.20
47.29
47.32
47.37
47.38
47.54
47.57
47.53
47.55
47.61
47.56
47.55
47.50
47.52
47.50
47.47
47.47
47.55
47.61
47.61
47.65
47.61
47.60
47.66
47.68
47.65
47.62
47.63
47.62
47.60
47.59
47.56
47.56
47.58
47.61
47.55
47.63
47.60
47.64
47.65
47.67
47.67
47.67
47.67
47.71
47.62
47.65
47.66
47.65
47.71
47.71
47.75
47.72
47.75
47.78
47.79
47.83
47.81
47.82
47.80
47.79
47.82
47.83
47.79
47.78
47.75
47.74
47.74
47.72
47.74
47.72
47.67
47.66
47.63
47.61
47.58
47.57
47.62
47.62
47.63
47.60
47.58
47.57
47.57
47.58
47.61
47.63
47.58
47.63
47.62
47.63
47.61
47.61
47.60
47.55
47.57
47.54
47.52
47.51
47.52
47.56
47.55
47.58
47.60
47.60
47.64
47.62
47.56
47.53
47.52
47.51
47.50
47.49
47.42
47.43
47.45
47.45
47.47
47.45
47.42
47.40
47.42
47.42
47.40
47.39
47.40
47.41
47.38
47.35
47.31
47.34
47.32
47.30
47.33
47.34
47.35
47.34
47.32
47.33
47.35
47.35
47.32
47.30
47.34
47.34
47.33
47.35
47.39
47.41
47.38
47.36
47.39
47.38
47.40
47.37
47.39
47.38
47.35
47.33
47.33
47.38
47.34
47.36
47.37
47.35
47.36
47.33
47.33
47.31
47.32
47.30
47.28
47.27
47.25
47.22
47.23
47.27
47.25
47.27
47.26
47.28
47.26
47.25
47.28
47.31
47.31
47.31
47.31
47.32
47.33
47.35
47.34
47.38
47.36
47.40
47.40
47.40
47.40
47.41
47.41
47.41
47.42
47.39
47.38
47.39
47.42
47.44
47.42
47.42
47.43
47.43
47.45
47.44
47.45
47.46
47.46
47.47
47.48
47.45
47.46
47.48
47.48
47.49
47.51
47.49
47.44
47.43
47.41
47.41
47.41
47.42
47.45
47.45
47.42
47.42
47.40
47.37
47.36
47.40
47.39
47.42
47.39
47.39
47.42
47.39
47.38
47.39
47.35
47.38
47.37
47.37
47.36
47.37
47.35
47.34
47.35
47.34
47.34
47.36
47.36
47.38
47.38
47.41
47.39
47.40
47.40
47.41
47.42
47.42
47.41
47.43
47.43
47.43
47.44
47.43
47.44
47.42
47.40
47.36
47.35
47.34
47.33
47.32
47.34
47.35
47.36
47.36
47.37
47.40
47.38
47.37
47.38
47.37
47.37
47.35
47.33
47.34
47.36
47.38
47.38
47.39
47.39
47.41
47.42
47.42
47.41
47.45
47.45
47.45
47.43
47.42
47.44
47.45
47.44
47.43
47.45
47.46
47.45
47.46
47.48
47.48
47.47
47.49
47.50
47.49
47.51
47.50
47.49
47.49
47.49
47.51
47.49
47.50
47.50
47.49
47.50
47.50
47.50
47.52
47.52
47.51
47.49
47.48
47.48
47.49
47.50
47.52
47.52
47.51
47.50
47.48
47.49
47.48
47.48
47.46
47.47
47.48
47.44
47.44
47.45
47.44
47.45
47.44
47.45
47.44
47.45
47.45
47.45
47.45
47.43
47.44
47.43
47.43
47.43
47.42
47.42
47.42
47.41
47.43
47.46
47.47
47.46
47.47
47.47
47.46
47.45
47.44
47.47
47.44
47.43
47.43
47.44
47.43
47.44
47.45
47.45
47.43
47.42
47.43
47.44
47.43
47.44
47.46
47.46
47.45
47.46
47.45
47.46
47.47
47.48
47.49
47.48
47.47
47.48
47.49
47.49
47.47
47.47
47.47
47.46
47.45
47.44
47.42
47.43
47.44
47.43
47.41
47.40
47.41
47.42
47.41
47.42
47.42
47.42
47.42
47.42
47.41
47.40
47.39
47.38
47.39
47.38
47.39
47.39
47.40
47.40
47.39
47.38
47.39
47.40
47.40
47.40
47.42
47.43
47.45
47.45
47.46
47.47
47.46
47.47
47.48
47.50
47.51
47.50
47.51
47.49
47.48
47.48
47.47
47.46
47.46
47.47
47.47
47.48
47.49
47.50
47.50
47.52
47.53
47.53
47.53
47.52
47.51
47.49
47.49
47.50
47.48
47.48
47.49
47.49
47.51
47.50
47.47
47.49
47.51
47.51
47.51
47.52
47.54
47.52
47.51
47.49
47.50
47.49
47.50
47.51
47.51
47.52
47.51
47.51
47.51
47.52
47.52
47.52
47.52
47.53
47.53
47.53
47.55
47.54
47.53
47.54
47.55
47.55
47.55
47.56
47.55
47.54
47.54
47.55
47.55
47.53
47.54
47.55
47.56
47.58
47.58
47.59
47.58
47.58
47.59
47.58
47.59
47.58
47.57
47.56
47.56
47.56
47.57
47.56
47.56
47.57
47.57
47.60
47.60
47.62
47.62
47.62
47.62
47.62
47.61
47.61
47.61
47.62
47.62
47.61
47.62
47.61
47.61
47.62
47.63
47.63
47.62
47.62
47.64
47.63
47.64
47.65
47.64
47.64
47.64
47.64
47.65
47.64
47.64
47.62
47.62
47.61
47.61
47.60
47.60
47.60
47.62
47.62
47.62
47.60
47.60
47.60
47.60
47.60
47.61
47.61
47.59
47.57
47.58
47.58
47.58
47.60
47.58
47.58
47.60
47.60
47.60
47.59
47.60
47.60
47.62
47.62
47.64
47.64
47.65
47.66
47.66
47.67
47.68
47.68
47.68
47.66
47.65
47.67
47.67
47.66
47.65
47.65
47.65
47.64
47.64
47.63
47.63
47.63
47.62
47.62
47.62
47.62
47.62
47.63
47.63
47.63
47.64
47.63
47.62
47.63
47.63
47.62
47.62
47.63
47.64
47.64
47.64
47.65
47.66
47.67
47.62
