65.62
59.38
63.54
60.55
60.00
60.42
59.38
60.16
59.20
58.59
58.52
59.38
59.38
59.04
58.85
58.69
58.64
58.33
58.22
58.20
58.11
58.24
58.08
57.94
57.69
57.57
57.64
57.65
57.70
57.66
57.61
57.52
57.39
57.12
57.37
57.51
57.31
57.40
57.29
57.15
57.09
56.88
56.98
56.89
56.77
56.73
56.88
56.93
57.08
57.16
57.05
56.97
57.02
57.06
56.79
56.86
56.96
56.71
56.75
56.61
56.63
56.63
56.70
56.59
56.63
56.61
56.69
56.57
56.66
56.43
56.56
56.45
56.36
56.31
56.13
56.11
56.05
56.05
56.09
56.02
56.10
55.96
55.82
55.86
55.94
56.03
56.09
56.09
56.04
56.01
55.99
55.94
55.90
56.05
56.02
55.91
55.91
55.85
55.82
55.86
55.93
55.97
56.01
55.90
55.89
55.88
55.93
55.96
55.95
55.89
55.93
56.01
56.03
56.03
55.96
55.93
55.89
55.88
55.84
55.89
55.86
55.84
55.79
55.80
55.85
55.85
55.99
55.99
55.98
55.95
55.98
55.93
55.89
55.94
55.97
55.95
56.00
56.01
56.01
55.99
55.98
55.94
55.95
55.91
55.96
56.01
55.94
56.01
56.05
56.06
56.03
56.03
56.03
56.06
56.02
56.06
56.16
56.13
56.15
56.12
56.13
56.08
56.04
55.97
55.94
55.92
55.96
55.90
55.92
55.87
55.86
55.87
55.88
55.85
55.85
55.85
55.77
55.75
55.72
55.76
55.85
55.89
55.85
55.86
55.80
55.77
55.72
55.70
55.66
55.71
55.75
55.72
55.76
55.75
55.81
55.88
55.88
55.85
55.84
55.86
55.85
55.82
55.80
55.76
55.74
55.73
55.79
55.77
55.76
55.76
55.73
55.74
55.70
55.66
55.66
55.62
55.65
55.66
55.66
55.63
55.62
55.63
55.55
55.55
55.59
55.61
55.64
55.63
55.64
55.65
55.68
55.75
55.76
55.77
55.75
55.73
55.69
55.69
55.69
55.74
55.72
55.73
55.72
55.72
55.75
55.77
55.72
55.70
55.69
55.69
55.71
55.71
55.71
55.70
55.67
55.69
55.69
55.67
55.69
55.70
55.70
55.70
55.66
55.66
55.68
55.70
55.74
55.73
55.69
55.69
55.68
55.72
55.73
55.71
55.72
55.70
55.70
55.68
55.65
55.65
55.66
55.64
55.68
55.68
55.72
55.73
55.69
55.68
55.70
55.70
55.68
55.67
55.70
55.68
55.70
55.70
55.67
55.66
55.74
55.72
55.70
55.70
55.71
55.71
55.70
55.71
55.72
55.73
55.74
55.73
55.75
55.71
55.71
55.70
55.73
55.74
55.75
55.74
55.77
55.74
55.75
55.79
55.77
55.77
55.77
55.76
55.75
55.73
55.72
55.73
55.74
55.76
55.76
55.80
55.77
55.79
55.79
55.82
55.82
55.80
55.82
55.82
55.80
55.81
55.83
55.85
55.84
55.85
55.85
55.88
55.87
55.89
55.88
55.88
55.83
55.83
55.83
55.81
55.81
55.79
55.77
55.77
55.76
55.74
55.74
55.74
55.74
55.73
55.72
55.71
55.70
55.66
55.66
55.67
55.71
55.73
55.77
55.78
55.80
55.79
55.78
55.82
55.81
55.81
55.80
55.80
55.80
55.82
55.81
55.79
55.78
55.78
55.79
55.83
55.85
55.84
55.83
55.83
55.83
55.82
55.82
55.85
55.87
55.87
55.88
55.91
55.92
55.92
55.91
55.91
55.93
55.95
55.95
55.96
55.95
55.97
55.98
56.00
56.00
56.02
56.04
56.03
56.04
56.04
56.04
56.03
56.05
56.04
56.01
56.01
55.99
55.99
55.98
55.99
55.99
56.00
56.03
56.04
56.04
56.04
56.05
56.06
56.05
56.06
56.05
56.06
56.06
56.09
56.10
56.08
56.06
56.07
56.06
56.06
56.06
56.05
56.06
56.05
56.04
56.05
56.07
56.05
56.05
56.05
56.05
56.05
56.05
56.04
56.03
56.05
56.04
56.04
56.03
56.02
56.01
56.03
56.03
56.02
56.01
55.99
55.98
55.99
55.97
55.99
56.01
56.00
56.01
56.04
56.05
56.02
56.01
56.01
56.01
56.01
56.03
56.05
56.05
56.05
56.05
56.04
56.03
56.03
56.03
56.02
56.02
56.01
56.01
56.00
56.01
55.99
56.00
56.00
56.01
56.00
56.01
56.01
56.02
56.01
56.00
56.01
56.00
55.99
56.00
56.01
56.00
56.02
56.02
55.99
55.99
55.98
55.98
55.99
55.98
55.98
55.98
55.98
55.97
55.97
55.98
55.98
55.97
55.96
55.94
55.95
55.94
55.94
55.94
55.93
55.93
55.93
55.93
55.94
55.94
55.94
55.92
55.90
55.90
55.89
55.90
55.90
55.89
55.90
55.91
55.90
55.89
55.89
55.88
55.86
55.85
55.86
55.86
55.86
55.87
55.88
55.88
55.87
55.89
55.90
55.89
55.90
55.89
55.89
55.88
55.89
55.88
55.89
55.90
55.90
55.92
55.91
55.92
55.91
55.91
55.92
55.93
55.92
55.92
55.92
55.92
55.93
55.92
55.92
55.92
55.92
55.92
55.91
55.92
55.93
55.93
55.92
55.92
55.92
55.92
55.94
55.94
55.93
55.92
55.92
55.91
55.91
55.91
55.90
55.91
55.92
55.94
55.93
55.96
55.98
55.97
55.96
55.97
55.97
55.97
55.97
55.99
55.99
55.99
56.00
55.99
55.99
56.00
56.00
56.01
56.01
56.01
56.00
55.99
55.99
56.00
56.00
56.00
55.99
56.00
55.99
55.99
55.99
56.00
56.01
56.00
56.02
56.03
56.03
56.03
56.04
56.05
56.05
56.06
56.07
56.09
56.11
56.12
56.13
56.14
56.14
56.13
56.15
56.13
56.13
56.14
56.14
56.14
56.14
56.15
56.14
56.14
56.14
56.13
56.14
56.14
56.13
56.13
56.13
56.14
56.15
56.15
56.16
56.16
56.16
56.17
56.17
56.17
56.17
56.17
56.17
56.18
56.18
56.18
56.19
56.19
56.19
56.20
56.18
56.19
56.20
56.20
56.21
56.22
56.22
56.23
56.23
56.23
56.23
56.22
56.22
56.20
56.21
56.20
56.20
56.20
56.21
56.21
56.19
56.19
56.18
56.20
56.21
56.21
56.21
56.21
56.21
56.22
56.23
56.22
56.21
56.21
56.21
56.19
56.18
56.19
56.20
56.20
56.19
56.18
56.18
56.17
56.16
56.15
56.15
56.16
56.14
56.15
56.16
56.14
56.13
56.12
56.13
56.13
56.14
56.13
56.14
56.14
56.14
56.13
56.14
56.12
56.12
56.12
56.13
56.12
56.13
56.12
56.08
