43.75
44.53
45.83
45.70
45.00
45.31
45.09
44.73
44.79
44.84
43.47
43.75
43.03
43.86
44.48
44.53
43.93
44.36
44.24
44.61
44.49
44.74
44.43
44.27
44.06
43.99
44.16
43.97
44.07
43.96
44.05
43.95
44.18
44.26
43.93
44.10
44.00
44.20
44.07
43.98
44.21
43.97
43.93
44.00
44.03
43.82
43.85
43.85
43.97
43.84
43.81
43.75
43.75
43.87
43.98
44.03
43.86
43.72
43.70
43.83
43.85
43.78
43.70
43.65
43.63
43.58
43.66
43.70
43.91
43.84
43.68
43.49
43.51
43.52
43.56
43.63
43.63
43.53
43.49
43.46
43.42
43.35
43.20
43.27
43.29
43.26
43.25
43.15
43.08
43.16
43.15
43.24
43.28
43.25
43.19
43.36
43.33
43.29
43.29
43.33
43.35
43.34
43.37
43.34
43.35
43.37
43.36
43.39
43.36
43.32
43.33
43.40
43.45
43.53
43.55
43.59
43.54
43.59
43.62
43.63
43.69
43.61
43.60
43.59
43.51
43.48
43.44
43.42
43.42
43.47
43.43
43.39
43.39
43.39
43.45
43.44
43.44
43.48
43.51
43.48
43.48
43.51
43.52
43.57
43.48
43.50
43.53
43.58
43.65
43.67
43.67
43.66
43.60
43.57
43.54
43.50
43.50
43.53
43.52
43.54
43.55
43.60
43.52
43.49
43.58
43.58
43.62
43.68
43.64
43.58
43.58
43.57
43.62
43.63
43.63
43.66
43.67
43.70
43.69
43.68
43.72
43.75
43.73
43.72
43.73
43.79
43.79
43.75
43.73
43.68
43.61
43.58
43.61
43.58
43.56
43.53
43.51
43.57
43.60
43.61
43.59
43.58
43.58
43.57
43.57
43.60
43.61
43.59
43.68
43.69
43.70
43.74
43.71
43.62
43.66
43.63
43.60
43.61
43.60
43.62
43.64
43.63
43.66
43.67
43.70
43.74
43.74
43.72
43.72
43.72
43.77
43.72
43.74
43.72
43.72
43.68
43.66
43.68
43.70
43.70
43.72
43.70
43.74
43.78
43.78
43.79
43.73
43.73
43.73
43.76
43.79
43.81
43.77
43.76
43.72
43.73
43.76
43.77
43.72
43.74
43.77
43.77
43.75
43.76
43.72
43.69
43.69
43.72
43.72
43.73
43.70
43.70
43.71
43.70
43.70
43.72
43.70
43.68
43.67
43.68
43.67
43.68
43.67
43.66
43.66
43.67
43.67
43.68
43.64
43.67
43.65
43.64
43.63
43.63
43.62
43.62
43.63
43.61
43.61
43.65
43.66
43.67
43.68
43.69
43.68
43.69
43.70
43.73
43.75
43.74
43.75
43.78
43.79
43.76
43.77
43.78
43.81
43.80
43.77
43.75
43.76
43.76
43.74
43.76
43.78
43.75
43.78
43.74
43.70
43.67
43.67
43.67
43.66
43.67
43.68
43.68
43.68
43.67
43.63
43.64
43.66
43.65
43.66
43.67
43.66
43.68
43.68
43.66
43.64
43.63
43.63
43.65
43.63
43.62
43.62
43.62
43.63
43.62
43.65
43.64
43.62
43.64
43.66
43.66
43.66
43.67
43.64
43.62
43.65
43.67
43.67
43.64
43.63
43.67
43.63
43.64
43.64
43.67
43.68
43.69
43.69
43.67
43.70
43.69
43.68
43.68
43.67
43.66
43.65
43.66
43.67
43.70
43.70
43.71
43.71
43.71
43.72
43.72
43.73
43.69
43.64
43.65
43.67
43.70
43.72
43.72
43.73
43.75
43.75
43.75
43.76
43.76
43.77
43.77
43.76
43.77
43.78
43.78
43.79
43.79
43.79
43.79
43.81
43.79
43.79
43.79
43.78
43.77
43.75
43.74
43.75
43.75
43.77
43.78
43.77
43.74
43.74
43.75
43.74
43.76
43.75
43.74
43.76
43.75
43.74
43.74
43.74
43.75
43.75
43.75
43.75
43.76
43.76
43.76
43.77
43.76
43.77
43.74
43.74
43.75
43.74
43.76
43.77
43.79
43.79
43.79
43.79
43.80
43.79
43.79
43.79
43.80
43.81
43.84
43.84
43.84
43.85
43.86
43.84
43.85
43.85
43.84
43.85
43.86
43.86
43.84
43.85
43.85
43.84
43.84
43.86
43.86
43.86
43.85
43.83
43.83
43.83
43.82
43.82
43.84
43.84
43.84
43.82
43.80
43.81
43.79
43.79
43.79
43.80
43.80
43.78
43.79
43.79
43.79
43.77
43.77
43.77
43.77
43.76
43.77
43.75
43.77
43.75
43.73
43.75
43.73
43.73
43.73
43.73
43.70
43.69
43.69
43.69
43.67
43.67
43.66
43.66
43.65
43.64
43.64
43.65
43.67
43.66
43.67
43.66
43.68
43.68
43.66
43.66
43.65
43.65
43.66
43.64
43.65
43.65
43.64
43.63
43.63
43.63
43.63
43.64
43.64
43.64
43.64
43.64
43.65
43.65
43.65
43.65
43.67
43.66
43.65
43.65
43.65
43.63
43.65
43.66
43.66
43.65
43.65
43.64
43.64
43.63
43.63
43.64
43.65
43.66
43.65
43.68
43.68
43.67
43.66
43.66
43.67
43.69
43.68
43.68
43.68
43.69
43.69
43.70
43.70
43.70
43.68
43.69
43.68
43.69
43.70
43.69
43.70
43.68
43.67
43.69
43.69
43.67
43.68
43.68
43.69
43.70
43.70
43.70
43.69
43.68
43.66
43.67
43.67
43.66
43.67
43.67
43.71
43.71
43.71
43.72
43.72
43.71
43.71
43.70
43.71
43.71
43.71
43.72
43.72
43.72
43.73
43.73
43.74
43.72
43.71
43.72
43.71
43.71
43.70
43.71
43.72
43.71
43.72
43.74
43.75
43.76
43.76
43.75
43.75
43.77
43.75
43.74
43.74
43.74
43.74
43.75
43.74
43.74
43.74
43.75
43.74
43.73
43.74
43.74
43.73
43.73
43.72
43.71
43.71
43.73
43.73
43.73
43.73
43.73
43.73
43.73
43.72
43.71
43.72
43.72
43.72
43.71
43.71
43.72
43.71
43.72
43.73
43.73
43.72
43.72
43.72
43.71
43.70
43.70
43.69
43.69
43.69
43.68
43.69
43.68
43.68
43.68
43.69
43.67
43.66
43.65
43.63
43.65
43.66
43.67
43.67
43.66
43.66
43.65
43.63
43.63
43.63
43.62
43.61
43.60
43.59
43.59
43.58
43.60
43.60
43.60
43.60
43.59
43.59
43.60
43.60
43.60
43.61
43.60
43.58
43.60
43.59
43.58
43.58
43.59
43.60
43.61
43.60
43.59
43.59
43.58
43.58
43.59
43.60
43.60
43.60
43.60
43.60
43.60
43.60
43.59
43.59
43.59
43.58
43.59
43.59
43.58
43.58
43.57
43.57
43.58
43.58
43.57
43.53
