50.00
43.75
43.75
41.41
43.44
43.23
43.97
45.12
45.14
46.09
46.45
46.22
46.88
46.65
46.56
46.78
46.60
46.35
46.05
46.09
45.54
45.88
46.26
46.42
46.50
46.51
46.24
46.26
46.17
46.15
46.02
46.09
46.31
46.51
46.43
46.57
46.24
46.09
46.19
46.09
46.11
46.09
46.04
46.24
46.35
46.26
46.24
46.39
46.56
46.31
46.23
46.18
46.31
46.27
46.51
46.46
46.46
46.55
46.64
46.85
46.95
46.82
46.78
46.83
46.80
46.85
46.78
46.92
46.99
46.96
47.05
47.14
47.09
47.09
47.04
47.08
47.04
46.96
46.88
46.88
46.84
46.91
46.97
46.97
47.00
47.07
47.18
47.16
47.10
47.10
47.10
46.99
46.96
46.96
46.96
46.91
46.92
46.94
46.99
46.94
46.89
46.89
46.98
47.09
46.99
47.01
47.05
46.99
46.99
46.97
47.04
47.13
47.17
47.18
47.13
47.13
47.14
47.19
47.19
47.17
47.09
47.05
47.08
47.04
46.96
46.88
46.84
46.89
46.91
46.90
46.88
46.91
46.89
46.89
46.90
46.96
47.00
47.01
47.05
47.10
47.00
47.02
47.05
47.11
47.06
47.02
47.03
47.02
47.01
47.08
47.10
47.12
47.12
47.16
47.16
47.23
47.20
47.23
47.23
47.26
47.32
47.28
47.34
47.32
47.41
47.41
47.40
47.46
47.43
47.43
47.40
47.41
47.44
47.42
47.37
47.40
47.41
47.43
47.42
47.44
47.41
47.43
47.42
47.49
47.50
47.47
47.50
47.52
47.53
47.57
47.57
47.56
47.47
47.45
47.52
47.55
47.60
47.60
47.59
47.61
47.64
47.61
47.65
47.65
47.65
47.62
47.62
47.64
47.65
47.63
47.64
47.61
47.65
47.67
47.65
47.69
47.69
47.73
47.70
47.66
47.65
47.68
47.66
47.66
47.72
47.68
47.63
47.62
47.65
47.64
47.69
47.73
47.73
47.72
47.75
47.78
47.80
47.78
47.76
47.78
47.78
47.77
47.74
47.77
47.78
47.77
47.77
47.79
47.77
47.80
47.80
47.78
47.76
47.77
47.79
47.78
47.78
47.76
47.79
47.76
47.78
47.79
47.80
47.81
47.85
47.83
47.83
47.80
47.79
47.82
47.81
47.85
47.85
47.86
47.80
47.79
47.79
47.80
47.78
47.77
47.75
47.77
47.82
47.85
47.85
47.80
47.77
47.76
47.76
47.76
47.78
47.78
47.81
47.79
47.79
47.79
47.82
47.81
47.82
47.83
47.82
47.83
47.77
47.75
47.75
47.77
47.78
47.78
47.79
47.78
47.75
47.77
47.77
47.79
47.77
47.79
47.78
47.81
47.83
47.83
47.85
47.87
47.88
47.92
47.91
47.92
47.93
47.94
47.96
47.96
47.97
47.99
47.99
47.95
47.95
47.96
47.95
47.94
47.95
47.96
47.97
47.96
47.97
47.97
47.98
47.97
47.97
47.98
47.98
48.00
48.01
47.98
47.95
47.95
47.96
47.96
47.95
47.95
47.96
47.96
47.92
47.92
47.92
47.91
47.92
47.90
47.88
47.87
47.90
47.88
47.87
47.86
47.86
47.86
47.85
47.85
47.84
47.82
47.82
47.82
47.83
47.84
47.83
47.84
47.85
47.86
47.87
47.86
47.89
47.90
47.90
47.89
47.87
47.88
47.86
47.87
47.89
47.91
47.92
47.94
47.93
47.93
47.95
47.96
47.97
47.99
48.00
47.99
47.98
47.98
47.99
48.01
48.03
48.06
48.05
48.05
48.03
48.04
48.05
48.05
48.07
48.06
48.05
48.05
48.05
48.07
48.09
48.11
48.11
48.12
48.11
48.10
48.08
48.08
48.05
48.05
48.05
48.07
48.06
48.06
48.05
48.03
47.99
47.99
48.00
48.00
47.99
47.98
47.96
47.94
47.95
47.97
47.98
47.95
47.92
47.93
47.93
47.93
47.93
47.93
47.93
47.94
47.93
47.95
47.95
47.95
47.92
47.92
47.95
47.96
47.99
47.97
47.99
48.00
47.98
48.00
48.03
48.01
48.03
48.04
48.06
48.08
48.07
48.10
48.08
48.08
48.06
48.05
48.06
48.07
48.07
48.04
48.02
48.04
48.04
48.05
48.04
48.07
48.06
48.05
48.07
48.07
48.06
48.05
48.05
48.06
48.05
48.03
48.03
48.02
48.03
48.03
48.04
48.04
48.04
48.02
48.04
48.04
48.03
48.04
48.04
48.02
48.04
48.05
48.06
48.05
48.02
48.03
48.02
48.03
48.05
48.06
48.06
48.05
48.05
48.05
48.05
48.05
48.04
48.04
48.02
48.02
48.01
48.01
48.00
48.01
48.01
48.00
47.99
47.99
48.01
48.00
47.99
48.00
47.98
47.98
47.99
48.00
47.98
47.99
47.99
47.98
47.97
47.98
47.99
47.98
47.99
48.01
48.00
48.02
48.02
48.03
48.04
48.05
48.07
48.07
48.09
48.09
48.08
48.08
48.07
48.06
48.06
48.06
48.08
48.08
48.07
48.07
48.07
48.07
48.07
48.07
48.06
48.06
48.06
48.07
48.07
48.06
48.06
48.05
48.04
48.05
48.04
48.05
48.06
48.06
48.08
48.08
48.08
48.07
48.05
48.04
48.03
48.03
48.03
48.04
48.04
48.05
48.05
48.04
48.06
48.06
48.04
48.03
48.05
48.05
48.04
48.05
48.04
48.04
48.03
48.02
48.01
48.02
48.03
48.03
48.03
48.04
48.03
48.03
48.05
48.03
48.04
48.05
48.05
48.04
48.03
48.02
48.01
48.02
48.01
48.02
47.99
48.01
48.02
47.99
48.00
47.99
47.99
47.99
48.00
48.00
48.02
48.02
48.02
48.02
48.01
48.00
48.00
47.99
48.00
48.00
48.00
48.00
48.01
48.02
48.01
47.99
47.98
47.98
47.96
47.95
47.94
47.94
47.94
47.95
47.93
47.93
47.93
47.94
47.97
47.97
47.95
47.94
47.94
47.94
47.94
47.94
47.91
47.90
47.89
47.89
47.88
47.88
47.89
47.89
47.89
47.89
47.89
47.90
47.89
47.88
47.89
47.88
47.87
47.86
47.85
47.85
47.86
47.86
47.86
47.86
47.85
47.85
47.86
47.85
47.86
47.86
47.86
47.85
47.85
47.85
47.86
47.85
47.85
47.85
47.84
47.83
47.84
47.85
47.87
47.88
47.86
47.86
47.86
47.85
47.84
47.84
47.83
47.83
47.84
47.84
47.84
47.84
47.86
47.85
47.85
47.85
47.85
47.84
47.84
47.84
47.83
47.81
47.80
47.80
47.79
47.79
47.80
47.79
47.78
47.79
47.80
47.81
47.81
47.81
47.81
47.81
47.82
47.82
47.82
47.78
