51.56
51.56
47.92
50.00
49.69
49.74
50.22
50.98
51.22
51.09
50.99
50.91
51.08
50.78
50.42
50.78
50.92
50.17
50.08
49.53
49.33
49.22
49.66
49.67
49.81
49.88
49.88
50.22
50.22
50.73
50.96
51.03
51.04
50.83
50.85
50.69
50.63
50.78
51.04
51.05
50.69
50.74
50.84
50.96
51.01
50.95
51.06
51.30
51.28
51.16
51.19
51.32
51.39
51.19
51.34
51.37
51.37
51.45
51.59
51.72
51.69
51.66
51.79
51.95
51.92
51.99
52.08
52.16
52.11
52.05
52.13
52.17
52.27
52.28
52.25
52.22
52.21
52.28
52.35
52.34
52.33
52.25
52.15
52.08
52.11
52.14
52.14
52.17
52.07
52.05
52.09
52.09
52.03
52.03
52.07
52.15
52.13
52.02
51.96
51.92
52.01
52.04
52.08
51.97
51.89
51.84
51.78
51.87
51.82
51.79
51.84
51.90
51.83
51.80
51.78
51.80
51.75
51.79
51.76
51.74
51.82
51.78
51.79
51.80
51.76
51.76
51.67
51.68
51.76
51.69
51.69
51.63
51.64
51.67
51.68
51.67
51.68
51.69
51.69
51.73
51.65
51.74
51.74
51.81
51.75
51.73
51.75
51.74
51.72
51.67
51.65
51.64
51.63
51.72
51.77
51.76
51.73
51.75
51.77
51.76
51.75
51.77
51.81
51.83
51.82
51.88
51.85
51.86
51.85
51.90
51.92
51.92
51.99
51.96
51.93
51.90
51.87
51.87
51.85
51.82
51.78
51.75
51.79
51.81
51.85
51.80
51.74
51.73
51.73
51.74
51.70
51.72
51.69
51.75
51.77
51.81
51.81
51.82
51.76
51.74
51.69
51.71
51.75
51.75
51.70
51.67
51.71
51.73
51.70
51.64
51.66
51.63
51.69
51.73
51.72
51.69
51.68
51.66
51.62
51.68
51.67
51.64
51.67
51.70
51.69
51.73
51.66
51.69
51.66
51.65
51.66
51.62
51.65
51.70
51.68
51.69
51.69
51.65
51.68
51.68
51.68
51.68
51.67
51.65
51.68
51.68
51.68
51.68
51.68
51.69
51.72
51.76
51.75
51.75
51.74
51.78
51.82
51.80
51.80
51.77
51.79
51.78
51.79
51.81
51.83
51.81
51.84
51.84
51.86
51.90
51.91
51.92
51.91
51.92
51.93
51.89
51.85
51.87
51.83
51.79
51.79
51.76
51.78
51.76
51.77
51.78
51.78
51.80
51.82
51.82
51.84
51.84
51.82
51.85
51.84
51.84
51.86
51.84
51.83
51.83
51.85
51.84
51.83
51.84
51.81
51.81
51.81
51.82
51.83
51.79
51.83
51.85
51.83
51.86
51.83
51.84
51.83
51.81
51.84
51.83
51.83
51.82
51.83
51.84
51.85
51.86
51.86
51.85
51.85
51.84
51.86
51.87
51.88
51.88
51.86
51.87
51.85
51.87
51.84
51.84
51.83
51.83
51.81
51.84
51.87
51.83
51.83
51.83
51.82
51.82
51.79
51.78
51.79
51.77
51.76
51.75
51.76
51.75
51.74
51.76
51.74
51.72
51.73
51.73
51.72
51.73
51.71
51.70
51.70
51.70
51.71
51.68
51.70
51.71
51.69
51.67
51.68
51.69
51.72
51.73
51.73
51.73
51.74
51.73
51.73
51.72
51.70
51.71
51.72
51.71
51.70
51.72
51.69
51.69
51.69
51.69
51.69
51.68
51.68
51.68
51.68
51.67
51.69
51.69
51.71
51.70
51.70
51.71
51.69
51.68
51.70
51.71
51.71
51.72
51.70
51.74
51.72
51.74
51.72
51.72
51.71
51.71
51.72
51.73
51.72
51.73
51.71
51.72
51.72
51.74
51.72
51.74
51.74
51.77
51.76
51.75
51.76
51.77
51.80
51.80
51.79
51.83
51.85
51.84
51.85
51.84
51.83
51.82
51.84
51.82
51.85
51.87
51.87
51.89
51.89
51.90
51.92
51.91
51.92
51.95
51.92
51.88
51.90
51.90
51.88
51.88
51.88
51.90
51.91
51.90
51.91
51.91
51.94
51.92
51.94
51.94
51.94
51.95
51.95
51.93
51.93
51.92
51.92
51.92
51.92
51.92
51.93
51.93
51.89
51.90
51.88
51.88
51.90
51.89
51.87
51.85
51.84
51.85
51.85
51.88
51.86
51.87
51.86
51.87
51.87
51.86
51.86
51.85
51.83
51.84
51.86
51.86
51.87
51.86
51.86
51.85
51.86
51.86
51.85
51.88
51.88
51.87
51.89
51.85
51.85
51.85
51.85
51.86
51.85
51.86
51.85
51.86
51.86
51.85
51.85
51.83
51.82
51.84
51.83
51.85
51.84
51.83
51.85
51.86
51.85
51.84
51.88
51.89
51.88
51.91
51.90
51.88
51.89
51.88
51.89
51.86
51.87
51.87
51.89
51.89
51.92
51.91
51.92
51.93
51.92
51.93
51.95
51.94
51.94
51.94
51.94
51.95
51.96
51.95
51.94
51.95
51.95
51.96
51.97
51.96
51.96
51.96
51.95
51.98
51.98
51.99
52.00
52.01
52.01
52.02
52.03
52.02
52.01
52.00
51.98
51.98
51.97
51.97
51.97
51.98
51.98
51.98
51.98
51.99
51.99
52.00
51.99
51.97
51.98
51.97
51.96
51.97
51.97
51.97
51.96
51.97
51.97
51.98
51.98
51.99
52.00
52.02
52.02
52.01
52.02
52.01
52.00
52.02
52.02
52.02
52.02
52.02
52.04
52.04
52.03
52.01
52.02
52.03
52.03
52.03
52.02
52.03
52.05
52.05
52.05
52.05
52.06
52.05
52.05
52.03
52.03
52.03
52.03
52.03
52.04
52.04
52.02
52.03
52.01
52.01
52.02
52.03
52.04
52.05
52.06
52.07
52.08
52.09
52.09
52.09
52.08
52.07
52.08
52.07
52.07
52.07
52.07
52.09
52.08
52.08
52.09
52.09
52.07
52.07
52.06
52.07
52.07
52.05
52.06
52.07
52.07
52.06
52.07
52.06
52.07
52.06
52.07
52.08
52.08
52.09
52.09
52.10
52.08
52.08
52.08
52.09
52.10
52.10
52.09
52.08
52.10
52.11
52.11
52.11
52.12
52.12
52.11
52.11
52.10
52.11
52.11
52.10
52.11
52.12
52.13
52.12
52.13
52.13
52.13
52.14
52.13
52.12
52.12
52.12
52.13
52.12
52.11
52.12
52.11
52.12
52.11
52.11
52.12
52.10
52.10
52.09
52.09
52.10
52.10
52.11
52.09
52.09
52.10
52.10
52.09
52.09
52.09
52.10
52.10
52.11
52.10
52.10
52.09
52.10
52.10
52.10
52.10
52.11
52.13
52.12
52.12
52.13
52.13
52.14
52.14
52.14
52.14
52.14
52.14
52.13
52.13
52.07
