54.69
53.12
54.69
53.91
54.38
52.34
53.12
51.95
50.87
50.63
50.57
51.56
51.44
51.00
51.56
51.86
51.29
51.13
51.40
51.48
51.71
51.14
51.22
50.98
50.69
50.72
50.64
50.56
50.48
50.52
50.40
50.39
50.14
50.18
50.45
50.39
50.17
50.29
50.16
50.47
50.27
50.41
50.65
50.60
50.83
50.95
51.16
51.24
51.08
51.06
51.26
51.20
51.12
51.10
51.25
51.37
51.34
51.21
51.38
51.28
51.31
51.29
51.26
51.27
51.23
51.25
51.21
51.19
51.15
51.18
51.45
51.41
51.35
51.25
51.21
51.21
51.14
50.96
50.95
50.92
50.95
50.90
50.87
50.74
50.79
50.78
50.81
50.80
50.86
50.85
50.86
50.82
50.81
50.86
50.82
50.73
50.82
50.89
50.80
50.78
50.79
50.69
50.70
50.80
50.77
50.83
50.82
50.98
51.09
51.22
51.24
51.23
51.16
51.18
51.11
51.10
51.14
51.19
51.27
51.25
51.24
51.23
51.17
51.17
51.25
51.23
51.25
51.29
51.38
51.33
51.34
51.29
51.26
51.26
51.25
51.29
51.31
51.32
51.26
51.26
51.21
51.16
51.14
51.17
51.11
51.03
51.02
51.07
51.08
51.03
51.01
51.03
50.99
50.90
50.89
50.92
50.97
50.94
50.92
50.88
50.84
50.83
50.77
50.84
50.83
50.84
50.84
50.84
50.81
50.80
50.79
50.79
50.74
50.72
50.70
50.74
50.79
50.80
50.75
50.75
50.79
50.86
50.90
50.82
50.74
50.78
50.80
50.80
50.81
50.85
50.79
50.81
50.81
50.75
50.71
50.73
50.71
50.69
50.68
50.65
50.61
50.61
50.55
50.51
50.50
50.48
50.49
50.44
50.49
50.52
50.50
50.50
50.51
50.50
50.49
50.50
50.46
50.47
50.46
50.49
50.48
50.47
50.50
50.52
50.56
50.55
50.56
50.58
50.60
50.60
50.60
50.61
50.56
50.53
50.54
50.52
50.49
50.49
50.48
50.48
50.45
50.43
50.37
50.34
50.30
50.32
50.31
50.31
50.31
50.27
50.29
50.31
50.33
50.40
50.40
50.42
50.44
50.38
50.38
50.33
50.31
50.33
50.31
50.25
50.28
50.31
50.32
50.34
50.31
50.35
50.33
50.36
50.39
50.42
50.41
50.41
50.44
50.47
50.47
50.46
50.46
50.45
50.44
50.42
50.47
50.46
50.45
50.42
50.42
50.43
50.45
50.48
50.46
50.48
50.52
50.50
50.49
50.47
50.45
50.43
50.43
50.42
50.39
50.39
50.37
50.36
50.41
50.41
50.40
50.40
50.38
50.38
50.36
50.34
50.37
50.35
50.36
50.36
50.33
50.32
50.35
50.37
50.35
50.34
50.32
50.32
50.35
50.35
50.37
50.36
50.35
50.37
50.35
50.35
50.34
50.34
50.32
50.34
50.37
50.38
50.41
50.43
50.43
50.41
50.41
50.40
50.44
50.44
50.44
50.45
50.45
50.47
50.48
50.48
50.46
50.46
50.46
50.45
50.46
50.45
50.46
50.44
50.43
50.40
50.40
50.38
50.39
50.39
50.39
50.41
50.37
50.38
50.41
50.42
50.41
50.40
50.36
50.35
50.34
50.32
50.31
50.34
50.38
50.39
50.41
50.41
50.41
50.41
50.44
50.45
50.46
50.45
50.47
50.42
50.41
50.41
50.39
50.38
50.36
50.38
50.40
50.40
50.39
50.39
50.43
50.42
50.42
50.43
50.40
50.39
50.38
50.38
50.36
50.35
50.37
50.35
50.35
50.36
50.33
50.31
50.32
50.27
50.28
50.28
50.27
50.27
50.26
50.24
50.25
50.25
50.26
50.25
50.24
50.23
50.23
50.22
50.21
50.20
50.21
50.23
50.23
50.24
50.23
50.20
50.18
50.17
50.16
50.16
50.17
50.15
50.16
50.13
50.13
50.12
50.14
50.13
50.12
50.11
50.11
50.12
50.13
50.10
50.10
50.12
50.12
50.10
50.10
50.10
50.13
50.11
50.11
50.07
50.06
50.08
50.07
50.08
50.09
50.10
50.09
50.12
50.11
50.11
50.12
50.12
50.13
50.14
50.15
50.13
50.15
50.18
50.17
50.15
50.13
50.13
50.12
50.12
50.12
50.12
50.12
50.12
50.12
50.14
50.13
50.13
50.13
50.13
50.16
50.17
50.17
50.17
50.18
50.17
50.15
50.15
50.14
50.15
50.14
50.15
50.17
50.17
50.19
50.19
50.19
50.18
50.17
50.15
50.13
50.14
50.12
50.13
50.12
50.11
50.09
50.11
50.11
50.12
50.13
50.13
50.14
50.15
50.16
50.15
50.16
50.15
50.15
50.15
50.15
50.15
50.12
50.12
50.10
50.11
50.10
50.10
50.10
50.11
50.13
50.14
50.13
50.13
50.14
50.14
50.16
50.15
50.14
50.16
50.16
50.16
50.16
50.13
50.11
50.11
50.11
50.12
50.12
50.12
50.12
50.13
50.13
50.13
50.13
50.11
50.12
50.12
50.13
50.12
50.14
50.15
50.16
50.16
50.16
50.16
50.16
50.16
50.15
50.15
50.14
50.15
50.15
50.15
50.16
50.17
50.17
50.18
50.18
50.17
50.18
50.18
50.19
50.19
50.20
50.20
50.19
50.19
50.19
50.19
50.18
50.18
50.19
50.18
50.18
50.18
50.19
50.19
50.21
50.23
50.23
50.23
50.23
50.22
50.23
50.21
50.22
50.23
50.22
50.22
50.22
50.21
50.21
50.22
50.22
50.21
50.22
50.22
50.21
50.22
50.20
50.20
50.20
50.19
50.18
50.18
50.18
50.18
50.19
50.18
50.20
50.19
50.19
50.18
50.20
50.19
50.20
50.19
50.20
50.21
50.21
50.22
50.22
50.21
50.20
50.20
50.20
50.20
50.20
50.21
50.22
50.21
50.21
50.22
50.23
50.21
50.22
50.23
50.21
50.20
50.20
50.19
50.20
50.22
50.20
50.19
50.18
50.17
50.18
50.18
50.18
50.18
50.18
50.19
50.17
50.16
50.17
50.15
50.16
50.18
50.19
50.17
50.16
50.15
50.15
50.15
50.15
50.15
50.12
50.14
50.13
50.12
50.10
50.10
50.08
50.09
50.08
50.07
50.08
50.08
50.08
50.09
50.09
50.10
50.10
50.10
50.11
50.09
50.10
50.10
50.10
50.11
50.12
50.11
50.11
50.11
50.11
50.11
50.10
50.10
50.10
50.11
50.10
50.12
50.10
50.11
50.12
50.14
50.14
50.13
50.13
50.12
50.12
50.12
50.12
50.13
50.12
50.12
50.11
50.11
50.10
50.10
50.10
50.10
50.11
50.10
50.12
50.13
50.14
50.12
50.13
50.13
50.12
50.11
50.11
50.07
