40.62
47.66
47.40
46.88
46.25
45.83
45.76
44.92
44.62
45.00
44.60
45.05
45.79
45.98
45.83
46.68
46.14
46.18
45.97
46.64
46.65
47.02
46.40
46.42
46.62
46.81
46.53
46.54
46.34
46.15
46.02
46.04
46.16
46.28
46.34
46.27
46.28
46.09
46.03
45.94
45.88
45.83
45.86
45.85
46.04
45.72
45.81
45.80
45.76
45.78
45.71
45.79
45.75
45.95
46.05
46.18
46.05
46.04
46.05
45.99
46.00
45.87
45.81
45.83
46.01
45.86
45.87
46.14
45.99
45.83
45.97
46.01
45.95
46.01
46.21
46.11
46.16
46.17
46.32
46.21
46.41
46.46
46.48
46.34
46.27
46.28
46.23
46.16
46.24
46.28
46.36
46.26
46.27
46.36
46.32
46.22
46.10
46.09
46.10
46.16
46.23
46.35
46.39
46.39
46.38
46.40
46.36
46.44
46.57
46.62
46.62
46.53
46.50
46.50
46.45
46.42
46.42
46.41
46.48
46.41
46.49
46.49
46.48
46.51
46.56
46.64
46.72
46.66
46.72
46.72
46.66
46.67
46.69
46.70
46.70
46.75
46.76
46.78
46.79
46.76
46.76
46.78
46.75
46.79
46.72
46.79
46.76
46.89
46.86
46.85
46.79
46.81
46.78
46.75
46.74
46.72
46.75
46.78
46.77
46.74
46.77
46.80
46.85
46.91
46.91
46.96
47.02
47.03
46.99
47.04
47.06
47.00
47.05
47.08
47.07
47.03
47.04
47.04
46.96
47.02
47.03
47.03
47.06
47.07
47.08
47.11
47.12
47.11
47.15
47.09
47.06
47.12
47.12
47.12
47.11
47.09
47.10
47.12
47.11
47.05
47.07
47.04
47.01
47.05
47.07
47.08
47.05
47.04
47.04
47.03
47.05
47.07
47.09
47.09
47.10
47.11
47.17
47.21
47.22
47.27
47.26
47.24
47.23
47.23
47.19
47.12
47.16
47.17
47.19
47.16
47.14
47.14
47.12
47.12
47.13
47.15
47.18
47.15
47.16
47.17
47.17
47.16
47.17
47.21
47.19
47.22
47.18
47.20
47.23
47.28
47.30
47.28
47.28
47.27
47.33
47.33
47.37
47.34
47.34
47.34
47.34
47.35
47.37
47.33
47.33
47.32
47.33
47.34
47.34
47.36
47.32
47.29
47.28
47.28
47.29
47.29
47.29
47.29
47.32
47.36
47.39
47.42
47.42
47.43
47.41
47.40
47.42
47.41
47.37
47.35
47.35
47.39
47.39
47.42
47.44
47.44
47.43
47.46
47.50
47.51
47.51
47.54
47.54
47.51
47.49
47.47
47.47
47.50
47.49
47.47
47.48
47.45
47.46
47.45
47.49
47.50
47.50
47.48
47.51
47.52
47.55
47.53
47.53
47.56
47.60
47.60
47.56
47.53
47.53
47.52
47.53
47.54
47.51
47.52
47.52
47.54
47.55
47.52
47.55
47.54
47.55
47.51
47.50
47.51
47.52
47.53
47.51
47.49
47.49
47.52
47.51
47.51
47.48
47.48
47.45
47.45
47.44
47.44
47.45
47.42
47.43
47.45
47.42
47.42
47.41
47.42
47.41
47.41
47.42
47.39
47.38
47.39
47.39
47.40
47.35
47.36
47.36
47.38
47.38
47.36
47.36
47.38
47.34
47.35
47.37
47.37
47.39
47.39
47.35
47.34
47.31
47.33
47.33
47.32
47.30
47.29
47.29
47.30
47.31
47.34
47.35
47.34
47.33
47.35
47.39
47.36
47.35
47.35
47.37
47.36
47.35
47.33
47.32
47.34
47.32
47.33
47.30
47.31
47.31
47.32
47.31
47.33
47.34
47.34
47.34
47.34
47.33
47.30
47.32
47.32
47.32
47.32
47.32
47.33
47.33
47.31
47.30
47.32
47.30
47.29
47.31
47.32
47.32
47.33
47.32
47.32
47.34
47.35
47.34
47.32
47.31
47.31
47.30
47.29
47.29
47.27
47.29
47.29
47.29
47.29
47.29
47.29
47.30
47.29
47.32
47.33
47.34
47.33
47.33
47.35
47.37
47.38
47.36
47.37
47.38
47.37
47.37
47.36
47.33
47.31
47.31
47.29
47.28
47.25
47.24
47.23
47.22
47.21
47.22
47.20
47.19
47.21
47.21
47.20
47.20
47.20
47.19
47.19
47.18
47.16
47.15
47.16
47.17
47.17
47.17
47.16
47.16
47.16
47.16
47.16
47.14
47.14
47.12
47.13
47.14
47.13
47.14
47.14
47.15
47.15
47.15
47.15
47.13
47.13
47.13
47.11
47.12
47.12
47.11
47.11
47.11
47.10
47.12
47.12
47.12
47.14
47.13
47.12
47.11
47.11
47.11
47.11
47.11
47.09
47.07
47.08
47.09
47.10
47.10
47.11
47.11
47.10
47.11
47.10
47.10
47.10
47.09
47.09
47.09
47.11
47.09
47.08
47.06
47.05
47.04
47.02
47.01
47.01
47.00
47.00
47.02
47.04
47.03
47.04
47.05
47.05
47.06
47.06
47.06
47.06
47.05
47.05
47.05
47.05
47.06
47.06
47.05
47.04
47.03
47.02
47.00
47.00
47.00
47.00
47.00
47.00
47.01
47.01
47.03
47.03
47.03
47.03
47.04
47.04
47.04
47.05
47.05
47.04
47.02
47.04
47.05
47.03
47.04
47.02
47.02
47.03
47.02
47.03
47.04
47.05
47.05
47.06
47.06
47.07
47.06
47.05
47.04
47.05
47.05
47.04
47.06
47.07
47.06
47.04
47.04
47.03
47.04
47.04
47.04
47.03
47.02
47.02
47.01
47.02
47.01
47.03
47.03
47.03
47.05
47.04
47.03
47.04
47.03
47.04
47.02
47.03
47.02
47.03
47.02
47.05
47.05
47.05
47.04
47.06
47.05
47.06
47.06
47.05
47.05
47.05
47.04
47.02
47.00
47.00
46.99
46.98
46.98
46.98
46.98
46.97
46.98
46.98
46.99
46.98
46.99
46.98
46.98
46.99
47.00
47.01
47.02
47.01
46.99
46.98
46.97
46.99
47.00
46.99
46.99
46.98
46.97
46.97
46.96
46.97
46.97
46.97
46.97
46.95
46.95
46.95
46.96
46.97
46.97
46.97
46.97
46.97
46.97
46.97
46.97
46.98
46.98
46.97
46.96
46.98
46.98
46.99
46.99
46.99
47.01
47.01
47.02
47.01
47.01
47.02
47.03
47.03
47.02
47.02
47.03
47.03
47.02
47.02
47.03
47.02
47.02
47.02
47.02
47.00
47.00
47.00
47.00
46.99
47.01
47.00
47.01
47.02
47.02
47.01
46.99
47.00
46.99
47.00
47.00
47.00
47.00
46.98
46.97
46.97
46.96
46.97
46.98
47.00
47.00
47.00
47.00
47.00
46.99
47.00
47.00
47.01
47.02
46.97
