70.31
63.28
60.42
62.11
61.25
60.68
60.94
61.13
61.98
62.34
62.50
62.11
61.66
60.71
60.42
60.64
60.85
61.11
61.27
61.25
61.68
61.79
61.75
61.39
61.31
61.36
61.00
61.22
61.26
61.20
60.94
61.04
60.89
60.48
60.22
60.50
60.47
60.28
60.34
60.47
60.40
60.45
60.61
60.26
60.17
60.26
60.31
60.45
60.43
60.47
60.63
60.67
60.67
60.47
60.31
60.30
60.25
60.16
60.14
60.23
60.27
59.93
59.72
59.64
59.71
59.71
59.72
59.72
59.60
59.64
59.73
59.79
59.74
59.73
59.85
59.77
59.88
59.82
59.73
59.73
59.66
59.64
59.66
59.80
59.78
59.67
59.63
59.69
59.76
59.70
59.75
59.87
59.85
59.96
59.98
59.99
59.95
59.81
59.86
59.80
59.70
59.73
59.75
59.65
59.64
59.67
59.74
59.77
59.82
59.84
59.80
59.82
59.73
59.75
59.74
59.75
59.78
59.81
59.76
59.75
59.83
59.87
59.78
59.78
59.78
59.75
59.77
59.83
59.76
59.75
59.67
59.69
59.61
59.64
59.62
59.72
59.76
59.75
59.77
59.77
59.71
59.73
59.69
59.64
59.60
59.57
59.51
59.48
59.47
59.42
59.42
59.46
59.46
59.53
59.51
59.52
59.53
59.50
59.43
59.32
59.28
59.37
59.41
59.38
59.38
59.37
59.43
59.41
59.36
59.41
59.38
59.41
59.42
59.39
59.37
59.37
59.36
59.35
59.40
59.41
59.39
59.38
59.43
59.43
59.41
59.43
59.46
59.44
59.42
59.40
59.46
59.41
59.41
59.46
59.43
59.44
59.43
59.48
59.46
59.46
59.40
59.41
59.37
59.36
59.39
59.46
59.51
59.51
59.55
59.55
59.52
59.47
59.49
59.46
59.50
59.49
59.49
59.45
59.40
59.42
59.44
59.43
59.44
59.40
59.39
59.43
59.42
59.43
59.48
59.50
59.46
59.46
59.47
59.50
59.50
59.49
59.53
59.57
59.58
59.58
59.60
59.59
59.58
59.57
59.56
59.54
59.56
59.51
59.48
59.47
59.45
59.46
59.42
59.46
59.50
59.55
59.56
59.58
59.63
59.67
59.66
59.63
59.61
59.59
59.57
59.57
59.57
59.57
59.55
59.54
59.59
59.58
59.56
59.54
59.55
59.56
59.55
59.55
59.57
59.55
59.54
59.57
59.57
59.57
59.56
59.58
59.59
59.61
59.59
59.59
59.57
59.58
59.61
59.61
59.61
59.59
59.59
