59.38
61.72
62.50
61.33
59.38
61.46
61.16
59.38
59.38
58.91
58.66
58.85
59.25
59.26
58.85
58.59
58.82
58.77
59.05
58.91
58.63
59.09
59.04
59.11
59.00
58.89
59.09
58.93
58.46
58.59
58.32
58.11
58.10
58.46
58.57
58.72
58.49
58.47
58.57
58.79
58.84
59.04
58.94
58.98
58.99
58.90
59.18
59.21
59.15
58.94
58.85
58.83
58.76
58.77
58.69
58.79
58.88
58.78
58.77
58.62
58.73
58.77
58.88
58.86
58.99
59.09
58.96
59.01
58.92
58.97
59.00
58.92
58.97
58.85
58.77
58.78
58.77
58.79
58.66
58.75
58.70
58.59
58.57
58.63
58.49
58.52
58.46
58.33
58.41
58.45
58.43
58.42
58.50
58.56
58.52
58.61
58.67
58.64
58.73
58.78
58.71
58.64
58.53
58.59
58.62
58.65
58.67
58.58
58.49
58.58
58.61
58.64
58.67
58.63
58.60
58.58
58.52
58.47
58.52
58.55
58.57
58.68
58.66
58.77
58.79
58.74
58.70
58.57
58.59
58.56
58.54
58.53
58.51
58.48
58.52
58.54
58.53
58.47
58.51
58.55
58.50
58.43
58.39
58.43
58.43
58.48
58.47
58.46
58.49
58.54
58.55
58.57
58.63
58.55
58.54
58.57
58.61
58.67
58.64
58.69
58.71
58.67
58.68
58.71
58.76
58.76
58.74
58.68
58.70
58.69
58.67
58.68
58.74
58.80
58.79
58.77
58.77
58.80
58.77
58.77
58.75
58.76
58.78
58.81
58.83
58.84
58.84
58.83
58.90
58.88
58.95
58.98
58.99
58.99
58.94
59.01
59.00
58.98
59.01
59.03
59.06
59.11
59.12
59.04
59.05
59.01
59.02
59.08
59.08
59.11
59.11
59.16
59.18
59.13
59.16
59.12
59.14
59.17
59.15
59.18
59.21
59.23
59.22
59.17
59.21
59.26
59.31
59.27
59.24
59.21
59.22
59.21
59.24
59.21
59.23
59.18
59.15
59.20
59.21
59.19
59.17
59.16
59.15
59.15
59.15
59.16
59.18
59.20
59.21
59.24
59.24
59.20
59.18
59.20
59.17
59.18
59.14
59.16
59.14
59.15
59.17
59.14
59.18
59.13
59.12
59.13
59.12
59.07
59.08
59.07
59.06
59.06
59.05
59.04
59.06
59.05
59.02
59.03
59.07
59.04
59.01
59.00
58.99
58.97
58.97
59.00
59.01
59.02
59.01
59.00
59.02
59.05
59.07
59.06
59.05
59.05
59.04
59.02
59.04
59.09
59.11
59.09
59.07
59.08
59.05
59.08
59.07
59.08
59.09
59.07
59.05
59.04
59.01
58.98
59.00
58.98
58.97
58.93
58.92
58.92
58.93
58.93
58.94
58.93
58.93
58.92
58.89
58.89
58.90
58.89
58.89
58.86
58.83
58.82
58.79
58.80
58.81
58.81
58.79
58.76
58.76
58.74
58.73
58.72
58.75
58.76
58.73
58.74
58.69
58.69
58.68
58.70
58.69
58.70
58.74
58.71
58.71
58.72
58.72
58.74
58.72
58.73
58.74
58.75
58.73
58.73
58.72
58.74
58.74
58.75
58.74
58.74
58.75
58.74
58.74
58.70
58.70
58.72
58.72
58.75
58.75
58.73
58.76
58.79
58.78
58.80
58.80
58.82
58.82
58.85
58.86
58.88
58.89
58.90
58.90
58.93
58.93
58.90
58.90
58.89
58.88
58.90
58.91
58.90
58.90
58.91
58.91
58.90
58.90
58.89
58.86
58.85
58.87
58.88
58.84
58.83
58.85
58.86
58.85
58.86
58.85
58.86
58.84
58.83
58.84
58.85
58.84
58.85
58.84
58.82
58.82
58.84
58.83
58.82
58.82
58.81
58.85
58.86
58.86
58.85
58.83
58.83
58.84
58.85
58.85
58.86
58.87
58.87
58.88
58.89
58.89
58.92
58.91
58.92
58.90
58.94
58.95
58.96
58.95
58.96
58.94
58.95
58.96
58.95
58.94
58.95
58.91
58.94
58.93
58.95
58.95
58.96
58.95
58.95
58.94
58.94
58.95
58.94
58.93
58.94
58.93
58.90
58.92
58.88
58.87
58.90
58.91
58.92
58.94
58.96
58.97
58.99
58.98
58.99
58.98
58.97
58.96
58.97
58.96
58.96
58.97
58.96
58.96
58.95
58.93
58.95
58.95
58.97
58.98
58.97
58.97
58.97
58.97
58.96
58.96
58.96
58.97
58.98
58.97
58.96
58.95
58.95
58.94
58.96
58.96
58.94
58.97
58.98
58.97
58.97
58.96
58.97
58.97
58.97
58.98
58.97
58.94
58.95
58.95
58.95
58.95
58.95
58.95
58.95
58.96
58.99
58.99
58.99
59.00
59.02
59.02
59.04
59.04
59.02
59.00
59.01
58.99
58.97
58.97
58.97
58.97
58.97
58.96
58.96
58.95
58.94
58.91
58.92
58.93
58.91
58.90
58.91
58.92
58.92
58.92
58.92
58.91
58.91
58.91
58.91
58.93
