50.00
46.88
48.96
50.39
50.00
50.00
51.12
51.17
51.04
51.72
50.99
50.78
51.68
52.01
51.35
51.56
51.75
51.65
51.73
52.03
51.71
51.63
51.56
51.43
51.38
51.38
51.16
51.34
51.19
51.30
51.36
51.51
51.42
51.10
51.21
51.43
51.65
51.97
51.80
51.84
51.91
51.97
51.78
51.81
52.01
52.11
52.06
51.99
51.72
51.94
52.02
52.13
52.36
52.46
52.47
52.48
52.55
52.51
52.54
52.55
52.56
52.52
52.46
52.29
52.16
52.25
52.31
52.44
52.36
52.41
52.46
52.56
52.48
52.49
52.56
52.67
52.60
52.70
52.59
52.75
52.70
52.57
52.62
52.70
52.81
52.82
52.86
52.81
52.72
52.83
52.85
52.92
52.96
53.03
53.03
52.99
52.93
52.81
52.68
52.61
52.51
52.56
52.50
52.54
52.56
52.51
52.54
52.49
52.54
52.50
52.46
52.53
52.46
52.55
52.54
52.61
52.74
52.81
52.69
52.80
52.79
52.78
52.88
52.94
52.93
52.88
52.94
52.97
53.06
53.09
53.04
52.98
52.95
52.88
52.79
52.84
52.81
52.89
52.92
52.91
52.93
52.92
52.98
53.02
52.98
53.03
53.03
53.01
52.98
52.94
53.01
53.01
53.01
53.03
52.99
52.94
52.83
52.79
52.82
52.76
52.81
52.78
52.77
52.78
52.77
52.80
52.71
52.70
52.64
52.65
52.66
52.60
52.60
52.59
52.57
52.56
52.52
52.54
52.49
52.44
52.37
52.40
52.37
52.39
52.34
52.39
52.43
52.46
52.53
52.57
52.60
52.60
52.55
52.57
52.55
52.59
52.59
52.61
52.65
52.65
52.65
52.66
52.66
52.68
52.69
52.65
52.61
52.61
52.61
52.59
52.62
52.57
52.57
52.61
52.65
52.61
52.68
52.74
52.76
52.72
52.71
52.67
52.71
52.73
52.78
52.77
52.75
52.73
52.73
52.74
52.74
52.71
52.72
52.72
52.73
52.78
52.74
52.70
52.63
52.63
52.65
52.65
52.63
52.64
52.64
52.64
52.64
52.67
52.65
52.68
52.67
52.67
52.66
52.66
52.71
52.70
52.69
52.68
52.67
52.65
52.60
52.56
52.54
52.52
52.55
52.54
52.57
52.58
52.55
52.55
52.59
52.57
52.59
52.59
52.56
52.55
52.57
52.57
52.58
52.56
52.55
52.58
52.56
52.56
52.53
52.55
52.54
52.56
52.58
52.58
52.55
52.56
52.57
52.57
52.56
52.55
52.57
52.60
52.59
52.60
52.61
52.60
52.59
52.61
52.60
52.60
52.61
52.62
52.67
52.68
52.67
52.64
52.67
52.67
52.68
52.68
52.65
52.63
52.64
52.65
52.63
52.60
52.59
52.59
52.59
52.59
52.59
52.60
52.61
52.61
52.59
52.59
52.60
52.59
52.61
52.62
52.60
52.63
52.65
52.64
52.63
52.65
52.65
52.67
52.65
52.63
52.61
52.59
52.58
52.60
52.62
52.63
52.61
52.60
52.57
52.55
52.54
52.55
52.55
52.54
52.55
52.55
52.52
52.51
52.50
52.48
52.47
52.45
52.41
52.42
52.40
52.40
52.37
52.37
52.38
52.36
52.35
52.36
52.40
52.39
52.40
52.39
52.39
52.38
52.36
52.34
52.33
52.33
52.31
52.33
52.33
52.34
52.34
52.32
52.32
52.33
52.31
52.33
52.35
52.34
52.33
52.28
52.28
52.29
52.30
52.29
52.29
52.31
52.32
52.32
52.33
52.34
52.35
52.36
52.33
52.32
52.31
52.30
52.30
52.33
52.35
52.35
52.35
52.34
52.36
52.37
52.36
52.35
52.38
52.36
52.35
52.35
52.36
52.37
52.35
52.33
52.33
52.33
52.33
52.34
52.32
52.33
52.34
52.33
52.34
52.34
52.36
52.36
52.35
52.34
52.33
52.32
52.28
52.29
52.29
52.30
52.29
52.30
52.28
52.27
52.26
52.27
52.26
52.25
52.26
52.27
52.27
52.29
52.30
52.31
52.30
52.29
52.28
52.27
52.27
52.30
52.31
52.32
52.31
52.28
52.29
52.29
52.28
52.29
52.27
52.29
52.29
52.29
52.30
52.32
52.32
52.32
52.29
52.28
52.29
52.27
52.28
52.27
52.27
52.28
52.29
52.28
52.27
52.28
52.29
52.28
52.29
52.29
52.27
52.27
52.24
52.24
52.23
52.22
52.19
52.17
52.15
52.14
52.14
52.15
52.14
52.14
52.13
52.14
52.13
52.13
52.11
52.10
52.09
52.11
52.12
52.13
52.13
52.09
52.09
52.07
52.06
52.05
52.04
52.04
52.02
52.04
52.03
52.03
52.05
52.05
52.06
52.08
52.07
52.08
52.08
52.07
52.09
52.08
52.08
52.06
52.07
52.08
52.09
52.07
52.09
52.07
52.07
52.08
52.07
52.08
52.10
52.10
52.11
52.09
52.11
52.09
52.10
52.10
52.08
52.06
52.04
52.05
52.05
52.06
52.07
52.08
52.05
52.08
52.09
52.09
52.10
52.10
52.10
52.11
52.11
52.11
52.09
52.08
52.09
52.10
52.11
52.10
52.11
52.11
52.11
52.10
52.09
52.10
52.12
52.15
52.14
52.14
52.13
52.13
52.14
52.15
52.17
52.17
52.17
52.19
52.19
52.17
52.19
52.18
52.19
52.20
52.20
52.22
52.23
52.21
52.23
52.22
52.22
52.22
52.22
52.20
52.20
52.20
52.21
52.21
52.20
52.21
52.21
52.22
52.22
52.21
52.22
52.23
52.23
52.23
52.24
52.24
52.24
52.25
52.26
52.25
52.24
52.23
52.20
52.20
52.17
52.17
52.18
52.19
52.20
52.20
52.19
52.19
52.20
52.19
52.18
52.18
52.20
52.20
52.21
52.22
52.21
52.21
52.20
52.21
52.21
52.23
52.22
52.23
52.21
52.22
52.21
52.22
52.22
52.22
52.22
52.23
52.23
52.23
52.23
52.22
52.21
52.19
52.18
52.18
52.19
52.20
52.21
52.21
52.20
52.19
52.18
52.18
52.18
52.18
52.18
52.18
52.16
52.17
52.17
52.16
52.15
52.15
52.16
52.16
52.16
52.16
52.17
52.18
52.17
52.17
52.16
52.17
52.16
52.15
52.17
52.15
52.15
52.16
52.16
52.16
52.17
52.17
52.17
52.17
52.16
52.17
52.18
52.19
52.19
52.18
52.18
52.21
52.20
52.20
52.22
52.21
52.21
52.20
52.21
52.21
52.23
52.24
52.24
52.23
52.23
52.23
52.23
52.24
52.24
52.24
52.25
52.24
52.24
52.26
52.26
52.26
52.27
52.27
52.26
52.24
52.24
52.24
52.24
52.23
52.24
52.24
52.23
52.23
52.23
52.18
