57.81
62.50
64.58
61.33
59.69
59.11
58.93
57.81
58.33
58.28
57.39
57.68
58.29
58.71
58.54
58.59
58.46
58.25
57.73
57.73
57.81
57.81
58.02
57.62
57.31
57.21
57.35
57.25
56.90
56.61
56.45
56.40
56.11
56.43
56.56
56.60
56.46
56.41
56.45
56.29
56.33
56.25
56.36
56.32
56.39
56.32
56.38
56.48
56.44
56.34
56.46
56.40
56.40
56.51
56.51
56.45
56.58
56.68
56.57
56.77
56.76
56.91
56.65
56.74
56.80
56.89
56.83
56.71
56.75
56.74
56.84
56.90
56.85
57.03
57.17
57.26
57.26
57.19
57.18
57.19
57.21
57.32
57.29
57.25
57.24
57.23
57.24
57.39
57.36
57.40
57.38
57.30
57.31
57.23
57.20
57.26
57.23
57.22
57.18
57.13
57.15
57.11
57.21
57.18
57.07
57.15
57.18
57.16
57.17
57.17
57.15
57.17
57.26
57.31
57.36
57.37
57.36
57.26
57.29
57.34
57.36
57.35
57.37
57.33
57.41
57.40
57.36
57.32
57.30
57.30
57.25
57.21
57.20
57.30
57.23
57.20
57.19
57.24
57.31
57.29
57.27
57.27
57.24
57.29
57.28
57.22
57.17
57.16
57.06
57.02
57.11
57.07
57.10
57.06
57.06
57.02
57.04
56.99
57.01
57.04
57.06
57.01
56.99
57.01
57.00
57.01
56.98
56.97
56.96
56.96
56.94
56.92
56.97
57.00
57.04
57.04
57.01
56.93
56.94
56.94
56.99
56.97
56.92
56.96
56.98
57.01
57.00
56.99
57.07
57.06
57.04
57.01
57.02
57.06
57.00
56.94
56.93
56.91
56.95
56.95
56.97
56.95
56.94
56.92
56.91
56.90
56.91
56.90
56.84
56.82
56.78
56.77
56.74
56.69
56.67
56.69
56.68
56.66
56.69
56.70
56.71
56.71
56.68
56.66
56.69
56.72
56.71
56.67
56.66
56.69
56.68
56.69
56.68
56.71
56.70
56.71
56.74
56.73
56.74
56.73
56.71
56.77
56.78
56.76
56.74
56.71
56.75
56.76
56.78
56.81
56.84
56.85
56.81
56.83
56.83
56.80
56.82
56.88
56.89
56.87
56.89
56.86
56.88
56.88
56.88
56.86
56.88
56.86
56.84
56.82
56.85
56.85
56.83
56.83
56.82
56.79
56.75
56.80
56.74
56.77
56.77
56.79
56.81
56.82
56.78
56.77
56.79
56.81
56.82
56.84
56.88
56.89
56.89
56.88
56.85
56.85
56.81
56.77
56.80
56.82
56.80
56.77
56.78
56.81
56.81
56.79
56.81
56.80
56.78
56.77
56.77
56.79
56.77
56.79
56.79
56.75
56.75
56.78
56.75
56.75
56.76
56.76
56.73
56.75
56.76
56.77
56.75
56.75
56.70
56.71
56.71
56.72
56.70
56.72
56.74
56.75
56.76
56.78
56.76
56.76
56.75
56.74
56.76
56.76
56.74
56.72
56.74
56.72
56.70
56.68
56.68
56.69
56.68
56.70
56.72
56.76
56.78
56.77
56.74
56.77
56.79
56.79
56.78
56.76
56.76
56.72
56.74
56.74
56.73
56.71
56.71
56.72
56.72
56.72
56.72
56.75
56.75
56.76
56.75
56.76
56.75
56.77
56.78
56.78
56.81
56.83
56.80
56.83
56.84
56.83
56.81
56.80
56.79
56.80
56.80
56.81
56.81
56.79
56.78
56.77
56.76
56.75
56.76
56.77
56.77
56.75
56.76
56.79
56.79
56.78
56.77
56.77
56.79
56.80
56.79
56.77
56.77
56.78
56.77
56.76
56.78
56.80
56.79
56.81
56.82
56.83
56.86
56.86
56.88
56.90
56.93
56.94
56.96
56.96
56.95
56.96
56.97
56.97
56.96
56.99
57.00
57.01
57.01
57.02
57.03
57.06
57.05
57.04
57.06
57.07
57.03
57.03
57.03
57.05
57.07
57.10
57.08
57.08
57.09
57.12
57.12
57.11
57.10
57.12
57.11
57.12
57.11
57.10
57.09
57.09
57.09
57.11
57.10
57.11
57.10
57.10
57.10
57.08
57.08
57.09
57.09
57.09
57.07
57.08
57.07
57.09
57.09
57.11
57.12
57.10
57.10
57.10
57.08
57.09
57.07
57.07
57.07
57.07
57.09
57.09
57.11
57.14
57.13
57.13
57.13
57.13
57.12
57.12
57.10
57.09
57.07
57.06
57.06
57.06
57.06
57.04
57.03
57.03
57.04
57.04
57.06
57.06
57.06
57.04
57.04
57.04
57.02
57.03
57.03
57.02
57.01
57.03
57.02
57.01
57.00
57.03
57.04
57.07
57.08
57.08
57.08
57.08
57.08
57.08
57.11
57.12
57.11
57.11
57.11
57.11
57.13
57.13
57.15
57.15
57.17
57.17
57.19
57.20
57.20
57.22
57.20
57.17
57.17
57.16
57.16
57.16
57.15
57.16
57.13
57.13
57.13
57.13
57.12
57.11
57.12
57.12
57.13
57.13
57.14
57.15
57.15
57.15
57.16
57.16
57.16
57.15
57.15
57.16
57.15
57.14
57.14
57.15
57.15
57.15
57.16
57.15
57.14
57.11
57.09
57.09
57.07
57.07
57.05
57.04
57.04
57.06
57.06
57.06
57.07
57.09
57.08
57.08
57.09
57.08
57.07
57.07
57.09
57.10
57.10
57.11
57.11
57.11
57.09
57.10
57.10
57.08
57.07
57.06
57.06
57.05
57.06
57.06
57.06
57.04
57.04
57.03
57.00
57.01
57.02
57.02
57.03
57.02
57.03
57.04
57.04
57.04
57.03
57.03
57.03
57.03
57.03
57.02
57.05
57.03
57.02
57.04
57.04
57.05
57.03
57.03
57.02
57.03
57.04
57.03
57.03
57.02
57.02
57.04
57.02
57.02
57.03
57.03
57.05
57.05
57.05
57.04
57.04
57.04
57.04
57.05
57.05
57.06
57.07
57.07
57.07
57.07
57.07
57.08
57.07
57.08
57.07
57.08
57.07
57.07
57.07
57.06
57.08
57.07
57.05
57.05
57.05
57.06
57.07
57.08
57.07
57.06
57.07
57.07
57.07
57.07
57.08
57.10
57.11
57.11
57.12
57.11
57.10
57.10
57.12
57.12
57.12
57.12
57.13
57.14
57.14
57.14
57.15
57.14
57.14
57.15
57.15
57.15
57.14
57.14
57.15
57.14
57.14
57.15
57.14
57.14
57.15
57.16
57.16
57.17
57.17
57.17
57.16
57.15
57.16
57.16
57.15
57.16
57.17
57.17
57.18
57.18
57.17
57.16
57.16
57.16
57.16
57.15
57.15
57.16
57.16
57.16
57.16
57.15
57.16
57.16
57.15
57.16
57.16
57.15
57.15
57.15
57.15
57.15
57.14
57.15
57.14
57.09
